@400000005e8ad2e42b286afe #v,-,8,2,261786,5,2,4,57,200810261703,0;
@400000005e8ad2e519792657 #h,-,18,W,V,A,WH,Cost,WH/Mo,Cost/Mo,Wmax,Vmax,Amax,Wmin,Vmin,Amin,PF,DC,PC,Hz,VA;
@400000005e8ad2e51f87ca7b #f,-,48,33,436,1,4775,0,0,65533,0,199,810,237,17949,177,311,4753,4,92217,151,32123,69906,40,694,17008,0,93,1,4659,0,0,65533,0,199,822,242,18484,171,318,5362,2,92206,150,32190,70407,42,536,17029,0,92;
@400000005e8ad2e71f9b27e9 #d,-,18,2429,2365,1139,0,0,166297,10310,2429,2366,1142,2419,2362,1132,88,100,0,499,2734;
@400000005e8ad2e91fa93956 #d,-,18,2432,2363,1137,1,0,170420,10566,2432,2365,1140,2429,2361,1132,89,100,0,499,2732;
@400000005e8ad2e91fb1dc4b #d,-,18,2435,2363,1134,2,0,177377,10997,2435,2363,1140,2432,2361,1132,89,100,0,499,2734;
@400000005e8ad2eb1fc0f814 #d,-,18,2437,2362,1137,2,0,173109,10732,2437,2363,1140,2435,2359,1133,89,100,0,499,2734;
@400000005e8ad2eb1fcad6c1 #d,-,18,2440,2363,1135,3,0,176984,10973,2440,2363,1144,2437,2359,1134,89,100,0,499,2734;
@400000005e8ad2ed1fd932af #d,-,18,2444,2361,1496,4,0,182718,11328,2444,2363,1910,2440,2358,1134,89,100,0,499,2737;
@400000005e8ad2ed1fe2cb84 #d,-,18,3467,2361,1585,5,0,191799,11891,3467,2362,1854,2444,2358,1340,93,100,0,499,3727;
@400000005e8ad2ef1ff32f1f #d,-,18,3468,2362,1657,6,0,200818,12450,3468,2362,1962,3467,2358,1262,93,100,0,499,3709;
@400000005e8ad2ef1ffddd7c #d,-,18,3470,2360,1703,7,0,203706,12629,3470,2363,1820,3468,2359,1306,92,100,0,499,3761;
@400000005e8ad2f1200e5fd4 #d,-,18,3467,2360,1821,8,0,208122,12903,3470,2364,1948,3467,2359,1288,94,100,0,499,3678;
@400000005e8ad2f1201852ff #d,-,18,3465,2357,1850,9,0,213255,13221,3467,2363,1912,3465,2356,1295,94,100,0,499,3671;
@400000005e8ad2f3202172c0 #d,-,18,3464,2357,1991,10,0,214295,13286,3465,2361,1999,3464,2357,1289,94,100,0,499,3659;
@400000005e8ad2f32025bcc8 #d,-,18,3467,2358,1979,11,0,216674,13433,3467,2361,2010,3464,2356,1265,93,100,0,499,3697;
@400000005e8ad2f52032337e #d,-,18,3473,2361,1176,11,0,218283,13533,3473,2363,1979,3467,2358,1176,91,100,0,499,3794;
@400000005e8ad2f5203acb47 #d,-,18,2611,2362,1136,12,0,214235,13282,3473,2363,1176,2611,2360,1136,88,100,0,499,2967;
@400000005e8ad2f720472f5c #d,-,18,2483,2360,1140,13,0,212012,13144,2611,2363,1162,2483,2360,1133,90,100,0,499,2758;
@400000005e8ad2f720505ef3 #d,-,18,2479,2360,1136,13,0,209912,13014,2483,2362,1146,2479,2359,1110,90,100,0,499,2732;
@400000005e8ad2f9205de3bf #d,-,18,2476,2361,1138,14,0,208079,12900,2479,2362,1141,2476,2358,1135,90,100,0,499,2734;
@400000005e8ad2f920665bdd #d,-,18,2473,2362,1135,15,0,206443,12799,2476,2362,1142,2473,2358,1133,90,100,0,499,2732;
@400000005e8ad2fb20735f34 #d,-,18,2471,2360,1135,15,0,205977,12770,2473,2363,1143,2471,2359,1132,90,100,0,499,2732;
@400000005e8ad2fb207c9ea0 #d,-,18,2470,2361,1137,16,0,203636,12625,2471,2363,1142,2470,2360,1132,90,100,0,499,2732;
@400000005e8ad2fd2091f3e7 #d,-,18,2468,2362,1135,17,0,202411,12549,2470,2363,1141,2468,2360,1133,90,100,0,499,2734;
@400000005e8ad2fd20a02056 #d,-,18,2466,2359,1901,18,0,203413,12611,2468,2363,1913,2466,2357,1133,90,100,0,499,2734;
@400000005e8ad2ff20affec4 #d,-,18,3310,2358,1703,19,0,204096,12653,3310,2362,1901,2466,2358,1313,93,100,0,499,3536;
@400000005e8ad2ff20b99886 #d,-,18,3475,2363,1357,19,0,205499,12740,3475,2363,1874,3310,2358,1279,93,100,0,499,3720;
@400000005e8ad30120c3ae26 #d,-,18,3475,2363,1285,20,0,207843,12886,3475,2363,1971,3475,2357,1285,94,100,0,499,3675;
@400000005e8ad30120cc8367 #d,-,18,3413,2363,1292,21,0,208615,12934,3475,2363,1969,3413,2358,1285,95,100,0,499,3592;
@400000005e8ad30320dbe8c2 #d,-,18,3416,2363,1347,22,0,210216,13033,3416,2363,2253,3413,2359,1258,90,100,0,499,3765;
@400000005e8ad30320e56694 #d,-,18,3485,2361,1321,23,0,211552,13116,3485,2364,1791,3416,2360,1321,91,100,0,499,3801;
@400000005e8ad30520f462b2 #d,-,18,3486,2363,1304,24,0,212771,13191,3486,2364,1924,3485,2359,1304,94,100,0,499,3671;
@400000005e8ad30520fda21e #d,-,18,3381,2362,1292,25,0,213776,13254,3486,2364,1833,3381,2359,1283,93,100,0,499,3616;
@400000005e8ad307210a6356 #d,-,18,2908,2364,1140,26,0,212740,13189,3381,2367,1292,2908,2362,1100,88,100,0,499,3303;
@400000005e8ad3072113645c #d,-,18,2465,2365,1130,27,0,211663,13123,2908,2366,1155,2465,2363,1126,90,100,0,499,2734;
@400000005e8ad30921208b17 #d,-,18,2466,2367,1131,27,0,210644,13059,2466,2367,1154,2465,2364,1128,89,100,0,499,2749;
@400000005e8ad3092128ff7c #d,-,18,2464,2365,1136,28,0,209671,12999,2466,2367,1139,2464,2364,1129,90,100,0,499,2732;
@400000005e8ad30b2135f033 #d,-,18,2462,2367,1135,29,0,208751,12942,2464,2367,1137,2462,2364,1131,90,100,0,499,2734;
@400000005e8ad30b213e870d #d,-,18,2461,2365,1135,29,0,207877,12888,2462,2368,1139,2461,2365,1129,90,100,0,499,2730;
@400000005e8ad30d214b0625 #d,-,18,2461,2367,1137,30,0,207048,12837,2461,2367,1137,2461,2365,1129,90,100,0,499,2732;
@400000005e8ad30d2153c50b #d,-,18,2459,2366,1129,31,0,206254,12787,2461,2368,1139,2459,2364,1129,90,100,0,499,2732;
@400000005e8ad30f2160b97c #d,-,18,2459,2365,1141,31,0,205506,12741,2459,2367,1141,2459,2363,1128,90,100,0,499,2732;
@400000005e8ad30f21680883 #d,-,18,2982,2364,1401,32,0,207010,12834,2982,2366,1931,2459,2362,1139,95,100,0,499,3130;
@400000005e8ad3112174a656 #d,-,18,3351,2365,1391,33,0,207510,12865,3351,2365,1849,2982,2360,1287,93,100,0,499,3600;
@400000005e8ad311217c114e #d,-,18,3403,2365,1423,34,0,208477,12925,3403,2365,1994,3351,2361,1278,94,100,0,499,3611;
@400000005e8ad313218b09b2 #d,-,18,3335,2363,1414,35,0,209779,13006,3403,2365,1845,3335,2361,1305,89,100,0,499,3716;
@400000005e8ad31321945805 #d,-,18,3340,2362,1576,36,0,210150,13029,3340,2364,1930,3335,2361,1258,91,100,0,499,3654;
@400000005e8ad31521a3fbc6 #d,-,18,3473,2362,1664,37,0,210831,13071,3473,2365,2010,3340,2362,1254,92,100,0,499,3742;
@400000005e8ad31521ad9cfc #d,-,18,3476,2361,1843,38,0,211562,13116,3476,2365,1843,3473,2360,1300,91,100,0,499,3799;
@400000005e8ad31721bca08e #d,-,18,3425,2361,1893,39,0,212042,13146,3476,2365,1893,3425,2360,1239,93,100,0,499,3656;
@400000005e8ad31721c5feb6 #d,-,18,3428,2365,1169,40,0,212408,13169,3428,2367,1907,3425,2361,1169,93,100,0,499,3682;
@400000005e8ad31921d2d824 #d,-,18,2665,2366,1139,41,0,212153,13153,3428,2367,1173,2665,2365,1136,87,100,0,499,3031;
@400000005e8ad31921dba237 #d,-,18,2479,2365,1137,41,0,211054,13085,2665,2367,1151,2479,2364,1131,90,100,0,499,2753;
@400000005e8ad31b21e8b1aa #d,-,18,2474,2367,1139,42,0,210367,13042,2479,2367,1145,2474,2365,1107,90,100,0,499,2727;
@400000005e8ad31b21f1313c #d,-,18,2471,2365,1137,43,0,210115,13027,2474,2367,1139,2471,2364,1132,90,100,0,499,2737;
@400000005e8ad31d21fdf71c #d,-,18,2469,2365,1134,43,0,209103,12964,2471,2367,1141,2469,2363,1132,90,100,0,499,2737;
@400000005e8ad31d2206bd75 #d,-,18,2467,2367,1136,44,0,208503,12927,2469,2367,1139,2467,2363,1131,90,100,0,499,2734;
@400000005e8ad31f2213e077 #d,-,18,2465,2364,1134,45,0,208295,12914,2467,2367,1138,2465,2364,1132,90,100,0,499,2734;
@400000005e8ad31f221c54db #d,-,18,2463,2364,1136,45,0,207370,12856,2465,2366,1139,2463,2363,1132,90,100,0,499,2734;
@400000005e8ad321222a52b9 #d,-,18,2462,2365,1292,46,0,206903,12827,2463,2366,1292,2462,2364,1131,90,100,0,499,2732;
@400000005e8ad3212233b943 #d,-,18,3184,2365,1281,47,0,207904,12890,3184,2365,1888,2462,2360,1277,93,100,0,499,3391;
@400000005e8ad3232242c08e #d,-,18,3415,2363,1306,48,0,208277,12913,3415,2365,1862,3184,2359,1281,94,100,0,499,3628;
@400000005e8ad323224c35fe #d,-,18,3416,2361,1318,49,0,208918,12952,3416,2365,1957,3415,2359,1280,95,100,0,499,3590;
@400000005e8ad325225a3884 #d,-,18,3327,2363,1411,50,0,209920,13015,3416,2363,1939,3327,2359,1275,92,100,0,499,3595;
@400000005e8ad3252263d158 #d,-,18,3451,2364,1390,51,0,210227,13034,3451,2364,2000,3327,2359,1279,92,100,0,499,3732;
@400000005e8ad32722729a3e #d,-,18,3381,2363,1379,52,0,210817,13070,3451,2364,1857,3381,2360,1286,90,100,0,499,3723;
@400000005e8ad327227c1810 #d,-,18,3380,2362,1352,53,0,211368,13104,3381,2363,1936,3380,2360,1285,92,100,0,499,3635;
@400000005e8ad329228ab264 #d,-,18,3379,2361,1400,54,0,211869,13135,3380,2364,1934,3379,2359,1275,93,100,0,499,3628;
@400000005e8ad3292294241a #d,-,18,3383,2363,1139,54,0,211548,13116,3383,2365,1431,3379,2361,1120,92,100,0,499,3673;
@400000005e8ad32b22a12860 #d,-,18,2447,2365,1136,55,0,211031,13083,3383,2365,1140,2447,2362,1133,89,100,0,499,2744;
@400000005e8ad32b22a9f62d #d,-,18,2448,2365,1135,56,0,210527,13052,2448,2365,1141,2447,2363,1133,89,100,0,499,2737;
@400000005e8ad32d22b6df71 #d,-,18,2448,2363,1137,56,0,210338,13041,2448,2365,1140,2448,2362,1133,89,100,0,499,2737;
@400000005e8ad32d22bfa122 #d,-,18,2449,2362,1140,57,0,209562,12992,2449,2365,1140,2448,2362,1133,89,100,0,499,2734;
@400000005e8ad32f22ccc8cc #d,-,18,2449,2362,1135,58,0,209099,12964,2449,2364,1142,2449,2362,1132,89,100,0,499,2734;
@400000005e8ad32f22d53ffc #d,-,18,2450,2361,1137,59,0,208935,12954,2450,2364,1139,2449,2361,1133,89,100,0,499,2734;
@400000005e8ad33122e18cc9 #d,-,18,2450,2365,1134,59,0,208210,12909,2450,2365,1138,2450,2361,1132,89,100,0,499,2732;
@400000005e8ad33122e902ed #d,-,18,2451,2365,1132,60,0,207784,12882,2451,2365,1140,2450,2363,1131,89,100,0,499,2734;
@400000005e8ad33322fb3eb7 #d,-,18,2455,2362,1368,61,0,208087,12901,2455,2365,1956,2451,2359,1128,89,100,0,499,2737;
@400000005e8ad33323063f09 #d,-,18,3439,2362,1688,62,0,208588,12932,3439,2364,1973,2455,2360,1272,94,100,0,499,3642;
@400000005e8ad3352310075d #d,-,18,3441,2362,1855,63,0,208985,12957,3441,2364,1864,3439,2361,1278,91,100,0,499,3751;
@400000005e8ad335231483af #d,-,18,3445,2361,1764,64,0,209584,12994,3445,2364,1855,3441,2360,1262,93,100,0,499,3690;
@400000005e8ad33723216c04 #d,-,18,3443,2362,1263,64,0,209614,12996,3445,2363,1978,3443,2360,1183,93,100,0,499,3664;
@400000005e8ad3372329d094 #d,-,18,3440,2363,1282,65,0,210362,13042,3443,2364,1946,3440,2360,1263,93,100,0,499,3661;
@400000005e8ad3392336f83d #d,-,18,3385,2362,1306,66,0,210615,13058,3440,2364,1868,3385,2359,1278,93,100,0,499,3609;
@400000005e8ad339233e798f #d,-,18,3381,2363,1313,67,0,211034,13084,3385,2363,1965,3381,2359,1256,95,100,0,499,3538;
@400000005e8ad33b234ce90c #d,-,18,3218,2363,1451,68,0,211710,13126,3381,2364,1974,3218,2359,1219,92,100,0,499,3495;
@400000005e8ad33b2356384d #d,-,18,3318,2364,1146,69,0,211189,13093,3318,2365,1451,3218,2361,1143,88,100,0,499,3749;
@400000005e8ad33d23635b4e #d,-,18,2467,2364,1158,70,0,210801,13069,3318,2364,1158,2467,2362,1136,88,100,0,499,2782;
@400000005e8ad33d236bd726 #d,-,18,2467,2364,1146,70,0,210393,13044,2467,2364,1161,2467,2362,1095,89,100,0,499,2749;
@400000005e8ad33f2378cb97 #d,-,18,2463,2364,1139,71,0,210003,13020,2467,2365,1146,2463,2362,1128,90,100,0,499,2720;
@400000005e8ad33f23816271 #d,-,18,2462,2364,1132,72,0,209622,12996,2463,2365,1140,2462,2362,1130,90,100,0,499,2730;
@400000005e8ad341238e4bb5 #d,-,18,2461,2364,1138,72,0,209251,12973,2462,2364,1138,2461,2362,1131,90,100,0,499,2730;
@400000005e8ad34123971982 #d,-,18,2459,2362,1133,73,0,208886,12950,2461,2364,1138,2459,2360,1130,90,100,0,499,2732;
@400000005e8ad34323a57570 #d,-,18,2458,2361,1134,74,0,208529,12928,2459,2363,1137,2458,2360,1132,90,100,0,499,2730;
@400000005e8ad34323adcde4 #d,-,18,2458,2360,1134,74,0,208181,12907,2458,2363,1139,2458,2360,1133,90,100,0,499,2730;
@400000005e8ad34523bfdb1d #d,-,18,2461,2359,1461,75,0,208661,12937,2461,2362,1935,2458,2357,1132,89,100,0,499,2739;
@400000005e8ad34523ca3785 #d,-,18,3463,2358,1605,76,0,208860,12949,3463,2361,1872,2461,2357,1304,92,100,0,499,3749;
@400000005e8ad34723d8ecdc #d,-,18,3463,2359,1916,77,0,209441,12985,3463,2363,1959,3463,2358,1261,93,100,0,499,3697;
@400000005e8ad34723e2a55a #d,-,18,3462,2361,1329,78,0,209250,12973,3463,2364,1916,3462,2359,1180,94,100,0,499,3649;
@400000005e8ad34923f1efb3 #d,-,18,3333,2359,1281,79,0,209630,12997,3462,2363,1966,3333,2359,1281,92,100,0,499,3588;
@400000005e8ad34923fb713f #d,-,18,3212,2360,1357,80,0,210202,13032,3333,2362,1977,3212,2356,1211,92,100,0,499,3455;
@400000005e8ad34b24061af4 #d,-,18,3100,2359,1494,81,0,210322,13040,3212,2363,1864,3100,2358,1244,89,100,0,499,3481;
@400000005e8ad34b240fd372 #d,-,18,3469,2359,1974,82,0,210581,13056,3469,2362,1974,3100,2359,1233,93,100,0,499,3694;
@400000005e8ad34d241f6fc0 #d,-,18,3464,2362,1265,83,0,210631,13059,3469,2362,1974,3464,2358,1207,95,100,0,499,3621;
@400000005e8ad34d2428d1a2 #d,-,18,3331,2362,1310,84,0,211000,13082,3464,2362,2173,3331,2356,1265,92,100,0,499,3616;
@400000005e8ad34f24361caf #d,-,18,2757,2362,1103,84,0,210801,13069,3331,2363,1310,2757,2360,1059,86,100,0,499,3204;
@400000005e8ad34f243ee21b #d,-,18,2369,2360,1139,85,0,210290,13038,2757,2362,1154,2369,2358,1103,89,100,0,499,2649;
@400000005e8ad351244be660 #d,-,18,2374,2362,1130,86,0,209940,13016,2374,2362,1168,2369,2358,1046,87,100,0,499,2701;
@400000005e8ad35124546a9a #d,-,18,2467,2361,1133,86,0,209625,12996,2467,2363,1141,2374,2361,1130,90,100,0,499,2737;
@400000005e8ad35324613f61 #d,-,18,2464,2363,1135,87,0,209313,12977,2467,2364,1138,2464,2361,1132,90,100,0,499,2730;
@400000005e8ad353246a0200 #d,-,18,2463,2364,1136,88,0,209007,12958,2464,2365,1137,2463,2362,1132,90,100,0,499,2730;
@400000005e8ad355247728bc #d,-,18,2461,2363,1137,88,0,208707,12939,2463,2365,1137,2461,2362,1132,90,100,0,499,2732;
@400000005e8ad355247fa84d #d,-,18,2460,2363,1133,89,0,208411,12921,2461,2364,1139,2460,2362,1131,90,100,0,499,2730;
@400000005e8ad357248dbe62 #d,-,18,2459,2362,1137,90,0,208123,12903,2460,2364,1138,2459,2361,1132,90,100,0,499,2732;
@400000005e8ad3572496c233 #d,-,18,2464,2362,1449,91,0,208344,12917,2464,2362,1915,2459,2356,1134,89,100,0,499,2744;
@400000005e8ad35924a793b4 #d,-,18,3463,2361,1543,92,0,208733,12941,3463,2362,1899,2464,2358,1323,92,100,0,499,3756;
@400000005e8ad35924b1920c #d,-,18,3467,2362,1627,93,0,209106,12964,3467,2363,2015,3463,2357,1265,92,100,0,499,3742;
@400000005e8ad35b24c3f13a #d,-,18,3471,2361,1756,94,0,209443,12985,3471,2363,1982,3467,2357,1279,93,100,0,499,3709;
@400000005e8ad35b24ce7c33 #d,-,18,3467,2360,1825,94,0,209750,13004,3471,2363,1966,3467,2357,1287,94,100,0,499,3661;
@400000005e8ad35d24e4a7ae #d,-,18,3469,2360,1881,95,0,210245,13035,3469,2362,1989,3467,2357,1266,94,100,0,499,3678;
@400000005e8ad35d24f30756 #d,-,18,3545,2359,1833,96,0,210398,13044,3545,2363,2043,3469,2358,1289,92,100,0,499,3825;
@400000005e8ad35f2502ce7b #d,-,18,3539,2360,1851,97,0,210874,13074,3545,2361,1851,3539,2358,1327,92,100,0,499,3827;
@400000005e8ad35f250c11a1 #d,-,18,3455,2364,1129,98,0,210754,13066,3539,2364,1855,3455,2358,1129,93,100,0,499,3697;
@400000005e8ad36125192975 #d,-,18,2595,2361,1095,99,0,210468,13049,3455,2364,1158,2595,2359,1095,89,100,0,499,2905;
@400000005e8ad3612522035e #d,-,18,2457,2362,1141,100,0,210192,13031,2595,2364,1173,2457,2361,1080,89,100,0,499,2732;
@400000005e8ad363252f7fc7 #d,-,18,2455,2362,1134,100,0,209916,13014,2457,2363,1141,2455,2361,1132,89,100,0,499,2732;
@400000005e8ad36325381b4a #d,-,18,2455,2362,1136,101,0,209813,13008,2455,2364,1138,2455,2362,1133,89,100,0,499,2734;
@400000005e8ad3652545039f #d,-,18,2455,2362,1133,101,0,209379,12981,2455,2365,1138,2455,2362,1133,89,100,0,499,2734;
@400000005e8ad365254df889 #d,-,18,2455,2364,1139,102,0,209283,12975,2455,2364,1140,2455,2361,1132,89,100,0,499,2734;
@400000005e8ad367255b4ec4 #d,-,18,2454,2365,1133,103,0,208859,12949,2455,2365,1139,2454,2363,1133,89,100,0,499,2732;
@400000005e8ad3672563e68d #d,-,18,2454,2366,1136,103,0,208604,12933,2454,2366,1136,2454,2363,1131,89,100,0,499,2730;
@400000005e8ad3692572abb8 #d,-,18,2453,2362,1862,104,0,208663,12937,2454,2366,1862,2453,2360,1130,89,100,0,499,2730;
@400000005e8ad369257c24e2 #d,-,18,3240,2362,1561,105,0,208753,12942,3240,2365,1881,2453,2360,1316,93,100,0,499,3472;
@400000005e8ad36b258a70fb #d,-,18,3505,2363,1321,106,0,209030,12959,3505,2365,1889,3240,2361,1266,93,100,0,499,3732;
@400000005e8ad36b25933fb6 #d,-,18,3503,2364,1243,107,0,209491,12988,3505,2364,2011,3503,2359,1243,94,100,0,499,3704;
@400000005e8ad36d25a24348 #d,-,18,3321,2365,1365,108,0,209635,12997,3503,2365,1942,3321,2359,1207,93,100,0,499,3533;
@400000005e8ad36d25ac130f #d,-,18,3315,2362,1388,109,0,209904,13014,3321,2365,1866,3315,2360,1263,93,100,0,499,3564;
@400000005e8ad36f25bf4871 #d,-,18,3244,2362,1392,110,0,210173,13030,3315,2365,1986,3244,2359,1259,90,100,0,499,3566;
@400000005e8ad36f25cbcc31 #d,-,18,3407,2363,1662,111,0,210405,13045,3407,2366,1903,3244,2360,1190,92,100,0,499,3668;
@400000005e8ad37125dafa9a #d,-,18,3479,2360,1852,112,0,210623,13058,3479,2364,1867,3407,2360,1252,92,100,0,499,3751;
@400000005e8ad37125e4ba8b #d,-,18,3478,2363,1173,113,0,210662,13061,3479,2364,1852,3478,2360,1173,94,100,0,499,3678;
@400000005e8ad37325f20d0c #d,-,18,2601,2364,1125,113,0,210405,13045,3478,2366,1173,2601,2363,1083,88,100,0,499,2931;
@400000005e8ad37325faa3e6 #d,-,18,2445,2365,1149,114,0,210175,13030,2601,2365,1166,2445,2362,1125,89,100,0,499,2737;
@400000005e8ad3752607cf4a #d,-,18,2447,2363,1134,115,0,210079,13024,2447,2365,1149,2445,2363,1127,89,100,0,499,2737;
@400000005e8ad37526107d6c #d,-,18,2447,2363,1135,115,0,209695,13001,2447,2365,1140,2447,2363,1132,89,100,0,499,2732;
@400000005e8ad377261d7a3f #d,-,18,2448,2365,1134,116,0,209461,12986,2448,2365,1138,2447,2363,1131,89,100,0,499,2734;
@400000005e8ad377262657e1 #d,-,18,2448,2363,1133,117,0,209229,12972,2448,2365,1140,2448,2363,1132,89,100,0,499,2732;
@400000005e8ad3792633a200 #d,-,18,2448,2365,1134,117,0,209003,12958,2448,2366,1137,2448,2363,1131,89,100,0,499,2732;
@400000005e8ad379263c38da #d,-,18,2449,2365,1135,118,0,208778,12944,2449,2365,1136,2448,2363,1131,89,100,0,499,2732;
@400000005e8ad37b26465a96 #d,-,18,2449,2360,1685,119,0,208631,12935,2449,2365,1685,2449,2360,1131,89,100,0,499,2727;
@400000005e8ad37b264bba26 #d,-,18,3198,2364,1262,120,0,208850,12948,3198,2364,1873,2449,2359,1262,93,100,0,499,3419;
Lost connection at /opt/powertools/bin/wattsup1 line 220.
	main::failure('Lost connection') called at /opt/powertools/bin/wattsup1 line 271
	main::recv_msg() called at /opt/powertools/bin/wattsup1 line 504
