@400000005e7324d82f4725e5 #v,-,8,2,261786,5,2,4,57,200810261703,0;
@400000005e7324d91d991671 #h,-,18,W,V,A,WH,Cost,WH/Mo,Cost/Mo,Wmax,Vmax,Amax,Wmin,Vmin,Amin,PF,DC,PC,Hz,VA;
@400000005e7324d923a774bc #f,-,48,177,436,1,4775,0,0,65533,0,199,810,237,17949,177,311,4753,4,92217,151,32123,69906,40,694,17008,0,93,1,4659,0,0,65533,0,199,822,242,18484,171,318,5362,2,92206,150,32190,70407,42,536,17029,0,92;
@400000005e7324db23ba7060 #d,-,18,2420,2358,1130,0,0,171327,10622,2420,2358,1133,2418,2356,1127,89,100,0,501,2706;
@400000005e7324dd23c808ba #d,-,18,2420,2358,1126,1,0,172276,10681,2420,2359,1131,2420,2356,1125,89,100,0,501,2699;
@400000005e7324dd23d074bd #d,-,18,2420,2358,1129,2,0,172709,10708,2420,2359,1132,2420,2355,1125,89,100,0,501,2701;
@400000005e7324df23ddd713 #d,-,18,2420,2358,1128,2,0,172913,10720,2420,2359,1132,2420,2356,1123,89,100,0,501,2701;
@400000005e7324df23e652eb #d,-,18,2420,2359,1129,3,0,173068,10730,2420,2359,1132,2420,2356,1124,89,100,0,501,2704;
@400000005e7324e123f39d0a #d,-,18,2420,2359,1129,4,0,173197,10738,2420,2359,1132,2420,2356,1124,89,100,0,501,2701;
@400000005e7324e123fc6364 #d,-,18,2420,2358,1130,4,0,173271,10742,2420,2359,1133,2420,2357,1126,89,100,0,501,2704;
@400000005e7324e32409a9c9 #d,-,18,2421,2358,1133,5,0,173345,10747,2421,2360,1134,2420,2356,1126,89,100,0,501,2704;
@400000005e7324e32412c5d1 #d,-,18,2421,2359,1128,6,0,173404,10751,2421,2360,1134,2421,2358,1127,89,100,0,501,2706;
@400000005e7324e524203e81 #d,-,18,2422,2359,1130,6,0,173451,10753,2422,2360,1131,2421,2358,1124,89,100,0,501,2706;
@400000005e7324e52428b2e6 #d,-,18,2421,2360,1128,7,0,173502,10757,2422,2360,1133,2421,2358,1126,89,100,0,501,2704;
@400000005e7324e72435591c #d,-,18,2422,2359,1131,8,0,173545,10759,2422,2360,1134,2421,2356,1126,89,100,0,501,2704;
@400000005e7324e7243e78dd #d,-,18,2422,2357,1131,8,0,173571,10761,2422,2359,1134,2422,2356,1129,89,100,0,501,2706;
@400000005e7324e9245089d0 #d,-,18,2423,2357,1127,9,0,173603,10763,2423,2358,1133,2422,2356,1127,89,100,0,501,2706;
@400000005e7324e9245a1004 #d,-,18,2423,2356,1131,10,0,173641,10765,2423,2358,1134,2423,2356,1125,89,100,0,501,2706;
@400000005e7324eb246a6784 #d,-,18,2423,2352,1381,10,0,174611,10825,2423,2358,1387,2423,2352,1125,89,100,0,501,2701;
@400000005e7324eb2473d93b #d,-,18,2886,2354,1401,11,0,178287,11053,2886,2356,1432,2423,2352,1308,94,100,0,501,3066;
@400000005e7324ed2482a220 #d,-,18,3024,2355,1308,12,0,179032,11100,3024,2357,1418,2886,2353,1182,91,100,0,501,3291;
@400000005e7324ed248cbc68 #d,-,18,2904,2356,1202,13,0,179834,11149,3024,2357,1308,2904,2355,1174,93,100,0,501,3118;
@400000005e7324ef249c971c #d,-,18,2797,2359,1409,14,0,181790,11271,2904,2359,1427,2797,2355,1202,92,100,0,501,3028;
@400000005e7324ef24a63764 #d,-,18,3098,2359,1324,14,0,183966,11405,3098,2361,1409,2797,2358,1178,93,100,0,501,3301;
@400000005e7324f124b68771 #d,-,18,2807,2362,1216,15,0,183914,11402,3098,2362,1355,2807,2359,1216,91,100,0,501,3083;
@400000005e7324f124bff1b4 #d,-,18,2802,2361,1391,16,0,184985,11469,2807,2362,1391,2802,2359,1180,93,100,0,501,2993;
@400000005e7324f324cf91bc #d,-,18,3082,2361,1170,17,0,186226,11546,3082,2362,1430,2802,2359,1170,93,100,0,501,3294;
@400000005e7324f324d97c85 #d,-,18,2898,2359,1288,18,0,186980,11592,3082,2362,1368,2898,2358,1169,91,100,0,501,3152;
@400000005e7324f524e96355 #d,-,18,2731,2361,1341,18,0,187529,11626,2898,2362,1391,2731,2359,1174,90,100,0,501,3012;
@400000005e7324f524f26f88 #d,-,18,3014,2360,1401,19,0,188846,11708,3014,2361,1432,2731,2359,1319,94,100,0,501,3187;
@400000005e7324f72501fc01 #d,-,18,2940,2359,1280,20,0,189276,11735,3014,2361,1401,2940,2359,1183,91,100,0,501,3204;
@400000005e7324f7250b469a #d,-,18,2838,2359,1121,21,0,189227,11732,2940,2362,1300,2838,2359,1119,91,100,0,501,3088;
@400000005e7324f925188cff #d,-,18,2457,2362,1127,21,0,188732,11701,2838,2362,1136,2457,2359,1121,88,100,0,501,2761;
@400000005e7324f925213fca #d,-,18,2453,2362,1131,22,0,188264,11672,2457,2362,1133,2453,2360,1125,90,100,0,501,2706;
@400000005e7324fb252e7ebc #d,-,18,2449,2361,1128,23,0,187825,11645,2453,2363,1132,2449,2361,1124,90,100,0,501,2708;
@400000005e7324fb253738fa #d,-,18,2446,2360,1129,23,0,187975,11654,2449,2363,1133,2446,2360,1127,90,100,0,501,2708;
@400000005e7324fd2544636f #d,-,18,2444,2363,1132,24,0,187023,11595,2446,2363,1134,2444,2360,1127,90,100,0,501,2708;
@400000005e7324fd254d0b0d #d,-,18,2441,2362,1125,25,0,186661,11572,2444,2363,1134,2441,2360,1125,90,100,0,501,2708;
@400000005e7324ff255af55c #d,-,18,2440,2361,1129,26,0,186318,11551,2441,2362,1133,2440,2360,1124,90,100,0,501,2706;
@400000005e7324ff2563cf44 #d,-,18,2437,2359,1128,26,0,186484,11562,2440,2362,1134,2437,2359,1124,90,100,0,501,2706;
@400000005e73250125718ebc #d,-,18,2436,2360,1131,27,0,185674,11511,2437,2362,1132,2436,2359,1127,89,100,0,501,2708;
@400000005e732501257a3cdf #d,-,18,2435,2362,1127,28,0,185368,11492,2436,2362,1132,2435,2360,1123,89,100,0,501,2706;
@400000005e732503258738c3 #d,-,18,2433,2362,1129,28,0,185084,11475,2435,2362,1132,2433,2360,1124,89,100,0,501,2708;
@400000005e732503259002d6 #d,-,18,2432,2362,1129,29,0,184814,11458,2433,2362,1132,2432,2360,1124,90,100,0,501,2701;
@400000005e732505259de5b2 #d,-,18,2430,2361,1128,30,0,184986,11469,2432,2362,1131,2430,2358,1123,89,100,0,501,2704;
@400000005e73250525a678d2 #d,-,18,2429,2360,1127,30,0,184300,11426,2430,2361,1131,2429,2359,1123,89,100,0,501,2704;
@400000005e73250725b3db28 #d,-,18,2428,2360,1127,31,0,184060,11411,2429,2361,1132,2428,2359,1122,89,100,0,501,2701;
@400000005e73250725bce3a2 #d,-,18,2427,2360,1125,32,0,183826,11397,2428,2361,1131,2427,2359,1124,89,100,0,501,2704;
@400000005e73250925c9ff30 #d,-,18,2426,2360,1129,32,0,184006,11408,2427,2361,1131,2426,2359,1124,89,100,0,501,2701;
@400000005e73250925d2827b #d,-,18,2425,2360,1125,33,0,183401,11370,2426,2362,1132,2425,2359,1125,89,100,0,501,2706;
@400000005e73250b25e2bef9 #d,-,18,2425,2360,1139,34,0,183208,11358,2425,2362,1139,2425,2360,1122,89,100,0,501,2704;
@400000005e73250b25ecc5b3 #d,-,18,2667,2361,1425,34,0,183889,11401,2667,2362,1429,2425,2359,1139,92,100,0,501,2877;
@400000005e73250d25fc9092 #d,-,18,3082,2361,1220,35,0,184801,11457,3082,2361,1425,2667,2357,1184,93,100,0,501,3289;
@400000005e73250d2606121e #d,-,18,2908,2360,1240,36,0,184892,11463,3082,2361,1412,2908,2358,1220,91,100,0,501,3168;
@400000005e73250f26165d82 #d,-,18,2709,2361,1312,37,0,185223,11483,2908,2361,1384,2709,2358,1164,91,100,0,501,2971;
@400000005e73250f261fb7f1 #d,-,18,3060,2359,1359,38,0,185950,11528,3060,2361,1429,2709,2358,1312,94,100,0,501,3249;
@400000005e732511262f5085 #d,-,18,2960,2359,1302,38,0,186262,11548,3060,2361,1373,2960,2359,1185,92,100,0,501,3197;
@400000005e73251126390904 #d,-,18,2809,2358,1390,39,0,186542,11565,2960,2361,1395,2809,2358,1172,91,100,0,501,3083;
@400000005e7325132648acc5 #d,-,18,2922,2359,1401,40,0,187174,11604,2922,2360,1440,2809,2358,1315,93,100,0,501,3118;
@400000005e732513265226dd #d,-,18,3004,2360,1235,41,0,187453,11622,3004,2360,1413,2922,2358,1164,91,100,0,501,3282;
@400000005e73251526626acf #d,-,18,2842,2357,1245,42,0,187580,11629,3004,2360,1312,2842,2357,1180,92,100,0,501,3062;
@400000005e732515266bc53d #d,-,18,2836,2356,1398,43,0,188134,11664,2842,2358,1429,2836,2355,1245,93,100,0,501,3031;
@400000005e732517267a9a3e #d,-,18,3114,2357,1350,43,0,188831,11707,3114,2358,1404,2836,2355,1196,93,100,0,501,3315;
@400000005e7325172684083b #d,-,18,2791,2359,1185,44,0,188646,11696,3114,2360,1351,2791,2357,1185,91,100,0,501,3064;
@400000005e73251926916d5c #d,-,18,2595,2361,1129,45,0,188419,11681,2791,2361,1185,2595,2359,1119,89,100,0,501,2886;
@400000005e732519269a0c98 #d,-,18,2421,2361,1125,45,0,188187,11667,2595,2361,1131,2421,2359,1124,89,100,0,501,2701;
@400000005e73251b26a75f19 #d,-,18,2421,2362,1129,46,0,187965,11653,2421,2362,1133,2421,2359,1125,89,100,0,501,2704;
@400000005e73251b26b07767 #d,-,18,2421,2361,1129,47,0,187750,11640,2421,2362,1133,2421,2359,1124,89,100,0,501,2708;
@400000005e73251d26bd8a93 #d,-,18,2421,2361,1128,47,0,187543,11627,2421,2362,1133,2421,2359,1125,89,100,0,501,2706;
@400000005e73251d26c62d89 #d,-,18,2422,2361,1130,48,0,187343,11615,2422,2363,1133,2421,2360,1125,89,100,0,501,2706;
@400000005e73251f26d315de #d,-,18,2422,2361,1127,49,0,187149,11603,2422,2363,1136,2422,2361,1125,89,100,0,501,2708;
@400000005e73251f26dc2e2d #d,-,18,2423,2361,1129,49,0,187229,11608,2423,2363,1133,2422,2361,1122,89,100,0,501,2708;
@400000005e73252126e9a411 #d,-,18,2423,2360,1126,50,0,186776,11580,2423,2363,1133,2423,2360,1122,89,100,0,501,2706;
@400000005e73252126f23ea5 #d,-,18,2423,2362,1130,51,0,186598,11569,2423,2363,1134,2423,2360,1123,89,100,0,501,2704;
@400000005e73252326ffac28 #d,-,18,2423,2363,1128,51,0,186422,11558,2423,2363,1133,2423,2361,1125,89,100,0,501,2708;
@400000005e73252327085780 #d,-,18,2423,2363,1127,52,0,186507,11563,2423,2363,1133,2423,2361,1125,89,100,0,501,2708;
@400000005e732525271641cf #d,-,18,2423,2362,1131,53,0,186089,11537,2423,2363,1133,2423,2360,1124,89,100,0,501,2706;
@400000005e732525271edc63 #d,-,18,2423,2361,1123,53,0,185924,11527,2423,2362,1132,2423,2360,1123,89,100,0,501,2704;
@400000005e732527272c1f0f #d,-,18,2423,2362,1132,54,0,185764,11517,2423,2362,1132,2423,2360,1123,89,100,0,501,2706;
@400000005e7325272734c204 #d,-,18,2423,2362,1126,55,0,185609,11507,2423,2363,1132,2423,2360,1122,89,100,0,501,2704;
@400000005e732529274200f6 #d,-,18,2423,2361,1131,56,0,185458,11498,2423,2363,1132,2423,2360,1123,89,100,0,501,2706;
@400000005e732529274b0970 #d,-,18,2422,2362,1126,56,0,185307,11489,2423,2363,1131,2422,2361,1123,89,100,0,501,2701;
@400000005e73252b275b0699 #d,-,18,2422,2363,1129,57,0,185161,11480,2422,2363,1130,2422,2361,1124,89,100,0,501,2704;
@400000005e73252b276480b2 #d,-,18,2421,2361,1326,58,0,185272,11486,2422,2363,1375,2421,2359,1126,89,100,0,501,2704;
@400000005e73252d27744b91 #d,-,18,2992,2360,1401,58,0,185727,11515,2992,2362,1426,2421,2358,1305,94,100,0,501,3159;
@400000005e73252d277d8389 #d,-,18,2994,2360,1280,59,0,186012,11532,2994,2361,1403,2992,2358,1244,91,100,0,501,3261;
@400000005e73252f278d274b #d,-,18,2870,2358,1378,60,0,186166,11542,2994,2360,1378,2870,2358,1194,91,100,0,501,3123;
@400000005e73252f2797295c #d,-,18,2872,2358,1384,61,0,186583,11568,2872,2360,1421,2870,2358,1335,92,100,0,501,3102;
@400000005e73253127a69272 #d,-,18,3092,2358,1317,62,0,187060,11597,3092,2361,1403,2872,2357,1174,93,100,0,501,3320;
@400000005e73253127aff188 #d,-,18,2815,2359,1183,62,0,186942,11590,3092,2360,1317,2815,2358,1180,92,100,0,501,3059;
@400000005e73253327bf3f9b #d,-,18,2814,2359,1422,63,0,187308,11613,2815,2361,1432,2814,2358,1183,92,100,0,501,3043;
@400000005e73253327c8b50b #d,-,18,3100,2361,1315,64,0,187583,11630,3100,2361,1422,2814,2358,1186,93,100,0,501,3306;
@400000005e73253527d914ed #d,-,18,2850,2361,1224,65,0,187746,11640,3100,2361,1366,2850,2358,1224,91,100,0,501,3118;
@400000005e73253527e28e17 #d,-,18,2779,2360,1387,66,0,187997,11655,2850,2361,1404,2779,2357,1188,92,100,0,501,3000;
@400000005e73253727f1ebff #d,-,18,3086,2361,1218,67,0,188312,11675,3086,2361,1421,2779,2358,1218,93,100,0,501,3303;
@400000005e73253727fb2f25 #d,-,18,2932,2359,1249,67,0,188495,11686,3086,2361,1358,2932,2357,1218,92,100,0,501,3185;
@400000005e732539280861fb #d,-,18,2707,2358,1131,68,0,188392,11680,2932,2359,1249,2707,2356,1119,90,100,0,501,2986;
@400000005e73253928116a75 #d,-,18,2421,2359,1127,69,0,188439,11683,2707,2360,1140,2421,2357,1124,89,100,0,501,2708;
@400000005e73253b281ead20 #d,-,18,2421,2358,1124,69,0,188094,11661,2421,2360,1134,2421,2357,1124,89,100,0,501,2706;
@400000005e73253b282753d0 #d,-,18,2422,2358,1129,70,0,187947,11652,2422,2359,1134,2421,2357,1124,89,100,0,501,2704;
@400000005e73253d28347a8b #d,-,18,2421,2358,1131,71,0,187804,11643,2422,2360,1133,2421,2357,1126,89,100,0,501,2704;
@400000005e73253d283d582d #d,-,18,2421,2359,1126,71,0,187661,11635,2421,2360,1133,2421,2357,1124,89,100,0,501,2706;
@400000005e73253f284aae68 #d,-,18,2422,2358,1132,72,0,187710,11638,2422,2360,1132,2421,2357,1123,89,100,0,501,2704;
@400000005e73253f28534da4 #d,-,18,2421,2357,1125,73,0,187385,11617,2422,2360,1133,2421,2357,1125,89,100,0,501,2701;
@400000005e732541286070a5 #d,-,18,2421,2358,1133,73,0,187254,11609,2421,2359,1133,2421,2356,1125,89,100,0,501,2704;
@400000005e732541286956a9 #d,-,18,2421,2359,1124,74,0,187123,11601,2421,2360,1133,2421,2357,1122,89,100,0,501,2704;
@400000005e7325432876ea5b #d,-,18,2422,2359,1129,75,0,186996,11593,2422,2360,1133,2421,2357,1123,89,100,0,501,2704;
@400000005e732543287f79c2 #d,-,18,2421,2359,1126,75,0,187050,11597,2422,2360,1132,2421,2358,1122,89,100,0,501,2701;
@400000005e732545288c6a79 #d,-,18,2422,2359,1129,76,0,186751,11578,2422,2360,1133,2421,2357,1126,89,100,0,501,2704;
@400000005e73254528951d44 #d,-,18,2422,2359,1131,77,0,186633,11571,2422,2360,1134,2422,2358,1127,89,100,0,501,2706;
@400000005e73254728a2e42f #d,-,18,2422,2358,1127,77,0,186516,11563,2422,2361,1134,2422,2358,1122,89,100,0,501,2708;
@400000005e73254728ab64af #d,-,18,2423,2358,1128,78,0,186403,11557,2423,2360,1134,2422,2357,1124,89,100,0,501,2704;
@400000005e73254928b933fc #d,-,18,2423,2356,1127,79,0,186289,11549,2423,2358,1132,2423,2356,1124,89,100,0,501,2706;
@400000005e73254928c1e21f #d,-,18,2424,2357,1129,79,0,186182,11543,2424,2358,1133,2423,2355,1126,89,100,0,501,2704;
@400000005e73254b28d17251 #d,-,18,2424,2358,1133,80,0,186075,11536,2424,2358,1136,2424,2355,1125,89,100,0,501,2704;
@400000005e73254b28daa1e8 #d,-,18,2424,2357,1377,81,0,186077,11536,2424,2358,1377,2424,2356,1125,89,100,0,501,2706;
@400000005e73254d28ea9c47 #d,-,18,2824,2356,1383,82,0,186365,11554,2824,2358,1422,2424,2355,1300,93,100,0,501,3019;
@400000005e73254d28f4218c #d,-,18,3074,2357,1318,83,0,186598,11569,3074,2359,1400,2824,2355,1230,92,100,0,501,3308;
@400000005e73254f29040c15 #d,-,18,2892,2356,1207,83,0,186828,11583,3074,2359,1318,2892,2355,1175,92,100,0,501,3126;
@400000005e73254f290d9515 #d,-,18,2791,2357,1406,84,0,186935,11589,2892,2358,1421,2791,2356,1207,92,100,0,501,3024;
@400000005e732551291dc577 #d,-,18,3082,2357,1327,85,0,187137,11602,3082,2358,1406,2791,2356,1175,93,100,0,501,3284;
@400000005e7325512926f8c8 #d,-,18,2822,2357,1202,86,0,187250,11609,3082,2359,1353,2822,2356,1202,91,100,0,501,3095;
@400000005e73255329367a14 #d,-,18,2765,2357,1366,87,0,187423,11620,2822,2358,1382,2765,2357,1189,92,100,0,501,2988;
@400000005e732553293febca #d,-,18,3068,2357,1191,87,0,187675,11635,3068,2358,1428,2765,2356,1191,93,100,0,501,3280;
@400000005e732555294f5899 #d,-,18,2900,2358,1237,88,0,187940,11652,3068,2359,1349,2900,2356,1165,91,100,0,501,3154;
@400000005e7325552958bb69 #d,-,18,2661,2357,1320,89,0,187866,11647,2900,2360,1381,2661,2357,1159,90,100,0,501,2950;
@400000005e7325572967af26 #d,-,18,2994,2356,1400,90,0,188141,11664,2994,2358,1423,2661,2354,1303,94,100,0,501,3163;
@400000005e73255729717006 #d,-,18,2926,2356,1266,91,0,188233,11670,2994,2358,1400,2926,2355,1166,91,100,0,501,3197;
@400000005e732559297e7805 #d,-,18,2777,2358,1128,91,0,188346,11677,2926,2358,1297,2777,2356,1127,91,100,0,501,3040;
@400000005e7325592987226e #d,-,18,2445,2358,1129,92,0,188234,11670,2777,2358,1136,2445,2355,1125,89,100,0,501,2732;
@400000005e73255b29942e27 #d,-,18,2442,2358,1130,93,0,187977,11654,2445,2359,1133,2442,2356,1125,90,100,0,501,2704;
@400000005e73255b299d2312 #d,-,18,2440,2358,1132,93,0,187869,11647,2442,2359,1133,2440,2356,1126,90,100,0,501,2704;
@400000005e73255d29aba61d #d,-,18,2438,2358,1130,94,0,187764,11641,2440,2359,1133,2438,2356,1126,90,100,0,501,2706;
@400000005e73255d29b4e589 #d,-,18,2437,2356,1133,95,0,187659,11634,2438,2358,1134,2437,2354,1128,89,100,0,501,2708;
@400000005e73255f29c27de4 #d,-,18,2435,2354,1128,95,0,187556,11628,2437,2357,1135,2435,2354,1126,89,100,0,501,2706;
@400000005e73255f29cc268d #d,-,18,2435,2354,1133,96,0,187457,11622,2435,2357,1134,2435,2353,1128,90,100,0,501,2704;
@400000005e73256129d9f994 #d,-,18,2433,2355,1128,97,0,187357,11616,2435,2357,1134,2433,2354,1126,89,100,0,501,2704;
@400000005e73256129e36b4a #d,-,18,2432,2354,1133,97,0,187259,11610,2433,2357,1134,2432,2353,1127,89,100,0,501,2706;
@400000005e73256329f211ba #d,-,18,2432,2356,1127,98,0,187162,11604,2432,2357,1135,2432,2354,1125,89,100,0,501,2704;
@400000005e73256329fbd91f #d,-,18,2431,2357,1132,99,0,187204,11606,2432,2357,1133,2431,2353,1127,89,100,0,501,2704;
@400000005e7325652a0a5fe4 #d,-,18,2430,2357,1129,99,0,187108,11600,2431,2357,1133,2430,2354,1127,89,100,0,501,2704;
@400000005e7325652a1506ce #d,-,18,2429,2358,1131,100,0,186879,11586,2430,2358,1133,2429,2355,1127,89,100,0,501,2704;
@400000005e7325672a23cfb3 #d,-,18,2428,2357,1131,100,0,186785,11580,2429,2358,1134,2428,2355,1127,89,100,0,501,2706;
@400000005e7325672a2df16f #d,-,18,2427,2355,1127,101,0,186692,11574,2428,2357,1134,2427,2355,1126,89,100,0,501,2706;
@400000005e7325672a364629 #d,-,18,2426,2355,1129,102,0,186602,11569,2427,2357,1132,2426,2355,1125,89,100,0,501,2701;
@400000005e7325692a441576 #d,-,18,2426,2355,1128,102,0,186642,11571,2426,2357,1131,2426,2355,1125,89,100,0,501,2699;
@400000005e7325692a4cc841 #d,-,18,2425,2355,1134,103,0,186424,11558,2426,2357,1136,2425,2355,1122,89,100,0,501,2699;
@400000005e73256b2a5be6d5 #d,-,18,2425,2357,1133,104,0,186336,11552,2425,2357,1134,2425,2355,1123,89,100,0,501,2704;
@400000005e73256b2a65da00 #d,-,18,2641,2355,1433,105,0,186528,11564,2641,2357,1433,2425,2353,1133,92,100,0,501,2851;
@400000005e73256d2a753f5b #d,-,18,3070,2355,1272,105,0,186716,11576,3070,2355,1433,2641,2353,1206,93,100,0,501,3282;
@400000005e73256d2a7ee091 #d,-,18,2940,2354,1241,106,0,186854,11584,3070,2355,1404,2940,2353,1241,92,100,0,501,3194;
@400000005e73256f2a8f7deb #d,-,18,2723,2352,1326,107,0,187093,11599,2940,2356,1385,2723,2352,1176,91,100,0,501,2976;
@400000005e73256f2a991305 #d,-,18,3070,2353,1335,108,0,187214,11607,3070,2354,1435,2723,2351,1326,94,100,0,501,3261;
@400000005e7325712aa9a8eb #d,-,18,2966,2354,1300,109,0,187315,11613,3070,2354,1358,2966,2352,1204,92,100,0,501,3201;
@400000005e7325712ab2f0b9 #d,-,18,2749,2353,1335,110,0,187412,11619,2966,2354,1383,2749,2351,1186,90,100,0,501,3031;
@400000005e7325732ac2f9fe #d,-,18,3008,2353,1412,110,0,187649,11634,3008,2353,1436,2749,2351,1315,94,100,0,501,3178;
@400000005e7325732acc86b7 #d,-,18,3002,2352,1277,111,0,187740,11639,3008,2354,1412,3002,2351,1183,93,100,0,501,3225;
@400000005e7325752adc1f4c #d,-,18,2809,2350,1388,112,0,187919,11651,3002,2354,1388,2809,2350,1143,91,100,0,501,3064;
@400000005e7325752ae585d5 #d,-,18,2813,2351,1394,113,0,188009,11656,2813,2353,1439,2809,2350,1312,92,100,0,501,3047;
@400000005e7325772af4cb86 #d,-,18,3076,2352,1273,114,0,188128,11663,3076,2353,1414,2813,2350,1187,92,100,0,501,3322;
@400000005e7325772afea2c1 #d,-,18,2809,2353,1138,114,0,188137,11664,3076,2353,1296,2809,2350,1138,92,100,0,501,3040;
@400000005e7325792b0c015d #d,-,18,2475,2352,1137,115,0,188050,11659,2809,2353,1138,2475,2350,1127,89,100,0,501,2772;
@400000005e7325792b14da57 #d,-,18,2468,2351,1130,116,0,187961,11653,2475,2354,1137,2468,2350,1128,91,100,0,501,2704;
@400000005e73257b2b2257af #d,-,18,2463,2351,1131,116,0,187992,11655,2468,2353,1134,2463,2349,1129,91,100,0,501,2704;
@400000005e73257b2b2b8b00 #d,-,18,2458,2352,1131,117,0,187905,11650,2463,2352,1134,2458,2350,1129,91,100,0,501,2701;
@400000005e73257d2b39816a #d,-,18,2454,2353,1130,118,0,187703,11637,2458,2355,1136,2454,2350,1129,90,100,0,501,2704;
@400000005e73257d2b42440a #d,-,18,2450,2357,1132,118,0,187619,11632,2454,2358,1135,2450,2353,1126,90,100,0,501,2704;
@400000005e73257f2b4f6352 #d,-,18,2446,2358,1129,119,0,187534,11627,2450,2358,1135,2446,2354,1126,90,100,0,501,2706;
@400000005e73257f2b585bf6 #d,-,18,2443,2358,1129,120,0,187564,11629,2446,2358,1132,2443,2356,1125,90,100,0,501,2699;
@400000005e7325812b6582b1 #d,-,18,2440,2357,1130,120,0,187369,11616,2443,2358,1131,2440,2354,1126,90,100,0,501,2701;
@400000005e7325812b6e21ed #d,-,18,2438,2357,1132,121,0,187288,11611,2440,2357,1132,2438,2355,1124,90,100,0,501,2699;
@400000005e7325832b7b6cfb #d,-,18,2436,2356,1131,122,0,187209,11606,2438,2357,1135,2436,2355,1126,90,100,0,501,2704;
@400000005e7325832b846d12 #d,-,18,2434,2356,1129,122,0,187129,11602,2436,2357,1133,2434,2355,1126,90,100,0,501,2704;
@400000005e7325852b92770c #d,-,18,2432,2354,1133,123,0,187051,11597,2434,2357,1133,2432,2354,1126,90,100,0,501,2701;
@400000005e7325852b9b2d90 #d,-,18,2431,2354,1126,124,0,187082,11599,2432,2356,1134,2431,2353,1125,90,100,0,501,2701;
@400000005e7325872ba89ecd #d,-,18,2430,2357,1130,124,0,187006,11594,2431,2357,1134,2430,2354,1126,89,100,0,501,2704;
@400000005e7325872bb20910 #d,-,18,2429,2357,1126,125,0,186824,11583,2430,2357,1135,2429,2355,1126,89,100,0,501,2704;
@400000005e7325892bbf6f20 #d,-,18,2428,2357,1130,126,0,186750,11578,2429,2358,1134,2428,2355,1126,89,100,0,501,2706;
@400000005e7325892bc805fa #d,-,18,2428,2356,1129,126,0,186678,11574,2428,2357,1133,2428,2354,1127,89,100,0,501,2701;
@400000005e73258b2bd747f1 #d,-,18,2427,2354,1132,127,0,186605,11569,2428,2356,1135,2427,2354,1126,89,100,0,501,2701;
@400000005e73258b2be107e3 #d,-,18,2533,2353,1378,128,0,186815,11582,2533,2356,1383,2427,2353,1132,91,100,0,501,2758;
@400000005e73258d2bf140a8 #d,-,18,3072,2355,1253,129,0,186897,11587,3072,2356,1430,2533,2353,1253,93,100,0,501,3280;
@400000005e73258d2bfadd36 #d,-,18,2982,2355,1283,130,0,187013,11594,3072,2357,1407,2982,2355,1211,93,100,0,501,3206;
@400000005e73258f2c0b6435 #d,-,18,2767,2354,1342,130,0,187100,11600,2982,2357,1401,2767,2354,1198,90,100,0,501,3052;
@400000005e73258f2c14c25d #d,-,18,3000,2354,1402,131,0,187293,11612,3000,2356,1426,2767,2353,1313,94,100,0,501,3175;
@400000005e7325912c24bcbb #d,-,18,2995,2355,1260,132,0,187387,11618,3000,2357,1402,2995,2354,1185,92,100,0,501,3237;
@400000005e7325912c2ecae8 #d,-,18,2866,2355,1356,133,0,187538,11627,2995,2357,1356,2866,2354,1150,92,100,0,501,3090;
@400000005e7325932c3eeb76 #d,-,18,2861,2353,1391,134,0,187621,11632,2866,2355,1436,2861,2352,1314,93,100,0,501,3050;
@400000005e7325932c487cd7 #d,-,18,3104,2354,1340,134,0,187731,11639,3104,2355,1405,2861,2351,1171,93,100,0,501,3322;
@400000005e7325952c586b1a #d,-,18,2785,2355,1153,135,0,187764,11641,3104,2356,1340,2785,2352,1153,91,100,0,501,3035;
@400000005e7325952c61c588 #d,-,18,2784,2352,1429,136,0,187916,11650,2785,2355,1430,2784,2351,1150,92,100,0,501,3005;
@400000005e7325972c71272a #d,-,18,3078,2352,1250,137,0,188142,11664,3078,2354,1429,2784,2351,1201,93,100,0,501,3287;
@400000005e7325972c7ad746 #d,-,18,2854,2352,1225,138,0,188117,11663,3078,2354,1348,2854,2350,1225,91,100,0,501,3121;
@400000005e7325992c882d81 #d,-,18,2629,2352,1129,138,0,188048,11659,2854,2355,1225,2629,2351,1129,90,100,0,501,2912;
@400000005e7325992c90ccbd #d,-,18,2423,2352,1133,139,0,187974,11654,2629,2355,1134,2423,2351,1128,89,100,0,501,2704;
@400000005e73259b2c9dec05 #d,-,18,2422,2351,1128,140,0,187901,11649,2423,2354,1135,2422,2351,1126,89,100,0,501,2701;
@400000005e73259b2ca6ec1c #d,-,18,2422,2351,1132,140,0,187829,11645,2422,2353,1132,2422,2351,1127,89,100,0,501,2701;
@400000005e73259d2cb41ef3 #d,-,18,2422,2354,1130,141,0,187853,11646,2422,2355,1132,2422,2351,1128,89,100,0,501,2699;
@400000005e73259d2cbc6880 #d,-,18,2422,2355,1129,142,0,187686,11636,2422,2356,1133,2422,2354,1125,89,100,0,501,2704;
@400000005e73259f2cc91629 #d,-,18,2422,2356,1130,142,0,187616,11632,2422,2356,1134,2422,2354,1126,89,100,0,501,2701;
@400000005e73259f2cd1e03c #d,-,18,2422,2357,1130,143,0,187546,11627,2422,2358,1131,2422,2354,1125,89,100,0,501,2699;
@400000005e7325a12cdf26a2 #d,-,18,2422,2355,1130,144,0,187476,11623,2422,2357,1133,2422,2355,1125,89,100,0,501,2701;
@400000005e7325a12ce7d96d #d,-,18,2422,2355,1130,144,0,187409,11619,2422,2357,1133,2422,2355,1128,89,100,0,501,2704;
@400000005e7325a32cf4ed87 #d,-,18,2422,2356,1127,145,0,187342,11615,2422,2357,1135,2422,2355,1126,89,100,0,501,2704;
@400000005e7325a32cfdb79b #d,-,18,2422,2357,1129,146,0,187275,11611,2422,2358,1134,2422,2355,1126,89,100,0,501,2706;
@400000005e7325a52d0ac70d #d,-,18,2422,2358,1126,146,0,187209,11607,2422,2358,1134,2422,2356,1126,89,100,0,501,2704;
@400000005e7325a52d139c4e #d,-,18,2423,2358,1130,147,0,187236,11608,2423,2358,1133,2422,2355,1126,89,100,0,501,2704;
@400000005e7325a72d20d3cc #d,-,18,2424,2357,1132,148,0,187085,11599,2424,2358,1148,2423,2355,1126,89,100,0,501,2711;
@400000005e7325a72d296e60 #d,-,18,2425,2358,1130,148,0,187022,11595,2425,2358,1133,2424,2356,1126,89,100,0,501,2711;
@400000005e7325a92d369162 #d,-,18,2424,2357,1127,149,0,186959,11591,2425,2358,1132,2424,2356,1127,89,100,0,501,2704;
@400000005e7325a92d3f73ac #d,-,18,2424,2358,1131,150,0,186897,11587,2424,2358,1133,2424,2356,1126,89,100,0,501,2704;
@400000005e7325ab2d4f03df #d,-,18,2425,2356,1133,150,0,186835,11583,2425,2358,1135,2424,2356,1128,89,100,0,501,2706;
@400000005e7325ab2d587d09 #d,-,18,2425,2355,1363,151,0,186854,11585,2425,2359,1384,2425,2355,1127,89,100,0,501,2706;
@400000005e7325ad2d685403 #d,-,18,2914,2353,1401,152,0,187015,11594,2914,2358,1429,2425,2353,1306,94,100,0,501,3085;
@400000005e7325ad2d7173c5 #d,-,18,3046,2355,1296,153,0,187134,11602,3046,2357,1404,2914,2353,1262,92,100,0,501,3299;
@400000005e7325af2d80a31c #d,-,18,2898,2352,1324,154,0,187180,11605,3046,2356,1324,2898,2352,1178,92,100,0,501,3130;
@400000005e7325af2d899807 #d,-,18,2893,2353,1391,154,0,187345,11615,2898,2356,1420,2893,2351,1324,93,100,0,501,3078;
@400000005e7325b12d992480 #d,-,18,3106,2351,1373,155,0,187539,11627,3106,2355,1400,2893,2351,1185,93,100,0,501,3317;
@400000005e7325b12da205db #d,-,18,2809,2354,1192,156,0,187585,11630,3106,2356,1373,2809,2351,1192,91,100,0,501,3066;
@400000005e7325b32db1c859 #d,-,18,2807,2354,1432,157,0,187621,11632,2809,2355,1432,2807,2353,1183,93,100,0,501,3016;
@400000005e7325b32dbb7102 #d,-,18,3078,2355,1242,158,0,187729,11639,3078,2355,1433,2807,2353,1178,93,100,0,501,3291;
@400000005e7325b52dcb20df #d,-,18,2864,2357,1222,158,0,187804,11643,3078,2357,1376,2864,2354,1222,91,100,0,501,3133;
@400000005e7325b52dd421e5 #d,-,18,2667,2356,1316,159,0,187864,11647,2864,2357,1396,2667,2354,1140,91,100,0,501,2929;
@400000005e7325b72de3c1ed #d,-,18,3068,2355,1330,160,0,188106,11662,3068,2356,1426,2667,2353,1316,94,100,0,501,3251;
@400000005e7325b72decddf5 #d,-,18,2914,2356,1279,161,1,188076,11660,3068,2358,1369,2914,2355,1175,92,100,0,501,3156;
@400000005e7325b92dfbf15b #d,-,18,2775,2357,1147,162,1,188060,11659,2914,2358,1294,2775,2355,1134,90,100,0,501,3057;
@400000005e7325b92e04b7b5 #d,-,18,2445,2357,1129,162,1,187994,11655,2775,2359,1147,2445,2357,1115,89,100,0,501,2734;
@400000005e7325bb2e11dab7 #d,-,18,2442,2357,1130,163,1,187931,11651,2445,2359,1131,2442,2357,1124,90,100,0,501,2701;
@400000005e7325bb2e1a36e4 #d,-,18,2439,2356,1129,164,1,187952,11653,2442,2359,1132,2439,2355,1127,90,100,0,501,2701;
@400000005e7325bd2e270c99 #d,-,18,2437,2357,1132,164,1,187807,11644,2439,2358,1133,2437,2356,1125,90,100,0,501,2704;
@400000005e7325bd2e2fe1d9 #d,-,18,2435,2356,1128,165,1,187745,11640,2437,2358,1132,2435,2355,1125,90,100,0,501,2701;
@400000005e7325bf2e3d1d12 #d,-,18,2433,2359,1130,166,1,187684,11636,2435,2359,1132,2433,2356,1126,89,100,0,501,2704;
@400000005e7325bf2e45b032 #d,-,18,2432,2357,1130,166,1,187624,11632,2433,2359,1132,2432,2356,1128,89,100,0,501,2704;
@400000005e7325c12e5288b2 #d,-,18,2430,2354,1131,167,1,187645,11634,2432,2358,1131,2430,2354,1128,89,100,0,501,2704;
@400000005e7325c12e5a7c91 #d,-,18,2430,2357,1128,168,1,187506,11625,2430,2357,1134,2430,2354,1126,89,100,0,501,2706;
@400000005e7325c32e67a34d #d,-,18,2429,2357,1126,168,1,187447,11621,2430,2359,1131,2429,2356,1125,89,100,0,501,2704;
@400000005e7325c32e709837 #d,-,18,2428,2357,1128,169,1,187391,11618,2429,2358,1133,2428,2356,1126,89,100,0,501,2704;
@400000005e7325c52e7dee72 #d,-,18,2428,2355,1130,170,1,187334,11614,2428,2357,1132,2428,2355,1127,89,100,0,501,2701;
@400000005e7325c52e8646e6 #d,-,18,2428,2356,1130,170,1,187278,11611,2428,2358,1134,2428,2355,1128,89,100,0,501,2704;
@400000005e7325c72e9333e3 #d,-,18,2427,2356,1131,171,1,187301,11612,2428,2358,1134,2427,2355,1127,89,100,0,501,2706;
@400000005e7325c72e9c28ce #d,-,18,2427,2354,1131,172,1,187166,11604,2427,2357,1133,2427,2354,1126,89,100,0,501,2701;
@400000005e7325c92ea99dc4 #d,-,18,2426,2355,1130,172,1,187111,11600,2427,2357,1134,2426,2354,1128,89,100,0,501,2704;
@400000005e7325c92eb23946 #d,-,18,2426,2354,1130,173,1,187057,11597,2426,2356,1133,2426,2354,1129,89,100,0,501,2704;
@400000005e7325cb2ec18ecd #d,-,18,2426,2355,1130,174,1,187080,11598,2426,2355,1133,2426,2353,1126,89,100,0,501,2701;
@400000005e7325cb2ecb6e69 #d,-,18,2426,2356,1170,174,1,187031,11595,2426,2356,1170,2426,2352,1127,89,100,0,501,2701;
@400000005e7325cd2edc5644 #d,-,18,2701,2353,1407,175,1,187086,11599,2701,2356,1426,2426,2352,1170,92,100,0,501,2910;
@400000005e7325cd2ee65cfd #d,-,18,3088,2356,1374,176,1,187188,11605,3088,2356,1407,2701,2351,1187,93,100,0,501,3287;
@400000005e7325cf2ef6c099 #d,-,18,2890,2357,1213,177,1,187256,11609,3088,2357,1413,2890,2353,1213,91,100,0,501,3154;
@400000005e7325cf2f00227b #d,-,18,2737,2356,1353,178,1,187330,11614,2890,2357,1374,2737,2354,1174,92,100,0,501,2971;
@400000005e7325d12f0e91f8 #d,-,18,3048,2357,1246,178,1,187460,11622,3048,2357,1420,2737,2353,1246,93,100,0,501,3261;
@400000005e7325d12f182acc #d,-,18,2932,2355,1301,179,1,187524,11626,3048,2357,1369,2932,2353,1174,92,100,0,501,3166;
@400000005e7325d32f28d7fb #d,-,18,2727,2356,1330,180,1,187576,11629,2932,2356,1371,2727,2353,1182,90,100,0,501,3014;
@400000005e7325d32f327cea #d,-,18,2986,2355,1401,181,1,187712,11638,2986,2356,1422,2727,2354,1310,94,100,0,501,3159;
@400000005e7325d52f42d0b1 #d,-,18,2984,2355,1260,182,1,187774,11642,2986,2356,1401,2984,2354,1215,92,100,0,501,3227;
@400000005e7325d52f4c23ac #d,-,18,2793,2353,1402,182,1,187806,11644,2984,2357,1402,2793,2352,1149,91,100,0,501,3066;
@400000005e7325d72f5c0219 #d,-,18,2860,2353,1385,183,1,187938,11652,2860,2355,1419,2793,2352,1333,93,100,0,501,3064;
@400000005e7325d72f660c8d #d,-,18,3066,2352,1309,184,1,188017,11657,3066,2355,1399,2860,2352,1172,92,100,0,501,3306;
@400000005e7325d92f762961 #d,-,18,2817,2353,1147,185,1,188024,11657,3066,2355,1309,2817,2352,1147,92,100,0,501,3050;
@400000005e7325d92f7fa733 #d,-,18,2471,2353,1153,185,1,187974,11654,2817,2355,1173,2471,2352,1120,88,100,0,501,2777;
@400000005e7325db2f8f65f6 #d,-,18,2468,2354,1139,186,1,187994,11655,2471,2355,1153,2468,2353,1124,90,100,0,501,2727;
@400000005e7325db2f98b8f1 #d,-,18,2464,2354,1136,187,1,187870,11647,2468,2355,1139,2464,2352,1133,90,100,0,501,2713;
@400000005e7325dd2fa87041 #d,-,18,2460,2354,1134,187,1,187819,11644,2464,2354,1136,2460,2352,1133,90,100,0,501,2713;
@400000005e7325dd2fb25bf9 #d,-,18,2457,2353,1137,188,1,187769,11641,2460,2355,1137,2457,2351,1133,90,100,0,501,2711;
@400000005e7325df2fc28040 #d,-,18,2454,2352,1134,189,1,187719,11638,2457,2354,1138,2454,2352,1134,90,100,0,501,2715;
@400000005e7325df2fcc11a1 #d,-,18,2452,2352,1133,189,1,187670,11635,2454,2354,1139,2452,2351,1133,90,100,0,501,2713;
@400000005e7325e12fdc7cb0 #d,-,18,2450,2351,1134,190,1,187693,11636,2452,2353,1140,2450,2351,1133,90,100,0,501,2715;
@400000005e7325e12fe5d71e #d,-,18,2449,2353,1135,191,1,187573,11629,2450,2354,1138,2449,2351,1133,90,100,0,501,2711;
@400000005e7325e32ff5bdee #d,-,18,2447,2355,1135,191,1,187526,11626,2449,2355,1138,2447,2351,1134,90,100,0,501,2713;
@400000005e7325e32fffbc46 #d,-,18,2446,2355,1136,192,1,187478,11623,2447,2355,1137,2446,2352,1134,90,100,0,501,2713;
@400000005e7325e5300f96fa #d,-,18,2445,2354,1137,193,1,187431,11620,2446,2355,1141,2445,2347,1132,90,100,0,501,2715;
@400000005e7325e530191024 #d,-,18,2443,2350,1136,194,1,187384,11617,2445,2354,1138,2443,2350,1133,90,100,0,501,2711;
@400000005e7325e73028f6f3 #d,-,18,2443,2350,1137,194,1,187407,11619,2443,2352,1140,2443,2350,1133,90,100,0,501,2713;
@400000005e7325e7303249ee #d,-,18,2442,2350,1136,195,1,187292,11612,2443,2353,1139,2442,2349,1134,90,100,0,501,2711;
@400000005e7325e93041e194 #d,-,18,2442,2349,1137,196,1,187246,11609,2442,2352,1138,2442,2349,1134,90,100,0,501,2713;
@400000005e7325e9304b8a3e #d,-,18,2441,2350,1135,196,1,187200,11606,2442,2352,1139,2441,2348,1133,90,100,0,501,2711;
@400000005e7325eb305c18b0 #d,-,18,2440,2351,1136,197,1,187155,11603,2441,2352,1139,2440,2350,1131,90,100,0,501,2711;
@400000005e7325eb3065adcb #d,-,18,2440,2351,1136,198,1,187110,11600,2440,2352,1139,2440,2350,1134,90,100,0,501,2711;
@400000005e7325ed30760192 #d,-,18,2440,2348,1317,198,1,187146,11603,2440,2352,1377,2440,2347,1136,89,100,0,501,2713;
@400000005e7325ed307f7f64 #d,-,18,3036,2349,1398,199,1,187279,11611,3036,2351,1427,2440,2348,1316,94,100,0,501,3204;
@400000005e7325ef308f32fa #d,-,18,2934,2348,1285,200,1,187340,11615,3036,2352,1437,2934,2348,1146,92,100,0,501,3180;
@400000005e7325ef309902c1 #d,-,18,2878,2348,1379,201,1,187373,11617,2934,2351,1379,2878,2348,1145,91,100,0,501,3135;
@400000005e7325f130a8ffeb #d,-,18,2819,2349,1391,201,1,187491,11624,2878,2349,1439,2819,2347,1308,92,100,0,501,3038;
@400000005e7325f130b29d67 #d,-,18,3104,2350,1325,202,1,187577,11629,3104,2350,1410,2819,2347,1200,93,100,0,501,3327;
@400000005e7325f330c1b841 #d,-,18,2846,2350,1165,203,1,187601,11631,3104,2350,1325,2846,2347,1163,92,100,0,501,3083;
@400000005e7325f330cb3613 #d,-,18,2795,2349,1435,204,1,187716,11638,2846,2350,1447,2795,2347,1165,92,100,0,501,3021;
@400000005e7325f530daf4d7 #d,-,18,3114,2347,1336,205,1,187799,11643,3114,2350,1435,2795,2347,1164,93,100,0,501,3313;
@400000005e7325f530e4e08e #d,-,18,2826,2348,1185,205,1,187843,11646,3114,2350,1380,2826,2347,1185,91,100,0,501,3104;
@400000005e7325f730f4c66f #d,-,18,2719,2348,1378,206,1,187907,11650,2826,2350,1394,2719,2347,1145,92,100,0,501,2943;
@400000005e7325f730fe99f0 #d,-,18,3074,2348,1241,207,1,188085,11661,3074,2350,1439,2719,2347,1241,93,100,0,501,3282;
@400000005e7325f9310ee28a #d,-,18,2962,2351,1228,208,1,188136,11664,3074,2351,1364,2962,2347,1228,92,100,0,501,3204;
@400000005e7325f931186415 #d,-,18,2639,2351,1140,209,1,188032,11658,2962,2351,1228,2639,2349,1134,90,100,0,501,2924;
@400000005e7325fb31289beb #d,-,18,2435,2351,1137,209,1,187987,11655,2639,2352,1140,2435,2350,1134,89,100,0,501,2715;
@400000005e7325fb31323d21 #d,-,18,2435,2349,1140,210,1,187942,11652,2435,2352,1141,2435,2348,1133,89,100,0,501,2713;
@400000005e7325fd31423691 #d,-,18,2435,2346,1137,211,1,187897,11649,2435,2351,1140,2435,2346,1134,89,100,0,501,2713;
@400000005e7325fd314bb463 #d,-,18,2435,2345,1137,211,1,187852,11646,2435,2347,1140,2435,2345,1136,89,100,0,501,2711;
@400000005e7325ff315c4a4a #d,-,18,2436,2347,1139,212,1,187873,11648,2436,2347,1141,2435,2344,1135,89,100,0,500,2711;
@400000005e7325ff3165c462 #d,-,18,2436,2346,1134,213,1,187765,11641,2436,2349,1140,2436,2346,1134,89,100,0,500,2713;
@400000005e7326013175646a #d,-,18,2437,2345,1139,213,1,187722,11638,2437,2349,1141,2436,2345,1133,89,100,0,501,2708;
@400000005e732601317ebb1e #d,-,18,2436,2348,1136,214,1,187678,11636,2437,2349,1139,2436,2345,1134,89,100,0,501,2708;
@400000005e732603318dfd16 #d,-,18,2437,2349,1137,215,1,187636,11633,2437,2349,1139,2436,2346,1135,89,100,0,501,2711;
@400000005e7326033197a5bf #d,-,18,2436,2350,1139,215,1,187593,11630,2437,2351,1140,2436,2347,1135,89,100,0,501,2713;
@400000005e73260531a7bed9 #d,-,18,2437,2348,1134,216,1,187613,11632,2437,2351,1139,2436,2348,1133,89,100,0,501,2713;
@400000005e73260531b16783 #d,-,18,2437,2349,1139,217,1,187508,11625,2437,2351,1139,2437,2348,1132,89,100,0,501,2711;
@400000005e73260731c1792a #d,-,18,2436,2350,1134,217,1,187465,11622,2437,2351,1139,2436,2349,1132,89,100,0,501,2708;
@400000005e73260731cafe6f #d,-,18,2436,2349,1137,218,1,187423,11620,2436,2351,1138,2436,2349,1133,89,100,0,501,2708;
@400000005e73260931dab5bf #d,-,18,2436,2353,1132,219,1,187381,11617,2436,2353,1137,2436,2349,1130,89,100,0,501,2713;
@400000005e73260931e45aaf #d,-,18,2436,2352,1134,219,1,187401,11618,2436,2354,1139,2436,2351,1131,89,100,0,501,2711;
@400000005e73260b31f47fe5 #d,-,18,2436,2353,1135,220,1,187298,11612,2436,2353,1138,2436,2350,1132,89,100,0,501,2711;
@400000005e73260b31fe14ff #d,-,18,2435,2352,1135,221,1,187257,11609,2436,2353,1139,2435,2351,1133,89,100,0,501,2711;
@400000005e73260d320d91a3 #d,-,18,2435,2351,1385,221,1,187253,11609,2435,2352,1385,2435,2350,1133,89,100,0,501,2713;
@400000005e73260d3216e857 #d,-,18,2817,2351,1385,222,1,187358,11616,2817,2352,1434,2435,2350,1306,93,100,0,501,3012;
@400000005e73260f3226be64 #d,-,18,3104,2352,1331,223,1,187447,11621,3104,2352,1407,2817,2350,1260,93,100,0,501,3322;
@400000005e73260f32307a9c #d,-,18,2890,2350,1187,224,1,187532,11627,3104,2352,1331,2890,2350,1184,92,100,0,501,3126;
@400000005e732611323fec13 #d,-,18,2828,2350,1418,225,1,187579,11629,2890,2352,1423,2828,2349,1187,92,100,0,501,3047;
@400000005e7326113249da95 #d,-,18,3096,2350,1338,226,1,187661,11635,3096,2351,1418,2828,2350,1212,93,100,0,501,3306;
@400000005e732613325a1acd #d,-,18,2864,2350,1195,226,1,187700,11637,3096,2352,1370,2864,2349,1195,91,100,0,501,3126;
@400000005e7326133263f6af #d,-,18,2759,2349,1405,227,1,187776,11642,2864,2352,1409,2759,2349,1184,92,100,0,501,2979;
@400000005e732615327396b7 #d,-,18,3094,2350,1247,228,1,187930,11651,3094,2352,1431,2759,2349,1237,93,100,0,501,3308;
@400000005e732615327d1bfd #d,-,18,2940,2352,1233,229,1,187923,11651,3094,2353,1363,2940,2350,1233,92,100,0,501,3192;
@400000005e732617328d3d79 #d,-,18,2699,2351,1339,230,1,187979,11654,2940,2354,1414,2699,2351,1177,91,100,0,501,2957;
@400000005e7326173296cdeb #d,-,18,3100,2350,1316,230,1,188086,11661,3100,2352,1427,2699,2349,1316,94,100,0,501,3277;
@400000005e73261932a6bfe8 #d,-,18,2952,2352,1295,231,1,188133,11664,3100,2353,1383,2952,2350,1186,92,100,0,501,3187;
@400000005e73261932b012e3 #d,-,18,2743,2353,1135,232,1,188112,11662,2952,2354,1295,2743,2349,1125,90,100,0,501,3031;
@400000005e73261b32bf942e #d,-,18,2443,2353,1138,233,1,188070,11660,2743,2354,1139,2443,2350,1132,89,100,0,501,2727;
@400000005e73261b32c930bc #d,-,18,2442,2353,1135,233,1,188029,11657,2443,2354,1139,2442,2350,1132,90,100,0,501,2708;
@400000005e73261d32d95d65 #d,-,18,2441,2351,1137,234,1,187989,11655,2442,2354,1139,2441,2351,1134,89,100,0,501,2715;
@400000005e73261d32e3060f #d,-,18,2441,2351,1134,235,1,188006,11656,2441,2354,1139,2441,2350,1132,89,100,0,501,2713;
@400000005e73261f32f30f54 #d,-,18,2440,2353,1134,235,1,187908,11650,2441,2354,1140,2440,2350,1134,89,100,0,501,2713;
@400000005e73261f32fc90e0 #d,-,18,2440,2353,1135,236,1,187868,11647,2440,2354,1140,2440,2352,1132,89,100,0,501,2713;
@400000005e732621330cadb3 #d,-,18,2440,2352,1135,237,1,187828,11645,2440,2354,1139,2440,2352,1132,89,100,0,501,2713;
@400000005e73262133164776 #d,-,18,2439,2352,1137,237,1,187789,11642,2440,2354,1137,2439,2352,1130,89,100,0,501,2713;
@400000005e73262333267b92 #d,-,18,2439,2352,1132,238,1,187749,11640,2439,2354,1138,2439,2352,1131,90,100,0,501,2708;
@400000005e73262333302f69 #d,-,18,2438,2353,1138,239,1,187710,11638,2439,2355,1139,2438,2352,1132,89,100,0,501,2711;
@400000005e732625333fe2ff #d,-,18,2437,2353,1136,239,1,187671,11635,2438,2355,1138,2437,2353,1133,89,100,0,501,2713;
@400000005e7326253349173e #d,-,18,2437,2353,1132,240,1,187631,11633,2437,2355,1137,2437,2353,1131,89,100,0,501,2715;
@400000005e7326273358d248 #d,-,18,2437,2352,1134,241,1,187592,11630,2437,2355,1137,2437,2352,1130,89,100,0,501,2708;
@400000005e7326273362501a #d,-,18,2436,2354,1132,241,1,187608,11631,2437,2354,1138,2436,2351,1131,89,100,0,501,2708;
@400000005e732629337203b1 #d,-,18,2436,2354,1139,242,1,187514,11625,2436,2355,1139,2436,2352,1129,89,100,0,501,2708;
@400000005e732629337b71ae #d,-,18,2435,2354,1133,243,1,187475,11623,2436,2355,1139,2435,2352,1130,89,100,0,501,2711;
@400000005e73262b338b7ead #d,-,18,2435,2354,1135,243,1,187437,11621,2435,2355,1137,2435,2352,1130,89,100,0,501,2711;
@400000005e73262b33952756 #d,-,18,2434,2354,1132,244,1,187454,11622,2435,2354,1137,2434,2352,1131,89,100,0,501,2708;
@400000005e73262d33a4a8a2 #d,-,18,2434,2353,1315,245,1,187379,11617,2434,2354,1315,2434,2351,1131,89,100,0,501,2708;
@400000005e73262d33ae48ea #d,-,18,2761,2353,1390,246,1,187475,11623,2761,2353,1433,2434,2351,1311,92,100,0,501,2971;
@400000005e73262f33bdf50d #d,-,18,3120,2352,1379,246,1,187560,11628,3120,2353,1406,2761,2351,1255,94,100,0,501,3317;
@400000005e73262f33c78de1 #d,-,18,2898,2354,1200,247,1,187592,11630,3120,2355,1379,2898,2351,1200,92,100,0,501,3147;
@400000005e73263133d81039 #d,-,18,2799,2353,1420,248,1,187725,11638,2898,2354,1420,2799,2351,1187,92,100,0,501,3014;
@400000005e73263133e1bc9c #d,-,18,3078,2353,1179,249,1,187800,11643,3078,2353,1433,2799,2351,1177,93,100,0,501,3299;
@400000005e73263333f16505 #d,-,18,2882,2352,1254,250,1,187793,11643,3078,2353,1369,2882,2349,1179,91,100,0,501,3144;
@400000005e73263333fada75 #d,-,18,2699,2351,1317,250,1,187834,11645,2882,2352,1384,2699,2350,1187,91,100,0,501,2962;
@400000005e732635340a6aa8 #d,-,18,3062,2352,1348,251,1,187937,11652,3062,2353,1434,2699,2349,1317,94,100,0,501,3232;
@400000005e73263534141351 #d,-,18,2928,2352,1301,252,1,188025,11657,3062,2353,1367,2928,2350,1163,92,100,0,501,3173;
@400000005e7326373424d8b7 #d,-,18,2751,2351,1385,253,1,187999,11655,2928,2354,1393,2751,2349,1149,90,100,0,501,3033;
@400000005e732637342ee32a #d,-,18,2902,2350,1402,254,1,188094,11661,2902,2352,1438,2751,2349,1311,94,100,0,501,3085;
@400000005e732639343eccc5 #d,-,18,3022,2351,1256,254,1,188142,11664,3022,2352,1414,2902,2349,1181,91,100,0,501,3289;
@400000005e73263934486a42 #d,-,18,2838,2353,1144,255,1,188148,11665,3022,2353,1302,2838,2350,1144,92,100,0,501,3059;
@400000005e73263b34587afa #d,-,18,2479,2351,1133,256,1,188110,11662,2838,2353,1144,2479,2351,1131,89,100,0,501,2777;
@400000005e73263b346223a3 #d,-,18,2474,2350,1138,257,1,188126,11663,2479,2353,1138,2474,2349,1130,91,100,0,501,2711;
@400000005e73263d347248d9 #d,-,18,2468,2350,1134,257,1,188088,11661,2474,2352,1139,2468,2349,1130,91,100,0,501,2708;
@400000005e73263d347bbf38 #d,-,18,2465,2350,1138,258,1,187998,11655,2468,2352,1139,2465,2349,1132,90,100,0,501,2711;
@400000005e73263f348b5e51 #d,-,18,2461,2351,1136,259,1,187961,11653,2465,2351,1138,2461,2349,1132,90,100,0,501,2711;
@400000005e73263f3495464f #d,-,18,2457,2352,1134,259,1,187923,11651,2461,2352,1138,2457,2350,1129,90,100,0,501,2711;
@400000005e73264134a4fd9f #d,-,18,2454,2350,1134,260,1,187886,11648,2457,2352,1138,2454,2349,1131,90,100,0,501,2706;
@400000005e73264134ae633a #d,-,18,2451,2349,1135,261,1,187849,11646,2454,2352,1137,2451,2349,1132,90,100,0,501,2708;
@400000005e73264334bd67ba #d,-,18,2449,2349,1137,261,1,187812,11644,2451,2352,1138,2449,2348,1132,90,100,0,501,2711;
@400000005e73264334c6b9c7 #d,-,18,2447,2349,1133,262,1,187775,11642,2449,2351,1138,2447,2349,1130,90,100,0,501,2708;
@400000005e73264534d6bf52 #d,-,18,2446,2351,1136,263,1,187739,11639,2447,2352,1138,2446,2349,1129,90,100,0,501,2708;
@400000005e73264534e083ec #d,-,18,2444,2351,1135,263,1,187703,11637,2446,2351,1138,2444,2349,1131,90,100,0,501,2706;
@400000005e73264734f0a479 #d,-,18,2443,2352,1138,264,1,187668,11635,2444,2352,1139,2443,2350,1133,90,100,0,501,2711;
@400000005e73264734fa60b2 #d,-,18,2441,2352,1138,265,1,187684,11636,2443,2352,1138,2441,2350,1133,90,100,0,501,2711;
@400000005e732649350ab478 #d,-,18,2441,2351,1132,265,1,187598,11631,2441,2352,1139,2441,2350,1132,90,100,0,501,2711;
@400000005e732649351439be #d,-,18,2440,2351,1138,266,1,187563,11628,2441,2351,1139,2440,2349,1132,89,100,0,501,2713;
@400000005e73264b3523c27d #d,-,18,2440,2350,1134,267,1,187529,11626,2440,2351,1139,2440,2349,1131,90,100,0,501,2708;
@400000005e73264b352dad46 #d,-,18,2439,2350,1137,267,1,187495,11624,2440,2350,1139,2439,2348,1132,89,100,0,501,2711;
@400000005e73264d353d70b2 #d,-,18,2439,2347,1137,268,1,187511,11625,2439,2350,1138,2439,2345,1131,90,100,0,501,2708;
@400000005e73264d3546e622 #d,-,18,2583,2346,1401,269,1,187516,11625,2583,2348,1401,2439,2344,1137,92,100,0,501,2789;
@400000005e73264f35563c97 #d,-,18,3058,2343,1260,270,1,187600,11631,3058,2346,1440,2583,2342,1260,93,100,0,501,3272;
@400000005e73264f355f775b #d,-,18,2996,2344,1258,270,1,187655,11634,3058,2345,1396,2996,2343,1258,92,100,0,501,3227;
@400000005e732651356ecdcf #d,-,18,2731,2343,1341,271,1,187701,11637,2996,2345,1410,2731,2340,1204,91,100,0,501,3000;
@400000005e73265135788dc1 #d,-,18,3070,2342,1395,272,1,187847,11646,3070,2344,1428,2731,2341,1337,94,100,0,501,3242;
@400000005e732653358848cb #d,-,18,2950,2345,1284,273,1,187834,11645,3070,2346,1395,2950,2341,1187,92,100,0,501,3192;
@400000005e7326533591e559 #d,-,18,2820,2345,1388,274,1,187870,11647,2950,2346,1389,2820,2343,1180,91,100,0,501,3078;
@400000005e73265535a248f5 #d,-,18,2906,2344,1407,275,1,187959,11653,2906,2346,1445,2820,2342,1319,93,100,0,501,3095;
@400000005e73265535abe671 #d,-,18,3008,2345,1259,275,1,188004,11656,3008,2345,1418,2906,2343,1168,91,100,0,501,3280;
@400000005e73265735bafd91 #d,-,18,2854,2344,1243,276,1,188017,11657,3008,2345,1307,2854,2344,1156,92,100,0,501,3069;
@400000005e73265735c49dd9 #d,-,18,2775,2343,1404,277,1,188151,11665,2854,2346,1435,2775,2343,1243,92,100,0,501,3005;
@400000005e73265935d4c6c8 #d,-,18,3116,2344,1375,278,1,188163,11666,3116,2347,1407,2775,2343,1193,94,100,0,501,3310;
@400000005e73265935dec166 #d,-,18,2817,2346,1163,279,1,188183,11667,3116,2347,1375,2817,2344,1163,91,100,0,501,3078;
@400000005e73265b35eee2e2 #d,-,18,2563,2348,1135,279,1,188148,11665,2817,2348,1163,2563,2345,1130,89,100,0,501,2855;
@400000005e73265b35f834ef #d,-,18,2433,2349,1134,280,1,188113,11663,2563,2349,1138,2433,2346,1130,89,100,0,501,2704;
@400000005e73265d3607ec3f #d,-,18,2433,2349,1138,281,1,188078,11660,2433,2349,1138,2433,2347,1133,89,100,0,501,2706;
@400000005e73265d36116dcb #d,-,18,2433,2347,1134,281,1,188043,11658,2433,2349,1140,2433,2347,1134,89,100,0,501,2708;
@400000005e73265f3620b46a #d,-,18,2433,2348,1137,282,1,188008,11656,2433,2350,1139,2433,2347,1130,89,100,0,501,2708;
@400000005e73265f362a4d3e #d,-,18,2433,2349,1137,283,1,187974,11654,2433,2350,1138,2433,2348,1131,89,100,0,501,2708;
@400000005e732661363a6eba #d,-,18,2433,2350,1135,283,1,187940,11652,2433,2351,1139,2433,2348,1130,89,100,0,501,2708;
@400000005e7326613643fb73 #d,-,18,2433,2349,1138,284,1,187907,11650,2433,2351,1139,2433,2348,1132,89,100,0,501,2708;
@400000005e732663365400ff #d,-,18,2433,2347,1132,285,1,187873,11648,2433,2350,1141,2433,2347,1132,89,100,0,501,2711;
@400000005e732663365db20a #d,-,18,2434,2349,1138,285,1,187840,11646,2434,2351,1139,2433,2347,1131,89,100,0,501,2708;
@400000005e732665366df242 #d,-,18,2434,2349,1137,286,1,187808,11644,2434,2350,1139,2434,2349,1133,89,100,0,501,2711;
@400000005e73266536779289 #d,-,18,2434,2349,1137,287,1,187775,11642,2434,2351,1142,2434,2348,1132,89,100,0,501,2711;
@400000005e7326673687fd98 #d,-,18,2434,2348,1139,287,1,187742,11640,2434,2351,1139,2434,2348,1134,89,100,0,501,2713;
@400000005e73266736915093 #d,-,18,2435,2347,1135,288,1,187757,11640,2435,2349,1140,2434,2347,1128,89,100,0,501,2711;
@400000005e73266936a009a3 #d,-,18,2435,2348,1139,289,1,187678,11636,2435,2350,1139,2435,2347,1131,89,100,0,501,2706;
@400000005e73266936a99390 #d,-,18,2435,2349,1133,289,1,187645,11634,2435,2350,1139,2435,2347,1131,89,100,0,501,2706;
@400000005e73266b36b8ecd0 #d,-,18,2435,2348,1140,290,1,187614,11632,2435,2351,1140,2435,2348,1133,89,100,0,501,2708;
@400000005e73266b36c2adb1 #d,-,18,2435,2349,1134,291,1,187582,11630,2435,2352,1140,2435,2348,1131,89,100,0,501,2711;
@400000005e73266d36d28c1f #d,-,18,2436,2347,1136,291,1,187597,11631,2436,2352,1140,2435,2347,1133,89,100,0,501,2711;
@400000005e73266d36dc151e #d,-,18,2437,2348,1340,292,1,187579,11629,2437,2352,1409,2436,2347,1133,89,100,0,501,2713;
@400000005e73266f36ebb8df #d,-,18,3064,2351,1393,293,1,187668,11635,3064,2351,1420,2437,2348,1339,94,100,0,501,3230;
@400000005e73266f36f542cd #d,-,18,2934,2352,1287,294,1,187708,11637,3064,2353,1416,2934,2350,1152,92,100,0,501,3182;
@400000005e73267137062334 #d,-,18,2868,2351,1380,295,1,187734,11639,2934,2352,1380,2868,2350,1163,91,100,0,501,3126;
@400000005e7326713710059c #d,-,18,2865,2352,1391,295,1,187814,11644,2868,2352,1435,2865,2349,1310,93,100,0,501,3054;
@400000005e73267337203245 #d,-,18,3102,2353,1298,296,1,187866,11647,3102,2353,1410,2865,2351,1198,93,100,0,501,3329;
@400000005e7326733729a4ea #d,-,18,2817,2353,1191,297,1,187885,11648,3102,2354,1312,2817,2351,1185,92,100,0,501,3054;
@400000005e7326753738cf99 #d,-,18,2815,2352,1430,298,1,187960,11653,2817,2353,1434,2815,2351,1191,92,100,0,501,3033;
@400000005e732675374254de #d,-,18,3098,2352,1328,299,1,188015,11656,3098,2353,1430,2815,2350,1169,93,100,0,501,3299;
@400000005e7326773751dd9e #d,-,18,2813,2354,1188,299,1,188087,11661,3098,2354,1358,2813,2351,1188,91,100,0,501,3083;
@400000005e732677375b5b70 #d,-,18,2723,2352,1393,300,1,188088,11661,2813,2354,1401,2723,2351,1145,92,100,0,501,2950;
@400000005e732679376a47b9 #d,-,18,3074,2354,1179,301,1,188156,11665,3074,2354,1437,2723,2351,1179,93,100,0,501,3289;
@400000005e73267937733ca3 #d,-,18,2900,2353,1270,302,1,188192,11667,3074,2354,1358,2900,2351,1165,92,100,0,501,3147;
@400000005e73267b37835d31 #d,-,18,2697,2353,1139,302,1,188216,11669,2900,2354,1270,2697,2352,1121,90,100,0,501,2976;
@400000005e73267b378d0e3c #d,-,18,2431,2354,1138,303,1,188138,11664,2697,2354,1139,2431,2351,1130,89,100,0,501,2718;
@400000005e73267d379cb5b7 #d,-,18,2431,2355,1130,304,1,188106,11662,2431,2355,1138,2431,2352,1129,89,100,0,501,2711;
@400000005e73267d37a623b4 #d,-,18,2431,2354,1136,304,1,188074,11660,2431,2355,1136,2431,2352,1130,89,100,0,501,2708;
@400000005e73267f37b52aff #d,-,18,2431,2355,1133,305,1,188042,11658,2431,2355,1138,2431,2353,1130,89,100,0,501,2708;
@400000005e73267f37becc35 #d,-,18,2431,2355,1135,306,1,188010,11656,2431,2355,1138,2431,2353,1132,89,100,0,501,2713;
@400000005e73268137ce6883 #d,-,18,2432,2356,1132,306,1,187978,11654,2432,2356,1139,2431,2352,1127,89,100,0,501,2711;
@400000005e73268137d7ea0f #d,-,18,2432,2354,1134,307,1,187947,11652,2432,2356,1137,2432,2352,1131,89,100,0,501,2713;
@400000005e73268337e821e5 #d,-,18,2433,2354,1136,308,1,187916,11650,2433,2354,1137,2432,2352,1131,89,100,0,501,2711;
@400000005e73268337f1a819 #d,-,18,2433,2355,1134,308,1,187886,11648,2433,2355,1137,2433,2352,1131,89,100,0,501,2711;
@400000005e73268538013fbf #d,-,18,2433,2354,1136,309,1,187855,11647,2433,2355,1138,2433,2353,1130,89,100,0,501,2713;
@400000005e732685380b69dc #d,-,18,2433,2354,1133,310,1,187868,11647,2433,2355,1137,2433,2352,1130,89,100,0,501,2708;
@400000005e732687381b9df9 #d,-,18,2434,2354,1137,310,1,187794,11643,2434,2354,1138,2433,2352,1132,89,100,0,501,2713;
@400000005e732687382552bd #d,-,18,2434,2353,1137,311,1,187764,11641,2434,2354,1138,2434,2352,1132,89,100,0,501,2711;
@400000005e732689383534e5 #d,-,18,2434,2354,1133,312,1,187734,11639,2434,2354,1140,2434,2352,1133,89,100,0,501,2713;
@400000005e732689383eb671 #d,-,18,2435,2353,1136,312,1,187704,11637,2435,2355,1138,2434,2352,1130,89,100,0,501,2713;
Lost connection at /opt/powertools/bin/wattsup1 line 220.
	main::failure('Lost connection') called at /opt/powertools/bin/wattsup1 line 271
	main::recv_msg() called at /opt/powertools/bin/wattsup1 line 504
