@400000005e3139f71a2e39fd #v,-,8,2,261786,5,2,4,57,200810261703,0;
@400000005e3139f8087e7c44 #h,-,18,W,V,A,WH,Cost,WH/Mo,Cost/Mo,Wmax,Vmax,Amax,Wmin,Vmin,Amin,PF,DC,PC,Hz,VA;
@400000005e3139f80e8cce73 #f,-,48,130,436,1,4775,0,0,65533,0,199,810,237,17949,177,311,4753,4,92217,151,32123,69906,40,694,17008,0,93,1,4659,0,0,65533,0,199,822,242,18484,171,318,5362,2,92206,150,32190,70407,42,536,17029,0,92;
@400000005e3139fa0e9f29e7 #d,-,18,2528,2368,1150,1,0,174212,10801,2531,2369,1165,2528,2366,1150,90,55,0,500,2782;
@400000005e3139fc0eacd5d0 #d,-,18,2525,2367,1153,1,0,176151,10921,2528,2368,1156,2525,2366,1148,91,71,0,500,2772;
@400000005e3139fc0eb5da90 #d,-,18,2522,2366,1143,2,0,176805,10961,2525,2367,1153,2522,2365,1143,91,78,0,500,2768;
@400000005e3139fe0ec35ba1 #d,-,18,2518,2367,1149,3,0,181017,11223,2522,2368,1150,2518,2366,1143,91,85,0,500,2761;
@400000005e3139fe0ecbb7cf #d,-,18,2514,2367,1141,3,0,180524,11192,2518,2367,1149,2514,2364,1140,91,87,0,500,2758;
@400000005e313a000ed90e0a #d,-,18,2510,2365,1143,4,0,177486,11004,2514,2367,1147,2510,2365,1139,91,88,0,500,2751;
@400000005e313a000ee1dbd7 #d,-,18,2506,2365,1143,5,0,177523,11006,2510,2367,1146,2506,2364,1137,91,89,0,500,2749;
@400000005e313a020eeedc63 #d,-,18,2502,2368,1135,5,0,177502,11005,2506,2369,1146,2502,2365,1135,91,90,0,500,2749;
@400000005e313a020ef7c532 #d,-,18,2497,2369,1139,6,0,177412,10999,2502,2369,1139,2497,2367,1130,91,91,0,500,2734;
@400000005e313a040f0463f4 #d,-,18,2493,2369,1139,7,0,177339,10995,2497,2370,1140,2493,2367,1133,91,92,0,500,2737;
@400000005e313a040f0cfbbd #d,-,18,2489,2367,1133,7,0,178757,11082,2493,2370,1139,2489,2366,1131,90,94,0,500,2737;
@400000005e313a060f1a0b2f #d,-,18,2485,2368,1133,8,0,177138,10982,2489,2369,1134,2485,2366,1127,91,93,0,500,2730;
@400000005e313a060f23001a #d,-,18,2480,2369,1132,9,0,177059,10977,2485,2369,1137,2480,2367,1130,91,94,0,500,2725;
@400000005e313a080f3042c6 #d,-,18,2478,2369,1137,9,0,177020,10975,2480,2369,1137,2478,2367,1132,90,94,0,500,2734;
@400000005e313a080f38f4a2 #d,-,18,2475,2368,1132,10,0,176949,10970,2478,2370,1138,2475,2367,1129,90,94,0,500,2732;
@400000005e313a0a0f45edbb #d,-,18,2472,2368,1130,11,0,176870,10965,2475,2369,1132,2472,2366,1126,90,95,0,500,2727;
@400000005e313a0a0f4f24c5 #d,-,18,2468,2369,1128,11,0,177758,11021,2472,2369,1132,2468,2366,1124,90,96,0,500,2715;
@400000005e313a0c0f5cb965 #d,-,18,2464,2368,1129,12,0,176675,10953,2468,2369,1131,2464,2366,1126,90,95,0,500,2720;
@400000005e313a0c0f65353e #d,-,18,2461,2370,1127,13,0,176593,10948,2464,2370,1131,2461,2368,1126,90,95,0,500,2720;
@400000005e313a0e0f723d3d #d,-,18,2459,2369,1133,13,0,176518,10944,2461,2370,1133,2459,2367,1125,90,96,0,500,2720;
@400000005e313a0e0f7b0750 #d,-,18,2456,2369,1125,14,0,177257,10989,2459,2370,1133,2456,2367,1125,90,96,0,500,2718;
@400000005e313a100f888fd5 #d,-,18,2454,2369,1123,15,0,176364,10934,2456,2369,1130,2454,2366,1122,90,96,0,500,2720;
@400000005e313a100f912b58 #d,-,18,2450,2369,1119,16,0,176260,10928,2454,2369,1125,2450,2367,1116,90,96,0,500,2704;
@400000005e313a120f9e98db #d,-,18,2447,2369,1128,16,0,176188,10923,2450,2369,1129,2447,2367,1119,90,96,0,500,2708;
@400000005e313a120fa7336f #d,-,18,2445,2369,1120,17,0,176110,10918,2447,2370,1128,2445,2367,1119,90,96,0,500,2711;
@400000005e313a140fb2d898 #d,-,18,2442,2369,1121,18,0,176011,10912,2445,2370,1122,2442,2367,1115,90,97,0,500,2706;
@400000005e313a140fbb4c0f #d,-,18,2439,2370,1119,18,0,175925,10907,2442,2370,1123,2439,2367,1116,90,97,0,500,2697;
@400000005e313a160fc8ae65 #d,-,18,2437,2370,1122,19,0,175854,10902,2439,2371,1125,2437,2368,1117,90,97,0,500,2704;
@400000005e313a160fd12df7 #d,-,18,2435,2370,1119,20,0,175788,10898,2437,2370,1125,2435,2368,1119,89,97,0,500,2706;
@400000005e313a180fdde7bb #d,-,18,2433,2369,1121,20,0,175713,10894,2435,2370,1123,2433,2368,1116,90,97,0,500,2701;
@400000005e313a180fe70fde #d,-,18,2431,2368,1120,21,0,176200,10924,2433,2370,1125,2431,2368,1116,90,97,0,500,2701;
@400000005e313a1a0ff47500 #d,-,18,2430,2367,1124,22,0,176134,10920,2431,2370,1125,2430,2366,1116,89,97,0,500,2701;
@400000005e313a1a0ffd32f7 #d,-,18,2429,2368,1120,22,0,175543,10883,2430,2369,1126,2429,2367,1120,89,97,0,500,2706;
@400000005e313a1c100adb27 #d,-,18,2429,2368,1125,23,0,175499,10880,2429,2369,1128,2429,2367,1119,89,97,0,500,2706;
@400000005e313a1c101376a9 #d,-,18,2427,2371,1118,24,0,175442,10877,2429,2372,1126,2427,2368,1118,89,97,0,500,2701;
@400000005e313a1e1020a980 #d,-,18,2426,2369,1123,24,0,175392,10874,2427,2371,1123,2426,2368,1118,89,97,0,500,2704;
@400000005e313a1e102963be #d,-,18,2426,2369,1119,25,0,175349,10871,2426,2370,1126,2426,2367,1118,89,97,0,500,2701;
@400000005e313a201036b285 #d,-,18,2425,2368,1121,26,0,175757,10896,2426,2370,1125,2425,2367,1118,89,98,0,500,2704;
@400000005e313a20103f707d #d,-,18,2424,2368,1122,26,0,175269,10866,2425,2370,1126,2424,2367,1118,89,97,0,500,2704;
@400000005e313a22104c787c #d,-,18,2424,2367,1119,27,0,175221,10863,2424,2369,1124,2424,2366,1116,89,98,0,500,2701;
@400000005e313a22105574da #d,-,18,2423,2368,1117,28,0,175175,10860,2424,2370,1123,2423,2366,1113,89,98,0,500,2699;
@400000005e313a2410625976 #d,-,18,2421,2367,1114,28,0,175112,10856,2423,2368,1118,2421,2366,1111,90,98,0,500,2689;
@400000005e313a24106b04cd #d,-,18,2419,2364,1116,29,0,175061,10853,2421,2368,1121,2419,2364,1113,90,98,0,500,2687;
@400000005e313a2610777c72 #d,-,18,2418,2367,1117,30,0,175022,10851,2419,2367,1122,2418,2364,1115,89,98,0,500,2694;
@400000005e313a26107fd4e6 #d,-,18,2418,2366,1114,30,0,174975,10848,2418,2367,1121,2418,2365,1114,89,98,0,500,2694;
@400000005e313a28108d0b76 #d,-,18,2417,2365,1119,31,0,174934,10845,2418,2367,1122,2417,2364,1113,89,98,0,500,2689;
@400000005e313a281095be41 #d,-,18,2415,2364,1116,32,0,174888,10843,2417,2366,1120,2415,2364,1114,89,98,0,500,2689;
@400000005e313a2a10a30860 #d,-,18,2415,2365,1116,32,0,175209,10862,2415,2365,1121,2415,2363,1112,89,98,0,500,2687;
@400000005e313a2a10abc29e #d,-,18,2414,2364,1116,33,0,174811,10838,2415,2365,1121,2414,2362,1113,89,98,0,500,2687;
@400000005e313a2c10b8810a #d,-,18,2414,2363,1115,34,0,174776,10836,2414,2365,1120,2414,2362,1114,89,98,0,500,2687;
@400000005e313a2c10c1e6a6 #d,-,18,2413,2367,1119,34,0,174742,10834,2414,2367,1120,2413,2363,1115,89,98,0,500,2689;
@400000005e313a2e10cee378 #d,-,18,2413,2368,1114,35,0,174707,10831,2413,2368,1120,2413,2366,1113,89,98,0,500,2689;
@400000005e313a2e10d7a529 #d,-,18,2413,2366,1123,36,0,174673,10829,2413,2369,1123,2413,2362,1114,89,98,0,500,2692;
@400000005e313a3010e4b49c #d,-,18,2412,2365,1118,36,0,174643,10827,2413,2366,1123,2412,2363,1115,89,98,0,500,2689;
@400000005e313a3010ed9aa0 #d,-,18,2412,2366,1122,37,0,174622,10826,2412,2367,1124,2412,2365,1117,89,98,0,500,2694;
@400000005e313a3210fb4dfc #d,-,18,2413,2367,1116,38,0,174589,10824,2413,2368,1122,2412,2365,1115,89,98,0,500,2697;
@400000005e313a321103d236 #d,-,18,2412,2368,1118,38,0,174559,10822,2413,2368,1119,2412,2366,1114,89,98,0,500,2687;
@400000005e313a341110ae70 #d,-,18,2412,2366,1116,39,0,174531,10820,2412,2368,1120,2412,2365,1113,89,98,0,500,2689;
@400000005e313a341119bb91 #d,-,18,2411,2366,1114,40,0,174503,10819,2412,2369,1121,2411,2366,1112,89,98,0,500,2689;
@400000005e313a3611ae7d59 #d,-,18,2411,2368,1116,40,0,174477,10817,2411,2368,1118,2411,2366,1113,89,98,0,500,2687;
@400000005e313a36123a17ec #d,-,18,2410,2366,1118,41,0,174731,10833,2411,2368,1119,2410,2366,1113,89,98,0,500,2689;
@400000005e313a38125d049e #d,-,18,2412,2364,1516,42,0,175051,10853,2412,2368,1584,2410,2364,1111,89,98,0,500,2689;
@400000005e313a3812676d21 #d,-,18,4126,2365,1678,43,0,177416,10999,4126,2365,2298,2412,2361,1516,100,98,0,500,4126;
@400000005e313a3a1274f960 #d,-,18,4419,2365,1809,44,0,179770,11145,4419,2365,2167,4126,2361,1674,96,98,0,500,4564;
@400000005e313a3a127dbc00 #d,-,18,4262,2364,1926,46,0,181825,11273,4419,2365,2134,4262,2362,1640,95,98,0,500,4484;
@400000005e313a3c128cafbd #d,-,18,4425,2362,2075,47,0,183897,11401,4425,2366,2075,4262,2362,1685,95,98,0,500,4623;
@400000005e313a3c12978d99 #d,-,18,4424,2367,1705,48,0,185693,11513,4425,2367,2132,4424,2362,1679,97,98,0,500,4545;
@400000005e313a3e12a540f5 #d,-,18,4327,2365,1818,49,0,187676,11635,4424,2367,2128,4327,2362,1705,97,98,0,500,4431;
@400000005e313a3e12ae2251 #d,-,18,4144,2364,1948,50,0,189218,11731,4327,2367,2115,4144,2363,1677,94,98,0,500,4367;
@400000005e313a4012bdde49 #d,-,18,4455,2365,2060,52,0,190840,11832,4455,2366,2060,4144,2364,1679,96,98,0,500,4635;
@400000005e313a4012c8bb37 #d,-,18,4449,2365,1693,53,0,192445,11931,4455,2366,2104,4449,2365,1676,98,98,0,500,4538;
@400000005e313a4212d66e94 #d,-,18,4298,2364,1851,54,0,194244,12043,4449,2365,2109,4298,2362,1693,97,98,0,500,4401;
@400000005e313a4212df3d4f #d,-,18,4206,2363,1960,55,0,195880,12144,4298,2366,2121,4206,2362,1690,94,98,0,500,4431;
@400000005e313a4412eee4ca #d,-,18,4483,2362,2026,56,0,197319,12233,4483,2366,2026,4206,2362,1688,96,98,0,500,4649;
@400000005e313a4412f9587b #d,-,18,4421,2366,1692,58,0,199080,12342,4483,2366,2116,4421,2362,1686,97,99,0,500,4548;
@400000005e313a461306e5a8 #d,-,18,4324,2362,1865,59,0,200706,12443,4421,2366,2115,4324,2361,1692,97,99,0,500,4429;
@400000005e313a46130f8c57 #d,-,18,4214,2363,1974,60,0,201926,12519,4324,2366,2121,4214,2362,1689,94,98,0,500,4439;
@400000005e313a48131f0cb5 #d,-,18,4501,2364,2054,61,0,203245,12601,4501,2366,2054,4214,2363,1694,96,98,0,500,4664;
@400000005e313a4813298c81 #d,-,18,4433,2364,1702,62,0,204590,12684,4501,2364,2124,4433,2361,1696,97,98,0,500,4567;
@400000005e313a4a1336c311 #d,-,18,4349,2362,1872,64,0,206081,12777,4433,2364,2125,4349,2361,1702,97,99,0,500,4453;
@400000005e313a4a133fb088 #d,-,18,4222,2361,2033,65,0,207423,12860,4349,2364,2063,4222,2361,1697,95,99,0,500,4443;
@400000005e313a4c134f6f4c #d,-,18,4513,2362,2027,66,0,208865,12949,4513,2364,2033,4222,2361,1709,96,99,0,500,4678;
@400000005e313a4c135a0a1a #d,-,18,4437,2364,1702,67,0,210113,13027,4513,2364,2118,4437,2360,1701,97,99,0,500,4569;
@400000005e313a4e1367dd21 #d,-,18,4343,2363,1890,69,0,211228,13096,4437,2364,2124,4343,2360,1702,97,99,0,500,4450;
@400000005e313a4e137078a3 #d,-,18,4258,2363,1993,70,0,212471,13173,4343,2365,2138,4258,2360,1709,94,99,0,500,4484;
@400000005e313a50137eff68 #d,-,18,4537,2361,2048,71,0,213565,13241,4537,2364,2048,4258,2360,1708,96,99,0,500,4694;
@400000005e313a5013892898 #d,-,18,4447,2362,1711,72,0,214702,13311,4537,2363,2132,4447,2361,1706,97,99,0,500,4583;
@400000005e313a52139699d4 #d,-,18,4333,2361,1880,73,0,216205,13404,4447,2362,2053,4333,2359,1711,97,99,0,500,4455;
@400000005e313a52139f5059 #d,-,18,4327,2362,2032,75,0,217101,13460,4333,2363,2132,4327,2360,1720,96,99,0,500,4500;
@400000005e313a5413aed55e #d,-,18,4553,2362,2025,76,0,218093,13521,4553,2362,2032,4327,2361,1717,96,99,0,500,4699;
@400000005e313a5413b9419c #d,-,18,4453,2362,1711,77,0,219161,13588,4553,2363,2135,4453,2361,1711,97,99,0,500,4590;
@400000005e313a5613c6e523 #d,-,18,4369,2362,1908,78,0,220324,13660,4453,2362,2140,4369,2360,1711,97,99,0,500,4469;
@400000005e313a5613cf695d #d,-,18,4280,2362,2008,80,0,221372,13725,4369,2362,2149,4280,2358,1717,94,99,0,500,4514;
@400000005e313a5813dec29d #d,-,18,4551,2359,2058,81,0,222510,13795,4551,2362,2058,4280,2359,1713,96,99,0,500,4697;
@400000005e313a5813e9db25 #d,-,18,4449,2359,1715,82,0,223482,13855,4551,2362,2154,4449,2359,1714,96,99,0,500,4590;
@400000005e313a5a13f76b1e #d,-,18,4381,2359,1912,83,0,224320,13907,4449,2361,2164,4381,2357,1715,97,99,0,500,4474;
@400000005e313a5a14004506 #d,-,18,4268,2360,2000,84,0,225289,13967,4381,2361,2172,4268,2359,1717,94,99,0,500,4507;
@400000005e313a5c140fa2ee #d,-,18,4557,2361,2042,86,0,226113,14019,4557,2362,2042,4268,2358,1711,96,99,0,500,4709;
@400000005e313a5c141a0a83 #d,-,18,4455,2363,1715,87,0,227015,14074,4557,2363,2167,4455,2359,1714,96,99,0,500,4593;
@400000005e313a5e142793f7 #d,-,18,4383,2362,1907,88,0,228008,14136,4455,2363,2167,4383,2359,1715,97,99,0,500,4479;
@400000005e313a5e143036ed #d,-,18,4256,2360,2011,89,0,229124,14205,4383,2364,2150,4256,2359,1710,94,99,0,500,4495;
@400000005e313a60143f7082 #d,-,18,4557,2362,2037,91,0,229656,14238,4557,2363,2037,4256,2360,1722,96,99,0,500,4709;
@400000005e313a601449c931 #d,-,18,4473,2362,1721,92,0,230507,14291,4557,2363,2178,4473,2359,1721,97,99,0,500,4609;
@400000005e313a6214570823 #d,-,18,4393,2362,1913,93,0,231441,14349,4473,2363,2181,4393,2361,1721,97,99,0,500,4484;
@400000005e313a62146037ba #d,-,18,4280,2360,2028,94,0,232277,14401,4393,2363,2176,4280,2359,1719,94,99,0,500,4526;
@400000005e313a64146fc079 #d,-,18,4569,2360,2045,95,0,232977,14444,4569,2362,2045,4280,2360,1719,96,99,0,500,4713;
@400000005e313a64147a0952 #d,-,18,4467,2360,1722,97,0,233758,14493,4569,2362,2179,4467,2360,1720,96,99,0,500,4607;
@400000005e313a6614875e9f #d,-,18,4389,2359,1910,98,0,234624,14546,4467,2360,2181,4389,2357,1722,97,99,0,500,4481;
@400000005e313a661490485c #d,-,18,4278,2360,2008,99,0,235402,14594,4389,2361,2181,4278,2359,1721,94,99,0,500,4517;
@400000005e313a68149f966f #d,-,18,4565,2358,2059,100,0,236053,14635,4565,2361,2059,4278,2358,1720,96,99,0,500,4716;
@400000005e313a6814aa5c14 #d,-,18,4469,2363,1725,101,0,236984,14693,4565,2363,2179,4469,2358,1721,96,99,0,500,4609;
@400000005e313a6a14b80bb7 #d,-,18,4397,2360,1912,103,0,237794,14743,4469,2363,2183,4397,2359,1725,97,99,0,500,4488;
@400000005e313a6a14c0d5ca #d,-,18,4270,2362,2001,104,0,238516,14788,4397,2362,2182,4270,2360,1719,94,99,0,500,4514;
@400000005e313a6c14d09cf0 #d,-,18,4563,2359,2074,105,0,238913,14812,4563,2363,2074,4270,2359,1720,96,99,0,500,4721;
@400000005e313a6c14db5edc #d,-,18,4479,2362,1725,106,0,239583,14854,4563,2362,2188,4479,2358,1721,97,99,0,500,4616;
@400000005e313a6e14e92e29 #d,-,18,4405,2360,1908,108,0,240347,14901,4479,2362,2181,4405,2358,1725,97,99,0,500,4495;
@400000005e313a6e14f1d892 #d,-,18,4272,2358,2016,109,0,241023,14943,4405,2362,2169,4272,2358,1717,94,99,0,500,4512;
@400000005e313a70150122eb #d,-,18,4567,2359,2035,110,0,241580,14977,4567,2361,2035,4272,2358,1724,96,99,0,500,4718;
@400000005e313a70150bc52c #d,-,18,4475,2360,1726,111,0,242418,15029,4567,2360,2176,4475,2354,1726,96,99,0,500,4614;
@400000005e313a72151975bd #d,-,18,4391,2357,1913,113,0,243128,15073,4475,2360,2185,4391,2355,1726,98,99,0,500,4479;
@400000005e313a7215225e8d #d,-,18,4282,2357,2045,114,0,243560,15100,4391,2360,2161,4282,2356,1721,94,99,0,500,4524;
@400000005e313a741532024e #d,-,18,4573,2358,2024,115,0,244076,15132,4573,2360,2045,4282,2357,1724,96,99,0,500,4718;
@400000005e313a74153cc7f3 #d,-,18,4469,2359,1723,116,0,244675,15169,4573,2361,2175,4469,2356,1723,96,99,0,500,4612;
@400000005e313a76154a7c3e #d,-,18,4383,2360,1912,117,0,245342,15211,4469,2361,2176,4383,2357,1723,97,99,0,500,4476;
@400000005e313a76155359e0 #d,-,18,4284,2360,2101,119,0,246126,15259,4383,2361,2184,4284,2357,1722,94,99,0,500,4529;
@400000005e313a7815625156 #d,-,18,4585,2357,1970,120,0,246595,15288,4585,2361,2101,4284,2357,1728,97,99,0,500,4721;
@400000005e313a78156c6072 #d,-,18,4461,2361,1722,121,0,246983,15312,4585,2361,2184,4461,2357,1722,96,99,0,500,4607;
@400000005e313a7a1579d922 #d,-,18,4312,2359,1891,122,0,247603,15351,4461,2361,2145,4312,2358,1720,97,99,0,500,4431;
@400000005e313a7a1582e19b #d,-,18,4377,2357,2138,124,0,248158,15385,4377,2361,2191,4312,2356,1733,95,99,0,500,4604;
@400000005e313a7c1592011d #d,-,18,4579,2358,1923,125,0,248592,15412,4579,2360,2138,4377,2357,1723,97,99,0,500,4702;
@400000005e313a7c159c4195 #d,-,18,4455,2359,1735,126,0,249158,15447,4579,2360,2182,4455,2357,1735,96,99,0,500,4600;
@400000005e313a7e15a9bb33 #d,-,18,4324,2357,1902,127,0,249732,15483,4455,2359,2184,4324,2357,1723,97,99,0,500,4441;
@400000005e313a7e15b2c766 #d,-,18,4327,2358,2123,129,0,250253,15515,4327,2361,2173,4324,2357,1724,94,99,0,500,4593;
@400000005e313a8015c1d359 #d,-,18,4581,2359,1940,130,0,250666,15541,4581,2362,2123,4327,2358,1725,97,99,0,500,4704;
@400000005e313a8015cbfc88 #d,-,18,4461,2360,1733,131,0,251194,15574,4581,2361,2179,4461,2358,1733,96,99,0,500,4604;
@400000005e313a8215d9b0d3 #d,-,18,4345,2357,1910,132,0,251937,15620,4461,2360,2189,4345,2357,1730,97,99,0,500,4453;
@400000005e313a8215e27ea0 #d,-,18,4347,2359,2110,133,0,252254,15639,4347,2359,2198,4345,2357,1728,94,99,0,500,4602;
@400000005e313a8415f14785 #d,-,18,4593,2358,1959,135,0,252641,15663,4593,2359,2110,4347,2357,1731,97,99,0,500,4718;
@400000005e313a8415fb45dd #d,-,18,4471,2358,1736,136,0,253145,15695,4593,2360,2173,4471,2356,1736,97,99,0,500,4609;
@400000005e313a8616094fd6 #d,-,18,4341,2358,1909,137,0,253668,15727,4471,2359,2195,4341,2356,1731,97,99,0,500,4453;
@400000005e313a861612215d #d,-,18,4343,2357,2107,138,0,254140,15756,4343,2360,2192,4341,2356,1727,94,99,0,500,4602;
@400000005e313a8816211608 #d,-,18,4589,2359,1956,140,0,254503,15779,4589,2362,2107,4343,2357,1724,97,99,0,500,4716;
@400000005e313a88162a87be #d,-,18,4469,2360,1730,141,0,254978,15808,4589,2362,2192,4469,2358,1730,96,99,0,500,4612;
@400000005e313a8a163813fd #d,-,18,4318,2360,1893,142,0,255474,15839,4469,2361,2168,4318,2359,1725,97,99,0,500,4436;
@400000005e313a8a1640da57 #d,-,18,4393,2359,2132,143,0,255908,15866,4393,2362,2143,4318,2358,1738,95,99,0,500,4623;
@400000005e313a8c164fab9e #d,-,18,4595,2359,1877,145,0,256255,15887,4595,2362,2132,4393,2359,1733,97,99,0,500,4711;
@400000005e313a8c1659d113 #d,-,18,4465,2360,1751,146,0,256726,15917,4595,2363,2185,4465,2358,1751,96,99,0,500,4604;
@400000005e313a8e1667a41a #d,-,18,4314,2358,1898,147,0,257186,15945,4465,2361,2178,4314,2358,1727,97,99,0,500,4446;
@400000005e313a8e16706e2d #d,-,18,4395,2358,2134,148,0,257606,15971,4395,2362,2183,4314,2358,1729,94,99,0,500,4630;
@400000005e313a90167f1fca #d,-,18,4589,2361,1919,149,0,258100,16002,4589,2363,2134,4395,2358,1725,97,99,0,500,4706;
@400000005e313a901688ad71 #d,-,18,4467,2360,1740,151,0,258539,16029,4589,2362,2184,4467,2359,1740,96,99,0,500,4612;
@400000005e313a9216961ead #d,-,18,4333,2359,1908,152,0,258814,16046,4467,2361,2179,4333,2358,1727,97,99,0,500,4455;
@400000005e313a92169ee8c1 #d,-,18,4339,2359,2117,153,0,259218,16071,4339,2362,2183,4333,2358,1730,93,99,0,500,4619;
@400000005e313a9416ad6bcc #d,-,18,4593,2358,1945,154,0,259522,16090,4593,2361,2117,4339,2358,1726,97,99,0,500,4718;
@400000005e313a9416b75696 #d,-,18,4473,2361,1735,156,0,259934,16115,4593,2361,2192,4473,2357,1735,96,99,0,500,4619;
@400000005e313a9616c4fec5 #d,-,18,4355,2359,1914,157,0,260530,16152,4473,2362,2187,4355,2359,1728,97,99,0,500,4467;
@400000005e313a9616cdb549 #d,-,18,4355,2359,2104,158,0,260750,16166,4355,2363,2188,4355,2359,1726,94,99,0,500,4602;
@400000005e313a9816dc5711 #d,-,18,4601,2358,1985,159,0,261041,16184,4601,2361,2104,4355,2358,1728,97,99,0,499,4728;
@400000005e313a9816e6bf94 #d,-,18,4481,2361,1743,161,0,261432,16208,4601,2361,2131,4481,2358,1743,97,99,0,499,4614;
@400000005e313a9a16f41989 #d,-,18,4349,2361,1912,162,1,261841,16234,4481,2361,2182,4349,2358,1734,97,99,0,499,4474;
@400000005e313a9a16fd0aba #d,-,18,4352,2361,2150,163,1,262199,16256,4352,2362,2171,4349,2360,1726,94,99,0,499,4614;
@400000005e313a9c170bb7ae #d,-,18,4605,2359,1929,164,1,262481,16273,4605,2363,2150,4352,2359,1731,97,99,0,499,4725;
@400000005e313a9c17154555 #d,-,18,4481,2361,1745,166,1,262864,16297,4605,2363,2174,4481,2359,1745,96,99,0,499,4623;
@400000005e313a9e17230d2f #d,-,18,4324,2362,1898,167,1,263252,16321,4481,2363,2159,4324,2360,1726,97,99,0,499,4457;
@400000005e313a9e172bcee0 #d,-,18,4409,2361,2150,168,1,263584,16342,4409,2363,2150,4324,2360,1727,95,99,0,500,4640;
@400000005e313aa0173a51ec #d,-,18,4595,2362,1884,169,1,263855,16359,4595,2362,2150,4409,2359,1731,97,99,0,500,4709;
@400000005e313aa017439512 #d,-,18,4477,2362,1765,170,1,264229,16382,4595,2362,2167,4477,2358,1765,97,99,0,500,4609;
@400000005e313aa217513126 #d,-,18,4318,2359,1906,172,1,264593,16404,4477,2362,2136,4318,2358,1727,96,99,0,500,4462;
@400000005e313aa2175a1281 #d,-,18,4421,2358,2147,173,1,265074,16434,4421,2361,2167,4318,2357,1732,95,99,0,499,4647;
@400000005e313aa41768f39d #d,-,18,4591,2358,1912,174,1,265326,16450,4591,2361,2147,4421,2358,1729,97,99,0,499,4704;
@400000005e313aa4177288b8 #d,-,18,4475,2362,1751,175,1,265523,16462,4591,2362,2162,4475,2358,1751,97,99,0,499,4612;
@400000005e313aa6177ff63b #d,-,18,4337,2361,1908,177,1,265874,16484,4475,2362,2164,4337,2358,1726,97,99,0,499,4467;
@400000005e313aa61788cb7b #d,-,18,4391,2360,2117,178,1,266190,16503,4391,2362,2163,4337,2359,1726,94,99,0,499,4626;
@400000005e313aa81797bb7e #d,-,18,4599,2360,1964,179,1,266431,16518,4599,2361,2117,4391,2359,1730,97,99,0,499,4716;
@400000005e313aa817a1ed0f #d,-,18,4481,2360,1735,180,1,266757,16538,4599,2362,2170,4481,2357,1735,96,99,0,499,4623;
@400000005e313aaa17afc877 #d,-,18,4373,2360,1915,182,1,267103,16560,4481,2361,2173,4373,2358,1728,97,99,0,499,4484;
@400000005e313aaa17b8e839 #d,-,18,4370,2360,2078,183,1,267407,16579,4373,2363,2165,4370,2359,1727,95,99,0,499,4593;
@400000005e313aac17c8364c #d,-,18,4599,2360,2001,184,1,267786,16602,4599,2363,2078,4370,2360,1724,97,99,0,499,4730;
@400000005e313aac17d22d30 #d,-,18,4483,2362,1727,185,1,268082,16621,4599,2362,2154,4483,2359,1727,96,99,0,499,4623;
@400000005e313aae17dfc1d1 #d,-,18,4371,2358,1911,187,1,268269,16632,4483,2363,2136,4371,2357,1727,97,99,0,499,4484;
@400000005e313aae17e8be2f #d,-,18,4368,2359,2055,188,1,268562,16650,4371,2361,2164,4368,2356,1732,95,99,0,499,4576;
@400000005e313ab017f8b02b #d,-,18,4593,2354,2050,189,1,268783,16664,4593,2361,2055,4368,2354,1725,97,99,0,500,4730;
@400000005e313ab01803a90a #d,-,18,4483,2359,1729,190,1,269205,16690,4593,2360,2179,4483,2354,1727,96,99,0,500,4623;
@400000005e313ab218118384 #d,-,18,4409,2357,1921,192,1,269385,16701,4483,2359,2169,4409,2357,1729,97,99,0,500,4507;
@400000005e313ab2181a4624 #d,-,18,4312,2357,2061,193,1,269664,16719,4409,2360,2167,4312,2356,1729,94,99,0,500,4540;
@400000005e313ab41828bd14 #d,-,18,4591,2356,2047,194,1,269880,16732,4591,2359,2061,4312,2356,1733,96,99,0,500,4740;
@400000005e313ab41832e9fd #d,-,18,4493,2360,1727,195,1,270139,16748,4591,2360,2165,4493,2356,1727,97,99,0,500,4628;
@400000005e313ab61840a5bb #d,-,18,4373,2357,1915,196,1,270596,16776,4493,2360,2171,4373,2355,1727,97,99,0,499,4474;
@400000005e313ab6184944f7 #d,-,18,4369,2358,2047,198,1,270721,16784,4373,2359,2167,4369,2356,1734,95,99,0,499,4574;
@400000005e313ab818581284 #d,-,18,4589,2356,2047,199,1,270925,16797,4589,2359,2047,4369,2356,1729,96,99,0,499,4732;
@400000005e313ab81862a137 #d,-,18,4489,2357,1734,200,1,271174,16812,4589,2358,2165,4489,2356,1731,97,99,0,499,4626;
@400000005e313aba18703991 #d,-,18,4413,2353,1922,201,1,271620,16840,4489,2357,2166,4413,2352,1734,97,99,0,499,4512;
@400000005e313aba18793235 #d,-,18,4318,2356,2012,202,1,271879,16856,4413,2356,2167,4318,2352,1733,95,99,0,499,4543;
@400000005e313abc18892078 #d,-,18,4581,2355,2115,204,1,271937,16860,4581,2356,2115,4318,2354,1730,96,99,0,499,4737;
@400000005e313abc1893ced5 #d,-,18,4499,2358,1737,205,1,272168,16874,4581,2358,2214,4499,2354,1730,97,99,0,499,4633;
@400000005e313abe18a134e5 #d,-,18,4439,2355,1916,206,1,272463,16892,4499,2358,2205,4439,2354,1737,97,99,0,499,4531;
@400000005e313abe18aa1287 #d,-,18,4274,2354,1959,207,1,272847,16916,4439,2357,2196,4274,2352,1728,94,99,0,499,4507;
@400000005e313ac018b9f0f5 #d,-,18,4569,2353,2144,209,1,272911,16920,4569,2357,2144,4274,2353,1729,96,99,0,499,4737;
@400000005e313ac018c40b3d #d,-,18,4511,2357,1753,210,1,273117,16933,4569,2357,2188,4511,2352,1732,97,99,0,499,4638;
@400000005e313ac218d183ed #d,-,18,4451,2357,1890,211,1,273403,16951,4511,2358,2179,4451,2355,1753,97,99,0,499,4550;
@400000005e313ac218da618f #d,-,18,4276,2356,1946,212,1,273640,16965,4451,2358,2175,4276,2353,1729,95,99,0,499,4488;
@400000005e313ac418ea388a #d,-,18,4543,2354,2156,214,1,273840,16978,4543,2356,2156,4276,2353,1731,96,99,0,499,4728;
@400000005e313ac418f4de85 #d,-,18,4540,2355,1765,215,1,274029,16989,4543,2356,2182,4540,2352,1732,97,99,0,499,4647;
@400000005e313ac61902bda7 #d,-,18,4461,2354,1869,216,1,274304,17006,4540,2355,2184,4461,2352,1765,97,99,0,499,4567;
@400000005e313ac6190b87ba #d,-,18,4276,2353,1927,217,1,274538,17021,4461,2355,2185,4276,2352,1733,95,99,0,499,4474;
@400000005e313ac8191b2b7c #d,-,18,4529,2352,2162,219,1,274737,17033,4529,2356,2162,4276,2351,1733,95,99,0,499,4721;
@400000005e313ac819259f2c #d,-,18,4530,2356,1792,220,1,274910,17044,4530,2357,2170,4529,2352,1732,97,99,0,499,4657;
@400000005e313aca1933475c #d,-,18,4459,2357,1839,221,1,275173,17060,4530,2357,2165,4459,2353,1792,97,99,0,499,4576;
@400000005e313aca193bda7c #d,-,18,4286,2357,1942,222,1,275400,17074,4459,2358,2134,4286,2354,1733,95,99,0,499,4467;
@400000005e313acc194ad2e1 #d,-,18,4499,2353,2162,223,1,275721,17094,4499,2358,2162,4286,2353,1734,95,99,0,499,4702;
@400000005e313acc1955fe0a #d,-,18,4505,2354,1810,225,1,275755,17096,4505,2356,2168,4499,2353,1732,96,99,0,500,4659;
@400000005e313ace1963a27f #d,-,18,4499,2355,1833,226,1,276008,17112,4505,2356,2164,4499,2352,1810,98,99,0,500,4578;
@400000005e313ace196c7b79 #d,-,18,4294,2354,1913,227,1,276227,17126,4499,2355,2167,4294,2353,1737,96,99,0,500,4469;
@400000005e313ad0197bae8a #d,-,18,4483,2354,2163,228,1,276419,17138,4483,2356,2163,4294,2353,1732,95,99,0,500,4692;
@400000005e313ad01986e215 #d,-,18,4561,2356,1836,230,1,276570,17147,4561,2356,2163,4483,2353,1731,97,99,0,500,4673;
@400000005e313ad219949ce5 #d,-,18,4461,2356,1818,231,1,276810,17162,4561,2356,2163,4461,2353,1818,97,99,0,500,4578;
@400000005e313ad2199d5369 #d,-,18,4282,2355,1913,232,1,277024,17175,4461,2357,2162,4282,2353,1734,95,99,0,500,4465;
@400000005e313ad419ad1e48 #d,-,18,4479,2356,2159,233,1,277209,17186,4479,2358,2159,4282,2354,1732,95,99,0,500,4687;
@400000005e313ad419b7733d #d,-,18,4567,2358,1848,235,1,277354,17195,4567,2359,2159,4479,2356,1731,97,99,0,499,4676;
@400000005e313ad619c4c5be #d,-,18,4449,2359,1820,236,1,277712,17218,4567,2359,2139,4449,2356,1820,97,99,0,499,4567;
@400000005e313ad619cdb247 #d,-,18,4290,2359,1955,237,1,277794,17223,4449,2360,2132,4290,2355,1737,95,99,0,499,4474;
@400000005e313ad819dd955d #d,-,18,4493,2358,2165,238,1,277962,17233,4493,2359,2165,4290,2357,1735,95,99,0,499,4694;
@400000005e313ad819e86ad7 #d,-,18,4549,2359,1794,240,1,278105,17242,4549,2361,2168,4493,2357,1727,97,99,0,499,4666;
@400000005e313ada19f6516d #d,-,18,4457,2358,1842,241,1,278337,17256,4549,2361,2168,4457,2357,1794,97,99,0,499,4567;
@400000005e313ada19ff3a3c #d,-,18,4294,2358,1915,242,1,278657,17276,4457,2359,2162,4294,2357,1733,95,99,0,499,4479;
@400000005e313adc1a0ec6b5 #d,-,18,4493,2356,2161,243,1,278704,17279,4493,2361,2161,4294,2356,1729,95,99,0,499,4699;
@400000005e313adc1a195a0f #d,-,18,4557,2360,1832,244,1,278839,17288,4557,2361,2161,4493,2356,1729,97,99,0,500,4666;
@400000005e313ade1a279dc7 #d,-,18,4463,2362,1806,246,1,279055,17301,4557,2362,2157,4463,2357,1806,97,99,0,500,4590;
@400000005e313ade1a307f22 #d,-,18,4296,2362,1901,247,1,279248,17313,4463,2362,2156,4296,2359,1728,96,99,0,500,4460;
@400000005e313ae01a3f603e #d,-,18,4453,2360,2149,248,1,279539,17331,4453,2363,2156,4296,2359,1728,95,99,0,500,4671;
@400000005e313ae01a49e3c4 #d,-,18,4575,2360,1877,249,1,279543,17331,4575,2362,2149,4453,2359,1725,97,99,0,500,4683;
@400000005e313ae21a5808c0 #d,-,18,4467,2361,1769,251,1,279745,17344,4575,2363,2154,4467,2358,1769,97,99,0,500,4600;
@400000005e313ae21a61482c #d,-,18,4316,2362,1901,252,1,279938,17356,4467,2363,2162,4316,2359,1724,96,99,0,500,4457;
@400000005e313ae41a716c73 #d,-,18,4413,2362,2128,253,1,280108,17366,4413,2363,2162,4316,2360,1727,95,99,0,500,4640;
@400000005e313ae41a7bb54c #d,-,18,4591,2362,1927,254,1,280227,17374,4591,2364,2128,4413,2362,1727,97,99,0,500,4704;
@400000005e313ae61a89f638 #d,-,18,4473,2364,1742,256,1,280414,17385,4591,2364,2156,4473,2361,1742,96,99,0,500,4612;
@400000005e313ae61a932d42 #d,-,18,4341,2363,1907,257,1,280726,17405,4473,2365,2154,4341,2360,1726,97,99,0,500,4469;
@400000005e313ae81aa2b9bb #d,-,18,4345,2360,2097,258,1,280892,17415,4345,2365,2157,4341,2360,1725,94,99,0,500,4612;
@400000005e313ae81aade89e #d,-,18,4595,2362,1971,259,1,280889,17415,4595,2364,2097,4345,2360,1727,97,99,0,500,4718;
@400000005e313aea1abc1d6f #d,-,18,4473,2364,1731,261,1,281061,17425,4595,2364,2156,4473,2359,1731,96,99,0,500,4612;
@400000005e313aea1ac55921 #d,-,18,4371,2362,1916,262,1,281255,17437,4473,2364,2156,4371,2360,1726,97,99,0,500,4486;
@400000005e313aec1ad39565 #d,-,18,4368,2360,2056,263,1,281418,17447,4371,2364,2159,4368,2359,1727,95,99,0,500,4581;
@400000005e313aec1add0bc4 #d,-,18,4589,2365,1146,264,1,281393,17446,4589,2366,2056,4368,2360,1146,97,99,0,500,4728;
@400000005e313aee1aec41a0 #d,-,18,2968,2363,1179,265,1,281098,17428,4589,2366,1241,2968,2363,1014,88,99,0,500,3353;
@400000005e313aee1af5a829 #d,-,18,2531,2364,1163,266,1,280581,17396,2968,2366,1179,2531,2363,1162,90,99,0,500,2808;
@400000005e313af01b047970 #d,-,18,2531,2364,1159,266,1,280177,17371,2531,2366,1168,2531,2363,1150,90,99,0,500,2803;
@400000005e313af01b0e1244 #d,-,18,2529,2364,1148,267,1,279772,17345,2531,2365,1159,2529,2363,1148,91,99,0,500,2779;
@400000005e313af21b1d21f1 #d,-,18,2525,2363,1147,268,1,279366,17320,2529,2366,1152,2525,2363,1146,91,99,0,500,2770;
@400000005e313af21b2658fc #d,-,18,2520,2363,1149,268,1,279074,17302,2525,2365,1152,2520,2363,1145,91,99,0,500,2763;
@400000005e313af41b348dcc #d,-,18,2517,2363,1148,269,1,278564,17271,2520,2365,1151,2517,2362,1146,91,99,0,500,2763;
@400000005e313af41b3e3de9 #d,-,18,2514,2364,1145,270,1,278167,17246,2517,2365,1150,2514,2363,1143,90,99,0,500,2763;
@400000005e313af61b4d55f8 #d,-,18,2509,2364,1140,270,1,277767,17221,2514,2365,1145,2509,2363,1139,91,99,0,500,2751;
@400000005e313af61b56cf22 #d,-,18,2504,2363,1137,271,1,277368,17196,2509,2364,1140,2504,2362,1134,91,99,0,500,2737;
@400000005e313af81b65cb40 #d,-,18,2498,2364,1138,272,1,276972,17172,2504,2364,1140,2498,2362,1135,91,99,0,500,2734;
@400000005e313af81b6f25ae #d,-,18,2493,2363,1134,272,1,276578,17147,2498,2365,1139,2493,2362,1130,91,99,0,500,2734;
@400000005e313afa1b7d952b #d,-,18,2487,2364,1135,273,1,276185,17123,2493,2365,1135,2487,2363,1129,91,99,0,500,2725;
@400000005e313afa1b863f94 #d,-,18,2483,2364,1132,274,1,275796,17099,2487,2366,1137,2483,2363,1132,91,99,0,500,2727;
@400000005e313afc1b947cc6 #d,-,18,2479,2364,1130,274,1,275409,17075,2483,2366,1135,2479,2364,1128,90,99,0,500,2730;
@400000005e313afc1b9db3d0 #d,-,18,2474,2364,1126,275,1,275127,17057,2479,2367,1130,2474,2364,1124,91,99,0,500,2718;
@400000005e313afe1bac4a6b #d,-,18,2469,2367,1129,276,1,274637,17027,2474,2367,1130,2469,2364,1124,90,99,0,500,2715;
@400000005e313afe1bb601fb #d,-,18,2465,2367,1126,276,1,274256,17003,2469,2367,1131,2465,2365,1124,90,99,0,500,2713;
@400000005e313b001bc4a86b #d,-,18,2461,2366,1122,277,1,273876,16980,2465,2367,1131,2461,2364,1122,90,99,0,500,2715;
@400000005e313b001bcd27fc #d,-,18,2457,2366,1125,278,1,273499,16956,2461,2366,1127,2457,2364,1121,90,99,0,500,2708;
@400000005e313b021bdb705c #d,-,18,2453,2366,1123,278,1,273124,16933,2457,2367,1128,2453,2364,1123,90,99,0,500,2706;
@400000005e313b021be50cea #d,-,18,2451,2367,1127,279,1,272753,16910,2453,2367,1129,2451,2364,1122,90,99,0,500,2708;
@400000005e313b041bf3d303 #d,-,18,2448,2366,1121,280,1,272385,16887,2451,2367,1129,2448,2364,1120,90,99,0,500,2711;
@400000005e313b041bfd4fe7 #d,-,18,2446,2364,1123,281,1,272018,16865,2448,2366,1127,2446,2364,1121,90,99,0,500,2706;
@400000005e313b061c0caa15 #d,-,18,2444,2364,1123,281,1,271654,16842,2446,2366,1127,2444,2364,1120,90,99,0,499,2708;
@400000005e313b061c16109f #d,-,18,2441,2365,1117,282,1,271289,16819,2444,2367,1124,2441,2364,1115,90,99,0,500,2699;
@400000005e313b081c252f33 #d,-,18,2437,2365,1123,283,1,270928,16797,2441,2367,1123,2437,2364,1115,90,99,0,499,2694;
@400000005e313b081c2ea94b #d,-,18,2435,2365,1117,283,1,270568,16775,2437,2367,1123,2435,2364,1116,90,99,0,499,2697;
@400000005e313b0a1c3df3a4 #d,-,18,2432,2364,1123,284,1,270214,16753,2435,2367,1125,2432,2364,1117,90,99,0,500,2699;
@400000005e313b0a1c47496a #d,-,18,2431,2364,1118,285,1,269958,16737,2432,2366,1125,2431,2363,1116,90,99,0,500,2699;
@400000005e313b0c1c55efda #d,-,18,2428,2364,1119,285,1,269506,16709,2431,2366,1121,2428,2363,1114,90,99,0,500,2692;
@400000005e313b0c1c5fac12 #d,-,18,2425,2364,1121,286,1,269155,16687,2428,2367,1122,2425,2363,1114,90,99,0,500,2689;
@400000005e313b0e1c6e90e8 #d,-,18,2423,2364,1118,287,1,268807,16666,2425,2366,1123,2423,2363,1116,90,99,0,500,2692;
@400000005e313b0e1c77df3b #d,-,18,2422,2362,1120,287,1,268463,16644,2423,2365,1123,2422,2362,1117,89,99,0,500,2694;
@400000005e313b101c86c7ca #d,-,18,2420,2361,1117,288,1,268120,16623,2422,2363,1122,2420,2361,1116,89,99,0,500,2692;
@400000005e313b101c9025f2 #d,-,18,2419,2363,1119,289,1,267778,16602,2420,2363,1121,2419,2360,1116,89,99,0,499,2689;
@400000005e313b121c9f50a1 #d,-,18,2417,2361,1119,289,1,267440,16581,2419,2363,1121,2417,2361,1115,89,99,0,499,2692;
@400000005e313b121ca8c700 #d,-,18,2416,2363,1115,290,1,267103,16560,2417,2364,1121,2416,2361,1114,89,99,0,499,2687;
@400000005e313b141cb81159 #d,-,18,2414,2363,1119,291,1,266769,16539,2416,2365,1122,2414,2362,1113,89,99,0,499,2687;
@400000005e313b141cc1733a #d,-,18,2413,2364,1112,291,1,266437,16519,2414,2365,1119,2413,2363,1112,89,99,0,500,2687;
@400000005e313b161cd01d64 #d,-,18,2412,2365,1117,292,1,266201,16504,2413,2365,1118,2412,2364,1110,89,99,0,500,2685;
@400000005e313b161cd9e4c9 #d,-,18,2411,2363,1114,293,1,265873,16484,2412,2365,1119,2411,2363,1110,89,99,0,500,2682;
@400000005e313b181ce917da #d,-,18,2410,2360,1113,293,1,265547,16463,2411,2364,1122,2410,2360,1110,89,99,0,500,2685;
@400000005e313b181cf279bb #d,-,18,2409,2359,1115,294,1,265130,16438,2410,2360,1119,2409,2359,1110,90,99,0,500,2675;
@400000005e313b1a1d015275 #d,-,18,2407,2361,1109,295,1,264806,16417,2409,2361,1116,2407,2359,1107,89,99,0,500,2675;
@400000005e313b1a1d0ab545 #d,-,18,2405,2362,1114,295,1,264484,16398,2407,2362,1117,2405,2360,1107,90,99,0,500,2668;
@400000005e313b1c1d19d881 #d,-,18,2403,2362,1111,296,1,264166,16378,2405,2362,1116,2403,2361,1109,89,99,0,500,2673;
@400000005e313b1c1d2368f3 #d,-,18,2402,2360,1117,297,1,263849,16358,2403,2362,1118,2402,2359,1109,89,99,0,500,2673;
@400000005e313b1e1d3259e4 #d,-,18,2402,2360,1114,297,1,263536,16339,2402,2362,1118,2402,2359,1110,89,99,0,500,2675;
@400000005e313b1e1d3bb099 #d,-,18,2401,2361,1112,298,1,263223,16319,2402,2361,1117,2401,2360,1108,89,99,0,500,2675;
@400000005e313b201d4a69a9 #d,-,18,2400,2361,1114,299,1,263003,16306,2401,2362,1117,2400,2359,1109,89,99,0,500,2675;
@400000005e313b201d54299b #d,-,18,2399,2359,1113,299,1,262694,16287,2400,2362,1120,2399,2359,1109,89,99,0,500,2673;
@400000005e313b221d62f728 #d,-,18,2399,2360,1115,300,1,262389,16268,2399,2361,1118,2399,2358,1112,89,99,0,500,2678;
@400000005e313b221d6c4934 #d,-,18,2398,2359,1113,300,1,261997,16243,2399,2361,1117,2398,2358,1109,89,99,0,500,2675;
@400000005e313b241d7b4199 #d,-,18,2398,2359,1114,301,1,261695,16225,2398,2361,1117,2398,2359,1110,89,99,0,500,2675;
@400000005e313b241d84984d #d,-,18,2398,2361,1115,302,1,261396,16206,2398,2361,1117,2398,2359,1111,89,99,0,500,2675;
@400000005e313b261d93b7cf #d,-,18,2397,2357,1112,302,1,261098,16188,2398,2361,1117,2397,2357,1110,89,99,0,500,2675;
@400000005e313b261d9d34b3 #d,-,18,2398,2359,1116,303,1,260803,16169,2398,2361,1117,2397,2357,1111,89,99,0,500,2675;
@400000005e313b281dac7799 #d,-,18,2397,2360,1115,304,1,260596,16156,2398,2360,1118,2397,2358,1108,89,99,0,500,2673;
@400000005e313b281db5c9a5 #d,-,18,2397,2359,1114,304,1,260304,16138,2397,2360,1118,2397,2356,1110,89,99,0,500,2678;
@400000005e313b2a1dc47c30 #d,-,18,2397,2357,1115,305,1,259929,16115,2397,2359,1118,2397,2356,1109,89,99,0,500,2673;
@400000005e313b2a1dce2c4d #d,-,18,2397,2356,1112,306,1,259641,16097,2397,2358,1119,2397,2355,1109,89,99,0,500,2670;
@400000005e313b2c1ddcea05 #d,-,18,2397,2358,1119,306,1,259356,16080,2397,2358,1119,2397,2356,1111,89,99,0,500,2675;
@400000005e313b2c1de6349e #d,-,18,2398,2358,1112,307,1,259073,16062,2398,2358,1119,2397,2356,1110,89,99,0,500,2675;
@400000005e313b2e1df5c117 #d,-,18,2398,2357,1117,308,1,258792,16045,2398,2359,1118,2398,2357,1110,89,99,0,500,2673;
@400000005e313b2e1dff3ee9 #d,-,18,2553,2354,1973,309,1,258728,16041,2553,2358,1973,2398,2354,1112,93,99,0,500,2744;
@400000005e313b301e0d6f12 #d,-,18,4302,2354,1721,310,1,258986,16057,4302,2354,2246,2553,2350,1630,98,99,0,500,4370;
@400000005e313b301e16f8ff #d,-,18,4306,2353,1683,311,1,259117,16065,4306,2354,2114,4302,2351,1683,96,99,0,500,4465;
@400000005e313b321e256c36 #d,-,18,4224,2352,1917,312,1,259289,16075,4306,2353,2084,4224,2351,1619,95,99,0,500,4408;
@400000005e313b321e2e80cb #d,-,18,4322,2351,2088,313,1,259444,16085,4322,2352,2099,4224,2350,1646,95,99,0,500,4543;
@400000005e313b341e3c8e7e #d,-,18,4463,2349,1821,315,1,259569,16093,4463,2351,2088,4322,2349,1662,97,99,0,500,4559;
@400000005e313b341e45fc7b #d,-,18,4284,2348,1682,316,1,259748,16104,4463,2350,2098,4284,2348,1682,96,99,0,500,4431;
@400000005e313b361e543c78 #d,-,18,4164,2347,1934,317,1,260008,16120,4284,2349,2100,4164,2345,1663,96,99,0,500,4313;
@400000005e313b361e5dae2f #d,-,18,4318,2343,2095,318,1,260162,16130,4318,2349,2112,4164,2342,1671,95,99,0,500,4536;
@400000005e313b381e6ba499 #d,-,18,4479,2343,1829,319,1,260203,16132,4479,2346,2095,4318,2343,1686,97,99,0,500,4590;
@400000005e313b381e74ff07 #d,-,18,4320,2353,1709,321,1,260387,16144,4479,2353,2123,4320,2342,1709,97,99,0,500,4453;
@400000005e313b3a1e837aa0 #d,-,18,4196,2353,1912,322,1,260565,16155,4320,2353,2101,4196,2351,1692,96,99,0,500,4353;
@400000005e313b3a1e8cb564 #d,-,18,4339,2352,2101,323,2,260711,16164,4339,2355,2101,4196,2351,1683,95,99,0,500,4555;
@400000005e313b3c1e9a4a04 #d,-,18,4483,2355,1813,324,2,260842,16172,4483,2355,2101,4339,2351,1686,97,99,0,500,4588;
@400000005e313b3c1ea323ed #d,-,18,4318,2352,1749,325,2,261027,16183,4483,2355,2059,4318,2352,1749,97,99,0,500,4443;
@400000005e313b3e1eb1293e #d,-,18,4226,2352,1911,327,2,261199,16194,4318,2353,2108,4226,2350,1686,96,99,0,500,4389;
@400000005e313b3e1eba6c64 #d,-,18,4361,2350,2057,328,2,261427,16208,4361,2353,2057,4226,2349,1699,95,99,0,500,4576;
@400000005e313b401ec8915f #d,-,18,4517,2352,1823,329,2,261482,16211,4517,2354,2057,4361,2349,1707,97,99,0,500,4621;
@400000005e313b401ed2364f #d,-,18,4359,2352,1734,330,2,261667,16223,4517,2352,2121,4359,2350,1734,97,99,0,500,4491;
@400000005e313b421ee02cb9 #d,-,18,4240,2353,1937,332,2,261843,16234,4359,2353,2105,4240,2352,1697,96,99,0,500,4393;
@400000005e313b421ee938ec #d,-,18,4363,2353,2080,333,2,261997,16243,4363,2353,2114,4240,2351,1696,95,99,0,500,4583;
@400000005e313b441ef86fb7 #d,-,18,4517,2354,1913,334,2,262125,16251,4517,2356,2080,4363,2353,1702,97,99,0,500,4630;
@400000005e313b441f0214a6 #d,-,18,4389,2357,1710,335,2,262298,16262,4517,2357,2116,4389,2353,1710,97,99,0,500,4524;
@400000005e313b461f0f899d #d,-,18,4298,2354,1919,336,2,262560,16278,4389,2357,2114,4298,2353,1705,97,99,0,500,4427;
@400000005e313b461f18576a #d,-,18,4299,2356,2020,338,2,262636,16283,4299,2358,2113,4298,2354,1704,94,99,0,500,4536;
@400000005e313b481f284966 #d,-,18,4527,2354,1970,339,2,262761,16291,4527,2356,2020,4299,2354,1701,97,99,0,500,4666;
@400000005e313b481f32f7c3 #d,-,18,4407,2358,1703,340,2,262920,16301,4527,2358,2126,4407,2353,1703,97,99,0,500,4531;
@400000005e313b4a1f40468a #d,-,18,4331,2354,1895,341,2,263104,16312,4407,2358,2117,4331,2352,1703,97,99,0,500,4448;
@400000005e313b4a1f491bcb #d,-,18,4258,2354,1982,342,2,263257,16321,4331,2358,2116,4258,2353,1703,95,99,0,500,4481;
@400000005e313b4c1f58d7c3 #d,-,18,4509,2355,2076,344,2,263390,16330,4509,2357,2076,4258,2353,1711,96,99,0,500,4668;
@400000005e313b4c1f62f97f #d,-,18,4502,2357,1730,345,2,263534,16339,4509,2357,2125,4502,2355,1710,98,99,0,500,4574;
@400000005e313b4e1f703b3c #d,-,18,4373,2356,1857,346,2,263719,16350,4502,2357,2125,4373,2356,1730,97,99,0,500,4491;
@400000005e313b4e1f79485e #d,-,18,4244,2359,1950,347,2,263952,16365,4373,2359,2133,4244,2356,1709,95,99,0,500,4450;
@400000005e313b501f890adb #d,-,18,4483,2355,2130,349,2,264091,16373,4483,2359,2130,4244,2355,1709,95,99,0,500,4671;
@400000005e313b501f9353b4 #d,-,18,4484,2359,1769,350,2,264219,16381,4484,2360,2135,4483,2355,1711,97,99,0,500,4604;
@400000005e313b521fa14dd8 #d,-,18,4389,2358,1799,351,2,264321,16387,4484,2359,2134,4389,2357,1769,97,99,0,500,4519;
@400000005e313b521faa1ba5 #d,-,18,4248,2359,1927,352,2,264481,16397,4389,2359,2144,4248,2356,1708,96,99,0,500,4424;
@400000005e313b541fb9bbad #d,-,18,4455,2357,2114,353,2,264626,16406,4455,2360,2124,4248,2356,1729,95,99,0,500,4659;
@400000005e313b541fc3dd69 #d,-,18,4535,2358,1856,355,2,264748,16414,4535,2360,2114,4455,2356,1720,97,99,0,500,4647;
@400000005e313b561fd1feab #d,-,18,4397,2359,1753,356,2,264919,16425,4535,2359,2101,4397,2356,1753,97,99,0,500,4531;
@400000005e313b561fdae006 #d,-,18,4302,2361,1932,357,2,265084,16435,4397,2361,2105,4302,2359,1722,96,99,0,500,4453;
@400000005e313b581fe9fbcf #d,-,18,4387,2358,2039,358,2,265296,16448,4387,2362,2053,4302,2358,1721,95,99,0,500,4609;
@400000005e313b581ff4b19f #d,-,18,4557,2361,1871,360,2,265343,16451,4557,2362,2039,4387,2358,1724,97,99,0,500,4673;
@400000005e313b5a200290c1 #d,-,18,4383,2359,1775,361,2,265587,16466,4557,2361,2045,4383,2358,1775,97,99,0,500,4510;
@400000005e313b5a200b5ad4 #d,-,18,4296,2361,1935,362,2,265746,16476,4383,2361,2118,4296,2358,1728,96,99,0,500,4457;
@400000005e313b5c201afe96 #d,-,18,4423,2359,2108,363,2,265811,16480,4423,2362,2123,4296,2359,1721,95,99,0,500,4640;
@400000005e313b5c2025cbaf #d,-,18,4551,2361,1877,364,2,265927,16487,4551,2361,2108,4423,2358,1722,97,99,0,500,4661;
@400000005e313b5e20331e2f #d,-,18,4421,2360,1739,366,2,266089,16497,4551,2362,2125,4421,2360,1739,96,99,0,500,4559;
@400000005e313b5e203bd86e #d,-,18,4312,2361,1918,367,2,266249,16507,4421,2362,2119,4312,2359,1714,96,99,0,500,4450;
@400000005e313b60204b22c7 #d,-,18,4317,2360,2059,368,2,266389,16516,4317,2362,2121,4312,2359,1715,94,99,0,500,4588;
@400000005e313b602055e86c #d,-,18,4557,2361,1954,369,2,266501,16523,4557,2362,2059,4317,2360,1716,97,99,0,500,4678;
@400000005e313b6220639cb7 #d,-,18,4429,2361,1717,371,2,266649,16532,4557,2361,2121,4429,2359,1717,97,99,0,500,4564;
@400000005e313b62206c8cf9 #d,-,18,4341,2362,1913,372,2,266886,16546,4429,2362,2119,4341,2359,1716,97,99,0,500,4462;
@400000005e313b64207c8ecb #d,-,18,4337,2359,2017,373,2,267024,16555,4341,2363,2122,4337,2359,1717,95,99,0,500,4540;
@400000005e313b6420870e97 #d,-,18,4555,2362,2019,374,2,267066,16558,4555,2363,2019,4337,2359,1725,97,99,0,500,4694;
@400000005e313b662094e558 #d,-,18,4473,2363,1730,376,2,267207,16566,4555,2363,2072,4473,2360,1730,97,99,0,500,4588;
@400000005e313b66209d7878 #d,-,18,4363,2360,1909,377,2,267371,16577,4473,2363,2127,4363,2358,1730,97,99,0,500,4491;
@400000005e313b6820ad0137 #d,-,18,4357,2359,2012,378,2,267512,16585,4363,2362,2125,4357,2359,1725,95,99,0,500,4540;
@400000005e313b6820b7b34e #d,-,18,4557,2360,2064,379,2,267629,16593,4557,2363,2064,4357,2359,1724,96,99,0,500,4711;
@400000005e313b6a20c5776e #d,-,18,4483,2363,1731,380,2,267831,16605,4557,2363,2133,4483,2358,1723,97,99,0,500,4607;
@400000005e313b6a20ce3cd9 #d,-,18,4401,2362,1885,382,2,267995,16615,4483,2363,2132,4401,2358,1731,97,99,0,500,4517;
@400000005e313b6c20dcac56 #d,-,18,4286,2360,1967,383,2,268061,16619,4401,2363,2136,4286,2359,1722,95,99,0,500,4495;
@400000005e313b6c20e6a6f4 #d,-,18,4527,2359,2129,384,2,268182,16627,4527,2364,2129,4286,2359,1721,96,99,0,500,4704;
@400000005e313b6e20f447b0 #d,-,18,4525,2362,1769,385,2,268299,16634,4527,2363,2145,4525,2359,1722,97,99,0,500,4628;
@400000005e313b6e20fd0962 #d,-,18,4423,2360,1839,387,2,268460,16644,4525,2362,2141,4423,2359,1769,97,99,0,500,4543;
@400000005e313b70210af49f #d,-,18,4286,2360,1987,388,2,268601,16653,4423,2361,2094,4286,2359,1719,95,99,0,500,4467;
@400000005e313b7021144a65 #d,-,18,4497,2358,2132,389,2,268795,16665,4497,2361,2132,4286,2357,1731,95,99,0,500,4692;
@400000005e313b72212277c3 #d,-,18,4500,2358,1773,390,2,268905,16672,4500,2362,2135,4497,2358,1736,96,99,0,500,4642;
@400000005e313b72212b6cad #d,-,18,4429,2361,1833,392,2,268991,16677,4500,2361,2145,4429,2357,1773,97,99,0,500,4538;
@400000005e313b74213a0701 #d,-,18,4258,2358,1978,393,2,269128,16685,4429,2362,2138,4258,2358,1723,95,99,0,500,4455;
@400000005e313b742143caad #d,-,18,4513,2357,2112,394,2,269243,16693,4513,2361,2112,4258,2357,1723,95,99,0,500,4702;
@400000005e313b76215124a1 #d,-,18,4515,2360,1784,395,2,269353,16699,4515,2361,2125,4513,2356,1724,97,99,0,500,4640;
@400000005e313b762159eafb #d,-,18,4427,2361,1812,396,2,269506,16709,4515,2361,2143,4427,2359,1784,97,99,0,500,4548;
@400000005e313b782167d190 #d,-,18,4282,2362,1928,398,2,269643,16717,4427,2362,2140,4282,2360,1718,96,99,0,500,4455;
@400000005e313b7821712844 #d,-,18,4453,2360,2128,399,2,269833,16729,4453,2362,2133,4282,2359,1718,95,99,0,500,4666;
@400000005e313b7a217f8079 #d,-,18,4559,2362,1851,400,2,269863,16731,4559,2363,2128,4453,2360,1720,97,99,0,500,4668;
@400000005e313b7a2188bb3d #d,-,18,4439,2361,1762,401,2,270008,16740,4559,2362,2149,4439,2359,1762,97,99,0,500,4571;
@400000005e313b7c21968a8a #d,-,18,4314,2363,1912,402,2,270149,16749,4439,2363,2159,4314,2361,1719,96,99,0,500,4455;
@400000005e313b7c219fcdaf #d,-,18,4397,2362,2097,404,2,270274,16756,4397,2365,2157,4314,2361,1720,95,99,0,500,4623;
@400000005e313b7e21aef0eb #d,-,18,4575,2362,1935,405,2,270367,16762,4575,2363,2097,4397,2361,1716,97,99,0,500,4694;
@400000005e313b7e21b90a45 #d,-,18,4449,2363,1722,406,2,270498,16770,4575,2363,2160,4449,2361,1722,96,99,0,500,4588;
@400000005e313b8021c6b274 #d,-,18,4351,2362,1910,407,2,270642,16779,4449,2363,2161,4351,2360,1719,97,99,0,500,4462;
@400000005e313b8021cf715b #d,-,18,4347,2362,2029,409,2,270765,16787,4351,2363,2161,4347,2361,1721,95,99,0,500,4559;
@400000005e313b8221de887b #d,-,18,4563,2361,2039,410,2,270860,16793,4563,2365,2039,4347,2361,1717,96,99,0,500,4709;
@400000005e313b8221e92703 #d,-,18,4473,2362,1725,411,2,270977,16800,4563,2363,2165,4473,2361,1720,97,99,0,500,4604;
@400000005e313b8421f6bba3 #d,-,18,4393,2361,1896,412,2,271123,16809,4473,2363,2169,4393,2360,1725,97,99,0,500,4495;
@400000005e313b8421ff799b #d,-,18,4276,2362,1974,414,2,271245,16817,4393,2363,2169,4276,2361,1718,94,99,0,500,4505;
@400000005e313b86220e75b9 #d,-,18,4535,2361,2130,415,2,271346,16823,4535,2363,2130,4276,2361,1719,96,99,0,500,4706;
@400000005e313b862219996f #d,-,18,4531,2362,1755,416,2,271448,16829,4535,2363,2164,4531,2360,1717,98,99,0,500,4621;
@400000005e313b8822273de5 #d,-,18,4425,2364,1836,417,2,271592,16838,4531,2364,2165,4425,2362,1755,97,99,0,500,4533;
@400000005e313b88222fff96 #d,-,18,4260,2362,1928,418,2,271715,16846,4425,2365,2161,4260,2361,1718,95,99,0,500,4460;
@400000005e313b8a223fbaa0 #d,-,18,4491,2362,2156,420,2,271821,16852,4491,2364,2156,4260,2362,1718,95,99,0,500,4687;
@400000005e313b8a224a2324 #d,-,18,4497,2362,1805,421,2,271915,16858,4497,2364,2157,4491,2362,1719,96,99,0,500,4649;
Lost connection at /opt/powertools/bin/wattsup1 line 220.
	main::failure('Lost connection') called at /opt/powertools/bin/wattsup1 line 271
	main::recv_msg() called at /opt/powertools/bin/wattsup1 line 504
