@400000005e74764b3a795463 #v,-,8,1,65178,5,2,4,57,200810261703,0;
@400000005e74764c28ced2d6 #h,-,18,W,V,A,WH,Cost,WH/Mo,Cost/Mo,Wmax,Vmax,Amax,Wmin,Vmin,Amin,PF,DC,PC,Hz,VA;
@400000005e74764c2edcd310 #f,-,48,81,436,1,4803,0,0,65535,0,150,1177,177,10481,276,203,3340,13,121719,86,50084,105837,25,2629,11458,0,64,1,4686,0,0,65535,0,150,1030,182,11055,266,212,3240,13,121394,92,49362,104176,24,2613,13005,0,71;
@400000005e74764e2eefa796 #d,-,18,2771,2367,1174,1,0,191945,11900,2777,2367,1175,2771,2365,1173,99,100,0,501,2781;
@400000005e7476502efdd8ad #d,-,18,2768,2365,1199,1,0,194774,12076,2771,2367,1202,2768,2365,1173,99,100,0,501,2781;
@400000005e7476502f08a20c #d,-,18,2769,2364,1174,2,0,195399,12114,2769,2367,1199,2768,2364,1168,98,100,0,501,2808;
@400000005e7476522f17d8d7 #d,-,18,2767,2365,1175,3,0,195771,12137,2769,2366,1175,2767,2364,1173,99,100,0,501,2781;
@400000005e7476522f1d33bf #d,-,18,2764,2366,1173,4,0,195987,12151,2767,2366,1175,2764,2362,1173,99,100,0,501,2780;
@400000005e7476542f2bf8eb #d,-,18,2763,2365,1166,4,0,196220,12165,2764,2367,1183,2763,2364,1166,99,100,0,501,2787;
@400000005e7476542f36c338 #d,-,18,2758,2366,1195,5,0,196204,12164,2763,2367,1195,2758,2364,1153,99,100,0,501,2762;
@400000005e7476562f46acd3 #d,-,18,2758,2366,1166,6,0,196140,12160,2758,2367,1195,2758,2364,1158,99,100,0,501,2785;
@400000005e7476562f50f1f3 #d,-,18,2754,2364,1165,7,0,198153,12285,2758,2366,1166,2754,2363,1164,99,100,0,501,2757;
@400000005e7476582f5b98dc #d,-,18,2750,2363,1166,7,0,196008,12152,2754,2366,1166,2750,2362,1165,99,100,0,501,2760;
@400000005e7476582f6583a5 #d,-,18,2747,2366,1166,8,0,195968,12150,2750,2366,1167,2747,2362,1163,99,100,0,501,2760;
@400000005e74765a2f74d92b #d,-,18,2745,2363,1188,9,0,197568,12249,2747,2366,1188,2745,2363,1164,99,100,0,501,2758;
@400000005e74765a2f7f394d #d,-,18,2746,2365,1164,10,0,196019,12153,2746,2366,1194,2745,2363,1158,98,100,0,501,2787;
@400000005e74765c2f8c8bce #d,-,18,2743,2366,1166,10,0,195980,12150,2746,2366,1166,2743,2364,1164,99,100,0,501,2757;
@400000005e74765c2f96c4d2 #d,-,18,2741,2362,1164,11,0,197211,12227,2743,2366,1166,2741,2362,1163,99,100,0,501,2758;
@400000005e74765e2fa2a862 #d,-,18,2739,2364,1165,12,0,195902,12145,2741,2364,1167,2739,2361,1164,99,100,0,501,2757;
@400000005e74765e2faa495e #d,-,18,2743,2363,1247,13,0,196488,12182,2743,2365,1261,2739,2362,1164,98,100,0,501,2787;
@400000005e7476602fb7e1b8 #d,-,18,2920,2365,1208,13,0,196971,12212,2920,2365,1253,2743,2362,1206,98,100,0,501,2956;
@400000005e7476602fc03de6 #d,-,18,2827,2363,1197,14,0,197237,12228,2920,2365,1209,2827,2362,1195,98,100,0,501,2862;
@400000005e7476622fce7b18 #d,-,18,2749,2366,1210,15,0,197313,12233,2827,2366,1226,2749,2363,1113,98,100,0,501,2790;
@400000005e7476622fd7d1cd #d,-,18,2830,2365,1083,16,0,197075,12218,2830,2367,1210,2749,2364,1075,99,100,0,501,2854;
@400000005e7476642fe68e97 #d,-,18,2564,2365,1107,16,0,196526,12184,2830,2365,1107,2564,2362,1083,97,100,0,501,2621;
@400000005e7476642ff04acf #d,-,18,2569,2364,1242,17,0,196379,12175,2569,2366,1242,2564,2364,1107,97,100,0,501,2637;
@400000005e7476662fff7de0 #d,-,18,2806,2365,1213,18,0,196553,12186,2806,2366,1246,2569,2363,1131,99,100,0,501,2824;
@400000005e7476663009e1bb #d,-,18,2657,2363,1107,19,0,196106,12158,2806,2366,1213,2657,2363,1079,97,100,0,501,2714;
@400000005e7476683018fc95 #d,-,18,2594,2361,1164,20,0,195775,12138,2657,2365,1164,2594,2361,1106,98,100,0,501,2625;
@400000005e747668302341b5 #d,-,18,2962,2362,1193,20,0,196790,12201,2962,2363,1468,2594,2360,1164,100,100,0,500,2962;
@400000005e74766a302f4400 #d,-,18,3042,2364,1326,21,0,197720,12258,3042,2364,1355,2962,2361,1193,98,100,0,500,3100;
@400000005e74766a30370fd3 #d,-,18,3104,2364,1337,22,0,199272,12354,3104,2364,1338,3042,2362,1318,98,100,0,500,3136;
@400000005e74766c30405b5b #d,-,18,3105,2363,1322,23,0,200023,12401,3105,2364,1337,3104,2361,1315,98,100,0,500,3141;
@400000005e74766c3045d9a7 #d,-,18,3104,2364,1318,24,0,200085,12405,3105,2364,1330,3104,2362,1310,99,100,0,500,3128;
@400000005e74766e30516a54 #d,-,18,3102,2364,1319,25,0,200732,12445,3104,2364,1319,3102,2362,1308,99,100,0,501,3114;
@400000005e74766e3058bd14 #d,-,18,3104,2362,1313,26,0,201450,12489,3104,2364,1354,3102,2362,1313,98,100,0,501,3137;
@400000005e74767030615c50 #d,-,18,3110,2364,1318,26,0,202449,12551,3110,2365,1541,3104,2361,1311,98,100,0,501,3155;
@400000005e74767030664688 #d,-,18,3202,2361,1336,27,0,202954,12583,3202,2364,1340,3110,2361,1225,98,100,0,501,3266;
@400000005e747672306ea2b6 #d,-,18,3120,2364,1322,28,0,203507,12617,3202,2364,1337,3120,2360,1322,98,100,0,501,3153;
@400000005e74767230735241 #d,-,18,3118,2363,1314,29,0,204026,12649,3120,2365,1335,3118,2361,1314,99,100,0,501,3132;
@400000005e747674307bf536 #d,-,18,3116,2364,1310,30,0,204517,12680,3118,2365,1341,3116,2362,1310,99,100,0,501,3132;
@400000005e747674308153d8 #d,-,18,3113,2363,1289,31,0,204877,12702,3116,2364,1310,3113,2362,1289,99,100,0,501,3125;
@400000005e747676308af50e #d,-,18,3017,2364,1280,32,0,205120,12717,3113,2364,1289,3017,2362,1265,98,100,0,501,3054;
@400000005e74767630920d22 #d,-,18,2965,2364,1421,32,0,205380,12733,3017,2365,1421,2965,2362,1245,98,100,0,501,2997;
@400000005e747678309c4627 #d,-,18,3162,2363,1318,33,0,205786,12758,3162,2366,1475,2965,2362,1192,98,100,0,501,3198;
@400000005e74767830a2ba51 #d,-,18,3011,2365,1297,34,0,206608,12809,3162,2365,1336,3011,2363,1297,99,100,0,501,3027;
@400000005e74767a30af1aad #d,-,18,3013,2365,1266,35,0,206285,12789,3013,2366,1297,3011,2363,1259,98,100,0,501,3066;
@400000005e74767a30b750ac #d,-,18,3009,2366,1271,36,0,206468,12801,3013,2366,1283,3009,2364,1266,100,100,0,501,3009;
@400000005e74767c30c3756d #d,-,18,3005,2362,1281,36,0,206629,12811,3009,2366,1282,3005,2362,1259,99,100,0,501,3011;
@400000005e74767c30ca9d56 #d,-,18,3004,2366,1267,37,0,207215,12847,3005,2366,1281,3004,2361,1267,99,100,0,501,3022;
@400000005e74767e30d38714 #d,-,18,2952,2365,1133,38,0,206721,12816,3004,2366,1267,2952,2363,1133,98,100,0,501,2986;
@400000005e74767e30d883ec #d,-,18,2827,2366,1249,39,0,206769,12819,2952,2366,1281,2827,2364,1132,99,100,0,501,2853;
@400000005e74768030e1f691 #d,-,18,3158,2365,1106,40,0,207387,12858,3158,2367,1470,2827,2362,1104,99,100,0,501,3162;
@400000005e74768030ec4324 #d,-,18,2648,2367,1038,40,0,206538,12805,3158,2367,1122,2648,2364,1038,96,100,0,501,2749;
@400000005e74768230fa5491 #d,-,18,2463,2363,1152,41,0,206089,12777,2648,2367,1171,2463,2362,1012,98,100,0,501,2513;
@400000005e7476823104a124 #d,-,18,2708,2365,1206,42,0,205937,12768,2708,2365,1213,2463,2362,1140,99,100,0,501,2717;
@400000005e74768431146c03 #d,-,18,2770,2363,1166,43,0,206113,12779,2770,2365,1206,2708,2362,1150,98,100,0,501,2808;
@400000005e747684311f3dc3 #d,-,18,2763,2365,1161,43,0,205541,12743,2770,2365,1166,2763,2362,1161,100,100,0,501,2763;
@400000005e747686312f5e51 #d,-,18,2758,2363,1162,44,0,205355,12732,2763,2365,1163,2758,2363,1161,100,100,0,501,2758;
@400000005e7476863139ea38 #d,-,18,2753,2363,1162,45,0,205531,12742,2758,2366,1162,2753,2362,1161,100,100,0,501,2753;
@400000005e747688314a359d #d,-,18,2748,2364,1182,46,0,205007,12710,2753,2365,1182,2748,2362,1160,99,100,0,501,2751;
@400000005e74768831547abd #d,-,18,2749,2363,1163,46,0,204857,12701,2749,2366,1191,2748,2362,1155,98,100,0,501,2780;
@400000005e74768a31648402 #d,-,18,2744,2365,1161,47,0,204693,12690,2749,2365,1164,2744,2362,1160,99,100,0,501,2749;
@400000005e74768a316ea204 #d,-,18,2741,2365,1162,48,0,204532,12680,2744,2365,1162,2741,2362,1161,99,100,0,501,2749;
@400000005e74768c317d6730 #d,-,18,2738,2364,1163,49,0,204378,12671,2741,2366,1163,2738,2363,1161,99,100,0,501,2751;
@400000005e74768c31886781 #d,-,18,2736,2366,1168,49,0,204230,12662,2738,2366,1168,2736,2363,1161,99,100,0,501,2753;
@400000005e74768e3198ee81 #d,-,18,2738,2362,1160,50,0,204112,12655,2738,2366,1190,2736,2362,1156,98,100,0,501,2778;
@400000005e74768e31a33b14 #d,-,18,2734,2365,1161,51,0,203972,12646,2738,2366,1164,2734,2361,1160,99,100,0,501,2751;
@400000005e74769031b3542e #d,-,18,2732,2365,1161,52,0,203831,12637,2734,2366,1162,2732,2363,1158,99,100,0,501,2751;
@400000005e74769031bd5ea1 #d,-,18,2730,2364,1160,52,0,203694,12629,2732,2366,1161,2730,2364,1159,99,100,0,501,2748;
@400000005e74769231cdb622 #d,-,18,2729,2366,1161,53,0,203564,12620,2730,2366,1161,2729,2364,1159,99,100,0,501,2751;
@400000005e74769231d829d2 #d,-,18,2731,2365,1157,54,0,203462,12614,2731,2366,1189,2729,2364,1155,98,100,0,501,2771;
@400000005e74769431e4955b #d,-,18,2728,2365,1161,55,0,203340,12607,2731,2366,1162,2728,2364,1157,99,100,0,501,2755;
@400000005e74769431ec5159 #d,-,18,2727,2363,1161,55,0,203220,12599,2728,2366,1162,2727,2363,1159,99,100,0,501,2748;
@400000005e74769631f9de86 #d,-,18,2789,2363,1227,56,0,203256,12601,2789,2365,1252,2727,2362,1160,99,100,0,501,2801;
@400000005e7476963201ca04 #d,-,18,2878,2366,1204,57,0,203277,12603,2878,2366,1235,2789,2363,1204,98,100,0,501,2918;
@400000005e7476983211c72d #d,-,18,2749,2364,1091,58,0,203062,12589,2878,2366,1204,2749,2364,1090,97,100,0,501,2806;
@400000005e747698321ca8c3 #d,-,18,2574,2366,1144,58,0,203109,12592,2749,2366,1144,2574,2363,1091,98,100,0,501,2607;
@400000005e74769a322d55f2 #d,-,18,2752,2364,1148,59,0,202844,12576,2752,2366,1241,2574,2363,1144,99,100,0,501,2762;
@400000005e74769a323758f2 #d,-,18,2753,2366,1098,60,0,202674,12565,2753,2366,1211,2752,2364,1080,97,100,0,501,2813;
@400000005e74769c32467c2e #d,-,18,2671,2368,1096,61,0,202795,12573,2753,2368,1231,2671,2366,1069,99,100,0,501,2691;
@400000005e74769c3250d7a7 #d,-,18,2737,2366,1213,62,0,202603,12561,2737,2368,1266,2671,2365,1096,99,100,0,501,2762;
@400000005e74769e3259c8d8 #d,-,18,2865,2367,1215,62,0,202624,12562,2865,2368,1217,2737,2366,1210,98,100,0,501,2904;
@400000005e74769e325e8fac #d,-,18,2863,2367,1408,63,0,202722,12568,2865,2369,1408,2863,2366,1213,99,100,0,501,2881;
@400000005e7476a0326a2501 #d,-,18,3108,2367,1312,64,0,203179,12597,3108,2370,1466,2863,2366,1170,98,100,0,501,3148;
@400000005e7476a03271e960 #d,-,18,3008,2370,1322,65,0,203160,12595,3108,2370,1328,3008,2367,1298,99,100,0,501,3015;
@400000005e7476a2327b206b #d,-,18,3114,2369,1329,66,0,203414,12611,3114,2370,1351,3008,2368,1317,99,100,0,501,3137;
@400000005e7476a23280ae8c #d,-,18,3115,2370,1294,67,0,203848,12638,3115,2370,1329,3114,2367,1288,98,100,0,501,3159;
@400000005e7476a4328cd707 #d,-,18,3030,2367,1263,67,0,203736,12631,3115,2370,1297,3030,2367,1258,98,100,0,501,3070;
@400000005e7476a432935fae #d,-,18,2979,2367,1280,68,0,203863,12639,3030,2369,1280,2979,2366,1263,99,100,0,501,3007;
@400000005e7476a632a0382e #d,-,18,2979,2366,1238,69,0,203933,12643,2979,2368,1282,2979,2366,1220,98,100,0,501,3018;
@400000005e7476a632a86e2d #d,-,18,2916,2365,1463,70,0,204407,12673,2979,2366,1488,2916,2362,1238,99,100,0,501,2943;
@400000005e7476a832b20e75 #d,-,18,3126,2366,1295,71,0,204281,12665,3126,2368,1463,2916,2365,1171,98,100,0,501,3173;
@400000005e7476a832b798dc #d,-,18,3020,2368,1274,72,0,204394,12672,3126,2368,1295,3020,2366,1265,99,100,0,501,3038;
@400000005e7476aa32c4143a #d,-,18,3015,2367,1258,72,0,204487,12678,3020,2368,1274,3015,2366,1258,100,100,0,501,3015;
@400000005e7476aa32ccc705 #d,-,18,3011,2368,1275,73,0,204593,12684,3015,2369,1280,3011,2366,1256,100,100,0,501,3011;
@400000005e7476ac32d80203 #d,-,18,3008,2365,1294,74,0,204706,12691,3011,2369,1294,3008,2365,1269,99,100,0,501,3018;
@400000005e7476ac32df0689 #d,-,18,3006,2366,1245,75,0,204996,12709,3008,2369,1294,3006,2364,1242,99,100,0,501,3027;
@400000005e7476ae32e7d80f #d,-,18,2851,2368,1267,76,0,204783,12696,3006,2368,1280,2851,2365,1127,97,100,0,501,2911;
@400000005e7476ae32ecf0d8 #d,-,18,2932,2365,1392,76,0,204872,12702,2932,2368,1392,2851,2365,1241,99,100,0,501,2938;
@400000005e7476b032f551ae #d,-,18,3132,2366,1304,77,0,205239,12724,3132,2368,1457,2932,2365,1181,98,100,0,501,3166;
@400000005e7476b032fa1881 #d,-,18,2992,2366,1333,78,0,205190,12721,3132,2367,1333,2992,2364,1298,99,100,0,501,3007;
@400000005e7476b2330474e9 #d,-,18,3110,2365,1292,79,0,205349,12731,3110,2367,1342,2992,2363,1292,99,100,0,501,3139;
@400000005e7476b2330b277a #d,-,18,3038,2365,1302,80,0,205475,12739,3110,2367,1304,3038,2364,1284,99,100,0,501,3068;
@400000005e7476b43315a29e #d,-,18,3040,2366,1291,81,0,205813,12760,3040,2367,1312,3038,2364,1291,98,100,0,501,3086;
@400000005e7476b4331c983d #d,-,18,3040,2365,1276,82,0,205710,12754,3040,2367,1291,3040,2364,1276,99,100,0,501,3068;
@400000005e7476b633278d61 #d,-,18,2986,2365,1276,82,0,205782,12758,3040,2367,1276,2986,2364,1261,98,100,0,501,3018;
@400000005e7476b6332dd6b5 #d,-,18,2987,2365,1437,83,0,206198,12784,2987,2367,1475,2986,2364,1272,98,100,0,501,3025;
@400000005e7476b83338bfbe #d,-,18,3048,2366,1054,84,0,206019,12773,3048,2367,1437,2987,2363,1054,97,100,0,501,3123;
@400000005e7476b833426c21 #d,-,18,2466,2368,1142,85,0,205630,12749,3048,2369,1170,2466,2366,1014,98,100,0,501,2502;
@400000005e7476ba334d25ab #d,-,18,2696,2367,1204,86,0,205533,12743,2696,2369,1204,2466,2366,1136,99,100,0,501,2721;
@400000005e7476ba3357573c #d,-,18,2774,2366,1157,86,0,205638,12749,2774,2368,1211,2696,2365,1153,98,100,0,501,2803;
@400000005e7476bc3366e76f #d,-,18,2770,2368,1160,87,0,205377,12733,2774,2368,1194,2770,2365,1157,99,100,0,501,2771;
@400000005e7476bc33718a9f #d,-,18,2764,2366,1164,88,0,205289,12727,2770,2368,1166,2764,2366,1160,100,100,0,501,2764;
@400000005e7476be338237cd #d,-,18,2759,2368,1164,89,0,205199,12722,2764,2368,1164,2759,2366,1162,100,100,0,501,2759;
@400000005e7476be338c8cc2 #d,-,18,2755,2366,1165,89,0,205293,12728,2759,2368,1165,2755,2365,1161,99,100,0,501,2758;
@400000005e7476c0339c6776 #d,-,18,2751,2366,1162,90,0,205027,12711,2755,2367,1166,2751,2365,1161,99,100,0,501,2758;
@400000005e7476c033a6af61 #d,-,18,2751,2367,1158,91,0,204958,12707,2751,2367,1192,2751,2365,1157,99,100,0,501,2776;
@400000005e7476c233b67687 #d,-,18,2748,2365,1161,92,0,205050,12713,2751,2368,1164,2748,2364,1158,99,100,0,501,2764;
@400000005e7476c233c09489 #d,-,18,2744,2366,1163,92,0,204792,12697,2748,2367,1164,2744,2364,1161,99,100,0,501,2753;
@400000005e7476c433ceb5ca #d,-,18,2742,2364,1164,93,0,204712,12692,2744,2366,1165,2742,2364,1162,99,100,0,501,2758;
@400000005e7476c433d98eff #d,-,18,2739,2364,1164,94,0,204632,12687,2742,2366,1165,2739,2364,1162,99,100,0,501,2755;
@400000005e7476c633e654de #d,-,18,2739,2366,1157,95,0,204570,12683,2739,2366,1191,2739,2363,1157,98,100,0,501,2767;
@400000005e7476c633f06a7e #d,-,18,2739,2365,1163,95,0,204492,12678,2739,2367,1164,2739,2364,1157,98,100,0,501,2771;
@400000005e7476c833fdd801 #d,-,18,2737,2366,1163,96,0,204416,12673,2739,2366,1165,2737,2364,1162,99,100,0,501,2757;
@400000005e7476c83408a9c2 #d,-,18,2735,2362,1165,97,0,204507,12679,2737,2367,1165,2735,2362,1162,99,100,0,501,2757;
@400000005e7476ca3418f616 #d,-,18,2733,2367,1161,98,0,204267,12664,2735,2367,1165,2733,2362,1161,99,100,0,501,2755;
@400000005e7476ca34234662 #d,-,18,2733,2368,1164,98,0,204210,12661,2733,2368,1190,2733,2366,1161,99,100,0,501,2757;
@400000005e7476cc342f01e6 #d,-,18,2735,2365,1170,99,0,204316,12667,2735,2368,1184,2733,2365,1156,98,100,0,501,2787;
@400000005e7476cc34357257 #d,-,18,2740,2367,1228,100,0,204153,12657,2740,2368,1247,2735,2365,1168,98,100,0,501,2794;
@400000005e7476ce34414d85 #d,-,18,2887,2366,1210,101,0,204158,12657,2887,2368,1228,2740,2365,1210,98,100,0,501,2918;
@400000005e7476ce3449292d #d,-,18,2881,2367,1237,101,0,204166,12658,2887,2367,1237,2881,2365,1208,100,100,0,501,2881;
@400000005e7476d034588e89 #d,-,18,2880,2365,1124,102,0,204157,12657,2881,2367,1244,2880,2363,1124,99,100,0,501,2902;
@400000005e7476d034630328 #d,-,18,2738,2367,1190,103,0,204116,12655,2880,2367,1254,2738,2364,1078,98,100,0,501,2769;
@400000005e7476d23473eb03 #d,-,18,2735,2366,1105,104,0,203972,12646,2738,2368,1190,2735,2365,1092,98,100,0,501,2781;
@400000005e7476d2347ebcc4 #d,-,18,2588,2368,1107,104,0,203833,12637,2735,2368,1107,2588,2365,1104,98,100,0,501,2621;
@400000005e7476d4348df2a0 #d,-,18,2587,2366,1102,105,0,203692,12628,2588,2368,1109,2587,2366,1099,98,100,0,501,2621;
@400000005e7476d43497f959 #d,-,18,2588,2366,1252,106,0,203657,12626,2588,2368,1269,2587,2365,1100,98,100,0,501,2618;
@400000005e7476d634a24233 #d,-,18,2898,2362,1213,107,0,203658,12626,2898,2366,1252,2588,2361,1210,99,100,0,501,2913;
@400000005e7476d634a82602 #d,-,18,3032,2367,1174,107,0,203773,12633,3032,2367,1457,2898,2362,1157,100,100,0,501,3032;
@400000005e7476d834bf0d9e #d,-,18,3028,2361,1343,108,0,203921,12643,3032,2367,1343,3028,2361,1174,99,100,0,501,3057;
@400000005e7476d834d160b0 #d,-,18,3140,2363,1331,109,0,204065,12652,3140,2363,1344,3028,2361,1325,98,100,0,501,3173;
@400000005e7476da34e99c3a #d,-,18,3135,2361,1337,110,0,204196,12660,3140,2363,1337,3135,2360,1307,99,100,0,501,3137;
@400000005e7476da34faaeed #d,-,18,3129,2361,1291,111,0,204305,12666,3135,2363,1337,3129,2359,1291,100,100,0,501,3129;
@400000005e7476dc3509d5e2 #d,-,18,3009,2363,1278,112,0,204365,12670,3129,2363,1291,3009,2359,1264,98,100,0,501,3045;
@400000005e7476dc35119688 #d,-,18,3006,2360,1286,113,0,204446,12675,3009,2363,1290,3006,2359,1278,99,100,0,501,3015;
@400000005e7476de351c6c03 #d,-,18,3005,2361,1458,113,0,204536,12681,3006,2362,1458,3005,2360,1240,99,100,0,501,3032;
@400000005e7476de35230b04 #d,-,18,3123,2360,1341,114,0,204639,12687,3123,2362,1478,3005,2359,1164,98,100,0,501,3173;
@400000005e7476e0352e784d #d,-,18,3029,2363,1299,115,0,204744,12694,3123,2364,1343,3029,2360,1299,99,100,0,501,3036;
@400000005e7476e035351fb1 #d,-,18,3030,2363,1285,116,0,204966,12707,3030,2364,1299,3029,2360,1285,98,100,0,501,3072;
@400000005e7476e2353f971b #d,-,18,3028,2364,1281,117,0,204898,12703,3030,2365,1285,3028,2361,1278,99,100,0,501,3043;
@400000005e7476e235496b8a #d,-,18,3024,2365,1271,118,0,204960,12707,3028,2365,1281,3024,2362,1271,99,100,0,501,3029;
@400000005e7476e4355638dd #d,-,18,3018,2364,1267,118,0,205146,12719,3024,2365,1271,3018,2363,1257,100,100,0,501,3018;
@400000005e7476e4355d9b73 #d,-,18,3013,2364,1263,119,0,205064,12714,3018,2366,1282,3013,2362,1254,100,100,0,501,3013;
@400000005e7476e63566c662 #d,-,18,3006,2365,1373,120,0,205209,12722,3013,2366,1470,3006,2363,1257,100,100,0,501,3006;
@400000005e7476e6356bfed4 #d,-,18,3165,2366,1336,121,0,205300,12728,3165,2367,1373,3006,2364,1239,98,100,0,501,3200;
@400000005e7476e835757ca6 #d,-,18,3162,2365,1345,122,0,205434,12736,3165,2366,1347,3162,2364,1333,100,100,0,501,3162;
@400000005e7476e8357b6430 #d,-,18,3160,2365,1344,123,0,205565,12745,3162,2366,1345,3160,2364,1337,99,100,0,501,3180;
@400000005e7476ea35831147 #d,-,18,3163,2365,1342,124,0,205708,12753,3163,2365,1373,3160,2364,1334,98,100,0,501,3205;
@400000005e7476ea358710cd #d,-,18,3160,2364,1314,124,0,205951,12769,3163,2366,1343,3160,2363,1314,99,100,0,501,3173;
@400000005e7476ec358d84f7 #d,-,18,3105,2365,1319,125,0,205931,12767,3160,2365,1332,3105,2363,1314,99,100,0,501,3134;
@400000005e7476ec359106c3 #d,-,18,3038,2363,1479,126,0,206063,12775,3105,2366,1497,3038,2363,1250,98,100,0,501,3077;
@400000005e7476ee359c3a4e #d,-,18,3128,2367,1153,127,0,206153,12781,3128,2367,1479,3038,2363,1135,98,100,0,501,3189;
@400000005e7476ee35a6d8d6 #d,-,18,2705,2366,1170,128,0,205970,12770,3128,2367,1193,2705,2365,1153,98,100,0,501,2735;
@400000005e7476f035b43ee5 #d,-,18,2710,2366,1167,129,0,205914,12766,2710,2367,1196,2705,2364,1150,97,100,0,501,2778;
@400000005e7476f035bee988 #d,-,18,2713,2364,1167,129,0,205846,12762,2713,2367,1167,2710,2364,1158,97,100,0,501,2778;
@400000005e7476f235c9a312 #d,-,18,2715,2366,1164,130,0,205784,12758,2715,2366,1168,2713,2364,1164,98,100,0,501,2760;
@400000005e7476f235d42698 #d,-,18,2717,2365,1164,131,0,205722,12754,2717,2367,1166,2715,2365,1163,98,100,0,501,2760;
@400000005e7476f435e3d2bb #d,-,18,2719,2365,1161,132,0,205672,12751,2719,2366,1192,2717,2361,1161,98,100,0,501,2764;
@400000005e7476f435ee59fb #d,-,18,2722,2364,1163,132,0,205731,12755,2722,2365,1167,2719,2362,1157,98,100,0,501,2776;
@400000005e7476f635fee86e #d,-,18,2722,2363,1163,133,0,205547,12743,2722,2365,1165,2722,2363,1163,98,100,0,501,2757;
@400000005e7476f636095c1e #d,-,18,2722,2366,1163,134,0,205487,12740,2722,2366,1164,2722,2363,1163,98,100,0,501,2757;
@400000005e7476f83619f205 #d,-,18,2722,2364,1163,135,0,205547,12743,2722,2366,1164,2722,2364,1162,98,100,0,501,2757;
@400000005e7476f836243724 #d,-,18,2723,2366,1171,135,0,205378,12733,2723,2367,1190,2722,2364,1162,98,100,0,501,2758;
@400000005e7476fa3632c917 #d,-,18,2725,2364,1163,136,0,205318,12729,2725,2366,1171,2723,2364,1156,98,100,0,501,2776;
@400000005e7476fa363daaad #d,-,18,2725,2366,1163,137,0,205259,12726,2725,2368,1164,2725,2364,1161,98,100,0,501,2757;
@400000005e7476fc3649f68b #d,-,18,2725,2365,1162,138,0,205201,12722,2725,2368,1166,2725,2365,1160,98,100,0,501,2757;
@400000005e7476fc365437f1 #d,-,18,2725,2367,1162,138,0,205144,12718,2725,2367,1163,2725,2365,1161,98,100,0,501,2755;
@400000005e7476fe3660be7d #d,-,18,2724,2367,1185,139,0,205098,12716,2725,2368,1190,2724,2366,1161,98,100,0,501,2755;
@400000005e7476fe366bc376 #d,-,18,2727,2365,1163,140,0,205156,12719,2727,2368,1185,2724,2363,1155,98,100,0,501,2778;
@400000005e747700367bb1b9 #d,-,18,2726,2366,1163,141,0,204983,12708,2727,2367,1163,2726,2363,1160,98,100,0,501,2755;
@400000005e74770036863097 #d,-,18,2725,2367,1162,141,0,204928,12705,2726,2367,1163,2725,2365,1161,98,100,0,501,2753;
@400000005e7477023693f4b7 #d,-,18,2725,2364,1177,142,0,204989,12709,2725,2367,1177,2725,2364,1161,98,100,0,501,2755;
@400000005e747702369d244e #d,-,18,2815,2366,1117,143,0,204852,12700,2815,2367,1245,2725,2363,1117,99,100,0,501,2835;
@400000005e74770436a99390 #d,-,18,2636,2364,1165,144,0,204750,12694,2815,2367,1165,2636,2364,1096,97,100,0,501,2696;
@400000005e74770436b284c1 #d,-,18,2747,2364,1222,144,0,204752,12694,2747,2365,1235,2636,2361,1165,99,100,0,501,2757;
@400000005e74770636c18c0c #d,-,18,2854,2363,1212,145,0,204751,12694,2854,2365,1223,2747,2361,1212,98,100,0,501,2885;
@400000005e74770636cbe875 #d,-,18,2767,2364,1202,146,0,204716,12692,2854,2366,1222,2767,2363,1114,98,100,0,501,2806;
@400000005e74770836db518a #d,-,18,2763,2366,1124,147,0,204621,12686,2767,2366,1202,2763,2363,1075,98,100,0,501,2794;
@400000005e74770836e5cd9c #d,-,18,2653,2363,1109,147,0,204684,12690,2763,2366,1229,2653,2363,1109,99,100,0,501,2657;
@400000005e74770a36f653ad #d,-,18,2726,2365,1090,148,0,204483,12677,2726,2366,1196,2653,2363,1072,98,100,0,501,2780;
@400000005e74770a3701678e #d,-,18,2540,2363,1098,149,0,204373,12671,2726,2365,1098,2540,2362,1090,98,100,0,501,2582;
@400000005e74770c370d1071 #d,-,18,2543,2367,1092,150,0,204263,12664,2543,2367,1099,2540,2363,1092,97,100,0,501,2598;
@400000005e74770c37129631 #d,-,18,2611,2364,1327,150,0,204418,12673,2611,2367,1457,2543,2362,1092,99,100,0,501,2612;
@400000005e74770e371eb827 #d,-,18,3108,2366,1331,151,0,204370,12670,3108,2366,1331,2611,2364,1203,98,100,0,501,3143;
@400000005e74770e37270839 #d,-,18,3110,2365,1350,152,0,204486,12678,3110,2367,1351,3108,2364,1331,98,100,0,501,3148;
@400000005e74770e372e6bbd #d,-,18,3116,2365,1332,153,0,204699,12691,3116,2367,1350,3110,2364,1332,97,100,0,501,3185;
@400000005e74771037371d9a #d,-,18,3117,2366,1326,154,0,204688,12690,3117,2368,1332,3116,2365,1322,98,100,0,501,3153;
@400000005e74771237419d66 #d,-,18,3116,2367,1306,155,0,204774,12696,3117,2367,1326,3116,2365,1303,99,100,0,501,3136;
@400000005e74771237472b87 #d,-,18,3113,2365,1296,155,0,204962,12707,3116,2367,1331,3113,2365,1295,99,100,0,501,3123;
@400000005e7477143752bc34 #d,-,18,3053,2366,1525,156,0,204989,12709,3113,2367,1529,3053,2364,1288,98,100,0,501,3089;
@400000005e747714375ba149 #d,-,18,3226,2365,1297,157,0,205063,12713,3226,2368,1525,3053,2365,1239,98,100,0,501,3271;
@400000005e74771437622549 #d,-,18,3057,2367,1294,158,0,205134,12718,3226,2367,1313,3057,2365,1293,99,100,0,501,3075;
@400000005e747716376d16b4 #d,-,18,3055,2366,1289,159,0,205295,12728,3057,2368,1294,3055,2364,1287,99,100,0,501,3075;
@400000005e74771637742ec8 #d,-,18,3054,2366,1276,160,0,205258,12726,3055,2368,1315,3054,2365,1276,99,100,0,501,3073;
@400000005e747718377efbe1 #d,-,18,2992,2367,1262,161,0,205295,12728,3054,2368,1276,2992,2365,1261,98,100,0,501,3032;
@400000005e74771837869dcb #d,-,18,2989,2364,1268,161,1,205438,12737,2992,2367,1280,2989,2364,1262,99,100,0,501,2997;
@400000005e74771a37915b0f #d,-,18,2986,2366,1256,162,1,205365,12732,2989,2366,1268,2986,2364,1245,99,100,0,501,2999;
@400000005e74771a3797a0a8 #d,-,18,2984,2365,1321,163,1,205467,12738,2986,2367,1474,2984,2363,1252,100,100,0,501,2984;
@400000005e74771c379fc318 #d,-,18,3093,2367,1306,164,1,205612,12747,3093,2367,1360,2984,2364,1149,98,100,0,501,3132;
@400000005e74771c37a3ca12 #d,-,18,3092,2366,1286,165,1,205570,12745,3093,2368,1308,3092,2364,1284,98,100,0,501,3125;
@400000005e74771e37ab639a #d,-,18,3014,2368,1267,166,1,205610,12747,3092,2368,1296,3014,2366,1254,98,100,0,501,3048;
@400000005e74771e37af6a93 #d,-,18,3008,2367,1274,166,1,205648,12750,3014,2369,1278,3008,2366,1263,100,100,0,501,3008;
@400000005e74772037bd7c00 #d,-,18,3003,2368,1275,167,1,205780,12758,3008,2369,1275,3003,2366,1260,99,100,0,501,3004;
@400000005e74772037c7b14a #d,-,18,3002,2366,1267,168,1,205731,12755,3003,2369,1297,3002,2366,1267,99,100,0,501,3015;
@400000005e74772237d41cd3 #d,-,18,2999,2367,1260,169,1,205760,12757,3002,2369,1268,2999,2365,1248,99,100,0,501,3015;
@400000005e74772237db3990 #d,-,18,2994,2365,1429,170,1,205945,12768,2999,2369,1465,2994,2364,1255,100,100,0,501,2994;
@400000005e74772437e821e5 #d,-,18,3071,2367,1149,170,1,205802,12759,3071,2369,1429,2994,2365,1102,97,100,0,501,3136;
@400000005e74772437f2b8f9 #d,-,18,2621,2368,1159,171,1,205699,12753,3071,2369,1164,2621,2366,1003,98,100,0,501,2673;
@400000005e7477263801d01a #d,-,18,2619,2365,1170,172,1,205652,12750,2621,2369,1177,2619,2365,1140,99,100,0,501,2625;
@400000005e747726380c18f3 #d,-,18,2767,2368,1154,173,1,205616,12748,2767,2368,1206,2619,2363,1154,99,100,0,501,2787;
@400000005e747728381bb8fb #d,-,18,2760,2367,1168,174,1,205568,12745,2767,2368,1169,2760,2365,1154,99,100,0,501,2762;
@400000005e7477283826a204 #d,-,18,2757,2365,1163,174,1,205521,12742,2760,2367,1168,2757,2365,1161,99,100,0,501,2760;
@400000005e74772a3834afb7 #d,-,18,2752,2367,1163,175,1,205568,12745,2757,2367,1165,2752,2364,1162,99,100,0,501,2757;
@400000005e74772a383f183b #d,-,18,2749,2365,1190,176,1,205438,12737,2752,2367,1190,2749,2364,1162,99,100,0,501,2758;
@400000005e74772c384ee31a #d,-,18,2749,2367,1164,177,1,205392,12734,2749,2368,1190,2749,2364,1157,98,100,0,501,2781;
@400000005e74772c38591864 #d,-,18,2746,2366,1163,177,1,205438,12737,2749,2367,1165,2746,2364,1162,99,100,0,501,2757;
@400000005e74772e3863ca7b #d,-,18,2743,2365,1162,178,1,205392,12734,2746,2366,1164,2743,2363,1161,99,100,0,501,2757;
@400000005e74772e386ea3af #d,-,18,2740,2364,1165,179,1,205257,12725,2743,2367,1165,2740,2363,1161,99,100,0,501,2757;
@400000005e747730387e2053 #d,-,18,2738,2366,1190,180,1,205219,12723,2740,2367,1190,2738,2363,1162,99,100,0,501,2757;
@400000005e74773038887cbb #d,-,18,2740,2365,1163,180,1,205178,12721,2740,2366,1191,2738,2364,1157,98,100,0,501,2785;
@400000005e74773238981196 #d,-,18,2738,2364,1164,181,1,205135,12718,2740,2367,1164,2738,2364,1162,99,100,0,501,2753;
@400000005e74773238a2eaca #d,-,18,2736,2366,1162,182,1,205092,12715,2738,2367,1164,2736,2364,1162,99,100,0,501,2757;
@400000005e74773438affdf6 #d,-,18,2734,2364,1163,183,1,205048,12713,2736,2367,1164,2734,2364,1160,99,100,0,501,2757;
@400000005e74773438ba98c5 #d,-,18,2733,2366,1183,183,1,205097,12716,2734,2366,1183,2733,2364,1162,99,100,0,501,2755;
@400000005e74773638cb7573 #d,-,18,2735,2367,1163,184,1,204971,12708,2735,2367,1191,2733,2365,1155,98,100,0,501,2785;
@400000005e74773638d5f185 #d,-,18,2733,2367,1161,185,1,204930,12705,2735,2367,1166,2733,2365,1161,99,100,0,501,2751;
@400000005e74773838e52761 #d,-,18,2731,2367,1160,186,1,204888,12703,2733,2368,1162,2731,2366,1160,99,100,0,501,2753;
@400000005e74773838ef3a36 #d,-,18,2791,2366,1226,186,1,204980,12708,2791,2367,1254,2731,2365,1160,99,100,0,501,2803;
@400000005e74773a38f7c13b #d,-,18,2856,2367,1215,187,1,204884,12702,2856,2367,1226,2791,2365,1196,98,100,0,501,2899;
@400000005e74773a38fbc0c1 #d,-,18,2855,2366,1201,188,1,204876,12702,2856,2367,1231,2855,2365,1188,99,100,0,501,2879;
@400000005e74773c390c6df0 #d,-,18,2850,2365,1190,189,1,204869,12701,2855,2367,1219,2850,2364,1190,100,100,0,501,2850;
@400000005e74773c391874e4 #d,-,18,2768,2367,1191,189,1,204841,12700,2850,2368,1229,2768,2365,1105,98,100,0,501,2801;
@400000005e74773e39281c5f #d,-,18,2826,2366,1206,190,1,204835,12699,2826,2367,1218,2768,2365,1191,98,100,0,501,2858;
@400000005e74773e393251aa #d,-,18,2826,2367,1162,191,1,204898,12703,2826,2367,1206,2826,2364,1162,98,100,0,501,2865;
@400000005e747740394544ec #d,-,18,2774,2366,1095,192,1,204786,12696,2826,2367,1247,2774,2364,1095,99,100,0,501,2797;
@400000005e747740395123d4 #d,-,18,2627,2367,1097,192,1,204695,12691,2774,2368,1100,2627,2365,1068,97,100,0,501,2692;
@400000005e747742395ee34c #d,-,18,2559,2366,1086,193,1,204606,12685,2627,2368,1097,2559,2365,1086,98,100,0,501,2598;
@400000005e7477423966c39c #d,-,18,2657,2367,1257,194,1,204643,12687,2657,2368,1451,2559,2363,1086,100,100,0,501,2657;
@400000005e74774439703cc6 #d,-,18,3018,2364,1321,195,1,204674,12689,3018,2367,1321,2657,2364,1141,98,100,0,501,3070;
@400000005e7477443974ec51 #d,-,18,3129,2366,1320,196,1,204762,12695,3129,2367,1366,3018,2364,1320,99,100,0,501,3141;
@400000005e747746397dd166 #d,-,18,3127,2366,1315,197,1,204913,12704,3129,2367,1321,3127,2364,1314,99,100,0,501,3157;
@400000005e7477463982abc9 #d,-,18,3123,2363,1317,197,1,204898,12703,3127,2366,1322,3123,2363,1312,100,100,0,501,3123;
@400000005e747748398b7222 #d,-,18,3120,2366,1310,198,1,204965,12707,3123,2366,1328,3120,2362,1310,99,100,0,501,3130;
@400000005e747748398fceca #d,-,18,3116,2365,1313,199,1,205031,12711,3120,2367,1328,3116,2364,1308,100,100,0,501,3116;
@400000005e74774a3998bc41 #d,-,18,3113,2365,1539,200,1,205230,12724,3116,2367,1559,3113,2363,1313,99,100,0,501,3118;
@400000005e74774a399dec52 #d,-,18,3227,2363,1329,201,1,205209,12722,3227,2366,1539,3113,2363,1207,98,100,0,501,3282;
@400000005e74774c39a7ef52 #d,-,18,3123,2365,1317,202,1,205277,12727,3227,2365,1329,3123,2361,1317,99,100,0,501,3137;
@400000005e74774c39ae43d3 #d,-,18,3119,2366,1320,203,1,205423,12736,3123,2366,1322,3119,2364,1317,99,100,0,501,3127;
@400000005e74774e39b60bec #d,-,18,3117,2364,1316,203,1,205486,12740,3119,2366,1320,3117,2363,1313,99,100,0,501,3125;
@400000005e74774e39ba13d4 #d,-,18,3114,2366,1315,204,1,205475,12739,3117,2366,1342,3114,2364,1313,99,100,0,501,3118;
@400000005e74775039c4f835 #d,-,18,3060,2363,1276,205,1,205511,12741,3114,2367,1315,3060,2363,1269,98,100,0,501,3102;
@400000005e74775039cbc6b6 #d,-,18,3008,2364,1293,206,1,205631,12749,3060,2366,1293,3008,2362,1274,99,100,0,501,3032;
@400000005e74775239d6cf6a #d,-,18,3206,2366,1285,207,1,205629,12749,3206,2366,1493,3008,2363,1186,99,100,0,501,3219;
@400000005e74775239de8b68 #d,-,18,2971,2366,1271,208,1,205675,12751,3206,2367,1305,2971,2365,1271,98,100,0,501,3020;
@400000005e74775439e8243c #d,-,18,2974,2365,1306,209,1,205794,12759,2974,2368,1309,2971,2365,1259,98,100,0,501,3029;
@400000005e74775439eda641 #d,-,18,2980,2365,1271,209,1,205748,12756,2980,2367,1306,2974,2362,1268,97,100,0,501,3054;
@400000005e74775639f98d8b #d,-,18,2980,2366,1258,210,1,205775,12758,2980,2367,1272,2980,2364,1258,98,100,0,501,3013;
@400000005e7477563a00a1e6 #d,-,18,2976,2364,1261,211,1,205796,12759,2980,2366,1263,2976,2364,1247,99,100,0,501,2983;
@400000005e7477583a0bc1e2 #d,-,18,2972,2366,1260,212,1,205874,12764,2976,2366,1261,2972,2363,1151,99,100,0,501,2977;
@400000005e7477583a13344c #d,-,18,2740,2367,1203,213,1,205765,12757,2972,2367,1260,2740,2365,1097,98,100,0,501,2794;
@400000005e74775a3a21399e #d,-,18,2854,2365,1233,213,1,205803,12759,2854,2367,1451,2740,2363,1112,100,100,0,501,2854;
@400000005e74775a3a2c39ef #d,-,18,2852,2366,1014,214,1,205685,12752,2854,2367,1233,2852,2365,992,96,100,0,501,2956;
@400000005e74775c3a3a47a2 #d,-,18,2429,2365,1136,215,1,205691,12752,2852,2367,1170,2429,2363,1014,99,100,0,501,2443;
@400000005e74775c3a44d744 #d,-,18,2690,2365,1206,216,1,205582,12746,2690,2365,1207,2429,2363,1136,98,100,0,501,2723;
@400000005e74775e3a55599b #d,-,18,2768,2365,1186,216,1,205549,12744,2768,2365,1206,2690,2363,1156,98,100,0,501,2801;
@400000005e74775e3a5f929f #d,-,18,2765,2363,1167,217,1,205591,12746,2768,2365,1191,2765,2363,1162,99,100,0,501,2780;
@400000005e7477603a6ec108 #d,-,18,2761,2363,1165,218,1,205480,12739,2765,2365,1167,2761,2362,1164,100,100,0,501,2761;
@400000005e7477603a79a658 #d,-,18,2756,2364,1166,219,1,205443,12737,2761,2365,1166,2756,2362,1164,99,100,0,501,2760;
@400000005e7477623a884cc7 #d,-,18,2752,2361,1166,219,1,205407,12735,2756,2365,1167,2752,2361,1164,99,100,0,501,2760;
@400000005e7477623a92a0ce #d,-,18,2749,2362,1180,220,1,205447,12737,2752,2363,1180,2749,2360,1164,99,100,0,501,2758;
@400000005e7477643aa0ce2b #d,-,18,2750,2362,1166,221,1,205342,12731,2750,2363,1193,2749,2360,1159,98,100,0,501,2787;
@400000005e7477643aab1e78 #d,-,18,2746,2361,1165,222,1,205305,12728,2750,2363,1167,2746,2360,1164,99,100,0,500,2753;
@400000005e7477663abafce5 #d,-,18,2743,2360,1164,222,1,205270,12726,2746,2363,1166,2743,2360,1164,99,100,0,500,2758;
@400000005e7477663ac5f5c4 #d,-,18,2741,2362,1164,223,1,205307,12729,2743,2362,1166,2741,2359,1164,99,100,0,500,2755;
@400000005e7477683ad57621 #d,-,18,2739,2364,1167,224,1,205200,12722,2741,2364,1167,2739,2362,1163,99,100,0,500,2757;
@400000005e7477683adfced0 #d,-,18,2740,2361,1162,225,1,205171,12720,2740,2364,1193,2739,2361,1159,98,100,0,500,2783;
@400000005e74776a3aef1481 #d,-,18,2738,2362,1165,225,1,205136,12718,2740,2363,1167,2738,2360,1162,99,100,0,500,2757;
@400000005e74776a3af94e74 #d,-,18,2736,2363,1164,226,1,205102,12716,2738,2363,1167,2736,2359,1164,99,100,0,500,2757;
@400000005e74776c3b097675 #d,-,18,2734,2361,1165,227,1,205067,12714,2736,2363,1167,2734,2359,1163,99,100,0,500,2757;
@400000005e74776c3b145bc4 #d,-,18,2733,2361,1166,228,1,205034,12712,2734,2364,1167,2733,2360,1164,99,100,0,500,2757;
@400000005e74776e3b22a06a #d,-,18,2735,2363,1160,228,1,205006,12710,2735,2363,1193,2733,2360,1159,98,100,0,500,2778;
@400000005e74776e3b2d27a9 #d,-,18,2734,2363,1165,229,1,204972,12708,2735,2363,1166,2734,2360,1160,98,100,0,500,2764;
@400000005e7477703b38e32d #d,-,18,2734,2360,1263,230,1,204972,12708,2734,2363,1275,2734,2360,1163,99,100,0,500,2760;
@400000005e7477703b3fc53d #d,-,18,2941,2362,1221,231,1,204979,12708,2941,2362,1263,2734,2359,1220,99,100,0,500,2963;
@400000005e7477723b4d9844 #d,-,18,2851,2362,1216,232,1,204975,12708,2941,2363,1221,2851,2361,1212,98,100,0,500,2890;
@400000005e7477723b573d33 #d,-,18,2854,2363,1222,232,1,204987,12709,2854,2363,1262,2851,2359,1216,98,100,0,500,2897;
@400000005e7477743b662d36 #d,-,18,2857,2360,1221,233,1,204987,12709,2857,2363,1224,2854,2360,1220,97,100,0,500,2920;
@400000005e7477743b6fce6c #d,-,18,2857,2360,1220,234,1,204986,12709,2857,2361,1222,2857,2359,1219,98,100,0,500,2888;
@400000005e7477763b7f563d #d,-,18,2857,2362,1221,235,1,204984,12709,2857,2364,1221,2857,2359,1215,99,100,0,500,2885;
@400000005e7477763b89ed51 #d,-,18,2856,2363,1219,235,1,205052,12713,2857,2364,1221,2856,2360,1219,99,100,0,500,2883;
@400000005e7477783b9582a6 #d,-,18,2857,2364,1229,236,1,204991,12709,2857,2365,1248,2856,2362,1217,98,100,0,500,2890;
@400000005e7477790005150e #d,-,18,2860,2361,1394,237,1,205048,12713,2860,2366,1472,2857,2361,1213,98,100,0,500,2911;
@400000005e74777b000e5bee #d,-,18,3128,2366,1314,238,1,205083,12715,3128,2367,1394,2860,2361,1201,99,100,0,500,3159;
@400000005e74777b001364e1 #d,-,18,3126,2364,1318,239,1,205211,12723,3128,2366,1333,3126,2363,1314,99,100,0,500,3127;
@400000005e74777d001c613f #d,-,18,3121,2364,1322,240,1,205197,12722,3126,2366,1324,3121,2363,1303,99,100,0,500,3127;
@400000005e74777d00216eda #d,-,18,3118,2366,1332,241,1,205259,12726,3121,2366,1351,3118,2364,1317,99,100,0,501,3120;
@400000005e74777f0029fa87 #d,-,18,3118,2364,1309,241,1,205311,12729,3118,2366,1332,3118,2364,1309,98,100,0,501,3150;
@400000005e74777f002edc5d #d,-,18,3113,2365,1314,242,1,205362,12732,3118,2366,1317,3113,2363,1307,100,100,0,501,3113;
@400000005e7477810037f004 #d,-,18,3109,2364,1450,243,1,205417,12735,3113,2366,1450,3109,2363,1297,100,100,0,500,3109;
@400000005e747781003d18a1 #d,-,18,3242,2365,1343,244,1,205490,12740,3242,2365,1526,3109,2363,1199,98,100,0,500,3290;
@400000005e747783004640c5 #d,-,18,3042,2361,1339,245,1,205614,12748,3242,2365,1352,3042,2360,1303,99,100,0,500,3061;
@400000005e747783004ba6da #d,-,18,3105,2362,1304,246,1,205594,12746,3105,2363,1339,3042,2360,1293,99,100,0,500,3132;
@400000005e7477850056b701 #d,-,18,3054,2362,1287,247,1,205630,12749,3105,2363,1304,3054,2361,1282,98,100,0,500,3089;
@400000005e747785005d9cca #d,-,18,3048,2364,1245,247,1,205658,12750,3054,2364,1287,3048,2361,1245,100,100,0,500,3048;
@400000005e7477870068821a #d,-,18,2926,2363,1117,248,1,205634,12749,3048,2365,1263,2926,2362,1108,98,100,0,500,2961;
@400000005e747787006fc8bf #d,-,18,2702,2362,1138,249,1,205614,12748,2926,2364,1269,2702,2361,1117,98,100,0,500,2739;
@400000005e747789007af4d7 #d,-,18,2706,2363,1255,250,1,205590,12746,2706,2364,1257,2702,2361,1136,96,100,0,500,2790;
@400000005e74778900819792 #d,-,18,3053,2362,1264,251,1,205644,12749,3053,2363,1462,2706,2360,1226,100,100,0,500,3053;
@400000005e74778b008b7ea1 #d,-,18,3048,2357,1318,251,1,205692,12752,3053,2362,1320,3048,2354,1264,98,100,0,500,3079;
@400000005e74778b0091821b #d,-,18,3051,2357,1293,252,1,205732,12755,3051,2359,1318,3048,2357,1292,98,100,0,500,3102;
@400000005e74778d009d0b55 #d,-,18,3050,2359,1301,253,1,205771,12757,3051,2360,1310,3050,2357,1286,99,100,0,500,3072;
@400000005e74778d00a42f84 #d,-,18,3047,2360,1256,254,1,205796,12759,3050,2360,1310,3047,2358,1255,99,100,0,500,3059;
@400000005e74778f00aec1f1 #d,-,18,2943,2360,1280,255,1,205879,12764,3047,2360,1280,2943,2358,1254,98,100,0,500,2975;
@400000005e74778f00b5ee82 #d,-,18,2946,2359,1262,255,1,205836,12761,2946,2361,1280,2943,2358,1262,98,100,0,500,2997;
@400000005e74779100c07d35 #d,-,18,2946,2358,1323,256,1,205854,12762,2946,2360,1323,2946,2358,1241,98,100,0,500,2983;
@400000005e74779100c60f10 #d,-,18,3129,2358,1083,257,1,205870,12763,3129,2359,1481,2946,2357,1083,98,100,0,500,3166;
@400000005e74779300d26f6c #d,-,18,2594,2360,1041,258,1,205793,12759,3129,2361,1139,2594,2357,1038,97,100,0,500,2662;
@400000005e74779300dce6d6 #d,-,18,2540,2357,1152,259,1,205746,12756,2594,2360,1170,2540,2356,1040,98,100,0,500,2566;
@400000005e74779500edbedc #d,-,18,2732,2358,1165,259,1,205725,12755,2732,2358,1213,2540,2354,1152,99,100,0,500,2757;
@400000005e74779500f81b44 #d,-,18,2733,2357,1172,260,1,205693,12752,2733,2359,1172,2732,2356,1161,98,100,0,500,2781;
@400000005e7477970104f0f9 #d,-,18,2732,2358,1170,261,1,205663,12751,2733,2358,1173,2732,2355,1170,98,100,0,500,2765;
@400000005e7477970110283d #d,-,18,2736,2357,1167,262,1,205638,12749,2736,2358,1198,2732,2356,1162,98,100,0,500,2787;
@400000005e74779901208ea4 #d,-,18,2735,2356,1170,262,1,205671,12751,2736,2358,1170,2735,2356,1167,98,100,0,500,2764;
@400000005e747799012b21ff #d,-,18,2734,2357,1167,263,1,205640,12749,2735,2359,1170,2734,2356,1167,98,100,0,500,2762;
@400000005e74779b013b4aee #d,-,18,2733,2356,1169,264,1,205548,12744,2734,2358,1171,2733,2354,1167,99,100,0,500,2760;
@400000005e74779b0145900e #d,-,18,2732,2358,1169,265,1,205518,12742,2733,2359,1170,2732,2356,1168,98,100,0,500,2760;
@400000005e74779d0154e1db #d,-,18,2735,2355,1164,265,1,205494,12740,2735,2358,1197,2732,2355,1163,98,100,0,500,2778;
@400000005e74779d015fcae4 #d,-,18,2734,2357,1168,266,1,205463,12738,2735,2358,1169,2734,2355,1164,98,100,0,500,2767;
@400000005e74779f016f9d36 #d,-,18,2733,2355,1170,267,1,205433,12736,2734,2359,1170,2733,2355,1167,99,100,0,500,2758;
@400000005e74779f017a3bbe #d,-,18,2732,2356,1169,268,1,205404,12735,2733,2357,1171,2732,2354,1168,99,100,0,500,2758;
@400000005e7477a10187a941 #d,-,18,2731,2354,1169,268,1,205435,12736,2732,2358,1169,2731,2354,1167,99,100,0,500,2758;
@400000005e7477a10191f21b #d,-,18,2732,2356,1165,269,1,205351,12731,2732,2356,1198,2731,2354,1165,98,100,0,500,2769;
@400000005e7477a3019f50b7 #d,-,18,2733,2356,1169,270,1,205322,12729,2733,2357,1170,2732,2355,1163,98,100,0,500,2774;
@400000005e7477a301aa4134 #d,-,18,2732,2357,1169,271,1,205292,12728,2733,2358,1170,2732,2356,1167,98,100,0,500,2760;
@400000005e7477a501bb219b #d,-,18,2731,2357,1168,271,1,205263,12726,2732,2358,1170,2731,2355,1167,99,100,0,500,2758;
@400000005e7477a501c59cbf #d,-,18,2731,2355,1169,272,1,205235,12724,2731,2357,1171,2731,2354,1168,98,100,0,500,2760;
@400000005e7477a701d14d16 #d,-,18,2731,2354,1211,273,1,205216,12723,2731,2356,1211,2731,2354,1168,98,100,0,500,2762;
@400000005e7477a701d7d4d0 #d,-,18,2847,2354,1233,274,1,205220,12723,2847,2356,1244,2731,2353,1211,99,100,0,500,2869;
@400000005e7477a901e6e47c #d,-,18,2848,2355,1097,275,1,205199,12722,2848,2355,1234,2847,2352,1097,98,100,0,500,2895;
@400000005e7477a901f0db61 #d,-,18,2601,2354,1081,275,1,205131,12718,2848,2355,1097,2601,2353,1079,97,100,0,500,2659;
@400000005e7477ab01fc44f0 #d,-,18,2546,2354,1100,276,1,205068,12714,2601,2355,1106,2546,2353,1081,98,100,0,500,2580;
@400000005e7477ab0202c536 #d,-,18,2547,2355,1114,277,1,205012,12710,2547,2356,1127,2546,2354,1096,98,100,0,500,2595;
@400000005e7477ad02101b71 #d,-,18,2551,2357,1095,277,1,204950,12706,2551,2357,1114,2547,2354,1094,97,100,0,500,2618;
@400000005e7477ad021985b4 #d,-,18,2552,2357,1102,278,1,204888,12703,2552,2357,1102,2551,2355,1092,98,100,0,500,2593;
@400000005e7477af02262be9 #d,-,18,2553,2357,1223,279,1,204842,12700,2553,2357,1223,2552,2355,1097,98,100,0,500,2595;
@400000005e7477af022d99ac #d,-,18,2716,2357,1070,280,1,204804,12697,2716,2358,1226,2553,2355,1070,99,100,0,500,2732;
@400000005e7477b1023a3c28 #d,-,18,2656,2355,1225,280,1,204847,12700,2716,2357,1241,2656,2354,1069,99,100,0,500,2682;
@400000005e7477b10241c5db #d,-,18,2785,2355,1435,281,1,204775,12696,2785,2357,1435,2656,2354,1076,97,100,0,500,2846;
@400000005e7477b30250ba86 #d,-,18,2992,2355,1327,282,1,204813,12698,2992,2356,1462,2785,2354,1161,98,100,0,500,3023;
@400000005e7477b3025afafd #d,-,18,2997,2355,1329,283,1,204862,12701,2997,2355,1338,2992,2353,1306,98,100,0,500,3031;
@400000005e7477b502647516 #d,-,18,3096,2353,1327,284,1,204964,12707,3096,2355,1329,2997,2352,1312,98,100,0,500,3128;
@400000005e7477b50269a8e0 #d,-,18,3093,2354,1359,284,1,204957,12707,3096,2354,1359,3093,2352,1309,99,100,0,500,3105;
@400000005e7477b70271ea0c #d,-,18,3096,2353,1321,285,1,205001,12710,3096,2354,1359,3093,2350,1309,98,100,0,500,3148;
@400000005e7477b70276c828 #d,-,18,3095,2353,1323,286,1,205046,12712,3096,2354,1323,3095,2351,1320,99,100,0,500,3105;
@400000005e7477b9028172cb #d,-,18,3093,2352,1314,287,1,205144,12718,3095,2353,1324,3093,2351,1305,99,100,0,500,3112;
@400000005e7477b9028956d5 #d,-,18,3244,2354,1259,288,1,205156,12719,3244,2354,1535,3093,2350,1218,100,100,0,500,3244;
@400000005e7477bb02945ae1 #d,-,18,3050,2351,1350,289,1,205204,12722,3244,2355,1350,3050,2350,1259,97,100,0,500,3118;
@400000005e7477bb029b4bd7 #d,-,18,3120,2353,1338,290,1,205256,12725,3120,2354,1360,3050,2350,1325,99,100,0,500,3148;
@400000005e7477bd02a70490 #d,-,18,3118,2354,1310,291,1,205354,12731,3120,2354,1339,3118,2351,1302,99,100,0,500,3139;
@400000005e7477bd02ae8e43 #d,-,18,3114,2354,1271,291,1,205396,12734,3118,2356,1338,3114,2352,1271,100,100,0,500,3114;
@400000005e7477bf02ba0f1b #d,-,18,3017,2355,1293,292,1,205366,12732,3114,2356,1293,3017,2354,1270,98,100,0,500,3056;
@400000005e7477bf02c152f5 #d,-,18,3017,2355,1268,293,1,205395,12734,3017,2357,1301,3017,2352,1264,99,100,0,500,3045;
@400000005e7477c102ca04d1 #d,-,18,3013,2353,1484,294,1,205502,12741,3017,2356,1488,3013,2352,1259,99,100,0,500,3027;
@400000005e7477c102cf19e0 #d,-,18,3123,2356,1333,295,1,205480,12739,3123,2357,1484,3013,2353,1194,98,100,0,500,3173;
@400000005e7477c302d82613 #d,-,18,3119,2356,1336,296,1,205528,12742,3123,2356,1349,3119,2354,1321,100,100,0,500,3119;
@400000005e7477c302dd80fb #d,-,18,3118,2354,1315,296,1,205569,12745,3119,2356,1336,3118,2354,1311,99,100,0,500,3143;
@400000005e7477c502e7f4ac #d,-,18,3053,2355,1292,297,1,205598,12747,3118,2355,1315,3053,2351,1278,98,100,0,501,3089;
@400000005e7477c502ee26b7 #d,-,18,3051,2355,1250,298,1,205627,12748,3053,2356,1326,3051,2353,1248,99,100,0,500,3059;
@400000005e7477c702f5eed0 #d,-,18,2883,2354,1230,299,1,205607,12747,3051,2356,1263,2883,2353,1121,97,100,0,500,2954;
@400000005e7477c702f9fe2b #d,-,18,2880,2354,1290,300,1,205633,12749,2883,2356,1298,2880,2353,1230,100,100,0,500,2880;
@400000005e7477c903060430 #d,-,18,2985,2352,1484,301,1,205679,12752,2985,2356,1486,2880,2352,1257,98,100,0,500,3016;
@400000005e7477c9030d8670 #d,-,18,3098,2356,1087,301,1,205650,12750,3098,2356,1484,2985,2352,1035,98,100,0,500,3153;
@400000005e7477cb031d0a88 #d,-,18,2546,2356,1142,302,1,205603,12747,3098,2356,1183,2546,2354,1058,98,100,0,500,2579;
@400000005e7477cb03278e0d #d,-,18,2672,2356,1190,303,1,205581,12746,2672,2356,1203,2546,2354,1142,98,100,0,500,2708;
@400000005e7477cd03364bc5 #d,-,18,2746,2354,1175,304,1,205554,12744,2746,2356,1190,2672,2352,1158,98,100,0,500,2780;
@400000005e7477cd03410db1 #d,-,18,2744,2354,1171,304,1,205581,12746,2746,2354,1175,2744,2351,1169,99,100,0,500,2765;
@400000005e7477cf0351fa34 #d,-,18,2742,2352,1171,305,1,205502,12741,2744,2355,1171,2742,2351,1169,99,100,0,500,2760;
@400000005e7477cf035c3339 #d,-,18,2742,2351,1165,306,1,205481,12739,2742,2354,1199,2742,2350,1165,99,100,0,500,2769;
@400000005e7477d1036bdab4 #d,-,18,2741,2350,1172,307,1,205455,12738,2742,2352,1174,2741,2350,1164,98,100,0,500,2776;
@400000005e7477d10376c777 #d,-,18,2740,2352,1170,307,1,205430,12736,2741,2353,1172,2740,2350,1170,99,100,0,500,2762;
@400000005e7477d303875d5d #d,-,18,2738,2351,1171,308,1,205404,12735,2740,2352,1172,2738,2351,1169,99,100,0,500,2760;
@400000005e7477d30391c99a #d,-,18,2737,2350,1171,309,1,205379,12733,2738,2353,1172,2737,2349,1169,99,100,0,500,2760;
@400000005e7477d503a1bb97 #d,-,18,2737,2353,1173,310,1,205359,12732,2737,2353,1200,2737,2349,1170,99,100,0,500,2764;
@400000005e7477d503ac241a #d,-,18,2737,2355,1169,310,1,205333,12730,2737,2355,1173,2737,2352,1164,98,100,0,500,2780;
@400000005e7477d703bc680c #d,-,18,2736,2355,1168,311,1,205307,12729,2737,2355,1170,2736,2353,1168,99,100,0,500,2758;
@400000005e7477d703c6d803 #d,-,18,2735,2354,1169,312,1,205282,12727,2736,2356,1170,2735,2353,1168,99,100,0,500,2758;
@400000005e7477d903d6dd8e #d,-,18,2733,2352,1169,313,1,205309,12729,2735,2355,1170,2733,2352,1169,99,100,0,500,2758;
@400000005e7477d903e1fc9c #d,-,18,2733,2356,1183,313,1,205237,12724,2733,2356,1197,2733,2352,1168,99,100,0,500,2758;
@400000005e7477db03f29ae4 #d,-,18,2734,2354,1168,314,1,205212,12723,2734,2356,1183,2733,2354,1161,98,100,0,500,2781;
@400000005e7477db03fd7418 #d,-,18,2733,2352,1170,315,1,205187,12721,2734,2357,1170,2733,2352,1167,99,100,0,500,2757;
@400000005e7477dd040e4d0c #d,-,18,2732,2356,1168,316,1,205213,12723,2733,2357,1170,2732,2352,1168,99,100,0,500,2757;
@400000005e7477dd0418a975 #d,-,18,2731,2354,1168,316,1,205137,12718,2732,2356,1170,2731,2353,1167,99,100,0,501,2757;
@400000005e7477df042946ce #d,-,18,2733,2355,1288,317,1,205142,12718,2733,2356,1288,2731,2353,1168,98,100,0,501,2767;
@400000005e7477df04339361 #d,-,18,2967,2354,1232,318,1,205201,12722,2967,2356,1288,2733,2353,1232,99,100,0,501,2993;
@400000005e7477e1043e0bba #d,-,18,2871,2354,1223,319,1,205149,12719,2967,2356,1232,2871,2351,1218,98,100,0,501,2908;
@400000005e7477e10443c86c #d,-,18,2869,2353,1234,320,1,205150,12719,2871,2354,1235,2869,2352,1223,99,100,0,501,2886;
@400000005e7477e3044e81f6 #d,-,18,2869,2352,1229,320,1,205151,12719,2869,2354,1234,2869,2352,1226,98,100,0,501,2901;
@400000005e7477e30455d0fd #d,-,18,2869,2353,1276,321,1,205209,12722,2869,2354,1276,2869,2351,1229,99,100,0,501,2897;
@400000005e7477e50461ea91 #d,-,18,2875,2355,1233,322,1,205161,12720,2875,2356,1277,2869,2352,1213,97,100,0,501,2949;
@400000005e7477e50468b19f #d,-,18,2873,2354,1091,323,2,205143,12718,2875,2355,1233,2873,2352,1091,99,100,0,501,2892;
@400000005e7477e70472f216 #d,-,18,2623,2356,1144,323,2,205098,12716,2873,2357,1144,2623,2353,1091,97,100,0,501,2682;
@400000005e7477e70479eb6f #d,-,18,2838,2356,1276,324,2,205147,12719,2838,2356,1461,2623,2351,1144,100,100,0,501,2838;
@400000005e7477e9048345dd #d,-,18,3041,2355,1375,325,2,205172,12720,3041,2357,1375,2838,2354,1160,98,100,0,501,3095;
@400000005e7477e904886ac1 #d,-,18,3147,2354,1339,326,2,205218,12723,3147,2357,1375,3041,2353,1318,99,100,0,501,3173;
@400000005e7477eb0490b71a #d,-,18,3142,2354,1339,327,2,205263,12726,3147,2357,1339,3142,2353,1326,100,100,0,501,3142;
@400000005e7477eb04953f87 #d,-,18,3139,2354,1294,328,2,205296,12728,3142,2356,1347,3139,2353,1279,99,100,0,501,3152;
@400000005e7477ed04a03c1f #d,-,18,3020,2356,1297,329,2,205325,12730,3139,2356,1304,3020,2354,1288,99,100,0,501,3050;
@400000005e7477ed04a6c3d9 #d,-,18,3022,2355,1284,329,2,205354,12731,3022,2356,1309,3020,2354,1279,98,100,0,501,3061;
@400000005e7477ef04b1c071 #d,-,18,3021,2356,1343,330,2,205430,12736,3022,2357,1343,3021,2354,1271,98,100,0,501,3052;
@400000005e7477ef04b8cd58 #d,-,18,3200,2357,1319,331,2,205433,12736,3200,2357,1497,3021,2354,1213,99,100,0,501,3221;
@400000005e7477f104c23b55 #d,-,18,3017,2354,1325,332,2,205472,12739,3200,2357,1333,3017,2353,1314,98,100,0,501,3052;
@400000005e7477f104c79283 #d,-,18,3095,2355,1320,333,2,205509,12741,3095,2355,1325,3017,2353,1317,99,100,0,501,3125;
@400000005e7477f304d5f22b #d,-,18,3093,2356,1310,334,2,205593,12746,3095,2356,1322,3093,2353,1304,99,100,0,501,3109;
@400000005e7477f304e02ee9 #d,-,18,3092,2356,1287,335,2,205577,12745,3093,2356,1339,3092,2354,1282,99,100,0,501,3111;
@400000005e7477f504ebef15 #d,-,18,3012,2357,1290,335,2,205603,12747,3092,2357,1294,3012,2354,1287,98,100,0,501,3048;
@400000005e7477f504f2e3c5 #d,-,18,3011,2356,1288,336,2,205673,12751,3012,2357,1290,3011,2355,1273,99,100,0,501,3039;
@400000005e7477f704fc84fb #d,-,18,3007,2355,1439,337,2,205675,12751,3011,2357,1494,3007,2354,1254,99,100,0,501,3015;
@400000005e7477f7050226ab #d,-,18,3087,2356,1331,338,2,205694,12753,3087,2358,1439,3007,2354,1148,98,100,0,501,3136;
@400000005e7477f9050b811a #d,-,18,3152,2356,1310,339,2,205736,12755,3152,2357,1364,3087,2353,1309,99,100,0,501,3153;
@400000005e7477f905110f3b #d,-,18,3051,2354,1290,340,2,205761,12757,3152,2356,1317,3051,2354,1273,98,100,0,501,3098;
@400000005e7477fb051a8865 #d,-,18,3047,2357,1291,340,2,205787,12758,3051,2357,1302,3047,2354,1285,100,100,0,501,3047;
@400000005e7477fb05202a15 #d,-,18,3044,2357,1268,341,2,205808,12760,3047,2357,1298,3044,2355,1265,99,100,0,500,3059;
@400000005e7477fd052aa539 #d,-,18,2968,2356,1285,342,2,205827,12761,3044,2357,1287,2968,2355,1268,98,100,0,501,3002;
@400000005e7477fd0530cfd0 #d,-,18,2970,2356,1250,343,2,205891,12765,2970,2358,1285,2968,2355,1250,98,100,0,500,3016;
@400000005e7477ff053d0cc8 #d,-,18,2829,2356,1440,344,2,205865,12763,2970,2359,1472,2829,2354,1119,98,100,0,500,2885;
@400000005e7477ff054430f8 #d,-,18,3107,2356,1154,344,2,205851,12762,3107,2358,1440,2829,2355,1129,98,100,0,501,3148;
@400000005e74780105539dc7 #d,-,18,2611,2356,1199,345,2,205820,12760,3107,2358,1229,2611,2355,1051,98,100,0,501,2664;
@400000005e747801055e636c #d,-,18,2756,2356,1171,346,2,205795,12759,2756,2357,1199,2611,2353,1153,99,100,0,501,2769;
@400000005e747803056b57dd #d,-,18,2754,2357,1170,347,2,205776,12758,2756,2358,1199,2754,2355,1170,99,100,0,501,2769;
@400000005e7478030575db62 #d,-,18,2753,2355,1169,348,2,205753,12756,2754,2357,1171,2753,2355,1163,98,100,0,500,2781;
@400000005e74780505857f24 #d,-,18,2750,2358,1168,348,2,205729,12755,2753,2358,1171,2750,2355,1168,99,100,0,500,2764;
@400000005e747805058fa0e0 #d,-,18,2747,2355,1170,349,2,205753,12756,2750,2358,1170,2747,2354,1168,99,100,0,500,2760;
@400000005e747807059dbe68 #d,-,18,2745,2355,1169,350,2,205683,12752,2747,2358,1171,2745,2354,1169,99,100,0,500,2762;
@400000005e74780705a89028 #d,-,18,2743,2355,1184,351,2,205665,12751,2745,2356,1198,2743,2354,1169,99,100,0,500,2762;
@400000005e74780905b8a589 #d,-,18,2743,2349,1174,351,2,205642,12749,2743,2357,1184,2743,2345,1163,98,100,0,500,2783;
@400000005e74780905c2f98f #d,-,18,2742,2356,1169,352,2,205665,12751,2743,2357,1174,2742,2349,1166,99,100,0,500,2760;
@400000005e74780b05d247a2 #d,-,18,2740,2352,1171,353,2,205596,12746,2742,2356,1172,2740,2351,1168,99,100,0,500,2758;
@400000005e74780b05dc4240 #d,-,18,2738,2351,1171,354,2,205573,12745,2740,2356,1172,2738,2351,1168,99,100,0,500,2760;
Lost connection at /opt/powertools/bin/wattsup1 line 220.
	main::failure('Lost connection') called at /opt/powertools/bin/wattsup1 line 271
	main::recv_msg() called at /opt/powertools/bin/wattsup1 line 504
