@400000005e62014d2a1aa790 #v,-,8,2,261786,5,2,4,57,200810261703,0;
@400000005e62014e1876dd3b #h,-,18,W,V,A,WH,Cost,WH/Mo,Cost/Mo,Wmax,Vmax,Amax,Wmin,Vmin,Amin,PF,DC,PC,Hz,VA;
@400000005e62014e1e87dfa9 #f,-,48,73,436,1,4775,0,0,65533,0,199,810,237,17949,177,311,4753,4,92217,151,32123,69906,40,694,17008,0,93,1,4659,0,0,65533,0,199,822,242,18484,171,318,5362,2,92206,150,32190,70407,42,536,17029,0,92;
@400000005e6201501e9e8437 #d,-,18,2553,2353,1179,0,0,178711,11080,2555,2354,1180,2553,2352,1169,90,100,0,500,2808;
@400000005e6201521eaebc0d #d,-,18,2552,2350,1169,1,0,180067,11164,2553,2353,1180,2552,2350,1169,90,100,0,500,2810;
@400000005e6201521eb80f08 #d,-,18,2551,2350,1174,2,0,180651,11200,2552,2352,1175,2551,2350,1169,91,100,0,500,2801;
@400000005e6201541ec7226e #d,-,18,2549,2348,1170,3,0,184890,11463,2551,2350,1175,2549,2348,1169,91,100,0,500,2796;
@400000005e6201541ed0daed #d,-,18,2547,2351,1173,3,0,181179,11233,2549,2351,1177,2547,2348,1170,91,100,0,500,2798;
@400000005e6201561ee01571 #d,-,18,2545,2347,1169,4,0,181164,11232,2547,2351,1173,2545,2347,1167,91,100,0,500,2794;
@400000005e6201561ee95896 #d,-,18,2543,2348,1159,5,0,181097,11228,2545,2348,1169,2543,2346,1159,91,100,0,500,2789;
@400000005e6201581ef89a8e #d,-,18,2539,2350,1169,5,0,181029,11223,2543,2350,1169,2539,2348,1158,91,100,0,500,2772;
@400000005e6201581f01f4fc #d,-,18,2535,2350,1149,6,0,180782,11208,2539,2351,1169,2535,2349,1149,91,100,0,500,2775;
@400000005e62015a1f11914a #d,-,18,2528,2350,1152,7,0,180541,11193,2535,2351,1154,2528,2349,1147,91,100,0,500,2749;
@400000005e62015a1f1aff47 #d,-,18,2523,2351,1153,7,0,180342,11181,2528,2352,1154,2523,2349,1148,91,100,0,500,2746;
@400000005e62015c1f2ab697 #d,-,18,2518,2350,1148,8,0,180139,11168,2523,2352,1154,2518,2350,1146,91,100,0,500,2749;
@400000005e62015c1f342494 #d,-,18,2512,2353,1150,9,0,179935,11156,2518,2353,1150,2512,2350,1145,91,100,0,500,2742;
@400000005e62015e1f436eee #d,-,18,2507,2351,1144,10,0,179769,11145,2512,2354,1153,2507,2351,1144,91,100,0,500,2742;
@400000005e62015e1f4cb213 #d,-,18,2503,2353,1150,10,0,179632,11137,2507,2354,1150,2503,2351,1143,91,100,0,500,2744;
@400000005e6201601f5bdcc2 #d,-,18,2499,2352,1138,11,0,179469,11127,2503,2353,1150,2499,2350,1138,91,100,0,500,2739;
@400000005e6201601f659cb4 #d,-,18,2494,2351,1143,12,0,179300,11116,2499,2353,1145,2494,2350,1138,91,100,0,500,2727;
@400000005e6201621f755c66 #d,-,18,2490,2353,1149,12,0,179196,11110,2494,2353,1153,2490,2350,1140,91,100,0,500,2727;
@400000005e6201621f7ec201 #d,-,18,2488,2351,1146,13,0,179087,11103,2490,2353,1150,2488,2351,1142,90,100,0,500,2742;
@400000005e6201641f8e1014 #d,-,18,2486,2353,1144,14,0,178982,11096,2488,2353,1149,2486,2350,1141,90,100,0,500,2737;
@400000005e6201641f980ab3 #d,-,18,2483,2351,1142,14,0,178873,11090,2486,2353,1144,2483,2351,1140,90,100,0,500,2732;
@400000005e6201661fa7ddf3 #d,-,18,2480,2353,1142,15,0,178761,11083,2483,2353,1144,2480,2351,1139,90,100,0,500,2730;
@400000005e6201661fb14bf0 #d,-,18,2476,2354,1136,16,0,178641,11075,2480,2354,1142,2476,2351,1135,90,100,0,500,2725;
@400000005e6201681fc131d2 #d,-,18,2473,2352,1137,16,0,178518,11068,2476,2354,1140,2473,2352,1136,90,100,0,500,2720;
@400000005e6201681fca799f #d,-,18,2470,2354,1139,17,0,178417,11061,2473,2354,1141,2470,2351,1136,90,100,0,500,2720;
@400000005e62016a1fd949f8 #d,-,18,2467,2353,1137,18,0,178317,11055,2470,2354,1142,2467,2352,1136,90,100,0,500,2720;
@400000005e62016a1fe37415 #d,-,18,2465,2355,1138,18,0,178225,11049,2467,2355,1140,2465,2352,1135,90,100,0,500,2723;
@400000005e62016c1ff3713f #d,-,18,2463,2354,1133,19,0,178119,11043,2465,2355,1139,2463,2353,1133,90,100,0,500,2720;
@400000005e62016c1ffcfee6 #d,-,18,2460,2354,1137,20,0,178016,11036,2463,2356,1137,2460,2353,1132,90,100,0,500,2713;
@400000005e62016e200cf0e3 #d,-,18,2457,2355,1136,20,0,177919,11030,2460,2356,1137,2457,2354,1131,90,100,0,500,2713;
@400000005e62016e20166653 #d,-,18,2455,2354,1131,21,0,177823,11025,2457,2355,1137,2455,2353,1131,90,100,0,500,2713;
@400000005e6201702025cbaf #d,-,18,2453,2357,1134,22,0,177743,11020,2455,2357,1137,2453,2354,1131,90,100,0,500,2713;
@400000005e62017020303078 #d,-,18,2451,2355,1135,22,0,177667,11015,2453,2357,1136,2451,2355,1132,90,100,0,500,2711;
@400000005e620172204002cb #d,-,18,2450,2356,1136,23,0,177604,11011,2451,2356,1137,2450,2354,1134,90,100,0,500,2715;
@400000005e6201722049659b #d,-,18,2450,2354,1135,24,0,177536,11007,2450,2356,1138,2450,2354,1133,90,100,0,500,2718;
@400000005e6201742058e23f #d,-,18,2449,2355,1135,24,0,177476,11003,2450,2355,1137,2449,2353,1133,90,100,0,500,2715;
@400000005e6201742062291e #d,-,18,2447,2354,1133,25,0,177411,10999,2449,2355,1138,2447,2353,1131,90,100,0,500,2715;
@400000005e62017620713511 #d,-,18,2447,2353,1136,26,0,177361,10996,2447,2354,1138,2447,2353,1132,90,100,0,500,2713;
@400000005e620176207ad19f #d,-,18,2447,2355,1133,27,0,177310,10993,2447,2355,1137,2447,2353,1132,90,100,0,500,2718;
@400000005e620178208ab3c7 #d,-,18,2446,2353,1132,27,0,177254,10989,2447,2355,1134,2446,2353,1131,90,100,0,500,2711;
@400000005e6201782094416e #d,-,18,2445,2352,1133,28,0,177198,10986,2446,2354,1136,2445,2352,1132,90,100,0,500,2711;
@400000005e62017a20a44ab3 #d,-,18,2444,2352,1136,29,0,177567,11009,2445,2352,1137,2444,2350,1133,90,100,0,500,2711;
@400000005e62017a20adc4cb #d,-,18,2444,2350,1137,29,0,177103,10980,2444,2352,1138,2444,2350,1133,90,100,0,500,2713;
@400000005e62017c20b7a467 #d,-,18,2443,2350,1155,30,0,177066,10978,2444,2350,1155,2443,2348,1134,90,100,0,500,2711;
@400000005e62017c20bc5b66 #d,-,18,2966,2347,1592,31,0,178827,11087,2966,2350,1711,2443,2346,1155,95,100,0,500,3097;
@400000005e62017e20cfcf2e #d,-,18,3393,2347,1186,32,0,179604,11135,3393,2348,1592,2966,2345,1186,93,100,0,500,3645;
@400000005e62017e20d93d2b #d,-,18,3471,2344,2005,33,0,182489,11314,3471,2347,2312,3393,2343,1157,94,100,0,500,3654;
@400000005e62018020ede714 #d,-,18,4643,2341,2053,34,0,185641,11509,4643,2344,2124,3471,2341,1914,95,100,0,500,4882;
@400000005e62018020f9fc01 #d,-,18,4551,2344,2018,35,0,188374,11679,4643,2345,2053,4551,2341,1845,95,100,0,500,4749;
@400000005e620182211024b0 #d,-,18,4363,2344,1917,37,0,190855,11833,4551,2344,2032,4363,2343,1827,96,100,0,500,4538;
@400000005e620182211d1479 #d,-,18,4419,2344,1904,38,0,193665,12007,4419,2345,1983,4363,2344,1886,96,100,0,500,4557;
@400000005e620184212dc64f #d,-,18,4418,2344,1922,39,0,195641,12129,4419,2344,1983,4418,2342,1889,96,100,0,500,4557;
@400000005e6201842137ff54 #d,-,18,4421,2350,1904,40,0,197904,12270,4421,2350,1983,4418,2343,1887,96,100,0,500,4578;
@400000005e620186214b0625 #d,-,18,4421,2347,1923,42,0,200092,12405,4421,2350,2004,4421,2346,1871,96,100,0,500,4590;
@400000005e620186215746d7 #d,-,18,4420,2348,1991,43,0,202241,12538,4421,2350,1991,4420,2347,1889,96,100,0,500,4569;
@400000005e62018821678bb7 #d,-,18,4422,2350,1941,44,0,204311,12667,4422,2350,1994,4420,2347,1907,96,100,0,500,4585;
@400000005e6201882171cc2e #d,-,18,4425,2347,1925,45,0,206307,12791,4425,2350,1970,4422,2347,1920,96,100,0,500,4595;
@400000005e62018a21807a11 #d,-,18,4429,2349,1935,47,0,208240,12910,4429,2350,1954,4425,2347,1925,96,100,0,500,4604;
@400000005e62018a218a03ff #d,-,18,4433,2347,1949,48,0,210122,13027,4433,2350,1961,4429,2347,1934,96,100,0,500,4609;
@400000005e62018c219c2ff3 #d,-,18,4436,2348,1960,49,0,211952,13141,4436,2349,1961,4433,2347,1936,96,100,0,500,4612;
@400000005e62018c21a8226a #d,-,18,4439,2347,1941,50,0,213709,13249,4439,2349,1960,4436,2346,1935,96,100,0,500,4609;
@400000005e62018e21b8093a #d,-,18,4442,2349,1942,52,0,215763,13377,4442,2349,1964,4439,2346,1933,96,100,0,500,4607;
@400000005e62018e21c1f403 #d,-,18,4447,2347,1945,53,0,217423,13480,4447,2349,1971,4442,2347,1937,96,100,0,500,4628;
@400000005e62019021d3e54b #d,-,18,4450,2350,1975,54,0,218702,13559,4450,2350,1975,4447,2347,1928,96,100,0,500,4628;
@400000005e62019021df3ff3 #d,-,18,4453,2349,1965,55,0,220279,13657,4453,2351,1983,4450,2348,1929,96,100,0,500,4621;
@400000005e62019221ee18ae #d,-,18,4455,2350,1933,56,0,221788,13750,4455,2350,1996,4453,2347,1912,96,100,0,500,4623;
@400000005e62019221f80f92 #d,-,18,4458,2349,1951,58,0,223263,13842,4458,2351,1968,4455,2349,1923,96,100,0,500,4621;
@400000005e620194220b60e5 #d,-,18,4462,2348,1951,59,0,224705,13931,4462,2349,1969,4458,2348,1945,96,100,0,500,4642;
@400000005e620194221831f1 #d,-,18,4465,2351,1970,60,0,226118,14019,4465,2351,1972,4462,2348,1943,96,100,0,500,4642;
@400000005e6201962229222e #d,-,18,4467,2350,1955,61,0,227482,14103,4467,2351,1970,4465,2349,1938,96,100,0,500,4633;
@400000005e62019622331913 #d,-,18,4469,2350,1945,63,0,229120,14205,4469,2351,1969,4467,2349,1939,96,100,0,500,4630;
@400000005e620198224243c2 #d,-,18,4472,2346,1956,64,0,230087,14265,4472,2350,1975,4469,2346,1943,96,100,0,500,4635;
@400000005e620198224bc194 #d,-,18,4475,2347,1952,65,0,231663,14363,4475,2348,1976,4472,2346,1941,96,100,0,500,4652;
@400000005e62019a225f1a5a #d,-,18,4478,2346,1983,66,0,232592,14420,4478,2347,1987,4475,2346,1945,96,100,0,500,4647;
@400000005e62019a226b108a #d,-,18,4480,2348,1958,68,0,233789,14494,4480,2348,1986,4478,2346,1942,96,100,0,500,4645;
@400000005e62019c227a9d03 #d,-,18,4482,2349,1947,69,0,234950,14566,4482,2349,1982,4480,2347,1946,96,100,0,500,4642;
@400000005e62019c2284fd25 #d,-,18,4485,2347,1956,70,0,236085,14637,4485,2349,1981,4482,2346,1947,96,100,0,500,4649;
@400000005e62019e2297748a #d,-,18,4487,2349,1964,71,0,237185,14705,4487,2350,1978,4485,2346,1927,96,100,0,500,4649;
@400000005e62019e22a31c7f #d,-,18,4487,2347,2027,73,0,238279,14773,4487,2349,2027,4487,2347,1902,96,100,0,500,4647;
@400000005e6201a022b331df #d,-,18,4488,2350,1963,74,0,239339,14839,4488,2350,2030,4487,2347,1926,96,100,0,500,4642;
@400000005e6201a022bcda89 #d,-,18,4491,2348,1956,75,0,240374,14903,4491,2350,1988,4488,2348,1953,96,100,0,500,4661;
@400000005e6201a222ca9dba #d,-,18,4496,2351,1957,76,0,241680,14984,4496,2351,1986,4491,2347,1954,96,100,0,500,4668;
@400000005e6201a222d36f41 #d,-,18,4498,2350,1970,78,0,242376,15027,4498,2351,1984,4496,2349,1950,96,100,0,500,4666;
@400000005e6201a422e852e8 #d,-,18,4499,2352,2020,79,0,243349,15087,4499,2353,2020,4498,2349,1914,96,100,0,500,4659;
@400000005e6201a422f4d200 #d,-,18,4499,2351,1966,80,0,244289,15145,4499,2352,2022,4499,2350,1935,96,100,0,500,4654;
@400000005e6201a6230516e0 #d,-,18,4500,2352,1954,81,0,245208,15202,4500,2353,1979,4499,2351,1954,96,100,0,500,4659;
@400000005e6201a6230e9c25 #d,-,18,4503,2354,1958,83,0,246107,15258,4503,2354,1976,4500,2351,1950,96,100,0,500,4664;
@400000005e6201a82322246b #d,-,18,4504,2353,1956,84,0,246986,15313,4504,2354,1977,4503,2351,1951,96,100,0,500,4666;
@400000005e6201a8232e6c90 #d,-,18,4505,2353,1975,85,0,247852,15366,4505,2353,1977,4504,2351,1953,96,100,0,500,4664;
@400000005e6201aa233f1e67 #d,-,18,4505,2348,1970,86,0,248697,15419,4505,2353,1980,4505,2348,1953,96,100,0,500,4657;
@400000005e6201aa2348e986 #d,-,18,4506,2350,1956,88,0,249519,15470,4506,2350,1977,4505,2347,1956,96,100,0,500,4664;
@400000005e6201ac235a146f #d,-,18,4507,2348,1959,89,0,250590,15536,4507,2350,1979,4506,2348,1953,96,100,0,500,4659;
@400000005e6201ac2365284f #d,-,18,4508,2347,1964,90,0,251109,15568,4508,2348,1975,4507,2347,1954,96,100,0,500,4664;
@400000005e6201ae2377e0e5 #d,-,18,4508,2348,1979,92,0,252148,15633,4508,2349,1979,4508,2347,1955,96,100,0,500,4664;
@400000005e6201ae2383cfa2 #d,-,18,4509,2348,1974,93,0,252651,15664,4509,2349,1983,4508,2347,1964,96,100,0,500,4661;
@400000005e6201b0239404ad #d,-,18,4511,2348,1964,94,0,253400,15710,4511,2350,1981,4509,2348,1964,96,100,0,500,4673;
@400000005e6201b0239e1694 #d,-,18,4513,2351,1964,95,0,254136,15756,4513,2351,1983,4511,2348,1963,96,100,0,500,4676;
@400000005e6201b223af391b #d,-,18,4515,2350,1973,97,0,254859,15801,4515,2352,1977,4513,2350,1962,96,100,0,500,4680;
@400000005e6201b223b93773 #d,-,18,4517,2352,1976,98,0,255569,15845,4517,2352,1982,4515,2350,1963,96,100,0,500,4680;
@400000005e6201b423c92970 #d,-,18,4518,2350,1971,99,0,256261,15888,4518,2352,1976,4517,2349,1960,96,100,0,500,4676;
@400000005e6201b423d36ad6 #d,-,18,4518,2350,1966,100,0,256934,15929,4518,2351,1977,4518,2349,1959,96,100,0,500,4668;
@400000005e6201b623e4c096 #d,-,18,4519,2349,1962,101,0,257845,15986,4519,2351,1974,4518,2349,1957,96,100,0,500,4671;
@400000005e6201b623efdbea #d,-,18,4519,2352,1970,103,0,258245,16011,4519,2352,1975,4519,2349,1959,96,100,0,500,4671;
@400000005e6201b824007dec #d,-,18,4520,2351,1971,104,0,258881,16050,4520,2352,1975,4519,2350,1958,96,100,0,500,4673;
@400000005e6201b8240aa71b #d,-,18,4520,2352,1976,105,0,259508,16089,4520,2353,1976,4520,2350,1962,96,100,0,500,4676;
@400000005e6201ba24189259 #d,-,18,4520,2350,1968,106,0,260120,16127,4520,2352,1976,4520,2350,1959,96,100,0,500,4668;
@400000005e6201ba24215050 #d,-,18,4520,2352,1961,108,0,260721,16164,4520,2353,1973,4520,2350,1960,96,100,0,500,4671;
@400000005e6201bc24322856 #d,-,18,4520,2351,1967,109,0,261315,16201,4520,2352,1973,4520,2351,1961,96,100,0,500,4671;
@400000005e6201bc243d5828 #d,-,18,4521,2352,1965,110,0,261896,16237,4521,2352,1975,4520,2350,1964,96,100,0,500,4673;
@400000005e6201be244dde39 #d,-,18,4521,2351,1979,111,0,262471,16273,4521,2352,1979,4521,2350,1964,96,100,0,500,4678;
@400000005e6201be2457c9f0 #d,-,18,4522,2351,1971,113,0,263267,16322,4522,2353,1980,4521,2351,1961,96,100,0,500,4673;
@400000005e6201c0246a291e #d,-,18,4522,2352,1963,114,0,263581,16342,4522,2352,1975,4522,2349,1960,96,100,0,500,4673;
@400000005e6201c024756f49 #d,-,18,4522,2351,1972,115,0,264354,16389,4522,2352,1978,4522,2351,1959,96,100,0,500,4671;
@400000005e6201c224850b97 #d,-,18,4522,2350,1963,116,0,264652,16408,4522,2351,1975,4522,2349,1960,96,100,0,500,4676;
@400000005e6201c2248ec416 #d,-,18,4522,2352,1981,118,0,265178,16441,4522,2352,1981,4522,2350,1957,96,100,0,500,4676;
@400000005e6201c4249fea57 #d,-,18,4523,2351,1973,119,0,265692,16472,4523,2352,1983,4522,2350,1963,96,100,0,500,4676;
@400000005e6201c424abb5b0 #d,-,18,4523,2352,1969,120,0,266199,16504,4523,2353,1976,4523,2351,1961,96,100,0,500,4676;
@400000005e6201c624bb0fde #d,-,18,4524,2351,1972,121,0,266699,16535,4524,2352,1977,4523,2350,1963,96,100,0,500,4678;
@400000005e6201c624c51a52 #d,-,18,4525,2352,1964,123,0,267188,16565,4525,2353,1980,4524,2350,1960,96,100,0,500,4678;
@400000005e6201c824d45890 #d,-,18,4525,2351,1983,124,0,267675,16595,4525,2352,1983,4525,2350,1960,96,100,0,500,4680;
@400000005e6201c824de1ff5 #d,-,18,4526,2351,1976,125,0,268373,16639,4526,2352,1983,4525,2350,1961,96,100,0,500,4683;
@400000005e6201ca24f06420 #d,-,18,4526,2349,1966,127,0,268618,16654,4526,2351,1983,4526,2349,1961,96,100,0,500,4678;
@400000005e6201ca24fb6be5 #d,-,18,4527,2351,1970,128,0,269296,16696,4527,2352,1981,4526,2349,1961,96,100,0,500,4678;
@400000005e6201cc250b4efb #d,-,18,4528,2349,1964,129,0,269530,16710,4528,2351,1984,4527,2348,1961,96,100,0,500,4683;
@400000005e6201cc2514d441 #d,-,18,4528,2350,1980,130,0,269977,16738,4528,2351,1980,4528,2349,1962,96,100,0,500,4678;
@400000005e6201ce252648bd #d,-,18,4528,2348,1976,132,0,270417,16765,4528,2350,1981,4528,2348,1962,96,100,0,500,4680;
@400000005e6201ce2530fad4 #d,-,18,4528,2351,1969,133,0,270849,16792,4528,2351,1982,4528,2348,1961,96,100,0,500,4678;
@400000005e6201d025409adc #d,-,18,4528,2350,1970,134,0,271274,16819,4528,2352,1982,4528,2349,1961,96,100,0,500,4678;
@400000005e6201d0254a1c67 #d,-,18,4529,2352,1970,135,0,271693,16845,4529,2352,1985,4528,2350,1959,96,100,0,500,4683;
@400000005e6201d2255d7174 #d,-,18,4530,2350,1983,137,0,272107,16870,4530,2352,1983,4529,2350,1958,96,100,0,500,4685;
@400000005e6201d22568c001 #d,-,18,4529,2352,1976,138,0,272513,16895,4530,2352,1985,4529,2349,1960,96,100,0,500,4678;
@400000005e6201d425788bce #d,-,18,4529,2350,1968,139,0,273116,16933,4529,2353,1980,4529,2350,1960,96,100,0,500,4676;
@400000005e6201d42581bf1f #d,-,18,4529,2353,1963,140,0,273507,16957,4529,2353,1980,4529,2349,1963,96,100,0,500,4676;
@400000005e6201d625917de2 #d,-,18,4529,2352,1965,142,0,273688,16968,4529,2353,1980,4529,2351,1960,96,100,0,500,4678;
@400000005e6201d6259b1b5f #d,-,18,4529,2352,1978,143,0,274069,16992,4529,2353,1979,4529,2351,1959,96,100,0,500,4678;
@400000005e6201d825acf1a5 #d,-,18,4528,2350,1976,144,0,274446,17015,4529,2353,1986,4528,2350,1958,96,100,0,500,4676;
@400000005e6201d825b7a775 #d,-,18,4528,2352,1969,145,0,274816,17038,4528,2352,1983,4528,2350,1959,96,100,0,500,4680;
@400000005e6201da25c69fda #d,-,18,4527,2350,1965,147,0,275178,17061,4528,2352,1983,4527,2350,1961,96,100,0,500,4671;
@400000005e6201da25d11afe #d,-,18,4528,2351,1969,148,0,275538,17083,4528,2352,1983,4527,2349,1961,96,100,0,500,4680;
@400000005e6201dc25e5e75d #d,-,18,4529,2350,1981,149,0,275896,17105,4529,2351,1984,4528,2350,1961,96,100,0,500,4683;
@400000005e6201dc25f2861f #d,-,18,4529,2351,1978,150,0,276248,17127,4529,2352,1986,4529,2349,1962,96,100,0,500,4680;
@400000005e6201de26026846 #d,-,18,4528,2350,1969,152,0,276593,17148,4529,2352,1983,4528,2350,1961,96,100,0,500,4680;
@400000005e6201de260bf9a7 #d,-,18,4528,2352,1962,153,0,276934,17169,4528,2353,1988,4528,2350,1961,96,100,0,500,4678;
@400000005e6201e0261bcbf9 #d,-,18,4529,2351,1956,154,0,277266,17190,4529,2352,1982,4528,2350,1956,96,100,0,500,4680;
@400000005e6201e026261d34 #d,-,18,4529,2352,1977,155,0,277597,17211,4529,2352,1989,4529,2350,1952,96,100,0,500,4680;
@400000005e6201e226386072 #d,-,18,4529,2351,1988,157,0,277926,17231,4529,2352,1989,4529,2349,1956,96,100,0,500,4676;
@400000005e6201e2264452e8 #d,-,18,4528,2351,1973,158,0,278248,17251,4529,2353,1988,4528,2351,1958,96,100,0,500,4676;
@400000005e6201e42653ccc1 #d,-,18,4528,2352,1966,159,0,278564,17271,4528,2352,1988,4528,2350,1959,96,100,0,500,4678;
@400000005e6201e4265dd28c #d,-,18,4529,2351,1965,160,0,278877,17290,4529,2352,1987,4528,2350,1962,96,100,0,500,4680;
@400000005e6201e6266fc4c3 #d,-,18,4529,2350,1973,162,1,279371,17321,4529,2353,1986,4529,2350,1961,96,100,0,500,4685;
@400000005e6201e6267adc5d #d,-,18,4529,2352,1982,163,1,279495,17328,4529,2352,1983,4529,2350,1965,96,100,0,500,4680;
@400000005e6201e8268cba17 #d,-,18,4529,2351,1971,164,1,279797,17347,4529,2352,1982,4529,2350,1965,96,100,0,500,4678;
@400000005e6201e826976874 #d,-,18,4529,2352,1967,166,1,280092,17365,4529,2352,1984,4529,2350,1960,96,100,0,500,4678;
@400000005e6201ea26a7ebba #d,-,18,4529,2352,1967,167,1,280385,17383,4529,2352,1987,4529,2350,1961,96,100,0,500,4678;
@400000005e6201ea26b21d4b #d,-,18,4529,2351,1972,168,1,280675,17401,4529,2353,1984,4529,2351,1964,96,100,0,500,4683;
@400000005e6201ec26c619fa #d,-,18,4529,2352,1985,169,1,280962,17419,4529,2353,1985,4529,2351,1955,96,100,0,500,4680;
@400000005e6201ec26d19718 #d,-,18,4529,2352,1972,171,1,281246,17437,4529,2353,1987,4529,2351,1960,96,100,0,500,4678;
@400000005e6201ee26e0c2b6 #d,-,18,4528,2352,1967,172,1,281700,17465,4529,2353,1981,4528,2352,1959,96,100,0,500,4676;
@400000005e6201ee26ea4f6e #d,-,18,4529,2352,1963,173,1,281795,17471,4529,2353,1980,4528,2350,1963,96,100,0,500,4676;
@400000005e6201f026fd4759 #d,-,18,4529,2351,1965,174,1,282065,17488,4529,2353,1985,4529,2350,1955,96,100,0,500,4680;
@400000005e6201f02708d44c #d,-,18,4529,2352,1987,176,1,282337,17504,4529,2353,1993,4529,2350,1961,96,100,0,500,4683;
@400000005e6201f2271b275e #d,-,18,4528,2352,1974,177,1,282602,17521,4529,2352,1989,4528,2350,1961,96,100,0,500,4676;
@400000005e6201f22726044c #d,-,18,4527,2350,1970,178,1,282862,17537,4528,2352,1988,4527,2350,1955,96,100,0,500,4673;
@400000005e6201f42735a09a #d,-,18,4529,2350,1970,179,1,283129,17554,4529,2351,1991,4527,2348,1970,96,100,0,500,4685;
@400000005e6201f4273f0ade #d,-,18,4532,2348,1973,181,1,283388,17570,4532,2351,1998,4529,2346,1963,96,100,0,500,4697;
@400000005e6201f62753951d #d,-,18,4533,2350,1989,182,1,283817,17596,4533,2350,1990,4532,2347,1966,96,100,0,500,4690;
@400000005e6201f6275fe0fc #d,-,18,4533,2348,1986,183,1,283904,17602,4533,2350,1997,4533,2347,1967,96,100,0,500,4690;
@400000005e6201f8276f8d1f #d,-,18,4534,2350,1970,184,1,284154,17617,4534,2350,1995,4533,2348,1964,96,100,0,500,4690;
@400000005e6201f8277950ca #d,-,18,4535,2348,1970,186,1,284402,17632,4535,2350,1993,4534,2348,1966,96,100,0,500,4683;
@400000005e6201fa278e15b6 #d,-,18,4537,2349,1969,187,1,284648,17648,4537,2349,1997,4535,2347,1967,96,100,0,500,4692;
@400000005e6201fa279a232f #d,-,18,4537,2348,1983,188,1,284892,17663,4537,2349,1999,4537,2347,1967,96,100,0,500,4694;
@400000005e6201fc27acd098 #d,-,18,4537,2347,1996,189,1,285135,17678,4537,2349,1998,4537,2347,1967,96,100,0,500,4687;
@400000005e6201fc27b832b4 #d,-,18,4538,2349,1981,191,1,285373,17693,4538,2349,1998,4537,2347,1968,96,100,0,500,4690;
@400000005e6201fe27c83bf9 #d,-,18,4538,2347,1970,192,1,285604,17707,4538,2349,1996,4538,2347,1966,96,100,0,500,4687;
@400000005e6201fe27d25641 #d,-,18,4539,2346,1971,193,1,285998,17731,4539,2349,1997,4538,2346,1967,96,100,0,500,4692;
@400000005e62020027e662c6 #d,-,18,4540,2348,1971,195,1,286226,17746,4540,2348,2002,4539,2345,1963,96,100,0,500,4692;
@400000005e62020027f2f56c #d,-,18,4539,2347,1999,196,1,286295,17750,4540,2348,2002,4539,2346,1967,96,100,0,500,4690;
@400000005e6202022802a903 #d,-,18,4539,2348,1988,197,1,286520,17764,4539,2348,2001,4539,2346,1965,96,100,0,500,4687;
@400000005e620202280cb730 #d,-,18,4539,2346,1969,198,1,286741,17777,4539,2348,2005,4539,2346,1962,96,100,0,500,4692;
@400000005e620204281ad0fe #d,-,18,4540,2346,1976,200,1,286961,17791,4540,2348,2005,4539,2346,1962,96,100,0,500,4687;
@400000005e6202042824044f #d,-,18,4542,2348,1957,201,1,287175,17804,4542,2349,2000,4540,2346,1957,96,100,0,500,4699;
@400000005e6202062836c09f #d,-,18,4542,2346,1996,202,1,287393,17818,4542,2348,2007,4542,2346,1956,96,100,0,500,4697;
@400000005e62020628422ed6 #d,-,18,4541,2347,2002,203,1,287609,17831,4542,2348,2007,4541,2346,1959,96,100,0,500,4687;
@400000005e6202082850ec8e #d,-,18,4541,2347,1977,204,1,287974,17854,4541,2347,2006,4541,2344,1960,96,100,0,500,4687;
@400000005e620208285a908f #d,-,18,4540,2345,1966,206,1,288023,17857,4541,2347,2008,4540,2344,1958,96,100,0,500,4687;
@400000005e62020a286c631c #d,-,18,4542,2345,1979,207,1,288229,17870,4542,2346,2011,4540,2344,1956,96,100,0,500,4692;
@400000005e62020a28779a60 #d,-,18,4543,2344,1975,208,1,288431,17882,4543,2346,2010,4542,2344,1959,96,100,0,500,4697;
@400000005e62020c2889a026 #d,-,18,4542,2345,2007,209,1,288637,17895,4543,2345,2011,4542,2343,1964,96,100,0,500,4692;
@400000005e62020c289520fd #d,-,18,4542,2343,1988,211,1,288836,17907,4542,2345,2008,4542,2343,1968,96,100,0,500,4687;
@400000005e62020e28a47b2c #d,-,18,4541,2344,1970,212,1,289031,17919,4542,2344,2000,4541,2343,1969,96,100,0,500,4687;
@400000005e62020e28ade56f #d,-,18,4542,2343,1980,213,1,289227,17932,4542,2345,1999,4541,2343,1970,96,100,0,500,4692;
@400000005e62021028c360e5 #d,-,18,4543,2344,1974,214,1,289419,17944,4543,2345,1994,4542,2343,1971,96,100,0,500,4699;
@400000005e62021028cfdffd #d,-,18,4543,2341,1997,216,1,289765,17965,4543,2345,2000,4543,2341,1974,96,100,0,500,4694;
@400000005e62021228dfb6f7 #d,-,18,4542,2345,1991,217,1,289954,17977,4543,2345,2000,4542,2341,1973,96,100,0,500,4690;
@400000005e62021228e9151f #d,-,18,4542,2344,1974,218,1,289989,17979,4542,2345,1993,4542,2343,1972,96,100,0,500,4685;
@400000005e62021428fc99ab #d,-,18,4542,2346,1974,220,1,290172,17990,4542,2346,1992,4542,2344,1971,96,100,0,500,4685;
@400000005e6202142907919b #d,-,18,4542,2344,1974,221,1,290354,18001,4542,2346,1992,4542,2344,1971,96,100,0,500,4692;
@400000005e620216291c9c60 #d,-,18,4542,2344,1986,222,1,290534,18013,4542,2346,1991,4542,2344,1970,96,100,0,500,4690;
@400000005e62021629293edb #d,-,18,4541,2345,1994,223,1,290715,18024,4542,2345,1994,4541,2344,1971,96,100,0,500,4685;
@400000005e62021829389cc4 #d,-,18,4541,2344,1982,225,1,290894,18035,4541,2346,1994,4541,2344,1974,96,100,0,500,4690;
@400000005e62021829421e4f #d,-,18,4541,2345,1973,226,1,291070,18046,4541,2345,1995,4541,2343,1972,96,100,0,500,4690;
@400000005e62021a295bf75b #d,-,18,4542,2345,1970,227,1,291385,18065,4542,2346,1992,4541,2345,1970,96,100,0,500,4687;
@400000005e62021a29693dc1 #d,-,18,4542,2344,1979,228,1,291558,18076,4542,2345,1995,4542,2343,1970,96,100,0,500,4694;
@400000005e62021c2979bc5f #d,-,18,4541,2345,1993,230,1,291587,18078,4542,2347,1996,4541,2344,1969,96,100,0,500,4690;
@400000005e62021c2984731d #d,-,18,4541,2346,1988,231,1,291757,18088,4541,2347,1996,4541,2345,1972,96,100,0,500,4687;
@400000005e62021e2992e654 #d,-,18,4541,2345,1977,232,1,291923,18099,4541,2347,1989,4541,2345,1972,96,100,0,500,4687;
@400000005e62021e299b5e72 #d,-,18,4473,2348,1586,233,1,291939,18100,4541,2349,1977,4473,2345,1586,96,100,0,500,4645;
@400000005e62022029a9e8f1 #d,-,18,3888,2348,1492,234,1,291781,18090,4473,2348,1778,3888,2347,1492,94,100,0,500,4102;
@400000005e62022029b375aa #d,-,18,3016,2350,1189,235,1,291273,18058,3888,2350,1492,3016,2347,1108,90,100,0,500,3351;
@400000005e62022229c2e721 #d,-,18,2607,2350,1190,236,1,290773,18027,3016,2350,1203,2607,2349,1188,91,100,0,500,2855;
@400000005e62022229cc3574 #d,-,18,2604,2351,1179,236,1,290409,18005,2607,2352,1193,2604,2350,1179,91,100,0,500,2841;
@400000005e62022429db3192 #d,-,18,2599,2349,1170,237,1,289905,17974,2604,2351,1181,2599,2349,1169,92,100,0,500,2822;
@400000005e62022429e4edca #d,-,18,2545,2351,1171,238,1,289401,17942,2599,2352,1176,2545,2349,1168,90,100,0,500,2801;
@400000005e62022629f37cf1 #d,-,18,2543,2353,1166,239,1,288763,17903,2545,2353,1172,2543,2351,1166,90,100,0,500,2796;
@400000005e62022629fceaee #d,-,18,2541,2353,1168,239,1,288263,17872,2543,2354,1169,2541,2352,1163,91,100,0,500,2787;
@400000005e6202282a0b9c8b #d,-,18,2538,2355,1167,240,1,287767,17841,2541,2355,1168,2538,2352,1164,91,100,0,500,2784;
@400000005e6202282a15ae71 #d,-,18,2536,2353,1162,241,1,287273,17810,2538,2355,1168,2536,2353,1157,90,100,0,500,2789;
@400000005e62022a2a24f069 #d,-,18,2532,2353,1159,241,1,286781,17780,2536,2356,1162,2532,2353,1152,91,100,0,500,2772;
@400000005e62022a2a2e56f2 #d,-,18,2528,2355,1154,242,1,286294,17750,2532,2355,1163,2528,2353,1154,91,100,0,500,2768;
@400000005e62022c2a3d4aaf #d,-,18,2524,2354,1156,243,1,285806,17719,2528,2355,1157,2524,2353,1147,91,100,0,500,2765;
@400000005e62022c2a4699f0 #d,-,18,2520,2355,1151,243,1,285451,17698,2524,2356,1157,2520,2353,1151,91,100,0,500,2756;
@400000005e62022e2a559d81 #d,-,18,2516,2356,1151,244,1,284841,17660,2520,2356,1156,2516,2354,1149,91,100,0,500,2758;
@400000005e62022e2a5f179a #d,-,18,2512,2355,1147,245,1,284364,17630,2516,2357,1154,2512,2354,1146,91,100,0,500,2753;
@400000005e6202302a6e8cca #d,-,18,2507,2356,1148,245,1,283888,17601,2512,2356,1150,2507,2355,1143,91,100,0,500,2749;
@400000005e6202302a77f70e #d,-,18,2503,2356,1149,246,1,283419,17572,2507,2356,1152,2503,2354,1146,91,100,0,500,2744;
@400000005e6202322a8763dc #d,-,18,2501,2354,1144,247,1,282953,17543,2503,2356,1153,2501,2354,1144,90,100,0,500,2749;
@400000005e6202322a90b6d7 #d,-,18,2496,2355,1145,248,1,282486,17514,2501,2355,1145,2496,2353,1139,91,100,0,500,2737;
@400000005e6202342a9dab48 #d,-,18,2492,2353,1102,248,1,282143,17492,2496,2355,1146,2492,2353,1102,91,100,0,500,2732;
@400000005e6202342aa65d24 #d,-,18,2329,2358,1153,249,1,281513,17453,2492,2359,1160,2329,2353,1024,88,100,0,500,2633;
@400000005e6202362ab326be #d,-,18,2421,2358,1143,250,1,281056,17425,2421,2359,1153,2329,2356,1132,90,100,0,500,2682;
@400000005e6202362abc17ee #d,-,18,2426,2357,1136,250,1,280604,17397,2426,2359,1143,2421,2357,1136,88,100,0,500,2730;
@400000005e6202382ac8f8d0 #d,-,18,2429,2358,1140,251,1,280156,17369,2429,2359,1141,2426,2357,1134,88,100,0,500,2730;
@400000005e6202382ad18bf1 #d,-,18,2432,2356,1136,252,1,279710,17342,2432,2359,1142,2429,2356,1134,89,100,0,500,2725;
@400000005e62023a2adda1cb #d,-,18,2435,2357,1140,252,1,279268,17314,2435,2357,1143,2432,2355,1134,89,100,0,500,2725;
@400000005e62023a2ae6adfe #d,-,18,2437,2355,1136,253,1,278829,17287,2437,2357,1140,2435,2355,1135,89,100,0,500,2723;
@400000005e62023c2af3604f #d,-,18,2439,2358,1138,254,1,278393,17260,2439,2358,1140,2437,2355,1131,89,100,0,500,2725;
@400000005e62023c2afbf729 #d,-,18,2439,2356,1132,254,1,278074,17240,2439,2358,1138,2439,2356,1128,89,100,0,500,2715;
@400000005e62023e2b090b44 #d,-,18,2439,2358,1132,255,1,277642,17213,2439,2358,1137,2439,2355,1132,89,100,0,500,2715;
@400000005e62023e2b11c582 #d,-,18,2439,2356,1137,256,1,277099,17180,2439,2358,1138,2439,2356,1132,89,100,0,500,2715;
@400000005e6202402b1e2225 #d,-,18,2440,2358,1137,256,1,276678,17154,2440,2358,1139,2439,2356,1132,89,100,0,500,2718;
@400000005e6202402b271e83 #d,-,18,2440,2358,1132,257,1,276257,17127,2440,2358,1138,2440,2356,1130,89,100,0,500,2720;
@400000005e6202422b33d48d #d,-,18,2440,2356,1132,258,1,275840,17102,2440,2358,1135,2440,2356,1129,90,100,0,500,2711;
@400000005e6202422b3c6f21 #d,-,18,2440,2356,1132,258,1,275426,17076,2440,2357,1140,2440,2355,1130,89,100,0,500,2713;
@400000005e6202442b497720 #d,-,18,2440,2354,1137,259,1,275017,17051,2440,2357,1137,2440,2353,1130,89,100,0,500,2713;
@400000005e6202442b52587c #d,-,18,2439,2354,1134,260,1,274610,17025,2440,2355,1137,2439,2353,1132,89,100,0,500,2715;
@400000005e6202462b5f9b28 #d,-,18,2440,2353,1136,260,1,274207,17000,2440,2354,1138,2439,2351,1133,89,100,0,500,2713;
@400000005e6202462b682a8f #d,-,18,2440,2353,1134,261,1,273808,16976,2440,2354,1139,2440,2353,1132,89,100,0,500,2715;
@400000005e6202482b74e8fb #d,-,18,2441,2354,1133,262,1,273411,16951,2441,2354,1137,2440,2352,1129,89,100,0,500,2713;
@400000005e6202482b7dd93d #d,-,18,2440,2352,1130,262,1,273016,16927,2441,2355,1135,2440,2352,1129,90,100,0,500,2706;
@400000005e62024a2b8b244b #d,-,18,2439,2354,1133,263,1,272624,16902,2440,2354,1135,2439,2352,1127,90,100,0,500,2706;
@400000005e62024a2b93b3b2 #d,-,18,2439,2353,1133,264,1,272234,16878,2439,2354,1136,2439,2352,1129,90,100,0,500,2706;
@400000005e62024c2ba0f65e #d,-,18,2437,2353,1131,264,1,271847,16854,2439,2353,1135,2437,2351,1129,90,100,0,500,2706;
@400000005e62024c2ba9b09c #d,-,18,2437,2353,1135,265,1,271465,16830,2437,2354,1136,2437,2352,1129,90,100,0,500,2706;
@400000005e62024e2bb5d55d #d,-,18,2436,2352,1130,266,1,271190,16813,2437,2355,1136,2436,2352,1127,90,100,0,500,2704;
@400000005e62024e2bbee27e #d,-,18,2436,2356,1130,266,1,270811,16790,2436,2356,1134,2436,2352,1127,90,100,0,500,2706;
@400000005e6202502bcd7be4 #d,-,18,2435,2354,1130,267,1,270329,16760,2436,2356,1133,2435,2353,1127,90,100,0,500,2701;
@400000005e6202502bd6cedf #d,-,18,2727,2352,1588,268,1,270241,16754,2727,2355,1833,2435,2350,1130,95,100,0,500,2855;
@400000005e6202522be77854 #d,-,18,3385,2353,1194,269,1,269965,16737,3385,2355,1588,2727,2352,1150,91,100,0,500,3716;
@400000005e6202522bf1e84b #d,-,18,3146,2352,1998,270,1,270083,16745,3385,2354,2302,3146,2349,1192,95,100,0,500,3289;
@400000005e6202542c01787e #d,-,18,4615,2349,2109,271,1,270357,16762,4615,2352,2145,3146,2349,1987,94,100,0,500,4868;
@400000005e6202542c0b8b53 #d,-,18,4617,2351,1939,273,1,270556,16774,4617,2352,2109,4615,2348,1894,95,100,0,500,4837;
@400000005e6202562c1d41ef #d,-,18,4413,2350,1919,274,1,270726,16785,4617,2352,1984,4413,2349,1815,96,100,0,500,4574;
@400000005e6202562c280c3c #d,-,18,4412,2352,1926,275,1,271006,16802,4413,2352,1958,4412,2349,1894,97,100,0,500,4543;
@400000005e6202582c399447 #d,-,18,4415,2350,1919,276,1,271083,16807,4415,2352,1950,4412,2349,1918,96,100,0,500,4588;
@400000005e6202582c441413 #d,-,18,4418,2351,1957,278,1,271269,16818,4418,2352,1963,4415,2349,1919,96,100,0,500,4593;
@400000005e62025a2c53f63b #d,-,18,4422,2349,1943,279,1,271453,16830,4422,2351,1960,4418,2349,1931,96,100,0,500,4602;
@400000005e62025a2c5d7053 #d,-,18,4426,2351,1934,280,1,271634,16841,4426,2351,1960,4422,2349,1926,96,100,0,500,4600;
@400000005e62025c2c6ddf1c #d,-,18,4429,2351,1927,281,1,271816,16852,4429,2351,1990,4426,2350,1911,96,100,0,500,4604;
@400000005e62025c2c7879ea #d,-,18,4434,2352,1943,282,1,271998,16863,4434,2353,1980,4429,2351,1916,95,100,0,500,4619;
@400000005e62025e2c8a8add #d,-,18,4439,2352,1957,284,1,272180,16875,4439,2352,1962,4434,2350,1936,95,100,0,500,4628;
@400000005e62025e2c9592a2 #d,-,18,4442,2350,1955,285,1,272363,16886,4442,2352,1967,4439,2350,1933,96,100,0,500,4621;
@400000005e6202602ca565e3 #d,-,18,4448,2351,1939,286,1,272545,16897,4448,2351,1987,4442,2349,1912,96,100,0,500,4626;
@400000005e6202602caf062a #d,-,18,4450,2349,1938,287,1,272821,16914,4450,2352,1971,4448,2349,1926,96,100,0,500,4619;
@400000005e6202622cc077dc #d,-,18,4454,2352,1937,289,1,272899,16919,4454,2352,1970,4450,2348,1936,96,100,0,500,4630;
@400000005e6202622ccbb693 #d,-,18,4457,2350,1972,290,1,273078,16930,4457,2352,1977,4454,2350,1921,96,100,0,500,4635;
@400000005e6202642cdbcfae #d,-,18,4459,2351,1969,291,1,273258,16942,4459,2352,1989,4457,2350,1931,96,100,0,500,4626;
@400000005e6202642ce5ba77 #d,-,18,4462,2350,1936,292,1,273432,16952,4462,2352,1997,4459,2349,1915,96,100,0,500,4628;
@400000005e6202662cf5b88f #d,-,18,4463,2351,1933,294,1,273604,16963,4463,2352,2001,4462,2350,1916,96,100,0,500,4619;
@400000005e6202662d008e09 #d,-,18,4468,2350,1949,295,1,273780,16974,4468,2352,1973,4463,2349,1933,96,100,0,500,4649;
@400000005e6202682d11f2b0 #d,-,18,4471,2349,1950,296,1,273952,16985,4471,2351,1971,4468,2349,1942,96,100,0,500,4642;
@400000005e6202682d1c860b #d,-,18,4472,2350,1974,297,1,274127,16995,4472,2350,1976,4471,2348,1939,96,100,0,500,4635;
@400000005e62026a2d2b95b8 #d,-,18,4474,2349,1966,299,1,274302,17006,4474,2351,1999,4472,2348,1926,96,100,0,500,4638;
@400000005e62026a2d351744 #d,-,18,4476,2350,1936,300,1,274473,17017,4476,2351,2003,4474,2348,1923,96,100,0,500,4645;
@400000005e62026c2d465114 #d,-,18,4480,2351,1953,301,1,274644,17027,4480,2351,1988,4476,2348,1934,96,100,0,500,4647;
@400000005e62026c2d514dac #d,-,18,4484,2350,1940,302,1,274811,17038,4484,2351,1992,4480,2349,1930,96,100,0,500,4659;
@400000005e62026e2d600f1e #d,-,18,4485,2350,2003,303,1,274986,17049,4485,2350,2003,4484,2348,1929,96,100,0,500,4652;
@400000005e62026e2d6a015a #d,-,18,4486,2350,1959,305,1,275154,17059,4486,2350,2003,4485,2348,1939,96,100,0,500,4642;
@400000005e6202702d7ae1c2 #d,-,18,4486,2350,1937,306,1,275318,17069,4486,2351,2003,4486,2350,1928,96,100,0,500,4640;
@400000005e6202702d862c95 #d,-,18,4490,2351,1958,307,1,275579,17085,4490,2352,1977,4486,2350,1937,96,100,0,500,4654;
@400000005e6202722d96f96e #d,-,18,4492,2351,1968,308,1,275653,17090,4492,2352,1990,4490,2349,1951,96,100,0,500,4661;
@400000005e6202722da12aff #d,-,18,4495,2352,1981,310,1,275824,17101,4495,2352,2002,4492,2351,1946,96,100,0,500,4671;
@400000005e6202742db0843f #d,-,18,4497,2352,1957,311,1,275988,17111,4497,2353,1984,4495,2351,1951,96,100,0,500,4659;
@400000005e6202742dba3190 #d,-,18,4498,2352,1949,312,1,276150,17121,4498,2352,1991,4497,2350,1945,96,100,0,500,4654;
@400000005e6202762dc9a219 #d,-,18,4501,2350,1950,313,1,276312,17131,4501,2353,1982,4498,2350,1949,96,100,0,500,4668;
@400000005e6202762dd421e5 #d,-,18,4502,2352,1976,315,1,276475,17141,4502,2353,1983,4501,2350,1947,96,100,0,500,4664;
@400000005e6202782de348da #d,-,18,4502,2352,1975,316,1,276637,17151,4502,2353,1981,4502,2351,1948,96,100,0,500,4652;
@400000005e6202782decca66 #d,-,18,4503,2348,1955,317,1,276796,17161,4503,2353,1976,4502,2348,1950,96,100,0,500,4654;
@400000005e62027a2dfd295a #d,-,18,4505,2348,1964,318,1,277047,17176,4505,2351,1984,4503,2348,1952,96,100,0,500,4661;
@400000005e62027a2e07f761 #d,-,18,4506,2348,1963,320,1,277112,17180,4506,2349,1984,4505,2346,1950,96,100,0,500,4668;
@400000005e62027c2e1731e5 #d,-,18,4508,2346,1996,321,1,277275,17191,4508,2348,1999,4506,2345,1957,96,100,0,500,4668;
@400000005e62027c2e216730 #d,-,18,4510,2346,1975,322,2,277436,17201,4510,2347,1999,4508,2345,1963,96,100,0,500,4676;
@400000005e62027e2e32304f #d,-,18,4513,2345,1969,324,2,277595,17210,4513,2346,2006,4510,2343,1964,96,100,0,500,4678;
@400000005e62027e2e3cdeac #d,-,18,4518,2343,1968,325,2,277753,17220,4518,2345,2005,4513,2343,1963,96,100,0,500,4690;
@400000005e6202802e4bfd3f #d,-,18,4519,2343,1999,326,2,277912,17230,4519,2343,2008,4518,2341,1963,96,100,0,500,4690;
@400000005e6202802e558ae7 #d,-,18,4520,2340,2004,327,2,278162,17246,4520,2343,2011,4519,2339,1963,96,100,0,500,4676;
@400000005e6202822e65e621 #d,-,18,4521,2340,1961,329,2,278224,17249,4521,2341,2015,4520,2338,1959,96,100,0,500,4676;
@400000005e6202822e70c30e #d,-,18,4524,2341,1974,330,2,278469,17265,4524,2341,1999,4521,2339,1961,96,100,0,500,4678;
@400000005e6202842e814a0e #d,-,18,4526,2342,1980,331,2,278532,17269,4526,2342,1998,4524,2340,1966,96,100,0,500,4690;
@400000005e6202842e8bcd94 #d,-,18,4527,2343,2001,332,2,278688,17278,4527,2343,2006,4526,2341,1966,96,100,0,500,4685;
@400000005e6202862e9af489 #d,-,18,4528,2340,1983,334,2,278841,17288,4528,2343,2004,4527,2340,1967,96,100,0,500,4683;
@400000005e6202862ea4988a #d,-,18,4528,2342,1966,335,2,278990,17297,4528,2342,2002,4528,2340,1962,96,100,0,500,4678;
@400000005e6202882eb4fc26 #d,-,18,4529,2342,1974,336,2,279138,17306,4529,2343,2027,4528,2340,1939,96,100,0,500,4676;
@400000005e6202882ec02bf7 #d,-,18,4530,2342,1985,337,2,279287,17315,4530,2344,1998,4529,2342,1966,96,100,0,500,4690;
@400000005e62028a2ecff6d6 #d,-,18,4529,2344,2000,339,2,279524,17330,4530,2344,2006,4529,2342,1961,96,100,0,500,4673;
@400000005e62028a2ed9971e #d,-,18,4528,2343,1972,340,2,279579,17333,4529,2344,2000,4528,2341,1956,96,100,0,500,4671;
@400000005e62028c2ee97ded #d,-,18,4528,2342,1966,341,2,279723,17342,4528,2344,1999,4528,2341,1962,96,100,0,500,4671;
@400000005e62028c2ef43004 #d,-,18,4529,2345,1975,342,2,279865,17351,4529,2346,2014,4528,2341,1948,96,100,0,500,4678;
@400000005e62028e2f0308be #d,-,18,4529,2345,1990,344,2,280010,17360,4529,2345,1999,4529,2343,1964,96,100,0,500,4683;
@400000005e62028e2f0c482a #d,-,18,4528,2344,1983,345,2,280154,17369,4529,2345,1996,4528,2343,1962,96,100,0,500,4671;
@400000005e6202902f1c68b8 #d,-,18,4528,2344,1963,346,2,280293,17378,4528,2345,1994,4528,2343,1962,96,100,0,500,4673;
@400000005e6202902f270fa1 #d,-,18,4529,2345,1966,347,2,280521,17392,4529,2346,1995,4528,2343,1961,96,100,0,500,4678;
@400000005e6202922f36802a #d,-,18,4530,2346,1981,349,2,280661,17400,4530,2346,1996,4529,2344,1957,96,100,0,500,4683;
@400000005e6202922f4038a8 #d,-,18,4529,2347,2005,350,2,280803,17409,4530,2349,2012,4529,2346,1956,96,100,0,500,4676;
@400000005e6202942f4ee2d2 #d,-,18,4529,2347,1979,351,2,280857,17413,4529,2348,2007,4529,2346,1953,96,100,0,500,4680;
@400000005e6202942f580a07 #d,-,18,4532,2345,1969,352,2,280997,17421,4532,2347,2013,4529,2345,1964,96,100,0,500,4694;
@400000005e6202962f676435 #d,-,18,4535,2346,1968,354,2,281136,17430,4535,2347,2006,4532,2345,1964,96,100,0,500,4702;
@400000005e6202962f71a59b #d,-,18,4536,2347,2006,355,2,281277,17439,4536,2348,2006,4535,2345,1967,96,100,0,500,4692;
@400000005e6202982f80661e #d,-,18,4536,2346,1993,356,2,281416,17447,4536,2348,2016,4536,2345,1963,96,100,0,500,4685;
@400000005e6202982f89a944 #d,-,18,4537,2349,1967,358,2,281637,17461,4537,2349,2015,4536,2345,1963,96,100,0,500,4692;
@400000005e62029a2f9968f6 #d,-,18,4539,2346,1967,359,2,281773,17469,4539,2349,2014,4537,2345,1966,96,100,0,500,4697;
@400000005e62029a2fa3e41a #d,-,18,4541,2348,1982,360,2,281823,17473,4541,2349,1999,4539,2346,1963,96,100,0,500,4702;
@400000005e62029c2fb2c8f0 #d,-,18,4540,2350,2007,361,2,281959,17481,4541,2351,2007,4540,2348,1955,96,100,0,500,4690;
@400000005e62029c2fbd05ae #d,-,18,4540,2351,1980,363,2,282092,17489,4540,2351,2007,4540,2348,1956,96,100,0,500,4683;
@400000005e62029e2fcd5d2e #d,-,18,4541,2350,1969,364,2,282225,17498,4541,2351,2004,4540,2349,1964,96,100,0,500,4692;
@400000005e62029e2fd7b223 #d,-,18,4543,2350,1966,365,2,282356,17506,4543,2351,2012,4541,2349,1952,96,100,0,500,4702;
@400000005e6202a02fe771d5 #d,-,18,4543,2350,1999,366,2,282573,17519,4543,2351,2000,4543,2349,1961,96,100,0,500,4697;
@400000005e6202a02ff0d770 #d,-,18,4541,2351,1989,368,2,282620,17522,4543,2351,2010,4541,2348,1963,96,100,0,500,4683;
@400000005e6202a230018d00 #d,-,18,4541,2349,1968,369,2,282748,17530,4541,2351,2000,4541,2349,1958,96,100,0,500,4687;
@400000005e6202a2300c205b #d,-,18,4542,2350,1969,370,2,282876,17538,4542,2352,2003,4541,2349,1962,96,100,0,501,4690;
@400000005e6202a4301c25e7 #d,-,18,4544,2351,1977,371,2,283004,17546,4544,2351,2010,4542,2349,1961,96,100,0,501,4702;
@400000005e6202a430260cf6 #d,-,18,4543,2351,2016,373,2,283134,17554,4544,2352,2016,4543,2349,1961,96,100,0,501,4692;
@400000005e6202a63034f585 #d,-,18,4542,2349,1974,374,2,283260,17562,4543,2351,2017,4542,2349,1956,96,100,0,501,4687;
@400000005e6202a6303e2c90 #d,-,18,4542,2349,1962,375,2,283384,17569,4542,2351,2002,4542,2348,1962,96,100,0,501,4687;
@400000005e6202a8304deffb #d,-,18,4543,2351,1965,376,2,283508,17577,4543,2351,1999,4542,2347,1961,96,100,0,501,4694;
@400000005e6202a83058bd14 #d,-,18,4543,2350,1995,378,2,283633,17585,4543,2351,1997,4543,2349,1961,96,100,0,501,4697;
@400000005e6202aa3068657e #d,-,18,4542,2349,1992,379,2,283758,17593,4543,2351,2001,4542,2348,1962,96,100,0,500,4687;
@400000005e6202aa3071daee #d,-,18,4543,2351,1968,380,2,283882,17600,4543,2352,2004,4542,2349,1963,96,100,0,500,4694;
@400000005e6202ac3082cee5 #d,-,18,4544,2351,1971,382,2,284005,17608,4544,2351,2007,4543,2349,1959,96,100,0,501,4697;
@400000005e6202ac308e298d #d,-,18,4546,2348,1979,383,2,284128,17615,4546,2351,2017,4544,2347,1960,96,100,0,501,4709;
@400000005e6202ae309df46c #d,-,18,4546,2347,2009,384,2,284334,17628,4546,2350,2009,4546,2347,1969,96,100,0,501,4699;
@400000005e6202ae30a80a0c #d,-,18,4546,2349,1974,385,2,284455,17636,4546,2350,2013,4546,2346,1969,96,100,0,501,4694;
@400000005e6202b030b8170b #d,-,18,4546,2349,1971,387,2,284494,17638,4546,2350,2005,4546,2348,1965,96,100,0,501,4697;
@400000005e6202b030c2ba3b #d,-,18,4548,2350,1970,388,2,284612,17645,4548,2350,2009,4546,2347,1964,96,100,0,501,4702;
@400000005e6202b230d2851a #d,-,18,4548,2347,1995,389,2,284733,17653,4548,2350,2007,4548,2347,1964,96,100,0,501,4702;
@400000005e6202b230dc0a5f #d,-,18,4547,2350,1996,390,2,284854,17660,4548,2350,2008,4547,2347,1965,96,100,0,501,4692;
@400000005e6202b430ec3708 #d,-,18,4547,2349,1963,392,2,284970,17668,4547,2350,2007,4547,2348,1963,96,100,0,501,4694;
@400000005e6202b430f648ef #d,-,18,4548,2348,1973,393,2,285167,17680,4548,2350,2003,4547,2347,1962,96,100,0,501,4699;
@400000005e6202b63105b2f3 #d,-,18,4549,2348,1976,394,2,285282,17687,4549,2350,2008,4548,2347,1956,96,100,0,501,4704;
@400000005e6202b6310f8de7 #d,-,18,4548,2348,2007,395,2,285320,17689,4549,2349,2009,4548,2347,1961,96,100,0,501,4692;
@400000005e6202b8311fedc9 #d,-,18,4547,2349,1977,397,2,285435,17696,4548,2349,2007,4547,2347,1961,97,100,0,501,4687;
@400000005e6202b8312a4a31 #d,-,18,4546,2348,1966,398,2,285547,17703,4547,2349,2006,4546,2347,1964,96,100,0,501,4690;
@400000005e6202ba313b0735 #d,-,18,4548,2346,1971,399,2,285660,17710,4548,2348,2009,4546,2345,1966,96,100,0,501,4702;
@400000005e6202ba31455b3b #d,-,18,4548,2345,1997,400,2,285775,17718,4548,2348,2016,4548,2344,1967,96,100,0,501,4702;
@400000005e6202bc31548230 #d,-,18,4547,2347,2002,402,2,285890,17725,4548,2347,2015,4547,2345,1968,97,100,0,501,4687;
@400000005e6202bc315dc556 #d,-,18,4547,2346,1966,403,2,286000,17732,4547,2347,2006,4547,2344,1965,96,100,0,501,4694;
@400000005e6202be316dce9b #d,-,18,4548,2344,1979,404,2,286111,17738,4548,2347,2007,4547,2343,1966,96,100,0,501,4697;
@400000005e6202be31783ad8 #d,-,18,4549,2346,1986,405,2,286222,17745,4549,2347,2005,4548,2343,1968,96,100,0,501,4706;
@400000005e6202c031875e14 #d,-,18,4548,2345,2004,407,2,286335,17752,4549,2347,2010,4548,2344,1965,96,100,0,500,4697;
@400000005e6202c03190bc3c #d,-,18,4548,2345,1982,408,2,286445,17759,4548,2347,2014,4548,2344,1964,96,100,0,500,4692;
@400000005e6202c231a0e52b #d,-,18,4549,2346,1965,409,2,286632,17771,4549,2347,2018,4548,2345,1965,96,100,0,500,4697;
@400000005e6202c231ab3932 #d,-,18,4551,2347,1971,410,2,286662,17773,4551,2347,2012,4549,2344,1962,96,100,0,500,4709;
@400000005e6202c431ba54fa #d,-,18,4550,2346,2001,412,2,286772,17779,4551,2347,2020,4550,2345,1966,96,100,0,500,4704;
@400000005e6202c431c44825 #d,-,18,4549,2345,1995,413,2,286880,17786,4550,2348,2014,4549,2345,1969,97,100,0,500,4687;
@400000005e6202c631d5140f #d,-,18,4548,2347,1972,414,2,286985,17793,4549,2347,2003,4548,2344,1966,96,100,0,500,4690;
@400000005e6202c631e00cee #d,-,18,4549,2346,1976,415,2,287090,17799,4549,2347,2006,4548,2344,1964,96,100,0,500,4694;
@400000005e6202c831ef95ad #d,-,18,4549,2345,1982,417,2,287195,17806,4549,2347,2001,4549,2345,1963,96,100,0,501,4699;
@400000005e6202c831f92e81 #d,-,18,4547,2345,2000,418,2,287301,17812,4549,2348,2010,4547,2345,1956,96,100,0,501,4692;
@400000005e6202ca3209f02d #d,-,18,4547,2346,1978,419,2,287481,17823,4547,2347,2004,4547,2345,1962,97,100,0,501,4687;
@400000005e6202ca321574be #d,-,18,4547,2346,1967,421,2,287508,17825,4547,2346,2011,4547,2344,1962,96,100,0,501,4692;
@400000005e6202cc322470dd #d,-,18,4549,2346,1974,422,2,287611,17831,4549,2347,2006,4547,2346,1966,96,100,0,501,4709;
@400000005e6202cc322ea26d #d,-,18,4549,2346,2007,423,2,287716,17838,4549,2348,2011,4549,2346,1969,96,100,0,501,4699;
@400000005e6202ce323ef634 #d,-,18,4549,2348,1978,424,2,287817,17844,4549,2348,2007,4549,2345,1965,96,100,0,501,4694;
@400000005e6202ce324a0dce #d,-,18,4548,2348,1968,426,2,287918,17850,4549,2348,2004,4548,2346,1965,97,100,0,501,4687;
@400000005e6202d0325b6748 #d,-,18,4550,2345,1975,427,2,288019,17857,4550,2348,2003,4548,2345,1968,96,100,0,501,4702;
@400000005e6202d03265e26c #d,-,18,4549,2345,1995,428,2,288120,17863,4550,2347,1997,4549,2345,1970,96,100,0,501,4702;
@400000005e6202d23275290c #d,-,18,4548,2347,1994,429,2,288221,17869,4549,2347,2007,4548,2344,1969,96,100,0,501,4692;
@400000005e6202d2327ea324 #d,-,18,4548,2347,1974,431,2,288321,17875,4548,2348,2003,4548,2345,1967,96,100,0,501,4694;
@400000005e6202d4328efe5e #d,-,18,4550,2345,1975,432,2,288420,17882,4550,2348,2012,4548,2345,1964,96,100,0,501,4699;
@400000005e6202d4329ad98d #d,-,18,4550,2347,1985,433,2,288519,17888,4550,2347,2006,4550,2345,1967,96,100,0,501,4706;
@400000005e6202d632abfc14 #d,-,18,4549,2348,2005,434,2,288619,17894,4550,2348,2007,4549,2345,1967,96,100,0,501,4694;
@400000005e6202d632b6d902 #d,-,18,4549,2345,1974,436,2,288716,17900,4549,2348,2008,4549,2345,1968,96,100,0,501,4692;
@400000005e6202d832c9099f #d,-,18,4548,2346,1967,437,2,288812,17906,4549,2348,2006,4548,2345,1964,96,100,0,501,4692;
@400000005e6202d832d4ffcf #d,-,18,4550,2348,1980,438,2,288908,17912,4550,2348,2004,4548,2345,1965,96,100,0,500,4702;
@400000005e6202da32e6172a #d,-,18,4549,2346,1993,439,2,289005,17918,4550,2348,1999,4549,2346,1968,96,100,0,500,4697;
@400000005e6202da32f10b60 #d,-,18,4548,2345,1994,441,2,289102,17924,4549,2348,2005,4548,2345,1968,97,100,0,500,4687;
@400000005e6202dc3302f623 #d,-,18,4547,2348,1958,442,2,289195,17930,4548,2348,2005,4547,2344,1958,96,100,0,500,4692;
@400000005e6202dc331010c3 #d,-,18,4549,2345,1977,443,2,289290,17936,4549,2348,2009,4547,2345,1957,96,100,0,500,4697;
@400000005e6202dc33196fd9 #d,-,18,4549,2347,1989,445,2,289458,17946,4549,2348,2000,4549,2345,1968,96,100,0,500,4704;
@400000005e6202de33284032 #d,-,18,4549,2347,1996,446,2,289553,17952,4549,2347,2007,4549,2345,1965,96,100,0,500,4697;
@400000005e6202de33324aa5 #d,-,18,4548,2346,1977,447,2,289573,17953,4549,2347,2005,4548,2345,1966,97,100,0,500,4687;
@400000005e6202e033433ae2 #d,-,18,4548,2347,1966,448,2,289664,17959,4548,2347,2006,4548,2345,1966,96,100,0,500,4694;
@400000005e6202e0334e2b5f #d,-,18,4549,2345,1981,450,2,289757,17964,4549,2348,2002,4548,2344,1966,96,100,0,500,4702;
@400000005e6202e2335dcb66 #d,-,18,4549,2346,1996,451,2,289849,17970,4549,2346,2004,4549,2344,1966,96,100,0,500,4697;
@400000005e6202e23367ab03 #d,-,18,4547,2345,1996,452,2,289941,17976,4549,2346,2001,4547,2344,1971,97,100,0,500,4685;
@400000005e6202e433778d2a #d,-,18,4547,2346,1970,453,2,290031,17981,4547,2346,2004,4547,2345,1968,96,100,0,500,4692;
@400000005e6202e433823b87 #d,-,18,4549,2346,1971,455,2,290122,17987,4549,2346,1999,4547,2345,1967,96,100,0,500,4702;
@400000005e6202e63391db8f #d,-,18,4549,2344,1993,456,2,290284,17997,4549,2347,2001,4549,2344,1971,96,100,0,500,4702;
@400000005e6202e6339b9b81 #d,-,18,4548,2346,2008,457,2,290305,17998,4549,2346,2011,4548,2344,1966,96,100,0,500,4694;
@400000005e6202e833ab5779 #d,-,18,4549,2345,1979,458,2,290465,18008,4549,2346,2008,4548,2344,1964,96,100,0,500,4697;
@400000005e6202e833b5a7c6 #d,-,18,4549,2347,1970,460,2,290482,18009,4549,2347,2009,4549,2345,1966,96,100,0,500,4697;
@400000005e6202ea33c66d2b #d,-,18,4551,2346,1986,461,2,290572,18015,4551,2347,2000,4549,2345,1970,96,100,0,500,4711;
@400000005e6202ea33d0d107 #d,-,18,4550,2346,1997,462,2,290662,18021,4551,2348,1999,4550,2345,1969,96,100,0,500,4697;
@400000005e6202ec33e134a2 #d,-,18,4550,2348,1982,463,2,290749,18026,4550,2348,1998,4550,2346,1973,96,100,0,500,4694;
@400000005e6202ec33eaf0db #d,-,18,4549,2347,1970,465,2,290834,18031,4550,2349,1995,4549,2346,1967,96,100,0,500,4690;
@400000005e6202ee340444b9 #d,-,18,4550,2346,1981,466,2,290991,18041,4550,2349,2002,4549,2345,1965,96,100,0,500,4702;
@400000005e6202ee3417c944 #d,-,18,4550,2348,1785,467,2,291057,18045,4550,2348,1993,4550,2346,1785,96,100,0,500,4697;
@400000005e6202f034267ae1 #d,-,18,4104,2351,1192,468,2,290873,18034,4550,2351,1785,4104,2345,1192,94,100,0,500,4348;
@400000005e6202f0343046ee #d,-,18,2852,2349,1193,469,2,290623,18018,4104,2351,1219,2852,2349,1157,89,100,0,500,3171;
@400000005e6202f234403ca5 #d,-,18,2589,2351,1184,470,2,290373,18003,2852,2351,1196,2589,2349,1183,90,100,0,500,2848;
@400000005e6202f234498af7 #d,-,18,2588,2352,1180,470,2,290120,17987,2589,2352,1188,2588,2349,1178,91,100,0,500,2836;
@400000005e6202f43458a218 #d,-,18,2584,2350,1175,471,2,289865,17971,2588,2352,1180,2584,2350,1168,91,100,0,500,2815;
@400000005e6202f434625323 #d,-,18,2579,2351,1173,472,2,289681,17960,2584,2351,1180,2579,2349,1172,92,100,0,500,2801;
@400000005e6202f63471eac9 #d,-,18,2574,2351,1173,472,2,289427,17944,2579,2351,1177,2574,2348,1170,91,100,0,500,2803;
@400000005e6202f6347b689b #d,-,18,2568,2349,1165,473,2,289171,17928,2574,2351,1173,2568,2349,1164,92,100,0,500,2791;
@400000005e6202f8348a06a9 #d,-,18,2563,2351,1168,474,2,288849,17908,2568,2351,1170,2563,2348,1164,91,100,0,500,2787;
@400000005e6202f83493e645 #d,-,18,2557,2349,1163,475,2,288595,17892,2563,2351,1168,2557,2349,1158,92,100,0,500,2777;
@400000005e6202fa34a30980 #d,-,18,2551,2351,1159,475,2,288341,17877,2557,2351,1163,2551,2348,1158,92,100,0,500,2770;
@400000005e6202fa34ac7ef1 #d,-,18,2546,2349,1162,476,2,288089,17861,2551,2351,1164,2546,2349,1158,91,100,0,500,2770;
@400000005e6202fc34bbcd04 #d,-,18,2541,2349,1153,477,2,287836,17845,2546,2351,1163,2541,2349,1153,91,100,0,500,2770;
@400000005e6202fc34c51c45 #d,-,18,2536,2350,1161,477,2,287584,17830,2541,2351,1162,2536,2348,1153,91,100,0,500,2761;
@400000005e6202fe34d41863 #d,-,18,2531,2349,1154,478,2,287400,17818,2536,2351,1161,2531,2348,1154,91,100,0,500,2765;
@400000005e6202fe34dd768b #d,-,18,2526,2349,1151,479,2,287147,17803,2531,2352,1156,2526,2349,1150,91,100,0,500,2758;
@400000005e62030034ecf32f #d,-,18,2521,2349,1153,479,2,286831,17783,2526,2350,1156,2521,2347,1150,91,100,0,500,2749;
@400000005e62030034f65d72 #d,-,18,2517,2348,1151,480,2,286582,17768,2521,2350,1156,2517,2347,1149,91,100,0,500,2751;
@400000005e62030235059f69 #d,-,18,2513,2349,1151,481,2,286332,17752,2517,2351,1154,2513,2348,1144,91,100,0,500,2746;
@400000005e620302350f09ad #d,-,18,2508,2349,1145,481,2,286081,17737,2513,2349,1152,2508,2347,1145,91,100,0,500,2739;
@400000005e620304351e4431 #d,-,18,2502,2348,1144,482,2,285830,17721,2508,2350,1149,2502,2348,1142,91,100,0,500,2732;
@400000005e6203043527ae74 #d,-,18,2497,2349,1142,483,2,285647,17710,2502,2349,1150,2497,2348,1141,91,100,0,500,2732;
@400000005e6203063536e53f #d,-,18,2493,2347,1143,483,3,285334,17690,2497,2349,1147,2493,2346,1139,91,100,0,500,2730;
@400000005e62030635403391 #d,-,18,2489,2351,1146,484,3,285153,17679,2493,2351,1148,2489,2347,1140,91,100,0,500,2727;
@400000005e620308354ef149 #d,-,18,2486,2350,1146,485,3,284844,17660,2489,2351,1148,2486,2349,1143,90,100,0,500,2732;
@400000005e6203083558cc3d #d,-,18,2483,2348,1144,486,3,284599,17645,2486,2350,1148,2483,2347,1142,90,100,0,500,2734;
@400000005e62030a356874a7 #d,-,18,2480,2350,1141,486,3,284354,17630,2483,2350,1145,2480,2347,1140,90,100,0,500,2727;
@400000005e62030a3571e2a4 #d,-,18,2477,2350,1144,487,3,284112,17614,2480,2350,1145,2477,2348,1140,90,100,0,500,2725;
Lost connection at /opt/powertools/bin/wattsup1 line 220.
	main::failure('Lost connection') called at /opt/powertools/bin/wattsup1 line 271
	main::recv_msg() called at /opt/powertools/bin/wattsup1 line 504
