@400000005e44ff98296fae32 #v,-,8,2,261786,5,2,4,57,200810261703,0;
@400000005e44ff9917bf11e2 #h,-,18,W,V,A,WH,Cost,WH/Mo,Cost/Mo,Wmax,Vmax,Amax,Wmin,Vmin,Amin,PF,DC,PC,Hz,VA;
@400000005e44ff991dcdaad9 #f,-,48,103,436,1,4775,0,0,65533,0,199,810,237,17949,177,311,4753,4,92217,151,32123,69906,40,694,17008,0,93,1,4659,0,0,65533,0,199,822,242,18484,171,318,5362,2,92206,150,32190,70407,42,536,17029,0,92;
@400000005e44ff9d1de4eccb #d,-,18,2543,2349,1169,1,0,180016,11161,2547,2352,1176,2543,2349,1160,91,100,0,500,2784;
@400000005e44ff9d1ded7016 #d,-,18,2541,2350,1167,2,0,180425,11186,2543,2350,1171,2541,2349,1162,91,100,0,500,2784;
@400000005e44ff9f1dfae153 #d,-,18,2538,2351,1161,2,0,180444,11187,2541,2351,1168,2538,2350,1159,91,100,0,500,2784;
@400000005e44ff9f1e03af20 #d,-,18,2535,2350,1162,3,0,183842,11398,2538,2351,1167,2535,2350,1155,91,100,0,500,2770;
@400000005e44ffa11e10ce68 #d,-,18,2533,2348,1163,4,0,183281,11363,2535,2350,1164,2533,2348,1158,91,100,0,500,2775;
@400000005e44ffa11e19cf6e #d,-,18,2530,2350,1153,4,0,180252,11175,2533,2351,1166,2530,2348,1151,91,100,0,500,2772;
@400000005e44ffa31e269194 #d,-,18,2526,2348,1159,5,0,180126,11167,2530,2350,1161,2526,2347,1151,91,100,0,500,2758;
@400000005e44ffa31e2f2fe1 #d,-,18,2522,2347,1157,6,0,180043,11162,2526,2349,1163,2522,2347,1152,91,100,0,500,2758;
@400000005e44ffa51e3c4f29 #d,-,18,2519,2348,1155,6,0,179920,11155,2522,2349,1159,2519,2347,1151,91,100,0,500,2761;
@400000005e44ffa51e452558 #d,-,18,2515,2347,1153,7,0,179781,11146,2519,2349,1159,2515,2347,1148,91,100,0,500,2749;
@400000005e44ffa71e54c560 #d,-,18,2511,2348,1157,8,0,179676,11139,2515,2348,1158,2511,2346,1151,91,100,0,500,2751;
@400000005e44ffa71e5f15ac #d,-,18,2508,2346,1604,9,0,182105,11290,2511,2349,1722,2508,2346,1147,91,100,0,500,2751;
@400000005e44ffa91e6e9250 #d,-,18,3120,2343,2021,10,0,188596,11692,3120,2347,2231,2508,2342,1252,94,100,0,500,3301;
@400000005e44ffa91e78db2a #d,-,18,4767,2344,2149,11,0,200461,12428,4767,2345,2195,3120,2343,1992,98,100,0,500,4820;
@400000005e44ffab1e887fd9 #d,-,18,4767,2342,1959,12,0,208357,12918,4767,2345,2149,4767,2342,1931,95,100,0,500,4974;
@400000005e44ffab1e929ced #d,-,18,4515,2341,1949,14,0,214960,13327,4767,2342,1974,4515,2341,1909,97,100,0,500,4649;
@400000005e44ffad1ea2552c #d,-,18,4511,2341,1962,15,0,219771,13625,4515,2342,1989,4511,2340,1949,97,100,0,500,4635;
@400000005e44ffad1eac995d #d,-,18,4510,2341,1969,16,0,226356,14034,4511,2342,1971,4510,2340,1962,96,100,0,500,4652;
@400000005e44ffaf1ebca74a #d,-,18,4511,2343,1974,17,0,231208,14334,4511,2343,1975,4510,2341,1964,96,100,0,500,4657;
@400000005e44ffaf1ec6a95c #d,-,18,4512,2344,1972,19,0,234536,14541,4512,2344,1980,4511,2343,1967,96,100,0,500,4666;
@400000005e44ffb11ed5aced #d,-,18,4514,2342,1981,20,0,238622,14794,4514,2345,1981,4512,2342,1968,96,100,0,500,4671;
@400000005e44ffb11edff5c7 #d,-,18,4516,2344,1972,21,0,242357,15026,4516,2345,1981,4514,2342,1968,96,100,0,500,4678;
@400000005e44ffb31eef9215 #d,-,18,4518,2344,1973,22,0,245785,15238,4518,2344,1989,4516,2334,1972,96,100,0,500,4676;
@400000005e44ffb31ef9cb19 #d,-,18,4519,2343,1973,24,0,248936,15434,4519,2344,1980,4518,2342,1967,96,100,0,500,4673;
@400000005e44ffb51f0938d6 #d,-,18,4520,2342,1975,25,0,251853,15614,4520,2343,1979,4519,2342,1969,96,100,0,500,4676;
@400000005e44ffb51f1365bf #d,-,18,4522,2341,1977,26,0,254551,15782,4522,2342,1981,4520,2339,1971,96,100,0,500,4673;
@400000005e44ffb71f228187 #d,-,18,4522,2342,1972,27,0,257049,15937,4522,2342,1981,4522,2341,1970,96,100,0,500,4673;
@400000005e44ffb71f2d23c9 #d,-,18,4524,2341,1978,29,0,259390,16082,4524,2342,1980,4522,2341,1971,96,100,0,500,4671;
@400000005e44ffb91f3c9540 #d,-,18,4524,2342,1979,30,0,261591,16218,4524,2343,1984,4524,2341,1975,96,100,0,500,4673;
@400000005e44ffb91f46ae9a #d,-,18,4527,2342,1982,31,0,263661,16347,4527,2343,1987,4524,2342,1977,96,100,0,500,4690;
@400000005e44ffbb1f54a14a #d,-,18,4528,2342,1979,32,0,265594,16466,4528,2343,1985,4527,2342,1974,96,100,0,500,4683;
@400000005e44ffbb1f59adf7 #d,-,18,4423,2343,1878,34,0,266763,16539,4528,2344,1981,4423,2341,1759,95,100,0,500,4609;
@400000005e44ffbd1f6819bb #d,-,18,4224,2342,1848,35,0,267889,16609,4423,2343,1920,4224,2341,1827,96,100,0,500,4375;
@400000005e44ffbd1f71125f #d,-,18,4225,2342,1847,36,0,268898,16671,4225,2342,1856,4224,2341,1842,96,100,0,500,4379;
@400000005e44ffbf1f809764 #d,-,18,4225,2343,1852,37,0,269860,16731,4225,2343,1854,4225,2342,1845,96,100,0,500,4379;
@400000005e44ffbf1f8a241d #d,-,18,4223,2341,1810,38,0,270620,16778,4225,2343,1853,4223,2341,1799,96,100,0,500,4367;
@400000005e44ffc11f986150 #d,-,18,4120,2340,1809,39,0,271284,16819,4223,2342,1813,4120,2340,1803,96,100,0,500,4280;
@400000005e44ffc11fa1e695 #d,-,18,4119,2342,1746,41,0,271808,16852,4120,2342,1813,4119,2340,1746,96,100,0,500,4277;
@400000005e44ffc31fb62299 #d,-,18,3988,2341,1743,42,0,272132,16872,4119,2342,1752,3988,2341,1735,95,100,0,500,4164;
@400000005e44ffc31fc21156 #d,-,18,3983,2341,1721,43,0,272363,16886,3988,2341,1743,3983,2341,1714,96,100,0,500,4116;
@400000005e44ffc51fcff343 #d,-,18,3842,2341,1383,44,0,271822,16852,3983,2342,1724,3842,2341,1363,95,100,0,500,4043;
@400000005e44ffc51fd932af #d,-,18,3260,2343,1186,45,0,270304,16758,3842,2344,1727,3260,2340,1015,91,100,0,500,3569;
@400000005e44ffc71fe636f5 #d,-,18,2497,2342,1174,45,0,268293,16634,3260,2343,1186,2497,2342,1144,90,100,0,500,2753;
@400000005e44ffc71fef0c35 #d,-,18,2501,2339,1165,46,0,266368,16514,2501,2342,1175,2497,2339,1164,89,100,0,500,2789;
@400000005e44ffc91ffc95a9 #d,-,18,2503,2339,1170,47,0,264522,16400,2503,2340,1171,2501,2339,1162,90,100,0,500,2775;
@400000005e44ffc9200478c4 #d,-,18,2505,2340,1159,47,0,262740,16289,2505,2340,1172,2503,2338,1159,90,100,0,500,2775;
@400000005e44ffcb20118837 #d,-,18,2505,2344,1166,48,0,261025,16183,2505,2344,1166,2505,2340,1157,90,100,0,500,2765;
@400000005e44ffcb2019aaa7 #d,-,18,2505,2344,1161,49,0,259908,16114,2505,2345,1167,2505,2344,1157,90,100,0,500,2761;
@400000005e44ffcd20275690 #d,-,18,2506,2342,1161,49,0,258306,16014,2506,2345,1165,2505,2342,1155,90,100,0,500,2770;
@400000005e44ffcd202fceae #d,-,18,2504,2345,1158,50,0,256255,15887,2506,2345,1163,2504,2342,1152,90,100,0,500,2753;
@400000005e44ffcf203b8679 #d,-,18,2503,2342,1163,51,0,254787,15796,2504,2345,1166,2503,2342,1155,90,100,0,500,2763;
@400000005e44ffcf20434e92 #d,-,18,2503,2342,1159,52,0,253369,15708,2503,2343,1163,2503,2342,1154,90,100,0,500,2756;
@400000005e44ffd120501f9f #d,-,18,2502,2341,1155,52,0,252001,15624,2503,2343,1163,2502,2341,1153,90,100,0,500,2761;
@400000005e44ffd12058dacb #d,-,18,2501,2343,1154,53,0,250669,15541,2502,2343,1158,2501,2341,1148,91,100,0,500,2746;
@400000005e44ffd320657c59 #d,-,18,2499,2341,1155,54,0,249390,15462,2501,2343,1163,2499,2341,1149,91,100,0,500,2744;
@400000005e44ffd3206e3b3f #d,-,18,2497,2342,1157,54,0,248157,15385,2499,2342,1159,2497,2340,1153,90,100,0,500,2751;
@400000005e44ffd5207c9ae7 #d,-,18,2496,2342,1153,55,0,246960,15311,2497,2343,1160,2496,2342,1151,90,100,0,500,2746;
@400000005e44ffd5208614ff #d,-,18,2502,2341,1308,56,0,246486,15282,2502,2343,1761,2496,2338,1149,90,100,0,500,2763;
@400000005e44ffd72095a8eb #d,-,18,3218,2339,2126,57,0,247080,15318,3218,2343,2504,2502,2339,1274,94,100,0,500,3417;
@400000005e44ffd7209f8887 #d,-,18,4825,2340,2153,58,0,248786,15424,4825,2341,2180,3218,2339,2120,97,100,0,500,4969;
@400000005e44ffd920aec6c5 #d,-,18,4769,2340,1973,60,0,250052,15503,4825,2341,2161,4769,2339,1966,95,100,0,500,4991;
@400000005e44ffd920b90f9f #d,-,18,4513,2340,1917,61,0,251544,15595,4769,2341,1973,4513,2340,1854,96,100,0,500,4659;
@400000005e44ffdb20c8a38b #d,-,18,4449,2342,1959,62,0,252678,15666,4513,2342,2010,4449,2339,1917,96,100,0,500,4604;
@400000005e44ffdb20d2c18d #d,-,18,4501,2341,1963,63,0,253757,15732,4501,2342,1966,4449,2341,1956,97,100,0,500,4640;
@400000005e44ffdd20e23a77 #d,-,18,4500,2341,1968,65,0,254813,15798,4501,2341,1971,4500,2341,1961,96,100,0,500,4640;
@400000005e44ffdd20ec38cf #d,-,18,4501,2341,1969,66,0,255459,15838,4501,2341,1973,4500,2341,1965,96,100,0,500,4652;
@400000005e44ffdf20fba1e4 #d,-,18,4502,2342,1964,67,0,256460,15900,4502,2342,1970,4501,2341,1963,96,100,0,500,4649;
@400000005e44ffdf2105fe4c #d,-,18,4502,2340,1974,68,0,257440,15961,4502,2342,1975,4502,2340,1964,96,100,0,500,4654;
@400000005e44ffe12115a6b6 #d,-,18,4504,2339,1979,70,0,258400,16020,4504,2340,1979,4502,2339,1969,96,100,0,500,4661;
@400000005e44ffe1211fe374 #d,-,18,4506,2341,1972,71,0,259695,16101,4506,2341,1982,4504,2339,1968,96,100,0,500,4666;
@400000005e44ffe3212f4516 #d,-,18,4508,2341,1976,72,0,260597,16157,4508,2342,1976,4506,2341,1969,96,100,0,500,4661;
@400000005e44ffe321391c50 #d,-,18,4510,2340,1973,73,0,261482,16211,4510,2341,1979,4508,2340,1973,96,100,0,500,4666;
@400000005e44ffe521488653 #d,-,18,4512,2341,1976,75,0,261988,16243,4512,2342,1977,4510,2340,1970,96,100,0,500,4673;
@400000005e44ffe52152cf2d #d,-,18,4513,2338,1973,76,0,262825,16295,4513,2342,1976,4512,2338,1971,96,100,0,500,4666;
@400000005e44ffe721625ba6 #d,-,18,4514,2338,1976,77,0,263989,16367,4514,2338,1979,4513,2337,1971,96,100,0,500,4668;
@400000005e44ffe7216cabf2 #d,-,18,4516,2338,1975,78,0,264438,16395,4516,2339,1979,4514,2337,1972,96,100,0,500,4666;
@400000005e44ffe9217b130d #d,-,18,4517,2338,1976,80,0,265561,16464,4517,2339,1985,4516,2338,1974,96,100,0,500,4671;
@400000005e44ffe9218427a2 #d,-,18,4409,2340,1893,81,0,265734,16475,4517,2340,1976,4409,2338,1796,96,100,0,500,4590;
@400000005e44ffeb2192021c #d,-,18,4214,2339,1830,82,0,266168,16502,4409,2340,1893,4214,2339,1816,96,100,0,500,4360;
@400000005e44ffeb219b0322 #d,-,18,4211,2340,1840,83,0,266926,16549,4214,2341,1843,4211,2339,1825,97,100,0,500,4341;
@400000005e44ffed21a8e5fe #d,-,18,4208,2341,1837,84,0,267019,16555,4211,2341,1842,4208,2339,1834,96,100,0,500,4346;
@400000005e44ffed21b1e615 #d,-,18,4204,2340,1843,85,0,267735,16599,4208,2341,1843,4204,2340,1810,97,100,0,500,4332;
@400000005e44ffef21bfa58d #d,-,18,4203,2341,1839,87,0,267820,16604,4204,2342,1846,4203,2340,1834,96,100,0,500,4346;
@400000005e44ffef21c99145 #d,-,18,4202,2340,1837,88,0,268215,16629,4203,2342,1842,4202,2340,1836,96,100,0,500,4348;
@400000005e44fff121d9f3f2 #d,-,18,4201,2342,1840,89,0,268599,16653,4202,2342,1841,4201,2339,1836,96,100,0,500,4346;
@400000005e44fff121e30887 #d,-,18,4196,2343,1809,90,0,268905,16672,4201,2344,1840,4196,2341,1793,97,100,0,500,4315;
@400000005e44fff321f27644 #d,-,18,4014,2344,1512,91,0,268760,16663,4196,2345,1812,4014,2343,1347,95,100,0,500,4223;
@400000005e44fff321fbbd23 #d,-,18,3144,2345,1157,92,0,268296,16634,4014,2349,1739,3144,2343,1021,89,100,0,500,3500;
@400000005e44fff5220b5110 #d,-,18,2581,2347,1175,93,0,267060,16557,3144,2347,1194,2581,2344,1154,92,100,0,500,2801;
@400000005e44fff52214bf0d #d,-,18,2576,2347,1171,93,0,266128,16499,2581,2347,1177,2576,2346,1167,92,100,0,500,2796;
@400000005e44fff72224c0de #d,-,18,2571,2349,1171,94,0,265217,16443,2576,2349,1174,2571,2347,1168,92,100,0,500,2794;
@400000005e44fff7222e07be #d,-,18,2566,2347,1167,95,0,264317,16387,2571,2349,1171,2566,2347,1163,91,100,0,500,2791;
@400000005e44fff9223d5d44 #d,-,18,2561,2347,1167,95,0,263434,16332,2566,2348,1172,2561,2346,1163,92,100,0,500,2782;
@400000005e44fff922472951 #d,-,18,2556,2348,1160,96,0,262561,16278,2561,2348,1168,2556,2346,1157,91,100,0,500,2782;
@400000005e44fffb2256e0a2 #d,-,18,2505,2349,1160,97,0,261701,16225,2556,2349,1163,2505,2347,1157,90,100,0,500,2768;
@400000005e44fffb22603fb8 #d,-,18,2505,2349,1159,97,0,260862,16173,2505,2349,1165,2505,2348,1158,90,100,0,500,2768;
@400000005e44fffd226fa513 #d,-,18,2505,2349,1155,98,0,260035,16122,2505,2349,1163,2505,2348,1154,90,100,0,500,2770;
@400000005e44fffd2278e839 #d,-,18,2503,2348,1155,99,0,259214,16071,2505,2349,1159,2503,2347,1149,90,100,0,500,2753;
@400000005e44ffff2287fab1 #d,-,18,2503,2348,1157,99,0,258416,16021,2503,2349,1159,2503,2347,1154,90,100,0,500,2761;
@400000005e44ffff2291da4d #d,-,18,2502,2349,1150,100,0,257631,15973,2503,2349,1160,2502,2347,1149,90,100,0,500,2761;
@400000005e45000122a1c890 #d,-,18,2500,2348,1151,101,0,256853,15924,2502,2349,1154,2500,2348,1146,90,100,0,500,2753;
@400000005e45000122ab3a47 #d,-,18,2497,2347,1150,101,0,256093,15877,2500,2349,1156,2497,2347,1148,90,100,0,500,2744;
@400000005e45000322bb1d5d #d,-,18,2496,2348,1148,102,0,255345,15831,2497,2348,1153,2496,2347,1145,90,100,0,500,2746;
@400000005e45000322c56da9 #d,-,18,2657,2345,1261,103,0,255007,15810,2657,2348,1739,2496,2344,1148,94,100,0,500,2820;
@400000005e45000522d5ffd6 #d,-,18,3122,2341,2122,104,0,255274,15827,3122,2345,2363,2657,2340,1260,92,100,0,500,3381;
@400000005e45000522e07740 #d,-,18,4832,2340,2143,105,0,256177,15882,4832,2341,2171,3122,2340,2120,97,100,0,500,4965;
@400000005e45000722f1e803 #d,-,18,4763,2343,1968,107,0,256827,15923,4832,2343,2144,4763,2340,1958,95,100,0,500,4972;
@400000005e45000722fd17d4 #d,-,18,4505,2344,1949,108,0,257403,15959,4763,2344,1973,4505,2342,1851,96,100,0,500,4649;
@400000005e450009230fad06 #d,-,18,4447,2343,1959,109,0,258004,15996,4505,2344,2008,4447,2343,1932,96,100,0,500,4602;
@400000005e450009231a308c #d,-,18,4503,2344,1967,110,0,258599,16033,4503,2344,1970,4447,2343,1959,96,100,0,500,4645;
@400000005e45000b232b0980 #d,-,18,4504,2344,1965,112,0,259179,16069,4504,2344,1967,4503,2344,1964,96,100,0,500,4654;
@400000005e45000b2335e66e #d,-,18,4504,2343,1967,113,0,259749,16104,4504,2344,1967,4504,2343,1962,96,100,0,500,4647;
@400000005e45000d2346af8d #d,-,18,4504,2343,1973,114,0,260315,16139,4504,2344,1974,4504,2343,1967,96,100,0,500,4657;
@400000005e45000d2351a00a #d,-,18,4506,2342,1970,115,0,260875,16174,4506,2343,1976,4504,2342,1968,96,100,0,500,4661;
@400000005e45000f2362ee57 #d,-,18,4508,2342,1969,117,0,261423,16208,4508,2342,1975,4506,2342,1967,96,100,0,500,4666;
@400000005e45000f236db7b6 #d,-,18,4509,2342,1970,118,0,261960,16241,4509,2343,1972,4508,2342,1966,96,100,0,500,4661;
@400000005e450011237e3654 #d,-,18,4510,2343,1970,119,0,262490,16274,4510,2343,1972,4509,2342,1967,96,100,0,500,4661;
@400000005e45001123892a8b #d,-,18,4512,2342,1974,120,0,263019,16307,4512,2344,1978,4510,2342,1970,96,100,0,500,4668;
@400000005e4500132399f764 #d,-,18,4514,2343,1976,122,0,263538,16339,4514,2343,1977,4512,2341,1969,96,100,0,500,4673;
@400000005e45001323a4b596 #d,-,18,4515,2343,1974,123,0,264046,16370,4515,2343,1978,4514,2343,1972,96,100,0,500,4673;
@400000005e45001523b53433 #d,-,18,4517,2344,1975,124,0,264550,16402,4517,2344,1981,4515,2343,1970,96,100,0,500,4673;
@400000005e45001523bf0041 #d,-,18,4519,2342,1975,125,0,265045,16432,4519,2344,1979,4517,2342,1973,96,100,0,500,4676;
@400000005e45001723cea7bc #d,-,18,4520,2343,1974,127,0,265745,16476,4520,2343,1976,4519,2342,1970,96,100,0,500,4671;
@400000005e45001723d821d4 #d,-,18,4419,2344,1890,128,0,266106,16498,4520,2344,1974,4419,2342,1817,96,100,0,500,4600;
@400000005e45001923e754e5 #d,-,18,4343,2343,1887,129,0,266461,16520,4419,2344,1904,4343,2343,1880,96,100,0,500,4479;
@400000005e45001923f16a85 #d,-,18,4340,2343,1886,130,0,266804,16541,4343,2343,1891,4340,2342,1884,97,100,0,500,4467;
@400000005e45001b24010e47 #d,-,18,4336,2342,1885,131,0,266928,16549,4340,2343,1888,4336,2342,1882,97,100,0,500,4462;
@400000005e45001b240aaf7d #d,-,18,4330,2344,1824,133,0,267417,16579,4336,2344,1885,4330,2342,1824,97,100,0,500,4453;
@400000005e45001d2415fa50 #d,-,18,4158,2343,1782,134,0,267417,16579,4330,2344,1824,4158,2343,1777,96,100,0,500,4325;
@400000005e45001d24204e56 #d,-,18,4056,2344,1748,135,0,267795,16603,4158,2345,1783,4056,2343,1748,96,100,0,500,4218;
@400000005e45001f243107a1 #d,-,18,3998,2344,1725,136,0,267718,16598,4056,2345,1748,3998,2344,1725,95,100,0,500,4166;
@400000005e45001f243b6b7c #d,-,18,3902,2343,1667,137,0,267968,16614,3998,2345,1725,3902,2342,1667,95,100,0,500,4078;
@400000005e450021244ba7fa #d,-,18,3745,2343,1430,138,0,267622,16592,3902,2344,1669,3745,2343,1374,95,100,0,500,3938;
@400000005e4500212455976b #d,-,18,3264,2346,1191,139,0,267186,16565,3745,2346,1717,3264,2342,1057,91,100,0,500,3576;
@400000005e45002324666444 #d,-,18,2543,2345,1157,140,0,266552,16526,3264,2346,1191,2543,2344,1138,91,100,0,500,2791;
@400000005e45002324705681 #d,-,18,2542,2346,1186,140,0,265935,16488,2543,2346,1186,2542,2345,1156,91,100,0,500,2791;
@400000005e45002524807f70 #d,-,18,2540,2344,1162,141,0,265319,16449,2542,2346,1187,2540,2344,1158,91,100,0,500,2782;
@400000005e450025248ac0d6 #d,-,18,2537,2344,1168,142,0,264712,16412,2540,2345,1168,2537,2343,1162,91,100,0,500,2777;
@400000005e450027249b5e30 #d,-,18,2535,2343,1165,142,0,264113,16375,2537,2344,1168,2535,2343,1165,91,100,0,500,2775;
@400000005e45002724a58c07 #d,-,18,2532,2343,1162,143,0,263519,16338,2535,2344,1168,2532,2342,1160,91,100,0,500,2777;
@400000005e45002924b673e2 #d,-,18,2529,2342,1164,144,0,262934,16301,2532,2344,1167,2529,2342,1161,91,100,0,500,2768;
@400000005e45002924c0c42f #d,-,18,2527,2343,1158,144,0,262353,16265,2529,2343,1165,2527,2342,1157,91,100,0,500,2770;
@400000005e45002b24d1b825 #d,-,18,2523,2342,1161,145,0,261776,16230,2527,2343,1161,2523,2342,1151,91,100,0,500,2756;
@400000005e45002b24dbf5d2 #d,-,18,2520,2343,1157,146,0,261208,16194,2523,2343,1161,2520,2342,1156,91,100,0,500,2753;
@400000005e45002d24ec6854 #d,-,18,2518,2343,1159,147,0,260650,16160,2520,2343,1162,2518,2342,1156,91,100,0,500,2758;
@400000005e45002d24f74542 #d,-,18,2515,2344,1158,147,0,260099,16126,2518,2344,1161,2515,2343,1156,91,100,0,500,2756;
@400000005e45002f25080e61 #d,-,18,2514,2344,1157,148,0,259552,16092,2515,2345,1161,2514,2343,1154,91,100,0,500,2761;
@400000005e45002f2512e795 #d,-,18,2510,2342,1154,149,0,259007,16058,2514,2344,1157,2510,2342,1152,91,100,0,500,2749;
@400000005e450031252497ad #d,-,18,2507,2340,1158,149,0,258473,16025,2510,2342,1159,2507,2340,1153,91,100,0,500,2746;
@400000005e450031252ff167 #d,-,18,2571,2339,1311,150,0,258216,16009,2571,2342,1749,2507,2337,1154,92,100,0,500,2777;
@400000005e450033254225bd #d,-,18,3238,2335,2127,151,0,258398,16020,3238,2340,2470,2571,2335,1309,93,100,0,500,3453;
@400000005e450033254dd25a #d,-,18,4840,2335,2155,153,0,259009,16058,4840,2336,2179,3238,2334,2123,96,100,0,500,5007;
@400000005e45003525608eaa #d,-,18,4769,2335,1972,154,0,259452,16086,4840,2337,2157,4769,2334,1970,95,100,0,500,4984;
@400000005e450035256da2c5 #d,-,18,4511,2336,1957,155,0,259841,16110,4769,2337,1976,4511,2334,1856,96,100,0,500,4657;
@400000005e4500352576fd33 #d,-,18,4451,2335,1961,156,0,260249,16135,4511,2336,2012,4451,2335,1942,96,100,0,500,4602;
@400000005e45003725884a92 #d,-,18,4457,2336,1975,158,0,260654,16160,4457,2336,1975,4451,2334,1961,96,100,0,500,4640;
@400000005e4500372592ba89 #d,-,18,4463,2334,1967,159,0,261051,16185,4463,2336,1975,4457,2334,1966,95,100,0,500,4649;
@400000005e45003925a3f09f #d,-,18,4468,2336,1970,160,0,261445,16209,4468,2336,1972,4463,2334,1965,96,100,0,500,4647;
@400000005e45003925ae77de #d,-,18,4473,2336,1977,161,1,261840,16234,4473,2337,1978,4468,2336,1970,96,100,0,500,4652;
@400000005e45003b25bf7f64 #d,-,18,4479,2336,1978,163,1,262231,16258,4479,2336,1980,4473,2336,1973,96,100,0,500,4659;
@400000005e45003b25c9b868 #d,-,18,4484,2334,1976,164,1,262615,16282,4484,2336,1978,4479,2334,1974,96,100,0,500,4664;
@400000005e45003d25db0a6f #d,-,18,4488,2335,1979,165,1,262995,16305,4488,2335,1980,4484,2334,1973,96,100,0,500,4659;
@400000005e45003d25e57e1f #d,-,18,4492,2334,1979,166,1,263372,16329,4492,2335,1980,4488,2334,1975,96,100,0,500,4664;
@400000005e45003f25f623db #d,-,18,4496,2334,1978,168,1,263745,16352,4496,2335,1983,4492,2333,1975,96,100,0,500,4668;
@400000005e45003f2600e5c6 #d,-,18,4500,2335,1984,169,1,264118,16375,4500,2335,1986,4496,2334,1976,96,100,0,500,4668;
@400000005e4500412612084e #d,-,18,4504,2336,1979,170,1,264485,16398,4504,2336,1985,4500,2335,1978,96,100,0,500,4673;
@400000005e450041261c60fc #d,-,18,4507,2335,1983,171,1,264848,16420,4507,2336,1983,4504,2335,1979,96,100,0,500,4673;
@400000005e450043262c2bdb #d,-,18,4510,2336,1978,173,1,265207,16442,4510,2336,1984,4507,2335,1978,96,100,0,500,4671;
@400000005e4500432636aba7 #d,-,18,4513,2337,1979,174,1,265558,16464,4513,2337,1982,4510,2335,1976,96,100,0,500,4671;
@400000005e4500452646c4c2 #d,-,18,4445,2338,1778,175,1,265771,16477,4513,2339,1979,4445,2337,1770,96,100,0,500,4623;
@400000005e45004526503678 #d,-,18,4100,2338,1845,176,1,265965,16489,4445,2338,1871,4100,2337,1749,96,100,0,500,4249;
@400000005e4500472660384a #d,-,18,4190,2338,1840,177,1,266171,16502,4190,2339,1845,4100,2338,1834,96,100,0,500,4348;
@400000005e45004726698eff #d,-,18,4191,2337,1840,179,1,266373,16515,4191,2339,1843,4190,2337,1837,96,100,0,500,4351;
@400000005e4500492679ca8e #d,-,18,4191,2338,1843,180,1,266574,16527,4191,2338,1843,4191,2337,1839,96,100,0,500,4348;
@400000005e450049268324fc #d,-,18,4192,2338,1842,181,1,266774,16539,4192,2338,1846,4191,2337,1841,96,100,0,500,4353;
@400000005e45004b26932a88 #d,-,18,4194,2337,1844,182,1,266972,16552,4194,2338,1847,4192,2337,1840,96,100,0,500,4356;
@400000005e45004b269ca0e7 #d,-,18,4194,2337,1838,183,1,267167,16564,4194,2337,1846,4194,2336,1838,96,100,0,500,4356;
@400000005e45004d26a7bc3a #d,-,18,4193,2338,1808,184,1,267339,16575,4194,2338,1839,4193,2337,1805,96,100,0,500,4341;
@400000005e45004d26b0cd16 #d,-,18,4072,2339,1416,185,1,267309,16573,4193,2340,1814,4072,2338,1399,95,100,0,500,4258;
@400000005e45004f26be36df #d,-,18,3365,2341,1146,186,1,266935,16549,4072,2342,1649,3365,2339,951,92,100,0,500,3642;
@400000005e45004f26c579ca #d,-,18,2349,2341,1179,187,1,266462,16520,3365,2341,1199,2349,2340,1101,88,100,0,500,2651;
@400000005e45005126d1ce0b #d,-,18,2545,2340,1191,188,1,266007,16492,2545,2341,1191,2349,2340,1165,90,100,0,500,2801;
@400000005e45005126d98295 #d,-,18,2544,2342,1168,188,1,265549,16464,2545,2342,1192,2544,2340,1164,90,100,0,500,2796;
@400000005e45005326e67f68 #d,-,18,2542,2343,1169,189,1,265094,16435,2544,2344,1172,2542,2342,1166,91,100,0,500,2787;
@400000005e45005326edab0b #d,-,18,2540,2343,1161,190,1,264642,16407,2542,2344,1170,2540,2343,1161,91,100,0,500,2779;
@400000005e45005526fd1c82 #d,-,18,2537,2345,1164,190,1,264191,16379,2540,2345,1166,2537,2342,1157,91,100,0,500,2775;
@400000005e4500552707a77b #d,-,18,2533,2344,1160,191,1,263745,16352,2537,2345,1165,2533,2344,1159,91,100,0,500,2763;
@400000005e45005727181db7 #d,-,18,2530,2345,1162,192,1,263303,16324,2533,2345,1164,2530,2344,1160,91,100,0,500,2768;
@400000005e45005727219416 #d,-,18,2528,2345,1153,192,1,262863,16297,2530,2347,1165,2528,2344,1153,91,100,0,500,2768;
@400000005e450059273199a1 #d,-,18,2523,2348,1153,193,1,262421,16270,2528,2348,1156,2523,2344,1149,91,100,0,500,2753;
@400000005e450059273af055 #d,-,18,2518,2349,1154,194,1,261982,16242,2523,2350,1155,2518,2348,1149,91,100,0,500,2749;
@400000005e45005b274af5e1 #d,-,18,2514,2350,1149,195,1,261548,16216,2518,2350,1154,2514,2348,1149,91,100,0,500,2746;
@400000005e45005b275473b3 #d,-,18,2510,2348,1156,195,1,261120,16189,2514,2350,1156,2510,2348,1147,91,100,0,500,2749;
@400000005e45005d276497fa #d,-,18,2507,2348,1146,196,1,260694,16163,2510,2350,1156,2507,2348,1145,91,100,0,500,2744;
@400000005e45005d276e0a9f #d,-,18,2503,2348,1149,197,1,260269,16136,2507,2348,1151,2503,2345,1143,91,100,0,500,2742;
@400000005e45005f277df080 #d,-,18,2499,2346,1734,197,1,260009,16120,2503,2349,1753,2499,2346,1145,91,100,0,500,2734;
@400000005e45005f2787db49 #d,-,18,3140,2342,2143,199,1,260280,16137,3140,2349,2400,2499,2342,1288,94,100,0,500,3320;
@400000005e4500612798a0af #d,-,18,4894,2342,2149,200,1,260605,16157,4894,2343,2180,3140,2341,2142,96,100,0,500,5069;
@400000005e45006127a34f0c #d,-,18,4747,2342,1960,201,1,260930,16177,4894,2343,2149,4747,2341,1945,95,100,0,500,4960;
@400000005e45006327b40c10 #d,-,18,4509,2343,1973,202,1,261224,16195,4747,2343,1973,4509,2342,1852,96,100,0,500,4649;
@400000005e45006327be5c5d #d,-,18,4445,2342,1955,203,1,261660,16222,4509,2343,2005,4445,2342,1931,96,100,0,500,4597;
@400000005e45006527cefaa5 #d,-,18,4503,2342,1965,205,1,261837,16233,4503,2344,1967,4445,2341,1955,97,100,0,500,4642;
@400000005e45006527d96e55 #d,-,18,4503,2343,1963,206,1,262138,16252,4503,2343,1967,4503,2342,1960,96,100,0,500,4647;
@400000005e45006727ea1b84 #d,-,18,4502,2341,1960,207,1,262564,16278,4503,2343,1967,4502,2340,1960,96,100,0,500,4645;
@400000005e45006727f4d243 #d,-,18,4502,2344,1968,208,1,262861,16297,4502,2344,1968,4502,2341,1960,96,100,0,500,4645;
@400000005e45006928051da8 #d,-,18,4503,2348,1968,210,1,263032,16308,4503,2348,1970,4502,2344,1964,96,100,0,500,4657;
@400000005e4500692810846b #d,-,18,4505,2346,1969,211,1,263330,16326,4505,2348,1973,4503,2345,1962,96,100,0,500,4666;
@400000005e45006b2821e19f #d,-,18,4507,2346,1967,212,1,263623,16344,4507,2347,1971,4505,2345,1964,96,100,0,500,4666;
@400000005e45006b282d95b0 #d,-,18,4509,2346,1970,213,1,263915,16362,4509,2346,1972,4507,2345,1966,96,100,0,500,4666;
@400000005e45006d283e4698 #d,-,18,4511,2346,1977,215,1,264209,16381,4511,2346,1979,4509,2345,1969,96,100,0,500,4671;
@400000005e45006d28484d52 #d,-,18,4514,2345,1971,216,1,264499,16398,4514,2346,1978,4511,2345,1970,96,100,0,500,4683;
@400000005e45006f28587641 #d,-,18,4516,2345,1976,217,1,264786,16416,4516,2346,1977,4514,2345,1971,96,100,0,500,4676;
@400000005e45006f2863013a #d,-,18,4518,2345,1974,218,1,265071,16434,4518,2346,1976,4516,2344,1969,96,100,0,500,4678;
@400000005e450071286eb904 #d,-,18,4520,2345,1978,220,1,265354,16451,4520,2346,1979,4518,2344,1971,96,100,0,500,4676;
@400000005e4500712874d781 #d,-,18,4523,2345,1973,221,1,265636,16469,4523,2346,1982,4520,2345,1973,96,100,0,500,4683;
@400000005e450073287f8d51 #d,-,18,4425,2346,1933,222,1,265839,16482,4523,2346,1973,4425,2344,1823,96,100,0,500,4607;
@400000005e45007328862987 #d,-,18,4425,2347,1945,223,1,266110,16498,4425,2347,2002,4425,2344,1933,97,100,0,500,4543;
@400000005e450075289642a2 #d,-,18,4425,2348,1818,225,1,266288,16509,4425,2348,1945,4425,2347,1818,96,100,0,500,4607;
@400000005e450075289fbf85 #d,-,18,4150,2348,1811,226,1,266427,16518,4425,2349,1818,4150,2348,1802,96,100,0,500,4318;
@400000005e45007728b00bd8 #d,-,18,4147,2348,1792,227,1,266562,16526,4150,2349,1812,4147,2348,1792,96,100,0,500,4292;
@400000005e45007728b979d5 #d,-,18,4078,2348,1765,228,1,266668,16533,4147,2349,1793,4078,2348,1758,96,100,0,500,4247;
@400000005e45007928c8e2eb #d,-,18,4072,2349,1766,229,1,266889,16547,4078,2349,1769,4072,2348,1763,97,100,0,500,4194;
@400000005e45007928d2aef8 #d,-,18,4018,2349,1706,230,1,266968,16552,4072,2350,1767,4018,2348,1706,96,100,0,500,4185;
@400000005e45007b28e23f2a #d,-,18,3892,2347,1660,231,1,267000,16554,4018,2349,1706,3892,2347,1659,95,100,0,500,4069;
@400000005e45007b28ebad27 #d,-,18,3697,2349,1379,232,1,266789,16540,3892,2349,1660,3697,2347,1379,94,100,0,500,3898;
@400000005e45007d28fb8422 #d,-,18,3264,2351,1089,233,1,266629,16531,3697,2352,1663,3264,2348,924,94,100,0,500,3453;
@400000005e45007d2904d363 #d,-,18,2535,2350,1155,234,1,266273,16508,3264,2351,1240,2535,2350,1089,86,100,0,500,2924;
@400000005e45007f2914b1d1 #d,-,18,2538,2350,1176,235,1,265907,16486,2538,2351,1195,2535,2350,1154,90,100,0,500,2813;
@400000005e45007f291e2388 #d,-,18,2535,2350,1158,235,1,265535,16463,2538,2352,1177,2535,2350,1153,91,100,0,500,2779;
@400000005e450081292e2559 #d,-,18,2532,2350,1161,236,1,265166,16440,2535,2350,1164,2532,2349,1156,91,100,0,500,2775;
@400000005e45008129378f9d #d,-,18,2529,2350,1152,237,1,264682,16410,2532,2351,1162,2529,2350,1148,91,100,0,500,2770;
@400000005e4500832947890d #d,-,18,2525,2352,1150,237,1,264313,16387,2529,2352,1157,2525,2350,1148,91,100,0,500,2756;
@400000005e4500832950ef96 #d,-,18,2520,2351,1152,238,1,264061,16371,2525,2353,1155,2520,2351,1146,91,100,0,500,2753;
@400000005e4500852960ca4a #d,-,18,2516,2350,1151,239,1,263585,16342,2520,2352,1155,2516,2350,1146,91,100,0,500,2749;
@400000005e450085296a3fbb #d,-,18,2513,2347,1153,239,1,263225,16319,2516,2350,1155,2513,2346,1147,91,100,0,500,2751;
@400000005e450087297a1e28 #d,-,18,2509,2347,1147,240,1,262864,16297,2513,2348,1153,2509,2346,1144,91,100,0,500,2744;
@400000005e45008729836d6a #d,-,18,2504,2348,1147,241,1,262507,16275,2509,2348,1153,2504,2346,1145,91,100,0,500,2739;
@400000005e45008929937e22 #d,-,18,2501,2348,1148,241,1,262151,16253,2504,2348,1151,2501,2348,1143,91,100,0,500,2739;
@400000005e450089299ccd63 #d,-,18,2497,2346,1147,242,1,261800,16231,2501,2348,1154,2497,2345,1144,91,100,0,500,2737;
@400000005e45008b29acb6fe #d,-,18,2494,2347,1142,243,1,261448,16209,2497,2347,1150,2494,2345,1140,91,100,0,500,2737;
@400000005e45008b29b61d88 #d,-,18,2490,2346,1144,243,1,261098,16188,2494,2347,1148,2490,2346,1138,91,100,0,500,2727;
@400000005e45008d29c66179 #d,-,18,2487,2345,1699,244,1,260839,16172,2490,2348,1699,2487,2345,1141,91,100,0,500,2730;
@400000005e45008d29d019f8 #d,-,18,3100,2344,2144,245,1,260986,16181,3100,2348,2443,2487,2343,1302,94,100,0,500,3280;
@400000005e45008f29e128f0 #d,-,18,4930,2343,2142,247,1,261355,16204,4930,2344,2179,3100,2342,2130,96,100,0,500,5119;
@400000005e45008f29eb371d #d,-,18,4723,2343,1965,248,1,261612,16219,4930,2344,2151,4723,2342,1951,95,100,0,500,4936;
@400000005e45009129fb48c4 #d,-,18,4507,2342,1985,249,1,261849,16234,4723,2343,1985,4507,2342,1855,97,100,0,500,4645;
@400000005e4500912a064916 #d,-,18,4447,2341,1954,250,1,262096,16249,4507,2342,2011,4447,2341,1940,96,100,0,500,4602;
@400000005e4500932a1730f1 #d,-,18,4453,2343,1958,252,1,262339,16265,4453,2344,1964,4447,2341,1952,96,100,0,500,4635;
@400000005e4500932a217257 #d,-,18,4457,2345,1958,253,1,262581,16280,4457,2345,1964,4453,2343,1953,96,100,0,500,4633;
@400000005e4500952a31f4af #d,-,18,4462,2344,1965,254,1,262823,16295,4462,2345,1967,4457,2344,1957,96,100,0,500,4645;
@400000005e4500952a3bff22 #d,-,18,4467,2345,1960,255,1,263062,16309,4467,2345,1966,4462,2343,1956,96,100,0,500,4642;
@400000005e4500972a4d0e1b #d,-,18,4470,2345,1967,257,1,263300,16324,4470,2345,1967,4467,2344,1959,96,100,0,500,4642;
@400000005e4500972a56e643 #d,-,18,4475,2343,1971,258,1,263540,16339,4475,2345,1974,4470,2343,1959,96,100,0,500,4649;
@400000005e4500992a670e44 #d,-,18,4480,2343,1973,259,1,263783,16354,4480,2344,1979,4475,2343,1968,95,100,0,500,4668;
@400000005e4500992a7114fe #d,-,18,4533,2341,1977,260,1,264025,16369,4533,2343,1983,4480,2341,1969,96,100,0,500,4676;
@400000005e45009b2a81ca8e #d,-,18,4532,2342,1972,262,1,264263,16384,4533,2342,1979,4532,2341,1966,97,100,0,500,4671;
@400000005e45009b2a8bf3bd #d,-,18,4532,2343,1979,263,1,264502,16399,4532,2343,1983,4532,2342,1972,96,100,0,500,4678;
@400000005e45009d2a9cccb2 #d,-,18,4533,2345,1973,264,1,264739,16413,4533,2345,1979,4532,2343,1972,96,100,0,500,4678;
@400000005e45009d2aa6c750 #d,-,18,4533,2344,1977,266,1,264974,16428,4533,2345,1979,4533,2344,1972,96,100,0,500,4678;
@400000005e45009f2ab51369 #d,-,18,4533,2345,1975,267,1,265206,16442,4533,2345,1980,4533,2343,1971,96,100,0,500,4678;
@400000005e45009f2abd5fc2 #d,-,18,4532,2343,1964,268,1,265434,16456,4533,2345,1977,4532,2343,1964,96,100,0,500,4676;
@400000005e4500a12acd5a20 #d,-,18,4371,2343,1788,269,1,265551,16464,4532,2344,1964,4371,2343,1761,95,100,0,500,4559;
@400000005e4500a12ad76c07 #d,-,18,4116,2343,1817,270,1,265681,16472,4371,2344,1854,4116,2343,1788,96,100,0,500,4273;
@400000005e4500a32ae7b85a #d,-,18,4121,2344,1827,272,1,265807,16480,4121,2345,1833,4116,2343,1809,95,100,0,500,4308;
@400000005e4500a32af15c5b #d,-,18,4126,2345,1824,273,1,266031,16493,4126,2345,1830,4121,2344,1811,95,100,0,500,4320;
@400000005e4500a52b00684e #d,-,18,4131,2344,1828,274,1,266058,16495,4131,2345,1830,4126,2343,1820,95,100,0,500,4325;
@400000005e4500a52b0a9626 #d,-,18,4137,2344,1826,275,1,266283,16509,4137,2344,1830,4131,2343,1820,95,100,0,500,4325;
@400000005e4500a72b1a02f4 #d,-,18,4140,2347,1824,276,1,266406,16517,4140,2347,1829,4137,2344,1818,95,100,0,500,4327;
@400000005e4500a72b23d675 #d,-,18,4144,2346,1823,277,1,266429,16518,4144,2347,1827,4140,2346,1813,95,100,0,500,4325;
@400000005e4500a92b2e5641 #d,-,18,4144,2345,1787,278,1,266533,16525,4144,2346,1825,4144,2345,1783,96,100,0,500,4306;
@400000005e4500a92b33dfba #d,-,18,4018,2345,1623,279,1,266518,16524,4144,2346,1787,4018,2345,1411,95,100,0,500,4213;
@400000005e4500ab2b431a3e #d,-,18,3110,2349,1141,280,1,266248,16507,4018,2350,1702,3110,2344,1013,89,100,0,500,3476;
@400000005e4500ab2b4c697f #d,-,18,2573,2347,1169,281,1,265940,16488,3110,2349,1189,2573,2347,1141,92,100,0,500,2796;
@400000005e4500ad2b5c30a5 #d,-,18,2519,2347,1166,282,1,265632,16469,2573,2348,1170,2519,2346,1159,90,100,0,500,2782;
@400000005e4500ad2b65f80a #d,-,18,2519,2348,1162,282,1,265325,16450,2519,2348,1167,2519,2347,1161,90,100,0,500,2779;
@400000005e4500af2b75cb4b #d,-,18,2519,2347,1161,283,1,265017,16431,2519,2348,1168,2519,2347,1155,90,100,0,500,2777;
@400000005e4500af2b7f2973 #d,-,18,2517,2348,1157,284,1,264711,16412,2519,2348,1164,2517,2346,1152,91,100,0,500,2765;
@400000005e4500b12b8f32b8 #d,-,18,2516,2349,1156,284,1,264408,16393,2517,2349,1165,2516,2346,1156,90,100,0,500,2770;
@400000005e4500b12b98cc7a #d,-,18,2513,2350,1155,285,1,264102,16374,2516,2350,1157,2513,2349,1150,91,100,0,500,2758;
@400000005e4500b32ba88784 #d,-,18,2510,2350,1157,286,1,263799,16355,2513,2350,1158,2510,2349,1151,91,100,0,500,2758;
@400000005e4500b32bb21c9f #d,-,18,2509,2348,1155,286,1,263499,16336,2510,2351,1161,2509,2348,1150,91,100,0,500,2756;
@400000005e4500b52bc2160f #d,-,18,2507,2348,1152,287,1,263200,16318,2509,2349,1158,2507,2348,1148,90,100,0,500,2758;
@400000005e4500b52bcb840c #d,-,18,2505,2348,1152,288,1,262901,16299,2507,2349,1155,2505,2347,1147,91,100,0,500,2749;
@400000005e4500b72bdb8224 #d,-,18,2502,2348,1152,289,1,262605,16281,2505,2349,1157,2502,2348,1148,91,100,0,500,2746;
@400000005e4500b72be4d8d8 #d,-,18,2500,2348,1151,289,1,262311,16263,2502,2349,1158,2500,2348,1147,90,100,0,500,2749;
@400000005e4500b92bf46551 #d,-,18,2498,2349,1149,290,1,262016,16245,2500,2349,1153,2498,2348,1143,91,100,0,500,2744;
@400000005e4500b92bfe4045 #d,-,18,2494,2349,1144,291,1,261723,16226,2498,2350,1152,2494,2348,1144,91,100,0,500,2739;
@400000005e4500bb2c0f8ad9 #d,-,18,2707,2350,1286,291,1,261574,16217,2707,2351,1665,2494,2347,1144,94,100,0,500,2858;
@400000005e4500bb2c1955f8 #d,-,18,3078,2344,2111,293,1,261663,16223,3078,2350,2346,2707,2344,1286,92,100,0,500,3341;
@400000005e4500bd2c2a32a6 #d,-,18,4856,2346,2138,294,1,261970,16242,4856,2346,2175,3078,2344,2101,97,100,0,500,4981;
@400000005e4500bd2c3409e0 #d,-,18,4757,2344,1968,295,1,262191,16255,4856,2347,2138,4757,2344,1953,95,100,0,500,4967;
@400000005e4500bf2c4469c2 #d,-,18,4507,2346,1951,296,1,262477,16273,4757,2347,1973,4507,2344,1852,96,100,0,500,4657;
@400000005e4500bf2c4e2240 #d,-,18,4447,2345,1953,298,1,262594,16280,4507,2347,2007,4447,2344,1934,96,100,0,500,4600;
@400000005e4500c12c5ea852 #d,-,18,4452,2347,1955,299,1,262798,16293,4452,2347,1963,4447,2344,1950,96,100,0,500,4633;
@400000005e4500c12c68dd9c #d,-,18,4457,2345,1958,300,1,262999,16305,4457,2347,1960,4452,2345,1952,96,100,0,500,4635;
@400000005e4500c32c78e328 #d,-,18,4461,2347,1962,301,1,263202,16318,4461,2347,1964,4457,2345,1955,96,100,0,500,4635;
@400000005e4500c32c832fbb #d,-,18,4466,2345,1962,302,1,263404,16331,4466,2347,1967,4461,2345,1958,96,100,0,500,4649;
@400000005e4500c52c941022 #d,-,18,4471,2346,1970,304,1,263606,16343,4471,2347,1970,4466,2344,1958,96,100,0,500,4647;
@400000005e4500c52c9e3598 #d,-,18,4476,2344,1974,305,1,263811,16356,4476,2347,1977,4471,2344,1965,96,100,0,500,4661;
@400000005e4500c72caf062a #d,-,18,4482,2345,1972,306,1,264015,16368,4482,2345,1976,4476,2344,1964,96,100,0,500,4666;
@400000005e4500c72cb8ab1a #d,-,18,4487,2345,1969,307,1,264216,16381,4487,2346,1977,4482,2344,1967,96,100,0,500,4668;
@400000005e4500c92cc818d7 #d,-,18,4492,2345,1976,309,1,264417,16393,4492,2346,1977,4487,2344,1968,96,100,0,500,4668;
@400000005e4500c92cd1fc2d #d,-,18,4496,2344,1968,310,1,264617,16406,4496,2345,1977,4492,2343,1968,96,100,0,500,4671;
@400000005e4500cb2ce2f024 #d,-,18,4500,2344,1978,311,1,264816,16418,4500,2344,1978,4496,2344,1968,96,100,0,500,4671;
@400000005e4500cb2cece260 #d,-,18,4504,2344,1977,312,1,265016,16431,4504,2344,1979,4500,2344,1972,96,100,0,500,4678;
@400000005e4500cd2cfb98a5 #d,-,18,4508,2344,1972,314,1,265213,16443,4508,2345,1979,4504,2344,1969,96,100,0,500,4678;
@400000005e4500cd2d03d528 #d,-,18,4511,2343,1974,315,1,265495,16460,4511,2344,1975,4508,2343,1968,96,100,0,500,4676;
@400000005e4500cf2d131455 #d,-,18,4391,2345,1743,316,1,265527,16462,4511,2345,1974,4391,2343,1743,95,100,0,500,4576;
@400000005e4500cf2d1c9d54 #d,-,18,4174,2348,1826,317,1,265721,16474,4391,2348,1855,4174,2345,1740,96,100,0,500,4327;
@400000005e4500d12d2c6479 #d,-,18,4171,2348,1819,318,1,265827,16481,4174,2348,1826,4171,2347,1811,96,100,0,500,4311;
@400000005e4500d12d35f5da #d,-,18,4170,2348,1825,320,1,265851,16482,4171,2348,1827,4170,2347,1816,96,100,0,500,4320;
@400000005e4500d32d4241b9 #d,-,18,4170,2349,1822,321,1,265959,16489,4170,2349,1826,4170,2348,1817,96,100,0,500,4325;
@400000005e4500d32d4c3c57 #d,-,18,4170,2349,1820,322,2,266064,16496,4170,2349,1825,4170,2348,1817,96,100,0,500,4322;
@400000005e4500d52d5c0f98 #d,-,18,4169,2348,1825,323,2,266254,16507,4170,2349,1826,4169,2348,1819,96,100,0,500,4322;
@400000005e4500d52d65bfb4 #d,-,18,4169,2346,1813,324,2,266358,16514,4169,2348,1827,4169,2346,1813,96,100,0,500,4325;
@400000005e4500d72d719e9c #d,-,18,4165,2343,1796,325,2,266447,16519,4169,2347,1813,4165,2343,1790,96,100,0,500,4301;
@400000005e4500d72d7b7a7f #d,-,18,3958,2344,1686,326,2,266334,16512,4165,2346,1796,3958,2343,1352,94,100,0,500,4168;
@400000005e4500d92d8b5ca6 #d,-,18,2958,2347,1159,327,2,266071,16496,3958,2348,1686,2958,2344,1017,89,100,0,500,3287;
@400000005e4500d92d94c6e9 #d,-,18,2575,2348,1176,328,2,265893,16485,2958,2349,1188,2575,2347,1159,91,100,0,500,2827;
@400000005e4500db2da4ffae #d,-,18,2569,2349,1168,329,2,265631,16469,2575,2349,1177,2569,2348,1165,91,100,0,500,2794;
@400000005e4500db2dae6549 #d,-,18,2565,2352,1168,329,2,265370,16452,2569,2352,1174,2565,2349,1165,91,100,0,500,2791;
@400000005e4500dd2dbe18e0 #d,-,18,2559,2353,1162,330,2,265026,16431,2565,2353,1169,2559,2352,1160,91,100,0,500,2787;
@400000005e4500dd2dc7f87c #d,-,18,2554,2352,1162,331,2,264848,16420,2559,2353,1168,2554,2352,1158,91,100,0,500,2782;
@400000005e4500df2dd7ee32 #d,-,18,2549,2352,1157,331,2,264506,16399,2554,2353,1165,2549,2352,1154,91,100,0,500,2775;
@400000005e4500df2de160d7 #d,-,18,2543,2352,1159,332,2,264327,16388,2549,2353,1161,2543,2352,1153,91,100,0,500,2768;
@400000005e4500e12df16662 #d,-,18,2539,2351,1160,333,2,264069,16372,2543,2353,1161,2539,2351,1154,91,100,0,500,2768;
@400000005e4500e12dfaad42 #d,-,18,2534,2351,1148,333,2,263728,16351,2539,2352,1160,2534,2351,1148,91,100,0,500,2763;
@400000005e4500e32e0a39bb #d,-,18,2528,2351,1161,334,2,263471,16335,2534,2352,1161,2528,2351,1148,91,100,0,500,2756;
@400000005e4500e32e1420ca #d,-,18,2524,2353,1153,335,2,263214,16319,2528,2354,1161,2524,2351,1151,91,100,0,500,2758;
@400000005e4500e52e24229c #d,-,18,2520,2353,1155,335,2,262960,16303,2524,2354,1158,2520,2352,1149,91,100,0,500,2758;
@400000005e4500e52e2d8bf1 #d,-,18,2516,2352,1147,336,2,262705,16287,2520,2353,1155,2516,2352,1145,91,100,0,500,2756;
@400000005e4500e72e3ee1b1 #d,-,18,2512,2352,1149,337,2,262452,16272,2516,2354,1154,2512,2352,1145,91,100,0,500,2746;
@400000005e4500e72e4a2c85 #d,-,18,2509,2353,1153,338,2,262200,16256,2512,2353,1155,2509,2351,1146,91,100,0,500,2749;
@400000005e4500e92e5b5b28 #d,-,18,2938,2351,1355,338,2,262099,16250,2938,2354,1758,2509,2351,1152,96,100,0,500,3059;
@400000005e4500e92e650b44 #d,-,18,2943,2350,2101,340,2,262247,16259,2943,2352,2377,2938,2348,1331,90,100,0,500,3270;
@400000005e4500eb2e757eb5 #d,-,18,4842,2346,2162,341,2,262511,16275,4842,2350,2190,2943,2346,2101,96,100,0,500,5007;
@400000005e4500eb2e804814 #d,-,18,4745,2347,1962,342,2,262699,16287,4842,2350,2162,4745,2346,1955,95,100,0,500,4977;
@400000005e4500ed2e912fef #d,-,18,4513,2350,1947,343,2,262789,16292,4745,2350,1966,4513,2347,1847,96,100,0,500,4654;
@400000005e4500ed2e9b231a #d,-,18,4443,2348,1945,345,2,262967,16304,4513,2350,2001,4443,2348,1929,96,100,0,500,4600;
@400000005e4500ef2eaba92b #d,-,18,4495,2350,1964,346,2,263144,16314,4495,2350,1964,4443,2348,1945,96,100,0,500,4635;
@400000005e4500ef2eb5cf8f #d,-,18,4495,2350,1954,347,2,263320,16325,4495,2351,1964,4495,2349,1954,96,100,0,500,4647;
@400000005e4500f12ec78e8d #d,-,18,4496,2350,1959,348,2,263495,16336,4496,2350,1962,4495,2348,1952,96,100,0,500,4645;
@400000005e4500f12ed21124 #d,-,18,4496,2349,1961,350,2,263669,16347,4496,2351,1961,4496,2349,1953,96,100,0,500,4642;
@400000005e4500f32ee36f46 #d,-,18,4497,2348,1964,351,2,263844,16358,4497,2350,1969,4496,2348,1958,96,100,0,500,4652;
@400000005e4500f32eed7d73 #d,-,18,4499,2347,1973,352,2,264020,16369,4499,2349,1973,4497,2347,1961,96,100,0,500,4661;
@400000005e4500f52efec35f #d,-,18,4502,2348,1962,353,2,264194,16380,4502,2348,1974,4499,2346,1962,96,100,0,500,4666;
@400000005e4500f52f090ff2 #d,-,18,4504,2348,1969,355,2,264368,16390,4504,2348,1970,4502,2346,1962,96,100,0,500,4661;
@400000005e4500f72f1a0b5c #d,-,18,4505,2348,1970,356,2,264542,16401,4505,2348,1975,4504,2347,1964,96,100,0,500,4661;
@400000005e4500f72f24d101 #d,-,18,4509,2345,1976,357,2,264792,16417,4509,2348,1978,4505,2345,1970,96,100,0,500,4673;
@400000005e4500f92f35c8b1 #d,-,18,4511,2346,1975,358,2,264964,16427,4511,2346,1976,4509,2345,1970,96,100,0,500,4673;
@400000005e4500f92f405853 #d,-,18,4513,2347,1972,360,2,265137,16438,4513,2347,1978,4511,2346,1971,96,100,0,500,4676;
@400000005e4500fb2f4f018d #d,-,18,4516,2346,1973,361,2,265308,16449,4516,2348,1978,4513,2346,1968,96,100,0,500,4680;
@400000005e4500fb2f5775f2 #d,-,18,4517,2346,1962,362,2,265402,16454,4517,2346,1973,4516,2345,1962,96,100,0,500,4673;
@400000005e4500fd2f66faf8 #d,-,18,4389,2347,1737,363,2,265499,16460,4517,2347,1962,4389,2346,1737,95,100,0,500,4574;
@400000005e4500fd2f705566 #d,-,18,4110,2348,1819,365,2,265587,16466,4389,2349,1829,4110,2346,1728,96,100,0,500,4266;
@400000005e4500ff2f80142a #d,-,18,4116,2348,1827,366,2,265682,16472,4116,2349,1828,4110,2348,1817,95,100,0,500,4311;
@400000005e4500ff2f895b09 #d,-,18,4174,2346,1830,367,2,265778,16478,4174,2348,1832,4116,2345,1824,96,100,0,500,4332;
@400000005e4501012f98f757 #d,-,18,4174,2348,1831,368,2,265873,16484,4174,2348,1833,4174,2345,1816,96,100,0,500,4332;
@400000005e4501012fa20fa6 #d,-,18,4174,2347,1832,369,2,265968,16490,4174,2348,1832,4174,2346,1822,96,100,0,500,4329;
@400000005e4501032fb1a392 #d,-,18,4175,2348,1818,370,2,266062,16495,4175,2348,1836,4174,2346,1816,96,100,0,500,4339;
@400000005e4501032fbadf44 #d,-,18,4175,2348,1840,371,2,266161,16502,4175,2348,1847,4175,2345,1818,96,100,0,500,4334;
@400000005e4501052fc91415 #d,-,18,4177,2346,1810,373,2,266249,16507,4177,2348,1840,4175,2346,1806,96,100,0,500,4348;
@400000005e4501052fd174eb #d,-,18,4058,2349,1416,374,2,266300,16510,4177,2349,1816,4058,2346,1367,95,100,0,500,4258;
@400000005e4501072fe08c0b #d,-,18,3343,2347,1188,374,2,266080,16497,4058,2349,1750,3343,2346,1058,91,100,0,500,3647;
@400000005e4501072fea386e #d,-,18,2545,2348,1198,375,2,265927,16487,3343,2349,1212,2545,2346,1142,90,100,0,500,2810;
@400000005e4501092ffa7044 #d,-,18,2545,2347,1171,376,2,265627,16468,2545,2348,1199,2545,2347,1166,90,100,0,500,2813;
@400000005e4501093003e6a3 #d,-,18,2544,2348,1165,377,2,265399,16454,2545,2348,1173,2544,2346,1165,90,100,0,500,2796;
@400000005e45010b3013efe8 #d,-,18,2541,2348,1166,377,2,265170,16440,2544,2348,1168,2541,2347,1161,91,100,0,500,2784;
@400000005e45010b301d3f29 #d,-,18,2538,2347,1158,378,2,264940,16426,2541,2348,1168,2538,2346,1157,91,100,0,500,2777;
@400000005e45010d302cabf8 #d,-,18,2535,2348,1159,379,2,264711,16412,2538,2349,1164,2535,2346,1155,91,100,0,500,2770;
@400000005e45010d3036585b #d,-,18,2531,2348,1162,379,2,264483,16397,2535,2348,1163,2531,2347,1154,91,100,0,500,2763;
@400000005e45010f30463f2a #d,-,18,2528,2347,1159,380,2,264256,16383,2531,2348,1163,2528,2347,1157,91,100,0,500,2765;
@400000005e45010f304fb49b #d,-,18,2524,2348,1153,381,2,264027,16369,2528,2348,1160,2524,2346,1148,91,100,0,500,2765;
@400000005e450111305f7806 #d,-,18,2520,2348,1153,381,2,263801,16355,2524,2349,1160,2520,2348,1152,91,100,0,500,2751;
@400000005e4501113068c659 #d,-,18,2516,2344,1157,382,2,263575,16341,2520,2348,1163,2516,2338,1151,91,100,0,500,2756;
@400000005e4501133078999a #d,-,18,2513,2346,1153,383,2,263349,16327,2516,2346,1157,2513,2344,1147,91,100,0,500,2753;
@400000005e450113308203dd #d,-,18,2509,2345,1150,383,2,263193,16318,2513,2347,1156,2509,2345,1147,91,100,0,500,2742;
@400000005e4501153092193e #d,-,18,2506,2344,1153,384,2,262900,16299,2509,2345,1155,2506,2344,1148,91,100,0,500,2746;
@400000005e450115309b8381 #d,-,18,2503,2346,1149,385,2,262677,16286,2506,2347,1157,2503,2344,1149,91,100,0,500,2744;
@400000005e45011730ac1d21 #d,-,18,2502,2346,1367,386,2,262556,16278,2503,2346,1729,2502,2342,1149,91,100,0,500,2749;
@400000005e45011730b5e92e #d,-,18,3224,2341,2017,387,2,262607,16281,3224,2346,2290,2502,2339,1267,95,100,0,500,3384;
@400000005e45011930c6c134 #d,-,18,4817,2340,2151,388,2,262834,16295,4817,2341,2203,3224,2339,1962,100,100,0,500,4817;
@400000005e45011930d129b8 #d,-,18,4727,2341,1950,389,2,262998,16305,4817,2341,2151,4727,2339,1896,95,100,0,500,4929;
@400000005e45011b30e29219 #d,-,18,4501,2338,1961,391,2,263153,16315,4727,2341,1972,4501,2338,1948,97,100,0,500,4633;
@400000005e45011b30eca046 #d,-,18,4499,2337,1964,392,2,263307,16325,4501,2340,1967,4499,2337,1959,97,100,0,500,4633;
@400000005e45011d30fe505d #d,-,18,4498,2341,1963,393,2,263529,16338,4499,2341,1969,4498,2337,1958,97,100,0,500,4630;
@400000005e45011d3108f29e #d,-,18,4498,2341,1967,394,2,263616,16344,4498,2341,1971,4498,2339,1963,96,100,0,500,4645;
@400000005e45011f3119b804 #d,-,18,4499,2339,1966,396,2,263770,16353,4499,2342,1970,4498,2339,1965,96,100,0,500,4645;
@400000005e45011f3123aa40 #d,-,18,4499,2340,1973,397,2,263925,16363,4499,2341,1977,4499,2339,1966,96,100,0,500,4647;
@400000005e45012131347360 #d,-,18,4501,2342,1976,398,2,264080,16372,4501,2343,1976,4499,2339,1968,96,100,0,500,4661;
@400000005e450121313ea4f1 #d,-,18,4503,2343,1965,399,2,264300,16386,4503,2343,1978,4501,2341,1965,96,100,0,501,4659;
@400000005e450123314f98e7 #d,-,18,4505,2343,1973,401,2,264386,16391,4505,2344,1973,4503,2341,1965,96,100,0,501,4657;
@400000005e4501233159d5a5 #d,-,18,4506,2342,1971,402,2,264538,16401,4506,2343,1977,4505,2340,1969,96,100,0,501,4659;
@400000005e450125316ab60d #d,-,18,4507,2341,1976,403,2,264691,16410,4507,2343,1978,4506,2341,1969,96,100,0,501,4664;
@400000005e45012531754d21 #d,-,18,4510,2341,1975,404,2,264844,16420,4510,2343,1982,4507,2340,1971,96,100,0,501,4668;
@400000005e4501273186216e #d,-,18,4512,2342,1972,405,2,264996,16429,4512,2342,1979,4510,2340,1971,96,100,0,501,4666;
@400000005e45012731905f1a #d,-,18,4513,2341,1979,407,2,265147,16439,4513,2342,1981,4512,2340,1972,96,100,0,501,4668;
@400000005e450129319f0c0f #d,-,18,4515,2340,1974,408,2,265365,16452,4515,2343,1981,4513,2340,1974,96,100,0,501,4673;
@400000005e45012931a75d0f #d,-,18,4516,2341,1977,409,2,265514,16461,4516,2342,1977,4515,2339,1971,96,100,0,501,4671;
@400000005e45012b31b6daa2 #d,-,18,4421,2343,1777,410,2,265540,16463,4516,2344,1977,4421,2340,1777,96,100,0,501,4597;
@400000005e45012b31c05c2d #d,-,18,4166,2344,1834,412,2,265629,16469,4421,2344,1862,4166,2342,1777,96,100,0,501,4320;
@400000005e45012d31d08075 #d,-,18,4167,2345,1831,413,2,265714,16474,4167,2345,1835,4166,2343,1826,96,100,0,501,4334;
@400000005e45012d31d9e345 #d,-,18,4168,2344,1825,414,2,265798,16479,4168,2346,1832,4167,2344,1823,96,100,0,501,4329;
@400000005e45012f31e95013 #d,-,18,4168,2344,1828,415,2,265882,16484,4168,2347,1830,4168,2344,1822,96,100,0,501,4325;
@400000005e45012f31f31fda #d,-,18,4169,2345,1826,416,2,265965,16489,4169,2347,1828,4168,2344,1824,96,100,0,501,4325;
@400000005e4501313202fa8f #d,-,18,4169,2345,1829,417,2,266048,16495,4169,2346,1831,4169,2344,1822,96,100,0,501,4327;
@400000005e450131320c8fa9 #d,-,18,4169,2344,1823,419,2,266130,16500,4169,2346,1834,4169,2344,1820,96,100,0,501,4327;
@400000005e4501333217afa5 #d,-,18,4167,2345,1800,420,2,266203,16504,4169,2346,1826,4167,2343,1794,96,100,0,501,4313;
@400000005e450133321d258f #d,-,18,3998,2345,1628,421,2,266251,16507,4167,2348,1800,3998,2344,1400,95,100,0,501,4202;
@400000005e450135322c7b16 #d,-,18,3098,2351,1147,421,2,266009,16492,3998,2352,1683,3098,2345,1022,89,100,0,501,3448;
@400000005e4501353235d1ca #d,-,18,2579,2350,1177,422,2,265806,16479,3098,2352,1182,2579,2350,1147,91,100,0,501,2808;
@400000005e45013732455a89 #d,-,18,2573,2351,1166,423,2,265602,16467,2579,2353,1177,2573,2349,1165,92,100,0,501,2794;
@400000005e450137324f4199 #d,-,18,2568,2350,1170,424,2,265400,16454,2573,2352,1173,2568,2350,1165,92,100,0,501,2791;
@400000005e450139325f2fdc #d,-,18,2563,2351,1165,424,2,265262,16446,2568,2353,1173,2563,2350,1164,91,100,0,501,2789;
@400000005e45013932689665 #d,-,18,2559,2353,1170,425,2,265060,16433,2563,2353,1170,2559,2351,1158,91,100,0,501,2787;
@400000005e45013b32781309 #d,-,18,2554,2353,1166,426,2,264795,16417,2559,2353,1172,2554,2351,1161,91,100,0,501,2782;
@400000005e45013b328169be #d,-,18,2550,2351,1167,426,2,264595,16404,2554,2353,1168,2550,2350,1160,91,100,0,501,2784;
@400000005e45013d3290d68d #d,-,18,2547,2350,1161,427,2,264395,16392,2550,2352,1169,2547,2350,1161,91,100,0,501,2782;
@400000005e45013d329af48f #d,-,18,2542,2351,1158,428,2,264193,16380,2547,2352,1163,2542,2350,1152,91,100,0,501,2772;
@400000005e45013f32aaea45 #d,-,18,2538,2350,1162,428,2,264056,16371,2542,2352,1162,2538,2349,1158,91,100,0,501,2765;
@400000005e45013f32b46bd1 #d,-,18,2534,2351,1159,429,2,263857,16359,2538,2353,1164,2534,2350,1155,91,100,0,501,2770;
@400000005e45014132c4a495 #d,-,18,2530,2352,1153,430,2,263594,16342,2534,2353,1161,2530,2350,1150,91,100,0,501,2765;
@400000005e45014132ce02bd #d,-,18,2525,2351,1156,431,2,263395,16330,2530,2352,1158,2525,2350,1151,91,100,0,501,2753;
@400000005e45014332de4f10 #d,-,18,2521,2352,1152,431,2,263195,16318,2525,2352,1157,2521,2350,1149,91,100,0,501,2756;
@400000005e45014332e9b89f #d,-,18,2516,2351,1150,432,2,262996,16305,2521,2352,1154,2516,2350,1147,91,100,0,501,2746;
@400000005e45014532fab409 #d,-,18,2607,2352,1290,433,2,262892,16299,2607,2352,1687,2516,2347,1150,93,100,0,501,2798;
@400000005e4501453304af96 #d,-,18,3160,2348,2097,434,2,262940,16302,3160,2352,2361,2607,2345,1282,93,100,0,501,3393;
@400000005e4501473314dff8 #d,-,18,4836,2348,2153,435,2,263149,16315,4836,2348,2172,3160,2346,2097,97,100,0,501,4967;
@400000005e450147331eda97 #d,-,18,4767,2347,1959,436,2,263297,16324,4836,2349,2153,4767,2346,1955,95,100,0,501,4979;
@400000005e450149332faee3 #d,-,18,4507,2347,1949,438,2,263427,16332,4767,2349,1966,4507,2346,1846,96,100,0,501,4649;
@400000005e45014933397737 #d,-,18,4443,2345,1953,439,2,263567,16341,4507,2349,2002,4443,2345,1930,96,100,0,501,4600;
@400000005e45014b334945cf #d,-,18,4507,2347,1959,440,2,263705,16349,4507,2348,1966,4443,2344,1953,96,100,0,501,4647;
@400000005e45014b3353bd3a #d,-,18,4505,2347,1957,441,2,263842,16358,4507,2349,1963,4505,2346,1955,97,100,0,501,4642;
@400000005e45014d33649da1 #d,-,18,4504,2347,1961,443,2,263979,16366,4505,2349,1964,4504,2346,1957,97,100,0,501,4642;
@400000005e45014d336ea45b #d,-,18,4504,2345,1965,444,2,264116,16375,4504,2347,1967,4504,2345,1958,96,100,0,501,4647;
@400000005e45014f337f3dfb #d,-,18,4504,2346,1967,445,2,264313,16387,4504,2347,1971,4504,2345,1962,96,100,0,501,4649;
@400000005e45014f33893899 #d,-,18,4505,2347,1967,446,2,264390,16392,4505,2348,1973,4504,2344,1962,96,100,0,501,4657;
@400000005e4501513399baf1 #d,-,18,4506,2346,1963,448,2,264527,16400,4506,2348,1970,4505,2346,1962,96,100,0,501,4659;
@400000005e45015133a38344 #d,-,18,4507,2345,1969,449,2,264662,16409,4507,2348,1971,4506,2345,1963,96,100,0,501,4659;
@400000005e45015333b3caef #d,-,18,4508,2346,1973,450,2,264799,16417,4508,2347,1976,4507,2345,1966,96,100,0,501,4661;
@400000005e45015333be1fe4 #d,-,18,4510,2347,1970,451,2,264935,16426,4510,2348,1974,4508,2346,1967,96,100,0,501,4668;
@400000005e45015533cf1021 #d,-,18,4511,2348,1971,453,2,265070,16434,4511,2348,1973,4510,2346,1966,96,100,0,501,4664;
@400000005e45015533d940c3 #d,-,18,4512,2348,1971,454,2,265206,16442,4512,2348,1977,4511,2346,1966,96,100,0,501,4668;
@400000005e45015733e7cc31 #d,-,18,4514,2346,1975,455,2,265341,16451,4514,2348,1977,4512,2346,1969,96,100,0,501,4673;
@400000005e45015733f0285f #d,-,18,4515,2345,1973,457,2,265475,16459,4515,2348,1977,4514,2345,1967,96,100,0,501,4668;
@400000005e45015933fe694b #d,-,18,4457,2347,1807,458,2,265561,16464,4515,2348,1976,4457,2345,1785,96,100,0,501,4633;
@400000005e4501593407cee6 #d,-,18,4132,2344,1840,459,2,265638,16469,4457,2348,1856,4132,2340,1777,96,100,0,501,4284;
@400000005e45015b3411d5a0 #d,-,18,4198,2345,1841,460,2,265719,16474,4198,2345,1846,4132,2343,1836,96,100,0,501,4358;
@400000005e45015b341ab342 #d,-,18,4198,2345,1841,461,2,265859,16483,4198,2345,1845,4198,2342,1835,96,100,0,501,4356;
@400000005e45015d34292dec #d,-,18,4198,2345,1838,462,2,265879,16484,4198,2345,1842,4198,2343,1833,96,100,0,501,4356;
@400000005e45015d34326d58 #d,-,18,4199,2345,1840,464,2,265959,16489,4199,2345,1847,4198,2343,1837,96,100,0,501,4353;
@400000005e45015f3440e448 #d,-,18,4199,2345,1833,465,2,266038,16494,4199,2346,1844,4199,2344,1833,96,100,0,501,4358;
@400000005e45015f3449be30 #d,-,18,4199,2343,1840,466,2,266116,16499,4199,2346,1842,4199,2343,1833,96,100,0,501,4356;
@400000005e45016134572351 #d,-,18,4197,2344,1809,467,2,266244,16507,4199,2346,1840,4197,2343,1804,96,100,0,501,4339;
@400000005e450161345efefa #d,-,18,4088,2344,1536,468,2,266189,16503,4197,2347,1815,4088,2343,1448,95,100,0,501,4270;
@400000005e450163346c5534 #d,-,18,3280,2346,1177,469,2,266052,16495,4088,2349,1729,3280,2343,1047,90,100,0,501,3642;
@400000005e4501633474e855 #d,-,18,2583,2347,1184,470,2,265873,16484,3280,2348,1196,2583,2346,1165,91,100,0,501,2810;
@400000005e450165348246f1 #d,-,18,2580,2347,1175,470,2,265694,16473,2583,2349,1184,2580,2347,1175,91,100,0,501,2820;
@400000005e450165348b0c5c #d,-,18,2576,2347,1172,471,2,265570,16465,2580,2349,1177,2576,2346,1171,91,100,0,501,2803;
@400000005e4501673498092f #d,-,18,2572,2349,1171,472,2,265333,16450,2576,2349,1177,2572,2346,1171,91,100,0,501,2801;
@400000005e45016734a1058c #d,-,18,2567,2348,1166,472,2,265150,16439,2572,2349,1172,2567,2347,1165,91,100,0,501,2794;
@400000005e45016934ae9de7 #d,-,18,2562,2348,1168,473,2,264970,16428,2567,2349,1174,2562,2346,1165,91,100,0,501,2787;
@400000005e45016934b73969 #d,-,18,2558,2348,1165,474,2,264789,16416,2562,2348,1168,2558,2346,1164,91,100,0,501,2782;
@400000005e45016b34c448dc #d,-,18,2553,2348,1162,474,2,264664,16409,2558,2348,1167,2553,2346,1161,92,100,0,501,2775;
@400000005e45016b34cd59b7 #d,-,18,2547,2347,1163,475,2,264426,16394,2553,2348,1164,2547,2345,1156,91,100,0,501,2770;
@400000005e45016d34dae5f6 #d,-,18,2542,2346,1158,476,2,264245,16383,2547,2347,1167,2542,2345,1158,91,100,0,501,2765;
@400000005e45016d34e39507 #d,-,18,2537,2345,1159,477,2,264063,16371,2542,2347,1161,2537,2344,1153,91,100,0,501,2763;
@400000005e45016f34f085be #d,-,18,2532,2346,1160,477,2,263883,16360,2537,2346,1162,2532,2344,1155,91,100,0,501,2756;
@400000005e45016f34f99964 #d,-,18,2528,2345,1160,478,2,263703,16349,2532,2346,1162,2528,2343,1158,91,100,0,501,2761;
@400000005e45017135129c3c #d,-,18,2525,2343,1161,479,2,263581,16342,2528,2346,1163,2525,2343,1156,91,100,0,501,2761;
@400000005e45017135204825 #d,-,18,2522,2344,1153,479,2,263345,16327,2525,2346,1161,2522,2343,1153,91,100,0,501,2761;
@400000005e450173353058dd #d,-,18,2649,2344,1316,480,2,263260,16322,2649,2346,1758,2522,2341,1151,94,100,0,501,2815;
@400000005e450173353a0187 #d,-,18,3160,2340,2116,481,2,263285,16323,3160,2345,2356,2649,2339,1314,92,100,0,501,3417;
@400000005e450175354b3c45 #d,-,18,4701,2339,2147,483,2,263465,16334,4701,2341,2170,3160,2339,2095,97,100,0,501,4830;
@400000005e45017535552e81 #d,-,18,4771,2338,1966,484,3,263655,16346,4771,2341,2157,4701,2338,1958,95,100,0,501,5003;
@400000005e4501773565e7cb #d,-,18,4497,2341,1896,485,3,263771,16353,4771,2341,1973,4497,2337,1859,96,100,0,501,4640;
@400000005e450177356fa404 #d,-,18,4491,2340,1964,486,3,263843,16358,4497,2341,2016,4491,2338,1896,97,100,0,501,4604;
@400000005e4501793581c885 #d,-,18,4492,2340,1963,488,3,263965,16365,4492,2340,1968,4491,2338,1959,96,100,0,501,4633;
@400000005e450179358d082b #d,-,18,4492,2341,1970,489,3,264089,16373,4492,2341,1973,4492,2339,1963,96,100,0,501,4640;
@400000005e45017b359e2251 #d,-,18,4494,2340,1974,490,3,264215,16381,4494,2341,1977,4492,2339,1967,96,100,0,501,4654;
@400000005e45017b35a87aff #d,-,18,4497,2339,1974,491,3,264395,16392,4497,2341,1980,4494,2339,1972,96,100,0,501,4661;
@400000005e45017d35b9925a #d,-,18,4499,2341,1971,493,3,264519,16400,4499,2342,1974,4497,2339,1969,96,100,0,501,4661;
@400000005e45017d35c41138 #d,-,18,4501,2339,1976,494,3,264589,16404,4501,2342,1979,4499,2339,1969,96,100,0,501,4659;
@400000005e45017f35d4c30e #d,-,18,4503,2341,1974,495,3,264712,16412,4503,2341,1979,4501,2339,1971,96,100,0,501,4664;
@400000005e45017f35dec166 #d,-,18,4505,2340,1980,496,3,264838,16419,4505,2341,1981,4503,2338,1973,96,100,0,501,4664;
@400000005e45018135ef76f7 #d,-,18,4509,2343,1974,498,3,264961,16427,4509,2343,1982,4505,2339,1972,96,100,0,501,4676;
@400000005e45018135f9a4ce #d,-,18,4511,2343,1972,499,3,265139,16438,4511,2343,1979,4509,2341,1971,96,100,0,501,4666;
@400000005e450183360a5970 #d,-,18,4512,2343,1974,500,3,265207,16442,4512,2344,1978,4511,2341,1972,96,100,0,501,4671;
@400000005e45018336147b2c #d,-,18,4514,2343,1975,501,3,265329,16450,4514,2344,1977,4512,2342,1971,96,100,0,501,4666;
@400000005e4501853625e0c1 #d,-,18,4514,2343,1975,502,3,265451,16457,4514,2344,1977,4514,2341,1972,96,100,0,501,4668;
@400000005e450185363092d8 #d,-,18,4516,2340,1982,504,3,265573,16465,4516,2344,1982,4514,2340,1973,96,100,0,501,4668;
@400000005e4501873642039b #d,-,18,4518,2341,1827,505,3,265721,16474,4518,2343,1986,4516,2340,1784,96,100,0,501,4678;
@400000005e450187364bfa7f #d,-,18,4296,2340,1939,506,3,265774,16477,4518,2343,1952,4296,2340,1827,96,100,0,501,4457;
@400000005e450189365885b3 #d,-,18,4393,2342,1867,507,3,265863,16483,4393,2342,1941,4296,2340,1863,96,100,0,501,4548;
@400000005e450189366241eb #d,-,18,4258,2340,1834,509,3,265936,16488,4393,2342,1877,4258,2339,1830,96,100,0,501,4424;
@400000005e45018b36724776 #d,-,18,4178,2342,1833,510,3,266004,16492,4258,2342,1835,4178,2339,1828,96,100,0,500,4332;
@400000005e45018b367c173d #d,-,18,4177,2340,1833,511,3,266073,16496,4178,2342,1837,4177,2340,1827,96,100,0,500,4332;
@400000005e45018d368bd601 #d,-,18,4177,2340,1838,512,3,266142,16500,4177,2342,1838,4177,2339,1831,96,100,0,500,4332;
@400000005e45018d36956ed5 #d,-,18,4176,2341,1764,513,3,266198,16504,4177,2341,1838,4176,2339,1764,96,100,0,500,4329;
@400000005e45018f369f336f #d,-,18,3990,2341,1687,514,3,266222,16505,4176,2341,1764,3990,2339,1687,95,100,0,501,4168;
@400000005e45018f36a378ce #d,-,18,3817,2344,1405,515,3,266195,16504,3990,2345,1689,3817,2340,1362,95,100,0,501,3998;
@400000005e45019136af9ac4 #d,-,18,3312,2345,1198,516,3,266083,16497,3817,2345,1754,3312,2340,1034,91,100,0,501,3633;
@400000005e45019136b87866 #d,-,18,2533,2345,1188,517,3,265971,16490,3312,2345,1198,2533,2343,1154,91,100,0,501,2782;
@400000005e45019336c5e5e9 #d,-,18,2536,2346,1184,517,3,265809,16480,2536,2346,1188,2533,2343,1181,90,100,0,501,2815;
@400000005e45019336ce97c6 #d,-,18,2539,2343,1180,518,3,265593,16466,2539,2346,1184,2536,2343,1175,90,100,0,501,2813;
@400000005e45019536db9c0b #d,-,18,2540,2343,1176,519,3,265430,16456,2540,2345,1181,2539,2342,1175,90,100,0,501,2803;
@400000005e45019536e48982 #d,-,18,2541,2343,1174,520,3,265266,16446,2541,2345,1176,2540,2343,1169,90,100,0,501,2798;
@400000005e45019736f1d75b #d,-,18,2540,2342,1168,520,3,265102,16436,2541,2345,1175,2540,2342,1168,91,100,0,501,2787;
@400000005e45019736fa66c2 #d,-,18,2538,2344,1164,521,3,264937,16426,2540,2345,1173,2538,2342,1164,91,100,0,501,2784;
@400000005e45019937073c77 #d,-,18,2536,2344,1166,522,3,264773,16415,2538,2345,1171,2536,2343,1163,91,100,0,501,2779;
@400000005e4501993710218c #d,-,18,2533,2346,1161,522,3,264607,16405,2536,2346,1167,2533,2344,1158,91,100,0,501,2772;
@400000005e45019b371dc15a #d,-,18,2529,2345,1163,523,3,264442,16395,2533,2346,1165,2529,2343,1160,91,100,0,501,2763;
@400000005e45019b37265569 #d,-,18,2526,2345,1156,524,3,264276,16385,2529,2345,1164,2526,2343,1155,91,100,0,501,2765;
@400000005e45019d373348eb #d,-,18,2522,2345,1158,524,3,264111,16374,2526,2346,1161,2522,2343,1154,91,100,0,501,2753;
@400000005e45019d373c64f3 #d,-,18,2519,2343,1158,525,3,263946,16364,2522,2345,1161,2519,2343,1157,91,100,0,501,2756;
@400000005e45019f375354f0 #d,-,18,2516,2343,1158,526,3,263783,16354,2519,2344,1162,2516,2341,1157,91,100,0,501,2756;
@400000005e45019f375ea37d #d,-,18,2514,2342,1155,526,3,263669,16347,2516,2345,1159,2514,2342,1153,91,100,0,501,2756;
@400000005e4501a1376fc9be #d,-,18,2518,2341,1309,527,3,263528,16338,2518,2344,1695,2514,2340,1151,91,100,0,501,2763;
@400000005e4501a13779b841 #d,-,18,3164,2340,2084,528,3,263540,16339,3164,2344,2334,2518,2337,1281,93,100,0,501,3374;
@400000005e4501a3378c13b5 #d,-,18,4661,2338,2148,530,3,263706,16349,4661,2340,2174,3164,2336,2084,97,100,0,501,4770;
@400000005e4501a33796c5cc #d,-,18,4791,2338,1973,531,3,263883,16360,4791,2338,2149,4661,2336,1964,95,100,0,501,5014;
@400000005e4501a537a757f8 #d,-,18,4511,2338,1882,532,3,263990,16367,4791,2339,1978,4511,2335,1856,96,100,0,501,4652;
@400000005e4501a537b12406 #d,-,18,4459,2337,1964,533,3,264055,16371,4511,2340,2015,4459,2337,1882,96,100,0,501,4609;
@400000005e4501a737c22b8b #d,-,18,4464,2337,1969,535,3,264168,16378,4464,2338,1970,4459,2336,1964,96,100,0,501,4638;
@400000005e4501a737cc87f3 #d,-,18,4468,2336,1970,536,3,264281,16385,4468,2339,1975,4464,2336,1968,96,100,0,501,4645;
@400000005e4501a937dcff1e #d,-,18,4473,2335,1970,537,3,264444,16395,4473,2338,1975,4468,2335,1967,96,100,0,501,4647;
@400000005e4501a937e7a519 #d,-,18,4476,2338,1968,538,3,264505,16399,4476,2338,1970,4473,2335,1965,96,100,0,501,4642;
@400000005e4501ab37f8ac9e #d,-,18,4478,2339,1973,540,3,264616,16406,4478,2339,1973,4476,2336,1965,96,100,0,501,4640;
@400000005e4501ab38031522 #d,-,18,4482,2339,1975,541,3,264729,16413,4482,2339,1980,4478,2338,1972,96,100,0,501,4649;
@400000005e4501ad38149d2d #d,-,18,4487,2335,1980,542,3,264893,16423,4487,2339,1983,4482,2334,1974,96,100,0,501,4661;
@400000005e4501ad381ec65c #d,-,18,4491,2340,1975,544,3,264955,16427,4491,2340,1980,4487,2335,1973,96,100,0,501,4661;
@400000005e4501af382fba53 #d,-,18,4494,2339,1977,545,3,265067,16434,4494,2340,1979,4491,2338,1973,96,100,0,501,4659;
@400000005e4501af383a22d6 #d,-,18,4498,2340,1980,546,3,265180,16441,4498,2341,1983,4494,2338,1977,96,100,0,501,4668;
@400000005e4501b1384a5339 #d,-,18,4501,2342,1979,547,3,265292,16448,4501,2343,1980,4498,2339,1975,96,100,0,501,4671;
@400000005e4501b138549c12 #d,-,18,4504,2340,1976,549,3,265404,16455,4504,2342,1979,4501,2340,1973,96,100,0,501,4668;
@400000005e4501b33862fbba #d,-,18,4507,2342,1976,550,3,265515,16461,4507,2342,1981,4504,2340,1974,96,100,0,501,4668;
@400000005e4501b3386b7b4c #d,-,18,4509,2340,1976,551,3,265674,16471,4509,2342,1976,4507,2340,1972,96,100,0,501,4664;
@400000005e4501b5387b462b #d,-,18,4510,2341,1738,552,3,265699,16473,4510,2343,1979,4509,2339,1727,96,100,0,501,4666;
@400000005e4501b53884a453 #d,-,18,4130,2342,1842,553,3,265768,16477,4510,2342,1905,4130,2340,1738,95,100,0,501,4315;
@400000005e4501b73894964f #d,-,18,4188,2342,1840,555,3,265833,16481,4188,2343,1844,4130,2341,1832,96,100,0,501,4339;
@400000005e4501b7389e2b6a #d,-,18,4188,2341,1838,556,3,265898,16485,4188,2343,1840,4188,2341,1836,96,100,0,501,4344;
@400000005e4501b938ae2982 #d,-,18,4188,2342,1839,557,3,265963,16489,4188,2343,1840,4188,2340,1836,96,100,0,501,4344;
@400000005e4501b938b7b729 #d,-,18,4189,2340,1846,558,3,266029,16493,4189,2343,1847,4188,2340,1839,96,100,0,501,4348;
@400000005e4501bb38c7d3fd #d,-,18,4191,2341,1844,559,3,266096,16497,4191,2341,1851,4189,2339,1843,96,100,0,501,4360;
@400000005e4501bb38d13a87 #d,-,18,4193,2340,1843,560,3,266210,16505,4193,2341,1847,4191,2338,1840,96,100,0,501,4358;
@400000005e4501bd38e17e78 #d,-,18,4192,2340,1818,562,3,266220,16505,4193,2341,1844,4192,2339,1815,96,100,0,501,4346;
@400000005e4501bd38eb4223 #d,-,18,4122,2339,1545,563,3,266222,16505,4192,2341,1820,4122,2338,1392,96,100,0,501,4287;
@400000005e4501bf38f81330 #d,-,18,3148,2343,1067,563,3,266125,16499,4122,2344,1726,3148,2338,916,88,100,0,501,3566;
@400000005e4501bf38ff3fc2 #d,-,18,2445,2341,1179,564,3,265926,16487,3148,2343,1212,2445,2340,1067,92,100,0,501,2656;
@400000005e4501c1390be14f #d,-,18,2541,2344,1173,565,3,265774,16478,2541,2344,1181,2445,2341,1172,90,100,0,501,2794;
@400000005e4501c1391328e2 #d,-,18,2540,2342,1170,565,3,265669,16471,2541,2345,1174,2540,2342,1169,91,100,0,501,2787;
@400000005e4501c3391fa441 #d,-,18,2538,2344,1169,566,3,265469,16459,2540,2345,1173,2538,2342,1167,91,100,0,501,2784;
@400000005e4501c3392748f6 #d,-,18,2536,2342,1166,567,3,265316,16449,2538,2345,1169,2536,2341,1162,91,100,0,501,2775;
@400000005e4501c539342e80 #d,-,18,2533,2345,1166,568,3,265162,16440,2536,2345,1171,2533,2341,1160,91,100,0,501,2775;
@400000005e4501c5393ba85e #d,-,18,2530,2343,1160,568,3,265056,16433,2533,2345,1166,2530,2342,1157,91,100,0,501,2763;
@400000005e4501c73948a088 #d,-,18,2526,2344,1164,569,3,264856,16421,2530,2345,1165,2526,2342,1158,91,100,0,501,2761;
@400000005e4501c7394fdfba #d,-,18,2524,2345,1158,570,3,264703,16411,2526,2345,1165,2524,2343,1154,91,100,0,501,2761;
@400000005e4501c9395cc09c #d,-,18,2519,2342,1161,570,3,264596,16404,2524,2345,1161,2519,2342,1149,91,100,0,501,2753;
@400000005e4501c93964b47b #d,-,18,2516,2344,1156,571,3,264396,16392,2519,2345,1162,2516,2342,1156,91,100,0,501,2751;
@400000005e4501cb39714279 #d,-,18,2513,2344,1153,572,3,264242,16383,2516,2344,1158,2513,2342,1150,91,100,0,501,2751;
@400000005e4501cb3978767e #d,-,18,2509,2342,1155,572,3,264136,16376,2513,2345,1157,2509,2342,1151,91,100,0,501,2742;
@400000005e4501cd3990344e #d,-,18,2506,2345,1154,573,3,263937,16364,2509,2345,1157,2506,2341,1152,91,100,0,501,2742;
@400000005e4501cd39a2d68a #d,-,18,2503,2344,1154,574,3,263785,16354,2506,2345,1158,2503,2343,1152,91,100,0,501,2746;
@400000005e4501cf39b64efa #d,-,18,2500,2341,1542,575,3,263749,16352,2503,2345,1785,2500,2341,1152,91,100,0,501,2744;
@400000005e4501cf39c002d0 #d,-,18,3210,2342,2104,576,3,263701,16349,3210,2345,2439,2500,2339,1275,94,100,0,501,3381;
@400000005e4501d139d0a118 #d,-,18,4555,2342,2150,577,3,263850,16358,4555,2342,2164,3210,2340,2068,96,100,0,501,4699;
@400000005e4501d139db04f4 #d,-,18,4813,2340,1965,578,3,263967,16366,4813,2342,2151,4555,2340,1963,95,100,0,501,5031;
@400000005e4501d339eb73bd #d,-,18,4495,2341,1855,579,3,264064,16372,4813,2343,1970,4495,2340,1854,96,100,0,501,4640;
@400000005e4501d339f54be5 #d,-,18,4489,2341,1961,581,3,264168,16378,4495,2343,2012,4489,2339,1855,97,100,0,501,4602;
@400000005e4501d53a067227 #d,-,18,4488,2341,1961,582,3,264269,16384,4489,2342,1963,4488,2339,1952,97,100,0,501,4621;
@400000005e4501d53a102aa5 #d,-,18,4487,2342,1969,583,3,264372,16391,4488,2342,1969,4487,2339,1959,96,100,0,501,4628;
@400000005e4501d73a210ec6 #d,-,18,4489,2344,1964,584,3,264475,16397,4489,2344,1969,4487,2341,1963,96,100,0,501,4645;
@400000005e4501d73a2b924c #d,-,18,4490,2343,1964,586,3,264577,16403,4490,2344,1966,4489,2341,1963,96,100,0,501,4642;
@400000005e4501d93a3cc0ef #d,-,18,4491,2341,1968,587,3,264679,16410,4491,2343,1971,4490,2341,1964,96,100,0,501,4640;
@400000005e4501d93a46af72 #d,-,18,4493,2342,1971,588,3,264783,16416,4493,2343,1976,4491,2341,1968,96,100,0,501,4654;
@400000005e4501db3a57a722 #d,-,18,4496,2344,1973,589,3,264887,16423,4496,2344,1977,4493,2341,1970,96,100,0,501,4659;
@400000005e4501db3a61b195 #d,-,18,4498,2341,1974,591,3,264990,16429,4498,2344,1978,4496,2341,1968,96,100,0,501,4664;
@400000005e4501dd3a723033 #d,-,18,4501,2342,1975,592,3,265094,16435,4501,2343,1978,4498,2341,1972,96,100,0,501,4664;
@400000005e4501dd3a7c790c #d,-,18,4504,2342,1979,593,3,265243,16445,4504,2343,1982,4501,2340,1974,96,100,0,501,4664;
@400000005e4501df3a8dcb13 #d,-,18,4506,2343,1977,594,3,265300,16448,4506,2343,1981,4504,2341,1975,96,100,0,501,4671;
@400000005e4501df3a97ae69 #d,-,18,4509,2341,1977,596,3,265403,16455,4509,2343,1980,4506,2340,1974,96,100,0,501,4671;
@400000005e4501e13aa64415 #d,-,18,4510,2340,1976,597,3,265551,16464,4510,2343,1980,4509,2340,1974,96,100,0,501,4666;
@400000005e4501e13aaee351 #d,-,18,4512,2341,1973,598,3,265607,16467,4512,2342,1980,4510,2340,1972,96,100,0,501,4668;
@400000005e4501e33abeb1ea #d,-,18,4510,2341,1869,599,3,265685,16472,4512,2342,1977,4510,2339,1821,96,100,0,501,4654;
@400000005e4501e33ac82849 #d,-,18,4110,2342,1825,601,3,265781,16478,4510,2342,1878,4110,2339,1716,95,100,0,501,4299;
@400000005e4501e53ad8a32d #d,-,18,4210,2339,1846,602,3,265797,16479,4210,2342,1848,4110,2339,1825,96,100,0,501,4348;
@400000005e4501e53ae23fbb #d,-,18,4208,2339,1844,603,3,265858,16483,4210,2341,1846,4208,2339,1839,96,100,0,501,4351;
@400000005e4501e73af2ce2e #d,-,18,4206,2341,1842,604,3,265963,16489,4208,2342,1844,4206,2339,1840,96,100,0,501,4348;
@400000005e4501e73afc6abb #d,-,18,4205,2339,1845,605,3,265979,16490,4206,2342,1846,4205,2338,1840,96,100,0,501,4351;
@400000005e4501e93b0bb8ce #d,-,18,4204,2342,1841,606,3,266039,16494,4205,2342,1847,4204,2339,1841,96,100,0,501,4353;
@400000005e4501e93b15714d #d,-,18,4203,2339,1840,607,3,266144,16500,4204,2342,1845,4203,2339,1840,96,100,0,501,4351;
@400000005e4501eb3b1f7bc0 #d,-,18,4201,2342,1804,609,3,266153,16501,4203,2342,1842,4201,2338,1804,96,100,0,501,4341;
@400000005e4501eb3b23cd3b #d,-,18,4118,2342,1460,610,3,266160,16501,4201,2343,1816,4118,2340,1460,96,100,0,501,4282;
@400000005e4501ed3b32dce8 #d,-,18,3445,2341,1253,610,3,266098,16498,4118,2344,1692,3445,2340,919,92,100,0,501,3735;
@400000005e4501ed3b3c3b10 #d,-,18,2395,2343,1173,611,3,265911,16486,3445,2344,1253,2395,2341,1140,88,100,0,501,2713;
@400000005e4501ef3b4c778e #d,-,18,2549,2341,1177,612,3,265772,16477,2549,2343,1199,2395,2341,1165,90,100,0,501,2808;
@400000005e4501ef3b55c99a #d,-,18,2547,2343,1171,612,3,265676,16471,2549,2343,1177,2547,2340,1170,91,100,0,501,2789;
@400000005e4501f13b65faeb #d,-,18,2545,2341,1169,613,3,265491,16460,2547,2343,1174,2545,2340,1167,91,100,0,501,2787;
@400000005e4501f13b6f4584 #d,-,18,2542,2342,1170,614,3,265350,16451,2545,2343,1173,2542,2341,1165,91,100,0,501,2775;
@400000005e4501f33b7ef91b #d,-,18,2539,2342,1164,615,3,265253,16445,2542,2344,1170,2539,2341,1162,91,100,0,501,2777;
@400000005e4501f33b887245 #d,-,18,2535,2342,1163,615,3,265067,16434,2539,2342,1166,2535,2339,1159,91,100,0,501,2763;
@400000005e4501f53b988b5f #d,-,18,2532,2340,1161,616,3,264925,16425,2535,2342,1164,2532,2340,1159,91,100,0,501,2763;
@400000005e4501f600071814 #d,-,18,2527,2340,1160,617,3,264782,16416,2532,2342,1163,2527,2339,1155,91,100,0,501,2751;
@400000005e4501f800173990 #d,-,18,2523,2344,1159,617,3,264641,16407,2527,2345,1163,2523,2339,1156,91,100,0,501,2753;
@400000005e4501f800208b9c #d,-,18,2520,2344,1154,618,3,264499,16398,2523,2345,1161,2520,2343,1154,91,100,0,501,2751;
@400000005e4501fa003085fb #d,-,18,2515,2344,1155,619,3,264357,16390,2520,2346,1156,2515,2343,1153,91,100,0,501,2746;
@400000005e4501fa0039f7b1 #d,-,18,2511,2347,1154,619,3,264215,16381,2515,2347,1158,2511,2344,1149,91,100,0,501,2746;
@400000005e4501fc004bfd77 #d,-,18,2508,2347,1149,620,3,264074,16372,2511,2347,1155,2508,2344,1149,91,100,0,501,2744;
@400000005e4501fc00573013 #d,-,18,2504,2347,1150,621,3,263932,16363,2508,2348,1152,2504,2345,1146,91,100,0,501,2737;
@400000005e4501fe006793af #d,-,18,2500,2346,1580,622,3,263896,16361,2504,2347,1769,2500,2342,1148,91,100,0,501,2734;
@400000005e4501fe0071575a #d,-,18,3210,2342,2191,623,3,263841,16358,3210,2346,2436,2500,2339,1298,94,100,0,501,3379;
@400000005e45020000818c65 #d,-,18,4443,2342,2160,624,3,263977,16366,4443,2343,2191,3210,2340,2112,97,100,0,501,4578;
@400000005e450200008c175e #d,-,18,4836,2343,1969,625,3,264132,16376,4836,2344,2162,4443,2340,1967,95,100,0,501,5076;
@400000005e450202009c3ba5 #d,-,18,4501,2344,1882,626,3,264182,16379,4836,2344,1970,4501,2340,1882,96,100,0,501,4652;
@400000005e45020200a67598 #d,-,18,4495,2342,1972,628,3,264275,16385,4501,2344,2005,4495,2341,1852,97,100,0,501,4595;
@400000005e45020400b6ebd4 #d,-,18,4493,2342,1962,629,3,264369,16390,4495,2345,1972,4493,2341,1957,97,100,0,501,4630;
@400000005e45020400c0e2b9 #d,-,18,4493,2343,1959,630,3,264464,16396,4493,2344,1968,4493,2342,1959,96,100,0,501,4638;
@400000005e45020600d1789f #d,-,18,4492,2342,1964,631,3,264601,16405,4493,2344,1965,4492,2342,1958,96,100,0,501,4635;
@400000005e45020600db96a1 #d,-,18,4492,2344,1970,633,3,264653,16408,4492,2345,1971,4492,2342,1964,96,100,0,501,4640;
@400000005e45020800ebd31f #d,-,18,4495,2344,1970,634,3,264749,16414,4495,2345,1973,4492,2343,1967,96,100,0,501,4652;
@400000005e45020800f600f6 #d,-,18,4497,2345,1968,635,3,264887,16423,4497,2346,1971,4495,2343,1966,96,100,0,501,4654;
@400000005e45020a0106675d #d,-,18,4498,2344,1969,636,3,264940,16426,4498,2346,1973,4497,2344,1965,96,100,0,501,4654;
@400000005e45020a011071d0 #d,-,18,4500,2343,1983,638,3,265079,16434,4500,2345,1984,4498,2343,1969,96,100,0,501,4659;
Lost connection at /opt/powertools/bin/wattsup1 line 220.
	main::failure('Lost connection') called at /opt/powertools/bin/wattsup1 line 271
	main::recv_msg() called at /opt/powertools/bin/wattsup1 line 504
