@400000005e843b78088f0255 #v,-,8,2,261786,5,2,4,57,200810261703,0;
@400000005e843b78327b00c0 #h,-,18,W,V,A,WH,Cost,WH/Mo,Cost/Mo,Wmax,Vmax,Amax,Wmin,Vmin,Amin,PF,DC,PC,Hz,VA;
@400000005e843b7838895b51 #f,-,48,169,436,1,4775,0,0,65533,0,199,810,237,17949,177,311,4753,4,92217,151,32123,69906,40,694,17008,0,93,1,4659,0,0,65533,0,199,822,242,18484,171,318,5362,2,92206,150,32190,70407,42,536,17029,0,92;
@400000005e843b7a389caca4 #d,-,18,2418,2375,1132,0,0,173174,10736,2418,2375,1135,2408,2373,1131,88,100,0,500,2737;
@400000005e843b7c38ae704a #d,-,18,2422,2374,1132,1,0,181828,11273,2422,2375,1136,2418,2374,1131,88,100,0,500,2732;
@400000005e843b7c38b902b6 #d,-,18,2425,2374,1134,2,0,174738,10833,2425,2374,1136,2422,2374,1130,88,100,0,500,2737;
@400000005e843b7e38c89791 #d,-,18,2428,2370,1735,2,0,189267,11734,2428,2374,1921,2425,2370,1130,88,100,0,500,2734;
@400000005e843b7e38d24f21 #d,-,18,3571,2366,1655,3,0,199735,12383,3571,2372,1858,2428,2366,1465,96,100,0,500,3718;
@400000005e843b8038dfc14c #d,-,18,3805,2367,1603,5,0,212044,13146,3805,2367,2065,3571,2364,1415,93,100,0,500,4090;
@400000005e843b8038e84c0b #d,-,18,3892,2365,1830,6,0,220386,13663,3892,2368,1877,3805,2363,1428,95,100,0,500,4090;
@400000005e843b8238f1fd16 #d,-,18,3685,2368,1655,7,0,226998,14073,3892,2369,2075,3685,2365,1458,93,100,0,500,3950;
@400000005e843b8238f782d5 #d,-,18,4062,2372,1116,8,0,230204,14272,4062,2372,1945,3685,2367,1054,93,100,0,500,4334;
@400000005e843b84390513bc #d,-,18,2539,2371,1150,8,0,225141,13958,4062,2372,1175,2539,2371,1116,86,100,0,500,2950;
@400000005e843b84390d9ac1 #d,-,18,2467,2371,1139,9,0,220771,13687,2539,2373,1154,2467,2370,1105,89,100,0,500,2746;
@400000005e843b86391af4b5 #d,-,18,2464,2373,1136,10,0,215361,13352,2467,2374,1152,2464,2370,1122,90,100,0,500,2727;
@400000005e843b863923ea8e #d,-,18,2461,2375,1130,10,0,212384,13167,2464,2376,1136,2461,2373,1128,90,100,0,500,2732;
@400000005e843b8839358d9c #d,-,18,2459,2374,1135,11,0,209821,13008,2461,2375,1135,2459,2373,1130,90,100,0,500,2732;
@400000005e843b883940ebfe #d,-,18,2457,2375,1131,12,0,207582,12870,2459,2376,1135,2457,2373,1129,89,100,0,500,2732;
@400000005e843b8a3952b26f #d,-,18,2456,2371,1940,12,0,207280,12851,2457,2376,1952,2456,2370,1126,89,100,0,500,2730;
@400000005e843b8a395cad0d #d,-,18,3294,2375,1497,13,0,210631,13059,3294,2375,1940,2456,2370,1446,93,100,0,500,3524;
@400000005e843b8c396df2f9 #d,-,18,3860,2371,1900,15,0,214187,13279,3860,2375,1900,3294,2369,1418,96,100,0,500,3998;
@400000005e843b8c39782bfd #d,-,18,3723,2375,1474,16,0,217088,13459,3860,2375,1924,3723,2370,1474,93,100,0,500,3988;
@400000005e843b8e39812d03 #d,-,18,3918,2371,1875,17,0,220036,13642,3918,2375,1978,3723,2370,1380,95,100,0,500,4102;
@400000005e843b8e398a2e09 #d,-,18,3663,2374,1432,18,0,222138,13772,3918,2374,2092,3663,2369,1417,92,100,0,500,3946;
@400000005e843b9039973608 #d,-,18,3220,2373,1150,18,0,220138,13648,3663,2376,1432,3220,2373,1140,88,100,0,500,3654;
@400000005e843b9039a01ed7 #d,-,18,2449,2373,1127,19,0,218217,13529,3220,2373,1155,2449,2372,1089,89,100,0,500,2751;
@400000005e843b9239acf48c #d,-,18,2452,2373,1156,20,0,216512,13423,2452,2374,1163,2449,2372,1090,89,100,0,500,2749;
@400000005e843b9239b5c613 #d,-,18,2451,2373,1132,20,0,214885,13322,2452,2373,1156,2451,2372,1121,90,100,0,500,2723;
@400000005e843b9439c32b34 #d,-,18,2451,2375,1133,21,0,213414,13231,2451,2376,1136,2451,2373,1130,89,100,0,500,2734;
@400000005e843b9439cbc6b6 #d,-,18,2450,2377,1134,22,0,212811,13194,2451,2377,1137,2450,2375,1129,89,100,0,500,2734;
@400000005e843b9639dada1d #d,-,18,2450,2377,1134,22,0,210762,13067,2450,2377,1137,2450,2376,1129,89,100,0,500,2739;
@400000005e843b9639e3c2ec #d,-,18,2912,2373,1794,23,0,212363,13166,2912,2377,1895,2450,2373,1134,94,100,0,500,3069;
@400000005e843b9839edc5ec #d,-,18,3649,2374,1563,24,0,214317,13287,3649,2374,1880,2912,2372,1406,91,100,0,500,3995;
@400000005e843b9839f44632 #d,-,18,3926,2374,1893,26,0,216586,13428,3926,2375,2024,3649,2371,1409,96,100,0,500,4081;
@400000005e843b9a3a02d824 #d,-,18,3920,2375,1501,27,0,218142,13524,3926,2376,1893,3920,2373,1412,94,100,0,500,4130;
@400000005e843b9a3a0c75a0 #d,-,18,3915,2371,1698,28,0,220376,13663,3920,2375,2085,3915,2369,1501,93,100,0,500,4183;
@400000005e843b9c3a18f0ff #d,-,18,3443,2373,1119,28,0,219338,13598,3915,2374,1698,3443,2370,1043,89,100,0,500,3837;
@400000005e843b9c3a21841f #d,-,18,2485,2375,1151,29,0,218160,13525,3443,2375,1158,2485,2373,1116,90,100,0,500,2746;
@400000005e843b9e3a2e419d #d,-,18,2431,2374,1132,30,0,216948,13450,2485,2376,1156,2431,2373,1078,89,100,0,500,2725;
@400000005e843b9e3a365438 #d,-,18,2434,2376,1132,31,0,215843,13382,2434,2376,1136,2431,2373,1128,88,100,0,500,2737;
@400000005e843ba03a4301e1 #d,-,18,2435,2373,1128,31,0,214791,13317,2435,2376,1136,2434,2373,1128,89,100,0,500,2732;
@400000005e843ba03a4bcfae #d,-,18,2436,2375,1131,32,0,213786,13254,2436,2376,1136,2435,2373,1127,89,100,0,500,2732;
@400000005e843ba23a59a75c #d,-,18,2437,2375,1128,33,0,213362,13228,2437,2377,1135,2436,2375,1128,89,100,0,500,2732;
@400000005e843ba23a621f7b #d,-,18,2519,2373,1460,33,0,213359,13228,2519,2375,1936,2437,2371,1128,91,100,0,500,2753;
@400000005e843ba43a6f560b #d,-,18,3868,2374,1786,35,0,214868,13321,3868,2376,1839,2519,2373,1414,94,100,0,500,4097;
@400000005e843ba43a782f05 #d,-,18,3675,2371,1772,36,0,215921,13387,3868,2374,1915,3675,2371,1334,95,100,0,500,3867;
@400000005e843ba63a86c59f #d,-,18,3767,2373,1666,37,0,217347,13475,3767,2375,1994,3675,2371,1441,91,100,0,500,4102;
@400000005e843ba63a8f5d68 #d,-,18,3978,2373,1887,38,0,218878,13570,3978,2374,2096,3767,2371,1459,96,100,0,500,4116;
@400000005e843ba83a9c0b11 #d,-,18,3645,2374,1160,38,0,218531,13548,3978,2376,1887,3645,2372,1118,89,100,0,500,4062;
@400000005e843ba83aa4dc98 #d,-,18,2443,2376,1156,39,0,217641,13493,3645,2376,1163,2443,2374,1105,88,100,0,500,2772;
@400000005e843baa3ab21b8a #d,-,18,2446,2377,1102,40,0,216769,13439,2446,2377,1156,2443,2374,1102,88,100,0,500,2761;
@400000005e843baa3aba0e7a #d,-,18,2446,2377,1135,41,0,215939,13388,2446,2377,1159,2446,2376,1085,89,100,0,500,2730;
@400000005e843bac3ac6eba2 #d,-,18,2446,2375,1133,41,0,215142,13338,2446,2377,1138,2446,2375,1125,89,100,0,500,2730;
@400000005e843bac3acfa99a #d,-,18,2446,2375,1138,42,0,214384,13291,2446,2376,1139,2446,2375,1128,89,100,0,500,2737;
@400000005e843bae3ae23fbb #d,-,18,2447,2375,1132,43,0,213653,13246,2447,2376,1140,2446,2375,1130,89,100,0,500,2739;
@400000005e843bae3aee5d09 #d,-,18,2449,2375,1595,43,0,213907,13262,2449,2376,1896,2447,2373,1132,89,100,0,500,2742;
@400000005e843bb03affb683 #d,-,18,3729,2373,1761,44,0,214830,13319,3729,2375,1842,2449,2372,1403,96,100,0,500,3870;
@400000005e843bb03b09f7e9 #d,-,18,3724,2373,1583,46,0,216024,13393,3729,2374,1984,3724,2370,1450,93,100,0,500,4002;
@400000005e843bb23b18ad3f #d,-,18,4090,2371,1985,47,0,217351,13475,4090,2374,2008,3724,2370,1467,97,100,0,500,4187;
@400000005e843bb23b2213c9 #d,-,18,3826,2375,1519,48,0,218266,13532,4090,2375,2059,3826,2370,1426,94,100,0,500,4043;
@400000005e843bb43b2f469f #d,-,18,3962,2374,1145,49,0,218883,13570,3962,2377,2007,3826,2373,1054,93,100,0,500,4225;
@400000005e843bb43b37dd79 #d,-,18,2503,2376,1132,49,0,217820,13504,3962,2376,1175,2503,2374,1119,86,100,0,500,2884;
@400000005e843bb63b44c6bd #d,-,18,2498,2378,1134,50,0,217133,13462,2503,2379,1153,2498,2376,1123,91,100,0,500,2742;
@400000005e843bb63b4d7d42 #d,-,18,2493,2375,1129,51,0,216469,13421,2498,2378,1156,2493,2374,1123,90,100,0,500,2753;
@400000005e843bb83b5a8cb4 #d,-,18,2487,2375,1133,51,0,215812,13380,2493,2377,1137,2487,2375,1126,91,100,0,500,2730;
@400000005e843bb83b63238e #d,-,18,2482,2376,1134,52,0,215178,13341,2487,2376,1136,2482,2374,1129,90,100,0,500,2734;
@400000005e843bba3b725e13 #d,-,18,2477,2375,1134,53,0,214557,13302,2482,2377,1136,2477,2375,1128,90,100,0,500,2732;
@400000005e843bba3b7c12d7 #d,-,18,2473,2373,1892,54,0,214385,13291,2477,2376,1907,2473,2373,1127,90,100,0,500,2732;
@400000005e843bbc3b89743f #d,-,18,3304,2374,1497,55,0,215172,13340,3304,2375,1892,2473,2371,1457,93,100,0,500,3536;
@400000005e843bbc3b91ec5d #d,-,18,3876,2370,1975,56,0,216128,13399,3876,2374,1975,3304,2370,1405,95,100,0,500,4038;
@400000005e843bbf00056703 #d,-,18,3791,2373,1514,57,0,216969,13452,3876,2375,2025,3791,2370,1448,94,100,0,500,4019;
@400000005e843bbf000f3310 #d,-,18,4026,2373,1626,58,0,218392,13540,4026,2376,2054,3791,2372,1459,94,100,0,500,4254;
@400000005e843bc1001c463d #d,-,18,4094,2374,1084,59,0,218467,13544,4094,2374,2075,4026,2369,1084,97,100,0,500,4194;
@400000005e843bc100249af7 #d,-,18,2671,2374,1122,59,0,217882,13508,4094,2375,1154,2671,2373,1084,85,100,0,500,3137;
@400000005e843bc30031412d #d,-,18,2467,2373,1156,60,0,217319,13473,2671,2374,1156,2467,2373,1122,89,100,0,500,2746;
@400000005e843bc3003a0b40 #d,-,18,2465,2373,1128,61,0,217048,13457,2467,2373,1157,2465,2372,1123,89,100,0,500,2744;
@400000005e843bc5004732ea #d,-,18,2464,2373,1136,61,0,216494,13422,2465,2374,1138,2464,2372,1128,89,100,0,500,2742;
@400000005e843bc5004fc9c4 #d,-,18,2461,2373,1131,62,0,215951,13389,2464,2373,1138,2461,2373,1127,90,100,0,500,2734;
@400000005e843bc7005e9663 #d,-,18,2460,2372,1133,63,0,215145,13338,2461,2374,1138,2460,2372,1128,89,100,0,500,2734;
@400000005e843bc7006793af #d,-,18,2459,2371,1350,64,0,214712,13312,2460,2373,1350,2459,2371,1129,89,100,0,500,2734;
@400000005e843bc900755327 #d,-,18,3208,2370,1719,65,0,215830,13381,3208,2371,1925,2459,2369,1350,93,100,0,500,3417;
@400000005e843bc9007dded4 #d,-,18,3811,2371,1811,66,0,216250,13407,3811,2373,2075,3208,2369,1396,95,100,0,500,3972;
@400000005e843bcb008ca7b9 #d,-,18,3812,2374,1547,67,0,217363,13476,3812,2375,1929,3811,2370,1547,91,100,0,500,4173;
@400000005e843bcb00960a89 #d,-,18,4062,2372,1850,68,0,218020,13517,4062,2374,2130,3812,2371,1515,96,100,0,500,4213;
@400000005e843bcd00a294ce #d,-,18,3868,2375,1251,69,0,218475,13545,4062,2375,1901,3868,2371,1251,93,100,0,500,4121;
@400000005e843bcd00ab28dd #d,-,18,3006,2376,1140,70,0,217958,13513,3868,2377,1251,3006,2374,1084,87,100,0,500,3429;
@400000005e843bcf00b80d78 #d,-,18,2471,2375,1096,70,0,217467,13482,3006,2376,1155,2471,2374,1096,89,100,0,500,2758;
@400000005e843bcf00c0c3fd #d,-,18,2468,2377,1131,71,0,216980,13452,2471,2377,1151,2468,2374,1088,90,100,0,500,2727;
@400000005e843bd100cd333f #d,-,18,2465,2376,1136,72,0,216506,13423,2468,2378,1138,2465,2375,1130,89,100,0,500,2742;
@400000005e843bd100d62f9d #d,-,18,2464,2377,1135,72,0,216040,13394,2465,2378,1139,2464,2375,1130,90,100,0,500,2737;
@400000005e843bd300e8f095 #d,-,18,2462,2377,1132,73,0,215586,13366,2464,2378,1138,2462,2376,1129,89,100,0,500,2737;
@400000005e843bd300f5aa59 #d,-,18,2460,2374,1133,74,0,215141,13338,2462,2378,1136,2460,2374,1127,89,100,0,500,2734;
@400000005e843bd5010536d2 #d,-,18,3040,2372,1838,75,0,215719,13374,3040,2374,1880,2460,2370,1133,94,100,0,500,3204;
@400000005e843bd5010e6a23 #d,-,18,3571,2371,1547,76,0,216282,13409,3571,2374,1881,3040,2370,1388,91,100,0,500,3889;
@400000005e843bd701185994 #d,-,18,4024,2370,1849,77,0,217125,13461,4024,2371,2003,3571,2368,1519,97,100,0,500,4133;
@400000005e843bd7011d5b14 #d,-,18,3924,2370,2229,78,0,217765,13501,4024,2373,2293,3924,2367,1331,96,100,0,500,4083;
@400000005e843bd9012aa533 #d,-,18,3826,2373,1468,79,0,218528,13548,3924,2373,2229,3826,2370,1468,90,100,0,500,4237;
@400000005e843bd901342305 #d,-,18,3186,2373,1154,80,0,218099,13522,3826,2374,1468,3186,2373,1134,88,100,0,500,3595;
@400000005e843bdb01410b5a #d,-,18,2479,2374,1132,80,0,217670,13495,3186,2374,1154,2479,2373,1130,89,100,0,500,2756;
@400000005e843bdb0149c1df #d,-,18,2472,2376,1135,81,0,217212,13467,2479,2376,1166,2472,2374,1037,91,100,0,500,2708;
@400000005e843bdd01563983 #d,-,18,2468,2376,1131,82,0,216788,13440,2472,2376,1135,2468,2375,1124,90,100,0,500,2732;
@400000005e843bdd015f45b6 #d,-,18,2465,2376,1132,82,0,216372,13415,2468,2376,1135,2465,2375,1128,90,100,0,500,2730;
@400000005e843bdf01693527 #d,-,18,2463,2376,1130,83,0,215962,13389,2465,2376,1135,2463,2376,1129,90,100,0,500,2732;
@400000005e843bdf016e78c7 #d,-,18,2461,2377,1136,84,0,215564,13365,2463,2377,1136,2461,2376,1127,90,100,0,500,2734;
@400000005e843be1017b2670 #d,-,18,2809,2374,1569,85,0,215855,13383,2809,2377,1868,2461,2373,1129,94,100,0,500,2957;
@400000005e843be101838746 #d,-,18,3715,2373,1830,86,0,216423,13418,3715,2375,1889,2809,2372,1385,91,100,0,500,4040;
@400000005e843be30195711b #d,-,18,3559,2374,1379,87,0,216854,13444,3715,2375,1994,3559,2371,1376,93,100,0,500,3796;
@400000005e843be3019f732c #d,-,18,3932,2370,2028,88,0,217429,13480,3932,2374,2028,3559,2370,1361,97,100,0,500,4052;
@400000005e843be501a9048d #d,-,18,3657,2371,1784,89,0,217742,13500,3932,2374,2248,3657,2370,1349,93,100,0,500,3905;
@400000005e843be501ada08a #d,-,18,3904,2376,1148,90,0,217791,13503,3904,2376,1880,3657,2371,1148,90,100,0,500,4318;
@400000005e843be701b9c54b #d,-,18,2529,2378,1159,90,0,217431,13480,3904,2378,1164,2529,2375,1130,86,100,0,500,2924;
@400000005e843be701c23d69 #d,-,18,2475,2379,1157,91,0,217033,13456,2529,2379,1160,2475,2377,1044,89,100,0,500,2756;
@400000005e843be901ce9dc5 #d,-,18,2468,2376,1137,92,0,216663,13433,2475,2379,1158,2468,2376,1126,91,100,0,500,2711;
@400000005e843be901d7b614 #d,-,18,2466,2378,1129,92,0,216296,13410,2468,2378,1138,2466,2376,1127,90,100,0,500,2734;
@400000005e843beb01ec10d4 #d,-,18,2464,2378,1132,93,0,215935,13388,2466,2379,1135,2464,2377,1128,90,100,0,500,2737;
@400000005e843beb01f7f375 #d,-,18,2461,2377,1130,94,0,215580,13365,2464,2378,1135,2461,2376,1127,90,100,0,500,2730;
@400000005e843bed02084382 #d,-,18,2460,2374,2115,95,0,215467,13358,2461,2379,2133,2460,2373,1128,89,100,0,500,2734;
@400000005e843bed0212231e #d,-,18,3278,2377,1587,96,0,215891,13385,3278,2377,2115,2460,2374,1522,91,100,0,500,3573;
@400000005e843bef02215187 #d,-,18,3854,2374,1795,97,0,216429,13418,3854,2377,1878,3278,2373,1466,94,100,0,500,4088;
@400000005e843bef022ada86 #d,-,18,3733,2376,1518,98,0,216831,13443,3854,2377,1921,3733,2374,1413,95,100,0,500,3929;
@400000005e843bf10238ae7b #d,-,18,3822,2374,1597,99,0,217554,13488,3822,2377,1985,3733,2371,1427,94,100,0,500,4064;
@400000005e843bf102421c78 #d,-,18,3922,2375,1125,100,0,217713,13498,3922,2376,1958,3822,2372,1123,95,100,0,500,4095;
@400000005e843bf3024e9f49 #d,-,18,2665,2378,1141,100,0,217386,13477,3922,2378,1190,2665,2374,1125,85,100,0,500,3130;
@400000005e843bf30257423f #d,-,18,2463,2376,1134,101,0,217047,13456,2665,2378,1147,2463,2376,1128,89,100,0,500,2756;
@400000005e843bf5026426db #d,-,18,2460,2374,1126,102,0,216703,13435,2463,2376,1155,2460,2374,1083,89,100,0,500,2742;
@400000005e843bf5026cf4a8 #d,-,18,2458,2374,1129,102,0,216192,13403,2460,2375,1135,2458,2374,1122,90,100,0,500,2720;
@400000005e843bf7028268aa #d,-,18,2457,2374,1131,103,0,216037,13394,2458,2375,1134,2457,2374,1126,90,100,0,500,2730;
@400000005e843bf70290d0b3 #d,-,18,2455,2374,1133,104,0,215713,13374,2457,2375,1135,2455,2374,1126,89,100,0,500,2730;
@400000005e843bf902a33b0e #d,-,18,2454,2371,1640,104,0,215311,13349,2455,2376,1640,2454,2371,1128,89,100,0,500,2730;
@400000005e843bf902ada74c #d,-,18,3212,2373,1671,105,0,215781,13378,3212,2375,1949,2454,2371,1428,93,100,0,500,3441;
@400000005e843bfb02bc16c8 #d,-,18,3759,2374,1763,106,0,216181,13403,3759,2376,1880,3212,2373,1407,96,100,0,500,3910;
@400000005e843bfb02c4cd4d #d,-,18,3821,2376,1452,108,0,216713,13436,3821,2376,2041,3759,2373,1452,93,100,0,500,4107;
Lost connection at /opt/powertools/bin/wattsup1 line 220.
	main::failure('Lost connection') called at /opt/powertools/bin/wattsup1 line 271
	main::recv_msg() called at /opt/powertools/bin/wattsup1 line 504
