@400000005e255cfb0f208b75 #v,-,8,2,261786,5,2,4,57,200810261703,0;
@400000005e255cfb390a33f8 #h,-,18,W,V,A,WH,Cost,WH/Mo,Cost/Mo,Wmax,Vmax,Amax,Wmin,Vmin,Amin,PF,DC,PC,Hz,VA;
@400000005e255cfc037dd45e #f,-,48,210,436,1,4775,0,0,65533,0,199,810,237,17949,177,311,4753,4,92217,151,32123,69906,40,694,17008,0,93,1,4659,0,0,65533,0,199,822,242,18484,171,318,5362,2,92206,150,32190,70407,42,536,17029,0,92;
@400000005e255cfe03905248 #d,-,18,2534,2361,1164,0,0,173688,10768,2534,2361,1166,2534,2360,1161,90,100,0,500,2791;
@400000005e255d00039eec9c #d,-,18,2532,2359,1155,1,0,176468,10941,2534,2361,1164,2532,2359,1152,90,100,0,500,2787;
@400000005e255d0003a7bf11 #d,-,18,2530,2358,1149,2,0,177570,11009,2532,2360,1167,2530,2357,1149,91,100,0,500,2775;
@400000005e255d0203b4e212 #d,-,18,2526,2358,1153,2,0,177910,11030,2530,2358,1155,2526,2356,1147,91,100,0,500,2770;
@400000005e255d0203bdee45 #d,-,18,2523,2358,1156,3,0,178204,11048,2526,2358,1159,2523,2357,1149,91,100,0,500,2761;
@400000005e255d0403caabc3 #d,-,18,2520,2359,1152,4,0,178339,11057,2523,2360,1158,2520,2358,1147,91,100,0,500,2765;
@400000005e255d0403d3571b #d,-,18,2516,2361,1145,4,0,178301,11054,2520,2361,1152,2516,2359,1142,91,100,0,500,2758;
@400000005e255d0603e0b4c8 #d,-,18,2512,2362,1147,5,0,178307,11055,2516,2363,1153,2512,2360,1143,91,100,0,500,2751;
@400000005e255d0603e963da #d,-,18,2509,2362,1147,6,0,178342,11057,2512,2362,1154,2509,2362,1142,90,100,0,500,2758;
@400000005e255d0803f686db #d,-,18,2505,2361,1140,6,0,178232,11050,2509,2362,1148,2505,2360,1134,91,100,0,500,2749;
@400000005e255d0803ff930e #d,-,18,2501,2363,1146,7,0,178179,11047,2505,2363,1147,2501,2360,1136,91,100,0,500,2737;
@400000005e255d0a040c83c5 #d,-,18,2498,2365,1133,8,0,178123,11043,2501,2365,1146,2498,2363,1133,91,100,0,500,2742;
@400000005e255d0a04153a49 #d,-,18,2494,2365,1135,9,0,178022,11037,2498,2365,1141,2494,2364,1131,91,100,0,500,2739;
@400000005e255d0c04227cf5 #d,-,18,2490,2362,1136,9,0,177905,11030,2494,2365,1139,2490,2362,1128,91,100,0,500,2727;
@400000005e255d0c042b5235 #d,-,18,2486,2362,1133,10,0,178946,11094,2490,2363,1138,2486,2362,1128,91,100,0,500,2727;
@400000005e255d0e04388152 #d,-,18,2481,2363,1133,11,0,177670,11015,2486,2364,1137,2481,2362,1127,91,100,0,500,2718;
@400000005e255d0e04418612 #d,-,18,2477,2364,1148,11,0,178636,11075,2481,2364,1152,2477,2363,1127,91,100,0,500,2720;
@400000005e255d10044e8a58 #d,-,18,2475,2365,1133,12,0,177509,11005,2477,2365,1148,2475,2364,1121,90,100,0,500,2727;
@400000005e255d100457b18d #d,-,18,2472,2363,1123,13,0,178294,11054,2475,2366,1133,2472,2362,1120,90,100,0,500,2720;
@400000005e255d1204655249 #d,-,18,2467,2363,1128,13,0,178133,11044,2472,2364,1134,2467,2363,1122,91,100,0,500,2708;
@400000005e255d12046df53f #d,-,18,2464,2363,1128,14,0,177143,10982,2467,2365,1130,2464,2363,1123,90,100,0,500,2713;
@400000005e255d14047a6bf5 #d,-,18,2460,2364,1125,15,0,177030,10975,2464,2364,1129,2460,2363,1124,90,100,0,500,2708;
@400000005e255d140483bb36 #d,-,18,2457,2366,1131,15,0,176945,10970,2460,2367,1131,2457,2364,1123,90,100,0,500,2708;
@400000005e255d1604914001 #d,-,18,2454,2365,1119,16,0,176861,10965,2457,2366,1138,2454,2365,1118,90,100,0,500,2711;
@400000005e255d160499ef12 #d,-,18,2452,2365,1124,17,0,177460,11002,2454,2366,1127,2452,2365,1116,90,100,0,500,2711;
@400000005e255d1804a73ceb #d,-,18,2448,2365,1125,17,0,176664,10953,2452,2366,1128,2448,2364,1119,90,100,0,500,2694;
@400000005e255d1804b05180 #d,-,18,2446,2365,1123,18,0,176584,10948,2448,2366,1129,2446,2365,1122,90,100,0,500,2704;
@400000005e255d1a04be2487 #d,-,18,2445,2364,1126,19,0,177133,10982,2446,2365,1131,2445,2364,1120,90,100,0,500,2706;
@400000005e255d1a04c6f253 #d,-,18,2442,2364,1122,19,0,176430,10938,2445,2364,1128,2442,2363,1120,90,100,0,500,2704;
@400000005e255d1c04d44c48 #d,-,18,2441,2365,1128,20,0,176365,10934,2442,2365,1130,2441,2363,1122,90,100,0,500,2701;
@400000005e255d1c04dd1dce #d,-,18,2439,2364,1125,21,0,176291,10930,2441,2365,1131,2439,2364,1120,90,100,0,500,2706;
@400000005e255d1e04e97e2a #d,-,18,2438,2362,1123,21,0,176235,10926,2439,2364,1130,2438,2361,1123,90,100,0,500,2704;
@400000005e255d1e04f2e00c #d,-,18,2437,2364,1127,22,0,176711,10956,2438,2364,1130,2437,2362,1122,90,100,0,500,2706;
@400000005e255d2005006d39 #d,-,18,2437,2366,1122,23,0,176149,10921,2437,2366,1139,2437,2364,1122,89,100,0,500,2713;
@400000005e255d2005092004 #d,-,18,2436,2367,1124,23,0,176093,10917,2437,2367,1130,2436,2365,1120,90,100,0,500,2706;
@400000005e255d2205165a4e #d,-,18,2435,2364,1123,24,0,176041,10914,2436,2367,1126,2435,2364,1120,90,100,0,500,2701;
@400000005e255d22051f5b54 #d,-,18,2434,2365,1123,25,0,175987,10911,2435,2365,1130,2434,2364,1118,90,100,0,500,2701;
@400000005e255d24052d0af6 #d,-,18,2433,2364,1126,25,0,175940,10908,2434,2365,1127,2433,2364,1121,90,100,0,500,2701;
@400000005e255d240535d150 #d,-,18,2432,2364,1119,26,0,175884,10904,2433,2365,1127,2432,2363,1119,90,100,0,500,2701;
@400000005e255d260542e836 #d,-,18,2431,2363,1122,27,0,175821,10900,2432,2364,1124,2431,2363,1115,90,100,0,500,2697;
@400000005e255d26054be582 #d,-,18,2428,2363,1117,27,0,175747,10896,2431,2364,1124,2428,2363,1113,90,100,0,500,2687;
@400000005e255d2805593715 #d,-,18,2426,2364,1121,28,0,175686,10892,2428,2364,1123,2426,2363,1114,90,100,0,500,2692;
@400000005e255d2805621d19 #d,-,18,2424,2362,1118,29,0,175628,10888,2426,2364,1122,2424,2362,1116,90,100,0,500,2689;
@400000005e255d2a057120aa #d,-,18,2423,2362,1119,29,0,175576,10885,2424,2363,1124,2423,2362,1116,90,100,0,500,2689;
@400000005e255d2a057ac59a #d,-,18,2799,2361,1968,30,0,177723,11018,2799,2364,1972,2423,2360,1119,94,100,0,500,2960;
@400000005e255d2c0589a981 #d,-,18,4345,2362,1895,32,0,180716,11204,4345,2362,1977,2799,2361,1858,98,100,0,500,4412;
@400000005e255d2c05934344 #d,-,18,4451,2360,1882,33,0,183568,11381,4451,2362,1956,4345,2360,1873,96,100,0,500,4614;
@400000005e255d2e05a1e8c5 #d,-,18,4324,2361,1886,34,0,186209,11545,4451,2361,1889,4324,2360,1876,96,100,0,500,4486;
@400000005e255d2e05aba143 #d,-,18,4325,2360,1884,35,0,188747,11702,4325,2361,1889,4324,2360,1877,96,100,0,500,4495;
@400000005e255d3005ba9146 #d,-,18,4326,2360,1889,37,0,191187,11853,4326,2361,1890,4325,2360,1880,96,100,0,500,4486;
@400000005e255d3005c44d7e #d,-,18,4328,2361,1888,38,0,193546,11999,4328,2361,1894,4326,2359,1880,96,100,0,500,4498;
@400000005e255d3205d39b91 #d,-,18,4331,2362,1893,39,0,195834,12141,4331,2362,1899,4328,2360,1886,95,100,0,500,4512;
@400000005e255d3205dd1d1d #d,-,18,4335,2361,1887,40,0,198023,12277,4335,2362,1895,4331,2361,1881,96,100,0,500,4510;
@400000005e255d3405eb4a7a #d,-,18,4337,2359,1899,41,0,200150,12409,4337,2361,1901,4335,2359,1887,96,100,0,500,4512;
@400000005e255d3405f5b983 #d,-,18,4341,2359,1891,43,0,202200,12536,4341,2362,1904,4337,2359,1889,96,100,0,500,4519;
@400000005e255d360604e8da #d,-,18,4340,2360,1987,44,0,204083,12653,4341,2361,1987,4340,2359,1744,96,100,0,500,4503;
@400000005e255d36060e6204 #d,-,18,4336,2360,1889,45,0,205998,12771,4340,2360,2007,4336,2358,1836,97,100,0,500,4465;
@400000005e255d3806181a82 #d,-,18,4342,2360,1890,46,0,207843,12886,4342,2361,1904,4336,2359,1888,95,100,0,500,4529;
@400000005e255d3806217d52 #d,-,18,4346,2361,1851,47,0,209603,12995,4346,2361,1912,4342,2358,1851,95,100,0,500,4529;
@400000005e255d3a063080e4 #d,-,18,4292,2359,1835,49,0,211216,13095,4346,2362,1874,4292,2358,1835,96,100,0,500,4455;
@400000005e255d3a063a0e8b #d,-,18,4289,2356,1877,50,0,212766,13191,4292,2360,1877,4289,2356,1829,96,100,0,500,4434;
@400000005e255d3c0648d770 #d,-,18,4286,2359,1859,51,0,214282,13285,4289,2359,1878,4286,2356,1846,96,100,0,500,4424;
@400000005e255d3c06528fee #d,-,18,4286,2360,1847,52,0,215744,13376,4286,2360,1869,4286,2359,1845,96,100,0,500,4436;
@400000005e255d3e06619af3 #d,-,18,4285,2358,1880,53,0,217183,13465,4286,2360,1880,4285,2358,1845,96,100,0,500,4439;
@400000005e255d3e066b4bfe #d,-,18,4285,2359,1846,55,0,218567,13551,4285,2359,1880,4285,2358,1846,96,100,0,500,4436;
@400000005e255d40067a76ad #d,-,18,4286,2358,1875,56,0,219907,13634,4286,2359,1882,4285,2356,1833,96,100,0,500,4450;
@400000005e255d400683ec1e #d,-,18,4285,2357,1865,57,0,221222,13715,4286,2358,1882,4285,2354,1849,96,100,0,500,4434;
@400000005e255d4206932e15 #d,-,18,4285,2357,1865,58,0,222489,13794,4285,2358,1877,4285,2357,1847,96,100,0,500,4441;
@400000005e255d42069d0284 #d,-,18,4286,2352,1913,59,0,223785,13874,4286,2357,1929,4285,2352,1863,96,100,0,500,4453;
@400000005e255d4406abcb69 #d,-,18,4393,2354,1912,61,0,225105,13956,4393,2355,1931,4286,2351,1901,96,100,0,500,4533;
@400000005e255d4406b57f40 #d,-,18,4397,2353,1934,62,0,226407,14037,4397,2354,1934,4393,2353,1910,96,100,0,500,4574;
@400000005e255d4606c3f276 #d,-,18,4399,2352,1915,63,0,227666,14115,4399,2353,1934,4397,2352,1912,96,100,0,500,4567;
@400000005e255d4606cdb356 #d,-,18,4399,2353,1896,64,0,228782,14184,4399,2355,1920,4399,2352,1778,96,100,0,500,4559;
@400000005e255d4806dcae86 #d,-,18,4335,2354,1936,65,0,229991,14259,4399,2354,1996,4335,2353,1879,96,100,0,500,4493;
@400000005e255d4806e634ba #d,-,18,4429,2354,1919,67,0,231165,14332,4429,2355,1944,4335,2353,1917,96,100,0,500,4567;
@400000005e255d4a06f4af64 #d,-,18,4430,2355,1940,68,0,232317,14403,4430,2355,1940,4429,2352,1917,96,100,0,500,4595;
@400000005e255d4a06fe580d #d,-,18,4430,2355,1923,69,0,233432,14472,4430,2356,1940,4430,2354,1917,96,100,0,500,4583;
@400000005e255d4c070cf261 #d,-,18,4432,2354,1935,70,0,234822,14558,4432,2355,1941,4430,2354,1916,96,100,0,500,4593;
@400000005e255d4c0716ce44 #d,-,18,4432,2354,1925,72,0,235583,14606,4432,2355,1937,4432,2353,1918,96,100,0,500,4585;
@400000005e255d4e07260066 #d,-,18,4432,2353,1930,73,0,236617,14670,4432,2354,1937,4432,2353,1919,96,100,0,500,4585;
@400000005e255d4e072f993a #d,-,18,4433,2355,1938,74,0,237632,14733,4433,2355,1938,4432,2353,1921,96,100,0,500,4588;
@400000005e255d50073f033e #d,-,18,4433,2355,1919,75,0,238609,14793,4433,2355,1939,4433,2354,1919,96,100,0,500,4585;
@400000005e255d50074884ca #d,-,18,4433,2354,1938,77,0,239572,14853,4433,2355,1938,4433,2353,1914,96,100,0,500,4588;
@400000005e255d5207577886 #d,-,18,4432,2356,1917,78,0,240505,14911,4433,2356,1942,4432,2353,1917,96,100,0,500,4576;
@400000005e255d5207610da0 #d,-,18,4434,2357,1940,79,0,241428,14968,4434,2358,1940,4432,2356,1916,96,100,0,500,4595;
@400000005e255d5407703c09 #d,-,18,4433,2356,1919,80,0,242325,15024,4434,2357,1953,4433,2355,1904,96,100,0,500,4583;
@400000005e255d540779a64c #d,-,18,4436,2357,1942,81,0,243212,15079,4436,2358,1948,4433,2356,1918,96,100,0,500,4597;
@400000005e255d5607884902 #d,-,18,4437,2358,1932,83,0,244075,15132,4437,2358,1952,4436,2356,1911,96,100,0,500,4597;
@400000005e255d56079218c9 #d,-,18,4438,2359,1933,84,0,245186,15201,4438,2359,1943,4437,2357,1913,96,100,0,500,4593;
@400000005e255d5807a12b42 #d,-,18,4438,2357,1907,85,0,245729,15235,4438,2359,1945,4438,2356,1905,96,100,0,500,4600;
@400000005e255d5807aab175 #d,-,18,4438,2358,1919,86,0,246541,15285,4438,2358,1947,4438,2355,1907,96,100,0,500,4588;
@400000005e255d5a07b9c896 #d,-,18,4436,2358,1916,88,0,247590,15350,4438,2359,1981,4436,2357,1858,96,100,0,500,4590;
@400000005e255d5a07c30802 #d,-,18,4440,2357,1941,89,0,248368,15398,4440,2358,1949,4436,2357,1914,96,100,0,500,4600;
@400000005e255d5c07d20b93 #d,-,18,4442,2357,1941,90,0,249130,15446,4442,2357,1949,4440,2356,1920,96,100,0,500,4602;
@400000005e255d5c07db75d6 #d,-,18,4444,2358,1938,91,0,249883,15492,4444,2359,1949,4442,2357,1927,96,100,0,500,4614;
@400000005e255d5e07eabb88 #d,-,18,4446,2359,1919,93,0,250352,15521,4446,2360,1950,4444,2357,1916,96,100,0,500,4607;
@400000005e255d5e07f431e6 #d,-,18,4449,2359,1951,94,0,251334,15582,4449,2360,1951,4446,2359,1916,96,100,0,500,4619;
@400000005e255d600802e73d #d,-,18,4449,2359,1925,95,0,252038,15626,4449,2359,1951,4449,2357,1921,96,100,0,500,4602;
@400000005e255d60080cc6d9 #d,-,18,4452,2358,1951,96,0,252478,15653,4452,2359,1951,4449,2358,1919,96,100,0,500,4623;
@400000005e255d62081bce24 #d,-,18,4453,2358,1933,98,0,253412,15711,4453,2358,1951,4452,2357,1922,96,100,0,500,4609;
@400000005e255d6208255bcb #d,-,18,4455,2357,1941,99,0,253831,15737,4455,2358,1948,4453,2357,1926,96,100,0,500,4621;
@400000005e255d64083482c0 #d,-,18,4455,2358,1941,100,0,254733,15793,4455,2359,1959,4455,2357,1899,96,100,0,500,4612;
@400000005e255d64083df477 #d,-,18,4457,2358,1946,101,0,255363,15832,4457,2359,1946,4455,2357,1903,96,100,0,500,4614;
@400000005e255d66084ce0c0 #d,-,18,4457,2358,1929,102,0,255745,15856,4457,2358,1951,4457,2355,1925,96,100,0,500,4609;
@400000005e255d660856a0b2 #d,-,18,4458,2357,1930,104,0,256367,15894,4458,2359,1948,4457,2357,1928,96,100,0,500,4616;
@400000005e255d68086609c7 #d,-,18,4460,2356,1951,105,0,256987,15933,4460,2358,1957,4458,2356,1930,96,100,0,500,4630;
@400000005e255d68086fbad2 #d,-,18,4462,2357,1938,106,0,257588,15970,4462,2357,1955,4460,2354,1929,96,100,0,500,4623;
@400000005e255d6a087e7ffd #d,-,18,4464,2356,1947,107,0,258418,16021,4464,2357,1957,4462,2356,1932,96,100,0,500,4630;
@400000005e255d6a088876e2 #d,-,18,4465,2357,1941,109,0,258998,16057,4465,2357,1956,4464,2355,1937,96,100,0,500,4623;
@400000005e255d6c0897a191 #d,-,18,4467,2355,1947,110,0,259562,16092,4467,2357,1952,4465,2355,1930,96,100,0,500,4626;
@400000005e255d6c08a15a0f #d,-,18,4468,2354,1947,111,0,259891,16113,4468,2356,1959,4467,2354,1934,96,100,0,500,4626;
@400000005e255d6e08b0b709 #d,-,18,4470,2353,1945,112,0,260673,16161,4470,2354,1952,4468,2353,1937,96,100,0,500,4628;
@400000005e255d6e08ba5fb2 #d,-,18,4470,2351,1945,114,0,260981,16180,4470,2353,1958,4470,2351,1936,96,100,0,500,4628;
@400000005e255d7008c95817 #d,-,18,4471,2351,1935,115,0,261505,16213,4471,2352,1954,4470,2351,1931,96,100,0,500,4619;
@400000005e255d7008d3725f #d,-,18,4472,2353,1953,116,0,262256,16259,4472,2353,1963,4471,2351,1928,96,100,0,500,4628;
@400000005e255d7208e26d8f #d,-,18,4471,2354,1921,117,0,262535,16277,4472,2354,1962,4471,2353,1921,96,100,0,500,4616;
@400000005e255d7208ebe034 #d,-,18,4471,2353,1958,118,0,263037,16308,4471,2354,1961,4471,2353,1920,96,100,0,500,4619;
@400000005e255d7408fafb0e #d,-,18,4470,2351,1938,120,0,263752,16352,4471,2353,1964,4470,2350,1922,96,100,0,500,4616;
@400000005e255d740904840d #d,-,18,4471,2350,1956,121,0,264008,16368,4471,2351,1971,4470,2349,1907,96,100,0,500,4619;
@400000005e255d7609131aa8 #d,-,18,4470,2349,1951,122,0,264487,16398,4471,2351,1967,4470,2349,1920,96,100,0,500,4621;
@400000005e255d76091ce6b5 #d,-,18,4470,2348,1938,123,0,265168,16440,4470,2351,1967,4470,2348,1923,96,100,0,500,4616;
@400000005e255d78092c582c #d,-,18,4471,2352,1953,125,0,265636,16469,4471,2352,1966,4470,2348,1934,96,100,0,500,4633;
@400000005e255d780935f100 #d,-,18,4471,2352,1926,126,0,266084,16497,4471,2352,1965,4471,2351,1926,96,100,0,500,4621;
@400000005e255d7a0945bbdf #d,-,18,4472,2357,1955,127,0,266320,16511,4472,2357,1964,4471,2352,1924,96,100,0,500,4628;
@400000005e255d7a094f2269 #d,-,18,4470,2358,1922,128,0,266754,16538,4472,2358,1963,4470,2357,1920,96,100,0,500,4614;
@400000005e255d7c095df2c1 #d,-,18,4472,2361,913,129,0,266763,16539,4472,2361,1962,4470,2356,913,96,100,0,500,4628;
@400000005e255d7c096760be #d,-,18,2902,2359,1172,130,0,266152,16501,4472,2361,1370,2902,2357,913,86,100,0,500,3365;
@400000005e255d7e09768040 #d,-,18,2551,2360,1177,131,0,265506,16461,2902,2361,1182,2551,2359,1160,91,100,0,500,2798;
@400000005e255d7e097fbfac #d,-,18,2551,2360,1171,132,0,264871,16422,2551,2361,1177,2551,2359,1170,90,100,0,500,2815;
@400000005e255d80098ea393 #d,-,18,2552,2361,1175,132,0,264246,16383,2552,2361,1175,2551,2359,1169,90,100,0,500,2813;
@400000005e255d800998735a #d,-,18,2552,2361,1172,133,0,263627,16344,2552,2361,1179,2552,2360,1169,90,100,0,500,2815;
@400000005e255d8209a6660b #d,-,18,2552,2361,1061,134,0,262964,16303,2552,2361,1176,2552,2360,1056,90,100,0,500,2808;
@400000005e255d8209af2049 #d,-,18,2391,2362,1160,134,0,262323,16264,2552,2362,1178,2391,2360,1061,89,100,0,500,2666;
@400000005e255d8409bc4bac #d,-,18,2505,2361,1146,135,0,261702,16225,2505,2362,1161,2391,2361,1146,90,100,0,500,2775;
@400000005e255d8409c54451 #d,-,18,2503,2361,1147,136,0,261088,16187,2505,2362,1153,2503,2361,1141,90,100,0,500,2756;
@400000005e255d8609d2ccd6 #d,-,18,2500,2361,1141,136,0,260478,16149,2503,2361,1148,2500,2361,1140,91,100,0,500,2746;
@400000005e255d8609db5ff6 #d,-,18,2497,2362,1142,137,0,259870,16111,2500,2362,1143,2497,2361,1135,91,100,0,500,2739;
@400000005e255d8809e83d1e #d,-,18,2493,2362,1141,138,0,259273,16074,2497,2362,1145,2493,2361,1137,91,100,0,500,2732;
@400000005e255d8809f19019 #d,-,18,2490,2362,1141,139,0,258686,16038,2493,2362,1144,2490,2362,1138,90,100,0,500,2737;
@400000005e255d8a09fef181 #d,-,18,2488,2362,1142,139,0,258108,16002,2490,2363,1147,2488,2362,1136,90,100,0,500,2742;
@400000005e255d8a0a079476 #d,-,18,2485,2362,1135,140,0,257530,15966,2488,2363,1142,2485,2362,1134,90,100,0,500,2737;
@400000005e255d8c0a1488e7 #d,-,18,2482,2362,1135,141,0,256959,15931,2485,2363,1138,2482,2361,1130,91,100,0,500,2727;
@400000005e255d8c0a1d8633 #d,-,18,2478,2363,1132,141,0,256392,15896,2482,2363,1136,2478,2362,1127,91,100,0,500,2718;
@400000005e255d8e0a2b5cf4 #d,-,18,2474,2362,1131,142,0,255832,15861,2478,2363,1136,2474,2362,1128,91,100,0,500,2718;
@400000005e255d8e0a340c05 #d,-,18,2471,2361,1132,143,0,255286,15827,2474,2362,1151,2471,2361,1124,91,100,0,500,2715;
@400000005e255d900a4169b3 #d,-,18,2469,2362,1132,143,0,254742,15794,2471,2362,1135,2469,2361,1127,90,100,0,500,2725;
@400000005e255d900a4a17d5 #d,-,18,2465,2361,1128,144,0,254199,15760,2469,2363,1132,2465,2361,1122,91,100,0,500,2708;
@400000005e255d920a56ba51 #d,-,18,2462,2360,1133,145,0,253666,15727,2465,2362,1133,2462,2360,1128,90,100,0,500,2708;
@400000005e255d920a5feda2 #d,-,18,2459,2360,1126,145,0,253140,15694,2462,2361,1142,2459,2360,1126,90,100,0,500,2711;
@400000005e255d940a6d43dc #d,-,18,2457,2359,1133,146,0,252621,15662,2459,2361,1135,2457,2359,1126,90,100,0,500,2718;
@400000005e255d940a75f6a7 #d,-,18,2455,2357,1131,147,0,252110,15630,2457,2359,1135,2455,2356,1130,90,100,0,500,2713;
@400000005e255d960a8309d3 #d,-,18,2454,2360,1132,147,0,251605,15599,2455,2360,1134,2454,2357,1127,90,100,0,500,2713;
@400000005e255d960a8bfb04 #d,-,18,2452,2360,1123,148,0,251103,15568,2454,2361,1132,2452,2359,1123,90,100,0,500,2708;
@400000005e255d980a997fd0 #d,-,18,2449,2360,1131,149,0,250606,15537,2452,2360,1132,2449,2358,1122,90,100,0,500,2704;
@400000005e255d980aa21798 #d,-,18,2446,2360,1123,149,0,250116,15507,2449,2362,1131,2446,2360,1123,90,100,0,500,2704;
@400000005e255d9a0aaefc34 #d,-,18,2445,2361,1128,150,0,249631,15477,2446,2361,1129,2445,2360,1121,90,100,0,500,2701;
@400000005e255d9a0ab7fd3a #d,-,18,2442,2362,1127,151,0,249153,15447,2445,2362,1130,2442,2361,1121,90,100,0,500,2697;
@400000005e255d9c0ac54b13 #d,-,18,2441,2360,1124,151,0,248678,15418,2442,2362,1128,2441,2360,1120,90,100,0,500,2704;
@400000005e255d9c0acde695 #d,-,18,2438,2360,1129,152,0,248212,15389,2441,2361,1130,2438,2359,1122,90,100,0,500,2697;
@400000005e255d9e0adadb05 #d,-,18,2437,2360,1126,153,0,247748,15360,2438,2362,1129,2437,2360,1122,90,100,0,500,2701;
@400000005e255d9e0ae3e37f #d,-,18,2435,2361,1121,153,0,247288,15331,2437,2361,1128,2435,2358,1120,90,100,0,500,2697;
@400000005e255da00af1f8a5 #d,-,18,2432,2359,1118,154,0,246828,15303,2435,2361,1121,2432,2359,1113,90,100,0,500,2689;
@400000005e255da00afac672 #d,-,18,2429,2360,1119,155,0,246383,15275,2432,2360,1141,2429,2358,1115,90,100,0,500,2680;
@400000005e255da20b07f949 #d,-,18,2429,2359,1119,155,0,246087,15257,2429,2360,1126,2429,2359,1115,89,100,0,500,2699;
@400000005e255da20b10c716 #d,-,18,2427,2357,1120,156,0,245645,15230,2429,2359,1122,2427,2357,1117,90,100,0,500,2682;
@400000005e255da40b1eadab #d,-,18,2425,2357,1120,157,0,245062,15193,2427,2357,1124,2425,2356,1119,90,100,0,500,2685;
@400000005e255da40b276430 #d,-,18,2423,2359,1126,157,0,244639,15167,2425,2359,1137,2423,2356,1117,90,100,0,500,2685;
@400000005e255da60b34c2cc #d,-,18,2424,2359,1119,158,0,244213,15141,2424,2359,1127,2423,2358,1117,89,100,0,500,2701;
@400000005e255da60b3d9f7f #d,-,18,2422,2357,1123,159,0,243794,15115,2424,2359,1124,2422,2357,1118,90,100,0,500,2685;
@400000005e255da80b4abfb6 #d,-,18,2421,2358,1116,159,0,243380,15089,2422,2358,1124,2421,2356,1116,90,100,0,500,2689;
@400000005e255da80b53cbe9 #d,-,18,2421,2357,1123,160,0,242971,15064,2421,2358,1124,2421,2357,1116,90,100,0,500,2687;
@400000005e255daa0b95d9ef #d,-,18,2420,2359,1121,161,1,242708,15047,2421,2359,1124,2420,2357,1118,90,100,0,500,2687;
@400000005e255daa0bc2641e #d,-,18,2420,2360,1125,161,1,242313,15023,2420,2360,1129,2420,2359,1121,89,100,0,500,2692;
@400000005e255dac0bd8a7cf #d,-,18,2421,2358,1407,162,1,241977,15002,2421,2360,1407,2420,2358,1124,89,100,0,500,2701;
@400000005e255dac0be25ba6 #d,-,18,3192,2355,1845,163,1,242269,15020,3192,2358,1952,2421,2354,1407,97,100,0,500,3265;
@400000005e255dae0bf0f240 #d,-,18,4385,2355,1944,165,1,242554,15038,4385,2355,1975,3192,2353,1816,97,100,0,500,4510;
@400000005e255dae0bfac5c1 #d,-,18,4292,2354,1840,166,1,242893,15059,4385,2356,1944,4292,2354,1798,96,100,0,500,4469;
@400000005e255db00c0a2ed6 #d,-,18,4234,2356,1843,167,1,243231,15080,4292,2357,1851,4234,2354,1823,96,100,0,500,4391;
@400000005e255db00c13c037 #d,-,18,4235,2356,1896,168,1,243594,15102,4235,2357,1910,4234,2356,1816,96,100,0,500,4396;
@400000005e255db20c22cc2a #d,-,18,4294,2354,1875,169,1,243964,15125,4294,2356,1915,4235,2354,1838,96,100,0,500,4443;
@400000005e255db20c2c4db6 #d,-,18,4353,2354,1904,170,1,244344,15149,4353,2355,1904,4294,2354,1875,96,100,0,500,4505;
@400000005e255db40c3b58ba #d,-,18,4352,2354,1887,172,1,244720,15172,4353,2355,1911,4352,2353,1879,96,100,0,500,4498;
@400000005e255db40c450164 #d,-,18,4353,2353,1905,173,1,245091,15195,4353,2354,1907,4352,2353,1878,96,100,0,500,4512;
@400000005e255db60c5457d8 #d,-,18,4354,2353,1901,174,1,245465,15218,4354,2353,1912,4353,2352,1890,96,100,0,500,4512;
@400000005e255db60c5dc98f #d,-,18,4355,2353,1898,175,1,245829,15241,4355,2353,1909,4354,2352,1882,96,100,0,500,4517;
@400000005e255db80c6ca9bd #d,-,18,4356,2352,1906,177,1,246198,15264,4356,2353,1913,4355,2352,1895,96,100,0,500,4519;
@400000005e255db80c7681e5 #d,-,18,4359,2353,1896,178,1,246560,15286,4359,2353,1911,4356,2352,1895,96,100,0,500,4526;
@400000005e255dba0c850403 #d,-,18,4356,2353,1882,179,1,246887,15307,4359,2353,1904,4356,2352,1836,96,100,0,500,4503;
@400000005e255dba0c8e7e1b #d,-,18,4258,2352,1855,180,1,247206,15326,4356,2354,1894,4258,2352,1826,96,100,0,500,4415;
@400000005e255dbc0c9da510 #d,-,18,4262,2352,1870,181,1,247517,15346,4262,2352,1892,4258,2350,1830,96,100,0,500,4436;
@400000005e255dbc0ca7130d #d,-,18,4264,2351,1877,182,1,247835,15365,4264,2352,1892,4262,2351,1833,96,100,0,500,4441;
@400000005e255dbe0cb58db7 #d,-,18,4265,2349,1843,184,1,248140,15384,4265,2351,1891,4264,2348,1841,96,100,0,500,4420;
@400000005e255dbe0cbf65e0 #d,-,18,4268,2349,1890,185,1,248452,15404,4268,2350,1892,4265,2348,1841,95,100,0,500,4446;
@400000005e255dc00ccea064 #d,-,18,4268,2350,1864,186,1,248758,15423,4268,2351,1893,4268,2349,1845,96,100,0,500,4429;
@400000005e255dc00cd82963 #d,-,18,4272,2349,1871,187,1,249056,15441,4272,2350,1890,4268,2349,1842,96,100,0,500,4441;
@400000005e255dc20ce711f3 #d,-,18,4273,2350,1885,188,1,249361,15460,4273,2351,1892,4272,2349,1841,96,100,0,500,4436;
@400000005e255dc20cf0f902 #d,-,18,4275,2350,1847,190,1,249658,15478,4275,2352,1899,4273,2350,1847,96,100,0,500,4436;
@400000005e255dc40d000c69 #d,-,18,4279,2350,1890,191,1,250083,15505,4279,2350,1893,4275,2348,1847,96,100,0,500,4457;
@400000005e255dc40d09d4bc #d,-,18,4279,2351,1870,192,1,250251,15515,4279,2352,1894,4279,2349,1851,96,100,0,500,4441;
@400000005e255dc60d190f40 #d,-,18,4282,2350,1869,193,1,250537,15533,4282,2352,1893,4279,2350,1844,96,100,0,500,4448;
@400000005e255dc60d22abce #d,-,18,4283,2351,1886,194,1,250830,15551,4283,2351,1897,4282,2350,1846,96,100,0,500,4450;
@400000005e255dc80d311f05 #d,-,18,4285,2352,1863,196,1,251118,15569,4285,2353,1906,4283,2349,1855,96,100,0,500,4443;
@400000005e255dc80d3b25be #d,-,18,4290,2351,1896,197,1,251409,15587,4290,2353,1898,4285,2351,1859,95,100,0,500,4481;
@400000005e255dca0d4a7b45 #d,-,18,4290,2352,1874,198,1,251693,15604,4290,2353,1897,4290,2351,1853,96,100,0,500,4455;
@400000005e255dca0d543ef0 #d,-,18,4294,2352,1858,199,1,251970,15622,4294,2352,1890,4290,2351,1848,96,100,0,500,4465;
@400000005e255dcc0d63d785 #d,-,18,4296,2351,1890,200,1,252256,15639,4296,2352,1903,4294,2351,1858,96,100,0,500,4465;
@400000005e255dcc0d6d5910 #d,-,18,4298,2351,1862,201,1,252533,15657,4298,2352,1890,4296,2350,1862,96,100,0,500,4465;
@400000005e255dce0d7c06f3 #d,-,18,4300,2349,1900,203,1,252808,15674,4300,2351,1900,4298,2348,1854,96,100,0,500,4465;
@400000005e255dce0d867242 #d,-,18,4299,2350,1875,204,1,253202,15698,4300,2350,1905,4299,2348,1850,96,100,0,500,4457;
@400000005e255dd00d95c055 #d,-,18,4302,2349,1874,205,1,253464,15714,4302,2350,1907,4299,2348,1841,96,100,0,500,4462;
@400000005e255dd00d9f7c8d #d,-,18,4302,2349,1894,206,1,253614,15724,4302,2349,1904,4302,2348,1848,96,100,0,500,4462;
@400000005e255dd20dae84c7 #d,-,18,4302,2351,1856,207,1,253876,15740,4302,2352,1909,4302,2349,1852,96,100,0,500,4450;
@400000005e255dd20db7e6a8 #d,-,18,4307,2349,1911,209,1,254145,15757,4307,2351,1913,4302,2348,1854,95,100,0,500,4488;
@400000005e255dd40dc6fdc9 #d,-,18,4306,2350,1883,210,1,254409,15773,4307,2351,1912,4306,2349,1855,96,100,0,500,4469;
@400000005e255dd40dd07427 #d,-,18,4310,2352,1872,211,1,254665,15789,4310,2353,1909,4306,2350,1853,96,100,0,500,4474;
@400000005e255dd60ddf9ed6 #d,-,18,4311,2352,1904,212,1,254928,15805,4311,2354,1909,4310,2352,1850,96,100,0,500,4484;
@400000005e255dd60de92062 #d,-,18,4311,2351,1857,213,1,255179,15821,4311,2352,1911,4311,2350,1851,96,100,0,500,4457;
@400000005e255dd80df7ca8b #d,-,18,4313,2350,1905,215,1,255433,15836,4313,2352,1908,4311,2350,1851,96,100,0,500,4486;
@400000005e255dd80e0191f1 #d,-,18,4312,2350,1885,216,1,255684,15852,4313,2352,1912,4312,2350,1850,96,100,0,500,4467;
@400000005e255dda0e10f392 #d,-,18,4314,2352,1864,217,1,255927,15867,4314,2353,1910,4312,2349,1853,96,100,0,500,4467;
@400000005e255dda0e1a9882 #d,-,18,4315,2352,1904,218,1,256178,15883,4315,2352,1914,4314,2350,1850,96,100,0,500,4484;
@400000005e255ddc0e29fddd #d,-,18,4314,2353,1862,219,1,256419,15898,4315,2354,1910,4314,2351,1853,96,100,0,500,4460;
@400000005e255ddc0e33743c #d,-,18,4316,2352,1888,221,1,256656,15912,4316,2353,1909,4314,2351,1838,96,100,0,500,4481;
@400000005e255dde0e423968 #d,-,18,4315,2353,1887,222,1,256902,15927,4316,2355,1914,4315,2352,1864,96,100,0,500,4469;
@400000005e255dde0e4c2431 #d,-,18,4316,2356,1854,223,1,257133,15942,4316,2356,1911,4315,2352,1849,96,100,0,500,4469;
@400000005e255de00e5b75fd #d,-,18,4317,2354,1905,224,1,257374,15957,4317,2357,1909,4316,2354,1851,96,100,0,500,4486;
@400000005e255de00e64fb43 #d,-,18,4316,2356,1871,225,1,257606,15971,4317,2356,1913,4316,2354,1851,96,100,0,500,4465;
@400000005e255de20e742238 #d,-,18,4318,2355,1886,227,1,257834,15985,4318,2357,1906,4316,2354,1847,96,100,0,500,4481;
@400000005e255de20e7e38c7 #d,-,18,4317,2355,1886,228,1,258066,16000,4318,2355,1910,4317,2353,1842,96,100,0,500,4472;
@400000005e255de40e8d33f6 #d,-,18,4316,2352,1865,229,1,258291,16014,4317,2355,1906,4316,2352,1856,96,100,0,500,4460;
@400000005e255de40e96a1f3 #d,-,18,4320,2354,1914,230,1,258526,16028,4320,2354,1914,4316,2351,1865,96,100,0,500,4500;
@400000005e255de60ea5d8be #d,-,18,4321,2352,1886,231,1,258867,16049,4321,2354,1914,4320,2351,1864,96,100,0,500,4486;
@400000005e255de60eaf5e03 #d,-,18,4325,2355,1888,233,1,258979,16056,4325,2355,1912,4321,2351,1861,96,100,0,500,4495;
@400000005e255de80ebdfd00 #d,-,18,4326,2355,1900,234,1,259209,16071,4326,2355,1917,4325,2354,1864,96,100,0,500,4495;
@400000005e255de80ec7ccc7 #d,-,18,4327,2353,1861,235,1,259538,16091,4327,2356,1914,4326,2353,1861,96,100,0,500,4481;
@400000005e255dea0ed702a3 #d,-,18,4329,2353,1915,236,1,259652,16098,4329,2354,1915,4327,2351,1860,96,100,0,500,4503;
@400000005e255dea0ee0bedb #d,-,18,4328,2353,1886,237,1,259871,16112,4329,2354,1918,4328,2350,1859,96,100,0,500,4484;
@400000005e255dec0ef0479a #d,-,18,4331,2351,1882,239,1,260084,16125,4331,2353,1910,4328,2351,1861,96,100,0,500,4491;
@400000005e255dec0ef9d099 #d,-,18,4331,2354,1905,240,1,260304,16138,4331,2354,1916,4331,2351,1861,96,100,0,500,4495;
@400000005e255dee0f089a6d #d,-,18,4331,2352,1861,241,1,260513,16151,4331,2354,1914,4331,2352,1861,96,100,0,500,4476;
@400000005e255dee0f1271a7 #d,-,18,4333,2353,1911,242,1,260727,16165,4333,2354,1912,4331,2351,1859,96,100,0,500,4498;
@400000005e255df00f221922 #d,-,18,4331,2352,1885,243,1,260938,16178,4333,2354,1918,4331,2352,1857,96,100,0,500,4479;
@400000005e255df00f2bd1a1 #d,-,18,4334,2353,1869,245,1,261140,16190,4334,2354,1914,4331,2351,1853,96,100,0,500,4491;
@400000005e255df20f3bd372 #d,-,18,4333,2351,1905,246,1,261351,16203,4334,2354,1917,4333,2351,1868,96,100,0,500,4488;
@400000005e255df20f45ba82 #d,-,18,4331,2355,1862,247,1,261659,16222,4333,2356,1913,4331,2351,1860,96,100,0,500,4479;
@400000005e255df40f5514b0 #d,-,18,4334,2354,1907,248,1,261862,16235,4334,2356,1914,4331,2354,1859,96,100,0,500,4500;
@400000005e255df40f5f7fff #d,-,18,4332,2356,1887,249,1,261959,16241,4334,2356,1915,4332,2354,1857,96,100,0,500,4484;
@400000005e255df60f6f23c0 #d,-,18,4333,2354,1871,251,1,262153,16253,4333,2356,1910,4332,2354,1856,96,100,0,500,4484;
@400000005e255df60f7941c2 #d,-,18,4334,2355,1907,252,1,262356,16266,4334,2355,1918,4333,2353,1860,96,100,0,500,4498;
@400000005e255df80f894394 #d,-,18,4333,2354,1868,253,1,262550,16278,4334,2355,1913,4333,2353,1866,96,100,0,500,4479;
@400000005e255df80f934694 #d,-,18,4335,2357,1895,254,1,262743,16290,4335,2357,1912,4333,2353,1848,96,100,0,500,4498;
@400000005e255dfa0fa36e95 #d,-,18,4334,2357,1882,255,1,262941,16302,4335,2357,1913,4334,2356,1873,96,100,0,500,4484;
@400000005e255dfa0fae4056 #d,-,18,4335,2357,1867,257,1,263235,16320,4335,2358,1905,4334,2356,1860,96,100,0,500,4491;
@400000005e255dfc0fbe45e1 #d,-,18,4334,2356,1900,258,1,263425,16332,4335,2357,1905,4334,2355,1860,96,100,0,500,4484;
@400000005e255dfc0fc965dd #d,-,18,4333,2358,1875,259,1,263613,16344,4334,2358,1913,4333,2356,1860,96,100,0,500,4486;
@400000005e255dfe0fd9ff7d #d,-,18,4335,2356,1895,260,1,263696,16349,4335,2358,1912,4333,2356,1856,96,100,0,500,4495;
@400000005e255dfe0fe4d8b1 #d,-,18,4335,2357,1894,261,1,263887,16361,4335,2359,1917,4335,2355,1857,96,100,0,500,4498;
@400000005e255dfe0fecef06 #d,-,18,3601,2363,1132,262,1,263610,16343,4335,2363,1894,3601,2356,931,89,100,0,500,4024;
@400000005e255e000ffbfeb3 #d,-,18,2597,2360,1171,263,1,263302,16324,3601,2363,1194,2597,2360,1132,92,100,0,500,2808;
@400000005e255e0010057069 #d,-,18,2591,2361,1167,264,1,262992,16305,2597,2361,1174,2591,2359,1166,92,100,0,500,2806;
@400000005e255e02101478a3 #d,-,18,2539,2357,1161,264,1,262681,16286,2591,2361,1170,2539,2357,1161,90,100,0,500,2796;
@400000005e255e02101dabf4 #d,-,18,2537,2356,1165,265,1,262371,16267,2539,2358,1165,2537,2356,1159,91,100,0,500,2787;
@400000005e255e04102c5175 #d,-,18,2536,2358,1159,266,1,262161,16253,2537,2358,1166,2536,2356,1157,91,100,0,500,2784;
@400000005e255e041036213c #d,-,18,2533,2357,1155,266,1,261851,16234,2536,2359,1161,2533,2355,1154,91,100,0,500,2772;
@400000005e255e06104582de #d,-,18,2530,2360,1154,267,1,261443,16209,2533,2360,1159,2530,2356,1149,91,100,0,500,2772;
@400000005e255e06104ed5d8 #d,-,18,2526,2359,1145,268,1,261231,16196,2530,2360,1155,2526,2358,1145,91,100,0,500,2758;
@400000005e255e08105e17d0 #d,-,18,2521,2358,1149,269,1,260822,16171,2526,2360,1152,2521,2357,1140,91,100,0,500,2751;
@400000005e255e0810676711 #d,-,18,2516,2359,1142,269,1,260514,16151,2521,2360,1151,2516,2357,1142,91,100,0,500,2746;
@400000005e255e0a107691c0 #d,-,18,2511,2357,1142,270,1,260205,16132,2516,2359,1146,2511,2356,1141,91,100,0,500,2744;
@400000005e255e0a107fdc59 #d,-,18,2506,2357,1143,271,1,259899,16113,2511,2357,1146,2506,2355,1140,91,100,0,500,2737;
Lost connection at /opt/powertools/bin/wattsup1 line 220.
	main::failure('Lost connection') called at /opt/powertools/bin/wattsup1 line 271
	main::recv_msg() called at /opt/powertools/bin/wattsup1 line 504
