@400000005e6b3d602d7158c3 #v,-,8,2,261786,5,2,4,57,200810261703,0;
@400000005e6b3d611bc18b34 #h,-,18,W,V,A,WH,Cost,WH/Mo,Cost/Mo,Wmax,Vmax,Amax,Wmin,Vmin,Amin,PF,DC,PC,Hz,VA;
@400000005e6b3d6121cf9c32 #f,-,48,185,436,1,4775,0,0,65533,0,199,810,237,17949,177,311,4753,4,92217,151,32123,69906,40,694,17008,0,93,1,4659,0,0,65533,0,199,822,242,18484,171,318,5362,2,92206,150,32190,70407,42,536,17029,0,92;
@400000005e6b3d6321e239c6 #d,-,18,2434,2372,1130,1,0,177246,10989,2434,2373,1130,2433,2372,1124,89,55,0,500,2720;
@400000005e6b3d6521f02b88 #d,-,18,2435,2371,1130,1,0,176562,10946,2435,2374,1132,2434,2370,1126,89,71,0,500,2723;
@400000005e6b3d6521f8d326 #d,-,18,2436,2374,1130,2,0,171682,10644,2436,2374,1131,2435,2371,1126,89,76,0,500,2725;
@400000005e6b3d672205e299 #d,-,18,2437,2374,1127,3,0,172368,10686,2437,2375,1131,2436,2374,1124,89,81,0,500,2723;
@400000005e6b3d67220f2978 #d,-,18,2437,2371,1127,3,0,172821,10714,2437,2374,1131,2437,2371,1123,89,84,0,500,2720;
@400000005e6b3d69221a313d #d,-,18,2437,2373,1125,4,0,173101,10732,2437,2374,1131,2437,2371,1125,89,86,0,500,2718;
@400000005e6b3d69221f4292 #d,-,18,2437,2371,1456,5,0,176440,10939,2437,2374,1492,2437,2371,1124,89,88,0,500,2720;
@400000005e6b3d6b222950bf #d,-,18,3118,2371,1476,6,0,183049,11349,3118,2372,1491,2437,2370,1380,95,89,0,500,3268;
@400000005e6b3d6b222efd9c #d,-,18,3329,2372,1524,7,0,188685,11698,3329,2373,1524,3118,2371,1413,94,90,0,500,3536;
@400000005e6b3d6d223d65a6 #d,-,18,3194,2374,1448,7,0,192694,11947,3329,2375,1554,3194,2371,1259,92,91,0,500,3443;
@400000005e6b3d6d2246db16 #d,-,18,3407,2373,1506,8,0,197080,12219,3407,2375,1520,3194,2373,1448,95,92,0,500,3569;
@400000005e6b3d6f2250f918 #d,-,18,3406,2372,1580,9,0,200040,12402,3407,2374,1580,3406,2371,1253,94,93,0,500,3611;
@400000005e6b3d6f22579460 #d,-,18,3248,2374,1493,10,0,203101,12592,3406,2375,1580,3248,2372,1452,93,93,0,500,3460;
@400000005e6b3d712260622d #d,-,18,3397,2374,1296,11,0,205413,12735,3397,2375,1549,3248,2372,1296,94,93,0,500,3600;
@400000005e6b3d7122656fc9 #d,-,18,3325,2370,1508,12,0,207824,12885,3397,2374,1574,3325,2366,1293,94,94,0,500,3526;
@400000005e6b3d732273d6e4 #d,-,18,3381,2369,1534,13,0,211327,13102,3381,2371,1544,3325,2368,1493,94,95,0,500,3588;
@400000005e6b3d73227cff07 #d,-,18,3124,2373,1145,14,0,209797,13007,3381,2373,1534,3124,2369,1042,90,95,0,500,3438;
@400000005e6b3d7522895348 #d,-,18,2435,2372,1127,14,0,207941,12892,3124,2373,1145,2435,2372,1120,89,95,0,500,2706;
@400000005e6b3d7522922115 #d,-,18,2438,2372,1132,15,0,205300,12728,2438,2372,1157,2435,2371,1115,89,95,0,500,2734;
@400000005e6b3d77229ea3e6 #d,-,18,2437,2371,1126,16,0,203860,12639,2438,2372,1132,2437,2371,1125,89,95,0,500,2720;
@400000005e6b3d7722a788fc #d,-,18,2438,2373,1128,16,0,202550,12558,2438,2373,1131,2437,2371,1126,89,95,0,500,2723;
@400000005e6b3d7922b42f31 #d,-,18,2438,2372,1128,17,0,201355,12484,2438,2374,1131,2438,2372,1127,89,96,0,500,2718;
@400000005e6b3d7922bca396 #d,-,18,2439,2371,1130,18,0,200266,12416,2439,2372,1133,2438,2371,1127,89,96,0,500,2723;
@400000005e6b3d7b22c9944d #d,-,18,2439,2370,1127,18,0,199253,12353,2439,2371,1131,2439,2370,1126,89,96,0,500,2723;
@400000005e6b3d7b22d25e60 #d,-,18,2439,2369,1127,19,0,198313,12295,2439,2371,1131,2439,2369,1125,89,96,0,500,2720;
@400000005e6b3d7d22dd95a5 #d,-,18,2439,2370,1127,20,0,197453,12242,2439,2371,1132,2439,2369,1124,89,96,0,500,2718;
@400000005e6b3d7d22e2f800 #d,-,18,2439,2369,1134,21,0,196650,12192,2439,2370,1134,2439,2369,1124,89,96,0,500,2718;
@400000005e6b3d7f22ec6e5f #d,-,18,2773,2369,1491,21,0,197877,12268,2773,2370,1495,2439,2368,1134,93,96,0,500,2957;
@400000005e6b3d7f22f17ec6 #d,-,18,3280,2369,1467,22,0,199228,12352,3280,2370,1491,2773,2369,1461,94,96,0,500,3481;
@400000005e6b3d8122fbbb83 #d,-,18,3284,2368,1480,23,0,200268,12416,3284,2371,1533,3280,2367,1277,93,97,0,500,3507;
@400000005e6b3d81230149a5 #d,-,18,3281,2366,1485,24,0,201635,12501,3284,2368,1564,3281,2366,1445,94,97,0,500,3488;
@400000005e6b3d83230b73c2 #d,-,18,3391,2367,1443,25,0,202911,12580,3391,2367,1549,3281,2366,1443,94,97,0,500,3578;
@400000005e6b3d83231100f5 #d,-,18,3308,2367,1504,26,0,203899,12641,3391,2368,1562,3308,2366,1302,94,97,0,500,3500;
@400000005e6b3d85231c05ef #d,-,18,3383,2367,1510,27,0,205069,12714,3383,2368,1510,3308,2366,1494,94,97,0,500,3595;
@400000005e6b3d8523222825 #d,-,18,3377,2367,1492,28,0,205958,12769,3383,2368,1576,3377,2366,1284,94,97,0,500,3583;
@400000005e6b3d8723305cf5 #d,-,18,3374,2367,1499,29,0,206951,12830,3377,2369,1516,3374,2367,1452,95,97,0,500,3519;
@400000005e6b3d872339a01b #d,-,18,3378,2369,1104,30,0,207375,12857,3378,2369,1549,3374,2366,1104,93,97,0,500,3595;
@400000005e6b3d892345ebfa #d,-,18,2679,2368,1126,30,0,206566,12807,3378,2370,1145,2679,2368,1097,88,97,0,500,3028;
@400000005e6b3d89234eb9c7 #d,-,18,2463,2369,1147,31,0,205820,12760,2679,2369,1153,2463,2367,1120,90,97,0,500,2734;
Lost connection at /opt/powertools/bin/wattsup1 line 220.
	main::failure('Lost connection') called at /opt/powertools/bin/wattsup1 line 271
	main::recv_msg() called at /opt/powertools/bin/wattsup1 line 504
