@400000005e786b431b8d600a #v,-,8,2,261786,5,2,4,57,200810261703,0;
@400000005e786b4409ea34f7 #h,-,18,W,V,A,WH,Cost,WH/Mo,Cost/Mo,Wmax,Vmax,Amax,Wmin,Vmin,Amin,PF,DC,PC,Hz,VA;
@400000005e786b440ffae570 #f,-,48,85,436,1,4775,0,0,65533,0,199,810,237,17949,177,311,4753,4,92217,151,32123,69906,40,694,17008,0,93,1,4659,0,0,65533,0,199,822,242,18484,171,318,5362,2,92206,150,32190,70407,42,536,17029,0,92;
@400000005e786b461011ff56 #d,-,18,2481,2364,1136,1,0,173733,10771,2486,2365,1138,2481,2364,1132,91,55,0,500,2725;
@400000005e786b4810234188 #d,-,18,2477,2364,1133,1,0,174406,10813,2481,2365,1138,2477,2364,1131,90,71,0,500,2730;
@400000005e786b48102c9bf6 #d,-,18,2473,2363,1137,2,0,174725,10832,2477,2365,1138,2473,2363,1132,90,78,0,500,2727;
@400000005e786b4a103c1d42 #d,-,18,2470,2362,1135,3,0,174911,10844,2473,2363,1137,2470,2362,1133,90,83,0,500,2725;
@400000005e786b4a10460f7f #d,-,18,2467,2363,1133,3,0,175033,10852,2470,2364,1139,2467,2362,1131,90,86,0,500,2730;
@400000005e786b4c1055e2c0 #d,-,18,2465,2363,1139,4,0,175119,10857,2467,2363,1140,2465,2363,1131,90,88,0,500,2727;
@400000005e786b4c105f5830 #d,-,18,2462,2363,1135,5,0,175164,10860,2465,2364,1139,2462,2363,1132,90,89,0,500,2727;
@400000005e786b4e106f42b9 #d,-,18,2460,2364,1135,5,0,175183,10861,2462,2365,1138,2460,2363,1132,90,90,0,500,2727;
@400000005e786b4e10788225 #d,-,18,2458,2364,1133,6,0,175183,10861,2460,2365,1136,2458,2364,1132,90,91,0,500,2725;
@400000005e786b501087f2ae #d,-,18,2456,2365,1134,7,0,176821,10962,2458,2365,1136,2456,2364,1132,90,93,0,500,2725;
@400000005e786b5010917080 #d,-,18,2454,2362,1140,7,0,176693,10955,2456,2365,1140,2454,2362,1132,90,94,0,500,2725;
@400000005e786b5210a0b277 #d,-,18,2452,2362,1133,8,0,176586,10948,2454,2363,1141,2452,2362,1131,89,94,0,500,2727;
@400000005e786b5210a9fdff #d,-,18,2451,2364,1134,9,0,175205,10862,2452,2365,1138,2451,2362,1132,89,94,0,500,2725;
@400000005e786b5410b943b0 #d,-,18,2450,2364,1133,9,0,175204,10862,2451,2365,1138,2450,2363,1130,89,94,0,500,2725;
@400000005e786b5410c2c8f5 #d,-,18,2449,2365,1135,10,0,175203,10862,2450,2365,1137,2449,2363,1132,89,94,0,500,2723;
@400000005e786b5610d1fc06 #d,-,18,2448,2364,1133,11,0,175193,10862,2449,2365,1136,2448,2363,1129,89,95,0,500,2723;
@400000005e786b5610dbdf5c #d,-,18,2446,2365,1129,11,0,175152,10859,2448,2365,1134,2446,2363,1128,89,95,0,500,2720;
@400000005e786b5810eb3128 #d,-,18,2444,2360,1131,12,0,175116,10857,2446,2365,1134,2444,2359,1126,90,95,0,500,2713;
@400000005e786b5810f497b2 #d,-,18,2443,2363,1130,13,0,175090,10855,2444,2364,1135,2443,2358,1126,89,95,0,500,2715;
@400000005e786b5a11025ae4 #d,-,18,2751,2359,1583,14,0,178045,11038,2751,2363,1583,2443,2359,1130,94,96,0,500,2924;
@400000005e786b5a110ae2d7 #d,-,18,3463,2361,1439,15,0,182224,11297,3463,2362,1586,2751,2359,1439,95,96,0,500,3645;
@400000005e786b5c111a09cc #d,-,18,3154,2359,1291,15,0,183117,11353,3463,2362,1439,3154,2359,1174,92,96,0,500,3415;
@400000005e786b5c11235f93 #d,-,18,2824,2362,1156,16,0,182751,11330,3154,2362,1292,2824,2359,1156,91,96,0,500,3095;
@400000005e786b5e1131cb56 #d,-,18,2723,2360,1535,17,0,184637,11447,2824,2363,1604,2723,2360,1135,93,96,0,500,2922;
@400000005e786b5e1139f539 #d,-,18,3513,2359,1542,18,0,187401,11618,3513,2362,1608,2723,2359,1535,94,96,0,500,3701;
@400000005e786b6011491875 #d,-,18,3200,2362,1275,19,0,188018,11657,3513,2363,1542,3200,2359,1176,92,97,0,500,3472;
@400000005e786b60115272e3 #d,-,18,2860,2364,1179,20,0,188264,11672,3200,2365,1292,2860,2361,1179,91,97,0,500,3109;
@400000005e786b621160c2b6 #d,-,18,2689,2363,1495,20,0,189597,11755,2860,2364,1610,2689,2361,1160,92,97,0,500,2912;
@400000005e786b6211690028 #d,-,18,3529,2363,1562,21,0,191843,11894,3529,2363,1599,2689,2362,1495,95,97,0,500,3692;
@400000005e786b64117836f2 #d,-,18,3208,2364,1261,22,0,192272,11920,3529,2366,1562,3208,2363,1119,91,97,0,500,3517;
@400000005e786b641181a4ef #d,-,18,2886,2363,1197,23,0,192426,11930,3208,2365,1294,2886,2363,1197,93,97,0,500,3097;
@400000005e786b66118fc631 #d,-,18,2631,2362,1455,24,0,193272,11982,2886,2364,1613,2631,2361,1153,90,97,0,500,2900;
@400000005e786b6611983234 #d,-,18,3513,2363,1568,25,0,195135,12098,3513,2364,1610,2631,2360,1455,96,97,0,500,3635;
@400000005e786b6811a74954 #d,-,18,3294,2364,1268,26,0,195545,12123,3513,2366,1568,3294,2363,1115,91,97,0,500,3602;
@400000005e786b6811b0afde #d,-,18,2856,2364,1221,26,0,195618,12128,3294,2365,1294,2856,2364,1221,93,97,0,500,3062;
@400000005e786b6a11c02155 #d,-,18,2635,2364,1045,27,0,194895,12083,2856,2366,1221,2635,2364,1030,90,97,0,500,2924;
@400000005e786b6a11c97f7d #d,-,18,2278,2364,1137,28,0,194302,12046,2635,2365,1154,2278,2363,1045,88,97,0,500,2583;
@400000005e786b6c11d8c9d6 #d,-,18,2433,2364,1131,28,0,193794,12015,2433,2365,1137,2278,2364,1129,89,97,0,500,2725;
@400000005e786b6c11e21829 #d,-,18,2433,2365,1135,29,0,193319,11985,2433,2365,1135,2433,2364,1128,89,97,0,500,2720;
@400000005e786b6e11f17d84 #d,-,18,2433,2366,1131,30,0,192861,11957,2433,2366,1136,2433,2364,1126,89,98,0,500,2718;
@400000005e786b6e11fb3249 #d,-,18,2433,2366,1132,30,0,192431,11930,2433,2367,1133,2433,2365,1130,89,98,0,500,2720;
@400000005e786b7012099964 #d,-,18,2434,2366,1131,31,0,192018,11905,2434,2367,1134,2433,2366,1129,89,98,0,500,2720;
@400000005e786b7012129a6a #d,-,18,2434,2364,1132,32,0,191627,11880,2434,2367,1134,2434,2364,1131,89,98,0,500,2720;
@400000005e786b7212219dfb #d,-,18,2434,2364,1133,32,0,191257,11857,2434,2365,1135,2434,2364,1131,89,98,0,500,2723;
@400000005e786b72122b0bf8 #d,-,18,2435,2366,1131,33,0,190900,11835,2435,2366,1136,2434,2364,1128,89,98,0,500,2723;
@400000005e786b74123a32ee #d,-,18,2435,2366,1134,34,0,190966,11839,2435,2366,1135,2435,2366,1127,89,98,0,500,2720;
@400000005e786b7412435ecb #d,-,18,2436,2364,1131,34,0,190233,11794,2436,2366,1134,2435,2363,1128,89,98,0,500,2720;
@400000005e786b761252a0c2 #d,-,18,2436,2366,1132,35,0,190309,11799,2436,2366,1133,2436,2363,1129,89,98,0,500,2720;
@400000005e786b76125c0b06 #d,-,18,2436,2366,1132,36,0,190002,11780,2436,2366,1135,2436,2366,1130,89,98,0,500,2718;
@400000005e786b78126b396e #d,-,18,2436,2364,1132,36,0,189331,11738,2436,2366,1135,2436,2364,1130,89,98,0,500,2720;
@400000005e786b781274804e #d,-,18,2437,2366,1133,37,0,189055,11721,2437,2366,1134,2436,2364,1130,89,98,0,500,2723;
@400000005e786b7a1283f1c5 #d,-,18,2437,2364,1130,38,0,188790,11704,2437,2367,1137,2437,2364,1130,89,98,0,500,2720;
@400000005e786b7a128d2515 #d,-,18,2437,2364,1133,39,0,188531,11688,2437,2365,1134,2437,2364,1129,89,98,0,500,2723;
@400000005e786b7c129c115e #d,-,18,2437,2365,1130,39,0,188285,11673,2437,2365,1135,2437,2362,1130,89,98,0,500,2720;
@400000005e786b7c12a5c623 #d,-,18,2437,2363,1131,40,0,188045,11658,2437,2365,1134,2437,2362,1129,89,98,0,500,2718;
@400000005e786b7e12b5a84b #d,-,18,2437,2362,1131,41,0,187811,11644,2437,2364,1134,2437,2362,1129,89,98,0,500,2718;
@400000005e786b7e12bef78c #d,-,18,2437,2364,1132,41,0,187585,11630,2437,2366,1134,2437,2362,1130,89,98,0,500,2720;
@400000005e786b8012cdd400 #d,-,18,2437,2362,1130,42,0,187367,11616,2437,2365,1135,2437,2362,1129,89,98,0,500,2720;
@400000005e786b8012d6e7a6 #d,-,18,2436,2363,1467,43,0,187389,11618,2437,2366,1467,2436,2362,1128,89,98,0,500,2718;
@400000005e786b8212e5efe0 #d,-,18,3016,2360,1559,44,0,188697,11699,3016,2363,1586,2436,2360,1443,95,98,0,500,3173;
@400000005e786b8212ef4694 #d,-,18,3567,2368,1295,44,0,189394,11742,3567,2369,1576,3016,2359,1189,95,98,0,500,3735;
@400000005e786b8412f93d79 #d,-,18,2956,2365,1255,45,0,189367,11740,3567,2368,1381,2956,2365,1255,90,98,0,500,3256;
@400000005e786b84130297e7 #d,-,18,2759,2366,1384,46,0,189415,11743,2956,2368,1384,2759,2365,1147,91,98,0,500,3024;
@400000005e786b86130edc52 #d,-,18,3034,2365,1563,47,0,190407,11805,3034,2366,1608,2759,2365,1384,94,98,0,500,3213;
@400000005e786b8613157f0e #d,-,18,3569,2367,1237,48,0,191058,11845,3569,2368,1579,3034,2365,1181,95,98,0,500,3735;
@400000005e786b881323c76d #d,-,18,2958,2368,1259,49,0,191274,11859,3569,2368,1354,2958,2367,1237,90,98,0,500,3265;
@400000005e786b88132d12f4 #d,-,18,2771,2367,1302,49,0,191272,11858,2958,2369,1302,2771,2367,1163,91,98,0,500,3028;
@400000005e786b8a13389fe7 #d,-,18,3022,2364,1564,50,0,192185,11915,3022,2367,1608,2771,2364,1302,94,98,0,500,3204;
@400000005e786b8a13421dba #d,-,18,3551,2366,1132,51,0,192775,11952,3551,2367,1575,3022,2364,1130,95,98,0,500,3718;
@400000005e786b8c13520b0e #d,-,18,2982,2367,1277,52,0,193244,11981,3551,2367,1371,2982,2366,1132,90,99,0,500,3287;
@400000005e786b8c135bc746 #d,-,18,2783,2369,1157,53,0,193163,11976,2982,2369,1277,2783,2367,1149,91,99,0,500,3040;
@400000005e786b8e136aa000 #d,-,18,2902,2366,1614,54,0,193906,12022,2902,2369,1617,2783,2366,1157,93,99,0,500,3088;
@400000005e786b8e1373c824 #d,-,18,3511,2368,1252,55,0,194594,12064,3511,2368,1614,2902,2366,1252,94,99,0,500,3697;
@400000005e786b90138023d8 #d,-,18,3106,2368,1294,56,0,194727,12073,3511,2369,1366,3106,2367,1173,91,99,0,500,3384;
@400000005e786b901389b8f2 #d,-,18,2795,2367,1146,56,0,194420,12054,3106,2368,1294,2795,2367,1146,91,98,0,500,3064;
@400000005e786b92139941b2 #d,-,18,2485,2367,1130,57,0,194397,12052,2795,2368,1157,2485,2367,1069,88,99,0,500,2796;
@400000005e786b9213a27d64 #d,-,18,2481,2367,1134,58,0,193907,12022,2485,2368,1139,2481,2366,1130,90,98,0,500,2732;
@400000005e786b9413b169ad #d,-,18,2477,2367,1133,58,0,193920,12023,2481,2368,1136,2477,2367,1131,90,99,0,500,2730;
@400000005e786b9413baf2ac #d,-,18,2473,2366,1136,59,0,193690,12008,2477,2368,1137,2473,2365,1131,90,99,0,500,2730;
@400000005e786b9613ca4cdb #d,-,18,2470,2366,1130,60,0,193225,11979,2473,2367,1137,2470,2366,1130,90,99,0,500,2727;
@400000005e786b9613d3a38f #d,-,18,2466,2368,1131,60,0,193006,11966,2470,2368,1135,2466,2366,1130,90,99,0,500,2727;
@400000005e786b9813e2fccf #d,-,18,2464,2368,1131,61,0,192796,11953,2466,2369,1134,2464,2366,1130,90,99,0,500,2725;
@400000005e786b9813ec2c66 #d,-,18,2461,2368,1133,62,0,192586,11940,2464,2369,1134,2461,2368,1130,90,99,0,500,2723;
@400000005e786b9a13fb2884 #d,-,18,2459,2368,1131,62,0,192381,11927,2461,2368,1135,2459,2367,1131,90,99,0,500,2725;
@400000005e786b9a1404cd74 #d,-,18,2457,2367,1133,63,0,192180,11915,2459,2368,1134,2457,2367,1130,90,99,0,500,2725;
@400000005e786b9c14143689 #d,-,18,2454,2368,1132,64,0,191985,11903,2457,2368,1135,2454,2366,1130,90,99,0,500,2725;
@400000005e786b9c141d79af #d,-,18,2453,2367,1132,64,0,191793,11891,2454,2368,1135,2453,2367,1131,90,99,0,500,2725;
@400000005e786b9e142cdf0a #d,-,18,2451,2367,1132,65,0,191606,11879,2453,2367,1134,2451,2367,1130,89,99,0,500,2725;
@400000005e786b9e14361e76 #d,-,18,2450,2365,1135,66,0,191422,11868,2451,2367,1135,2450,2365,1130,89,99,0,500,2723;
@400000005e786ba014456427 #d,-,18,2449,2365,1135,66,0,191241,11856,2450,2367,1135,2449,2365,1129,89,99,0,500,2723;
@400000005e786ba0144eab07 #d,-,18,2447,2365,1132,67,0,191065,11846,2449,2367,1135,2447,2365,1130,89,99,0,500,2720;
@400000005e786ba2145dfcd3 #d,-,18,2446,2365,1133,68,0,190892,11835,2447,2368,1136,2446,2365,1129,89,99,0,500,2725;
@400000005e786ba214673112 #d,-,18,2446,2365,1133,68,0,190725,11824,2446,2367,1135,2446,2364,1131,89,99,0,500,2725;
@400000005e786ba414760d86 #d,-,18,2445,2367,1134,69,0,190561,11814,2446,2368,1136,2445,2365,1132,89,99,0,500,2723;
@400000005e786ba4147f9b2d #d,-,18,2444,2366,1132,70,0,190400,11804,2445,2368,1135,2444,2365,1131,89,99,0,500,2727;
@400000005e786ba6148f0f6f #d,-,18,2444,2368,1133,70,0,190245,11795,2444,2369,1136,2444,2366,1130,89,99,0,500,2725;
@400000005e786ba614986624 #d,-,18,2444,2367,1132,71,0,190092,11785,2444,2368,1135,2444,2367,1130,89,99,0,500,2725;
@400000005e786ba814a76242 #d,-,18,2444,2365,1131,72,0,189943,11776,2444,2368,1137,2444,2365,1130,89,99,0,500,2725;
@400000005e786ba814b0150d #d,-,18,2535,2363,1482,73,0,190234,11794,2535,2366,1515,2444,2363,1131,91,99,0,500,2761;
@400000005e786baa14b9ffd6 #d,-,18,3455,2363,1559,74,0,190885,11834,3455,2364,1592,2535,2363,1482,95,99,0,500,3611;
@400000005e786baa14c31f98 #d,-,18,3270,2364,1266,74,0,191074,11846,3455,2366,1559,3270,2363,1169,91,99,0,500,3564;
@400000005e786bac14d217fc #d,-,18,2898,2365,1210,75,0,191148,11851,3270,2365,1301,2898,2364,1210,93,99,0,500,3116;
@400000005e786bac14dba0fb #d,-,18,2637,2365,1487,76,0,191411,11867,2898,2367,1613,2637,2364,1168,90,99,0,500,2917;
@400000005e786bae14e978aa #d,-,18,3477,2364,1569,77,0,192015,11904,3477,2366,1599,2637,2364,1468,96,99,0,500,3588;
@400000005e786bae14f3250d #d,-,18,3341,2366,1288,78,0,192391,11928,3477,2367,1569,3341,2364,1121,91,99,0,500,3642;
@400000005e786bb015026abe #d,-,18,2854,2367,1223,79,0,192445,11931,3341,2367,1298,2854,2365,1223,92,99,0,500,3069;
@400000005e786bb0150baa2a #d,-,18,2633,2366,1528,80,0,192638,11943,2854,2368,1617,2633,2365,1149,90,99,0,500,2922;
@400000005e786bb215172faa #d,-,18,3377,2366,1570,80,0,193010,11966,3377,2367,1604,2633,2365,1451,96,99,0,500,3488;
@400000005e786bb215207a43 #d,-,18,3471,2368,1341,81,0,193258,11981,3471,2368,1570,3377,2366,1160,93,99,0,500,3718;
@400000005e786bb4152fa138 #d,-,18,2822,2368,1220,82,0,193310,11985,3471,2368,1341,2822,2367,1220,91,99,0,500,3088;
@400000005e786bb41538d489 #d,-,18,2649,2365,1594,83,0,193425,11992,2822,2368,1607,2649,2365,1147,90,99,0,500,2936;
@400000005e786bb61545d515 #d,-,18,3254,2365,1565,84,0,193940,12024,3254,2366,1606,2649,2365,1454,96,99,0,500,3384;
@400000005e786bb6154c9eee #d,-,18,3557,2367,1365,85,0,194215,12041,3557,2368,1574,3254,2365,1184,94,99,0,500,3758;
@400000005e786bb8155ab503 #d,-,18,2832,2365,1233,86,0,194431,12054,3557,2367,1365,2832,2364,1231,90,99,0,500,3128;
@400000005e786bb815642300 #d,-,18,2671,2365,1076,86,0,194284,12045,2832,2366,1233,2671,2365,1071,90,99,0,500,2955;
@400000005e786bba15715990 #d,-,18,2411,2365,1127,87,0,194116,12035,2671,2366,1143,2411,2365,1076,88,99,0,500,2711;
@400000005e786bba1579c94d #d,-,18,2413,2365,1127,88,0,193782,12014,2413,2365,1131,2411,2365,1126,88,99,0,500,2713;
@400000005e786bbc15866455 #d,-,18,2415,2364,1127,88,0,193618,12004,2415,2365,1130,2413,2364,1126,89,99,0,500,2713;
@400000005e786bbc158f1e93 #d,-,18,2416,2365,1128,89,0,193457,11994,2416,2365,1130,2415,2364,1123,89,99,0,500,2713;
@400000005e786bbe159c1a77 #d,-,18,2418,2365,1125,90,0,193458,11994,2418,2365,1129,2416,2365,1124,89,99,0,500,2711;
@400000005e786bbe15a48b22 #d,-,18,2419,2365,1130,90,0,193142,11974,2419,2366,1131,2418,2365,1122,89,99,0,500,2713;
@400000005e786bc015b1834c #d,-,18,2420,2365,1126,91,0,192988,11965,2420,2366,1134,2419,2364,1123,89,99,0,500,2711;
@400000005e786bc015ba0b40 #d,-,18,2421,2365,1127,92,0,192993,11965,2421,2365,1131,2420,2364,1124,89,99,0,500,2711;
@400000005e786bc215c6d893 #d,-,18,2422,2362,1124,92,0,192841,11956,2422,2365,1130,2421,2362,1122,89,99,0,500,2708;
@400000005e786bc215cf9a44 #d,-,18,2422,2366,1126,93,0,192691,11946,2422,2366,1129,2422,2362,1123,89,99,0,500,2711;
@400000005e786bc415dc829a #d,-,18,2423,2365,1126,94,0,192392,11928,2423,2366,1130,2422,2365,1125,89,99,0,500,2708;
@400000005e786bc415e4ef8b #d,-,18,2423,2364,1128,94,0,192248,11919,2423,2366,1131,2423,2364,1125,89,99,0,500,2711;
@400000005e786bc615f1a0ed #d,-,18,2423,2365,1126,95,0,192106,11910,2423,2367,1129,2423,2364,1124,89,99,0,500,2711;
@400000005e786bc615fa53b8 #d,-,18,2423,2364,1123,96,0,192112,11911,2423,2366,1130,2423,2364,1122,89,99,0,500,2704;
@400000005e786bc816076f46 #d,-,18,2423,2364,1126,96,0,191974,11902,2423,2367,1130,2423,2364,1123,89,99,0,500,2708;
@400000005e786bc8160fdb49 #d,-,18,2423,2362,1129,97,0,191691,11884,2423,2365,1129,2423,2362,1121,89,99,0,500,2704;
@400000005e786bca161ccc00 #d,-,18,2423,2364,1127,98,0,191556,11876,2423,2364,1131,2423,2361,1121,89,99,0,500,2706;
@400000005e786bca16254f4c #d,-,18,2423,2365,1127,98,0,191566,11877,2423,2365,1130,2423,2362,1122,89,99,0,500,2706;
@400000005e786bcc16322c74 #d,-,18,2423,2365,1127,99,0,191293,11860,2423,2365,1130,2423,2365,1124,89,99,0,500,2708;
@400000005e786bcc163afee9 #d,-,18,2423,2365,1126,100,0,191167,11852,2423,2366,1129,2423,2364,1123,89,99,0,500,2711;
@400000005e786bce16480aa2 #d,-,18,2423,2365,1129,100,0,191042,11844,2423,2366,1130,2423,2365,1123,89,99,0,500,2711;
@400000005e786bce1650867a #d,-,18,2423,2365,1123,101,0,190918,11836,2423,2366,1131,2423,2365,1123,89,99,0,500,2711;
@400000005e786bd016601a66 #d,-,18,2424,2366,1238,101,0,190958,11839,2424,2367,1238,2423,2364,1122,89,99,0,500,2711;
@400000005e786bd01669d2e5 #d,-,18,2878,2364,1572,102,0,191220,11855,2878,2366,1596,2424,2364,1238,94,99,0,500,3054;
@400000005e786bd216793840 #d,-,18,3511,2364,1223,103,0,191702,11885,3511,2365,1572,2878,2364,1223,95,99,0,500,3673;
@400000005e786bd21682dd30 #d,-,18,3110,2364,1286,104,0,191685,11884,3511,2365,1404,3110,2364,1194,92,99,0,500,3379;
@400000005e786bd41692cb73 #d,-,18,2783,2366,1197,105,0,191689,11884,3110,2367,1286,2783,2364,1191,90,99,0,500,3059;
@400000005e786bd4169c3970 #d,-,18,2786,2364,1564,106,0,191991,11903,2786,2367,1601,2783,2364,1187,93,99,0,500,2993;
@400000005e786bd616ab73f4 #d,-,18,3511,2365,1507,107,0,192424,11930,3511,2365,1600,2786,2364,1507,94,99,0,500,3706;
@400000005e786bd616b53b59 #d,-,18,3170,2366,1284,108,0,192489,11934,3511,2368,1507,3170,2365,1143,92,99,0,500,3438;
@400000005e786bd816c4eef0 #d,-,18,2848,2366,1169,108,0,192502,11935,3170,2367,1297,2848,2365,1169,91,99,0,500,3109;
@400000005e786bd816ce654e #d,-,18,2727,2365,1514,109,0,192747,11950,2848,2367,1599,2727,2365,1168,93,99,0,500,2931;
@400000005e786bda16de0cca #d,-,18,3515,2364,1558,110,0,193174,11976,3515,2366,1603,2727,2363,1514,95,99,0,500,3697;
@400000005e786bda16e753a9 #d,-,18,3180,2367,1255,111,0,193241,11980,3515,2368,1558,3180,2363,1116,91,99,0,500,3479;
@400000005e786bdc16f695a1 #d,-,18,2888,2366,1204,112,0,193399,11990,3180,2367,1300,2888,2365,1204,92,99,0,500,3116;
@400000005e786bdc170042f2 #d,-,18,2631,2366,1454,113,0,193449,11993,2888,2366,1622,2631,2362,1116,91,99,0,500,2886;
@400000005e786bde170fda98 #d,-,18,3527,2365,1565,114,0,193860,12019,3527,2366,1604,2631,2365,1454,96,99,0,500,3668;
@400000005e786bde171944db #d,-,18,3268,2365,1260,114,0,194087,12033,3527,2367,1565,3268,2364,1127,91,99,0,500,3578;
@400000005e786be01728b652 #d,-,18,2882,2365,1227,115,0,193994,12027,3268,2365,1301,2882,2364,1227,93,99,0,500,3090;
@400000005e786be01731e9a3 #d,-,18,2607,2364,1127,116,0,193881,12020,2882,2365,1227,2607,2364,1115,89,99,0,500,2903;
@400000005e786be2173efccf #d,-,18,2479,2366,1127,117,0,193774,12013,2607,2366,1172,2479,2364,1117,90,99,0,500,2751;
@400000005e786be217478c36 #d,-,18,2473,2366,1128,117,0,193651,12006,2479,2366,1131,2473,2365,1124,90,99,0,500,2723;
@400000005e786be41754b799 #d,-,18,2467,2365,1124,118,0,193528,11998,2473,2366,1133,2467,2365,1123,91,99,0,500,2708;
@400000005e786be4175d3371 #d,-,18,2462,2363,1127,119,0,193407,11991,2467,2366,1130,2462,2363,1123,90,99,0,500,2708;
@400000005e786be6176a37b7 #d,-,18,2458,2362,1124,119,0,193289,11983,2462,2364,1132,2458,2361,1124,90,99,0,500,2708;
@400000005e786be61772b38f #d,-,18,2454,2362,1131,120,0,193292,11984,2458,2364,1131,2454,2362,1123,90,99,0,500,2713;
@400000005e786be8177f9471 #d,-,18,2451,2363,1129,121,0,193175,11976,2454,2364,1132,2451,2362,1125,90,99,0,500,2711;
@400000005e786be817885e84 #d,-,18,2449,2364,1126,121,0,193059,11969,2451,2366,1132,2449,2363,1126,90,99,0,500,2713;
@400000005e786bea17956df7 #d,-,18,2446,2363,1128,122,0,192946,11962,2449,2365,1131,2446,2363,1124,90,99,0,500,2711;
@400000005e786bea179ded89 #d,-,18,2444,2365,1126,123,0,192717,11948,2446,2365,1132,2444,2363,1121,90,99,0,500,2708;
@400000005e786bec17aada86 #d,-,18,2442,2363,1127,123,0,192721,11948,2444,2365,1133,2442,2363,1123,90,99,0,500,2708;
@400000005e786bec17b37160 #d,-,18,2440,2361,1130,124,0,192612,11941,2442,2364,1132,2440,2361,1124,90,99,0,500,2706;
@400000005e786bee17c0a437 #d,-,18,2438,2361,1126,125,0,192387,11928,2440,2362,1133,2438,2360,1124,90,99,0,500,2708;
@400000005e786bee17c9200f #d,-,18,2437,2361,1130,125,0,192393,11928,2438,2362,1131,2437,2360,1121,89,99,0,500,2711;
@400000005e786bf017d6209b #d,-,18,2435,2362,1126,126,0,192283,11921,2437,2362,1131,2435,2361,1122,89,99,0,500,2706;
@400000005e786bf017deb002 #d,-,18,2434,2363,1130,127,0,192066,11908,2435,2364,1132,2434,2362,1123,89,99,0,500,2708;
@400000005e786bf217eb75e2 #d,-,18,2432,2361,1126,127,0,191961,11901,2434,2363,1130,2432,2361,1121,89,99,0,500,2708;
@400000005e786bf217f43b4d #d,-,18,2431,2362,1126,128,0,191857,11895,2432,2363,1131,2431,2361,1121,89,99,0,500,2706;
@400000005e786bf4180166b0 #d,-,18,2431,2361,1125,129,0,191753,11888,2431,2362,1129,2431,2361,1121,89,99,0,500,2704;
@400000005e786bf41809d66d #d,-,18,2429,2362,1124,129,0,191652,11882,2431,2362,1132,2429,2360,1120,89,99,0,500,2706;
@400000005e786bf61816ea87 #d,-,18,2429,2362,1129,130,0,191551,11876,2429,2363,1130,2429,2361,1123,89,99,0,500,2704;
@400000005e786bf6181fac39 #d,-,18,2428,2362,1127,131,0,191452,11870,2429,2363,1133,2428,2362,1123,89,99,0,500,2706;
@400000005e786bf8182eef1f #d,-,18,2428,2360,1467,131,0,191431,11868,2428,2363,1467,2428,2360,1125,89,99,0,500,2706;
@400000005e786bf8183887f3 #d,-,18,3008,2361,1549,132,0,191747,11888,3008,2361,1594,2428,2360,1434,94,99,0,500,3171;
@400000005e786bfa1847aee8 #d,-,18,3555,2363,1238,133,0,191954,11901,3555,2364,1569,3008,2360,1160,95,99,0,500,3723;
@400000005e786bfa185137e8 #d,-,18,2958,2361,1252,134,0,192044,11906,3555,2363,1403,2958,2361,1238,90,99,0,500,3256;
@400000005e786bfc1860b0d2 #d,-,18,2757,2360,1152,135,0,192008,11904,2958,2363,1252,2757,2360,1146,91,99,0,500,3021;
@400000005e786bfc186a2377 #d,-,18,2886,2358,1597,136,0,192304,11922,2886,2360,1603,2757,2358,1152,94,99,0,500,3059;
@400000005e786bfe18799046 #d,-,18,3495,2359,1240,137,0,192578,11939,3495,2359,1597,2886,2356,1240,94,99,0,500,3680;
@400000005e786bfe1882cbf8 #d,-,18,3080,2359,1295,137,0,192637,11943,3495,2360,1379,3080,2358,1133,91,99,0,500,3353;
@400000005e786c001892931d #d,-,18,2785,2363,1148,138,0,192610,11941,3080,2363,1295,2785,2359,1148,91,99,0,500,3052;
@400000005e786c00189c14a9 #d,-,18,2785,2359,1588,139,0,192846,11956,2785,2363,1588,2785,2359,1140,93,99,0,500,2967;
@400000005e786c0218ab9c7a #d,-,18,3489,2360,1495,140,0,193164,11976,3489,2360,1598,2785,2359,1495,94,99,0,500,3685;
@400000005e786c0218b506bd #d,-,18,3186,2363,1297,141,0,193320,11985,3489,2363,1495,3186,2360,1202,92,99,0,500,3448;
@400000005e786c0418c4ba54 #d,-,18,2830,2364,1131,142,0,193215,11979,3186,2364,1302,2830,2363,1131,91,99,0,500,3099;
@400000005e786c0418ce2cf9 #d,-,18,2765,2363,1550,143,0,193416,11991,2830,2365,1593,2765,2361,1115,93,99,0,500,2952;
@400000005e786c0618dd4f46 #d,-,18,3497,2363,1533,143,0,193837,12017,3497,2364,1598,2765,2363,1533,94,99,0,500,3692;
@400000005e786c0618e6bd43 #d,-,18,3198,2363,1289,144,0,193889,12021,3497,2365,1533,3198,2363,1177,92,99,0,500,3467;
@400000005e786c0818f6079c #d,-,18,2854,2365,1167,145,0,193794,12015,3198,2365,1295,2854,2363,1167,91,99,0,500,3109;
@400000005e786c0818fe934a #d,-,18,2585,2364,1161,146,0,193722,12010,2854,2365,1181,2585,2363,1129,90,99,0,500,2862;
@400000005e786c0a190b459b #d,-,18,2507,2364,1131,146,0,193638,12005,2585,2365,1163,2507,2363,1126,89,99,0,500,2787;
@400000005e786c0a19140392 #d,-,18,2439,2363,1131,147,0,193543,11999,2507,2365,1136,2439,2360,1128,89,99,0,500,2727;
@400000005e786c0c19212694 #d,-,18,2438,2362,1135,148,0,193449,11993,2439,2363,1135,2438,2360,1125,89,99,0,500,2715;
@400000005e786c0c1929aace #d,-,18,2438,2361,1127,148,0,193355,11988,2438,2362,1136,2438,2361,1125,89,99,0,500,2718;
@400000005e786c0e1936e15e #d,-,18,2438,2361,1132,149,0,193263,11982,2438,2361,1134,2438,2358,1125,89,99,0,500,2715;
@400000005e786c0e193f880d #d,-,18,2437,2363,1126,150,0,193267,11982,2438,2363,1134,2437,2361,1126,89,99,0,500,2715;
@400000005e786c10194ce202 #d,-,18,2438,2362,1133,150,0,193082,11971,2438,2363,1137,2437,2361,1126,89,99,0,500,2718;
@400000005e786c1019555dda #d,-,18,2437,2361,1130,151,0,192993,11965,2438,2364,1134,2437,2361,1125,89,99,0,500,2715;
@400000005e786c1219625604 #d,-,18,2437,2362,1131,152,0,192905,11960,2437,2364,1136,2437,2361,1128,89,99,0,500,2718;
@400000005e786c12196a2df2 #d,-,18,2437,2362,1132,152,0,192817,11954,2437,2364,1135,2437,2362,1127,89,99,0,500,2715;
@400000005e786c14197702b9 #d,-,18,2437,2364,1129,153,0,192731,11949,2437,2364,1135,2437,2362,1127,89,99,0,500,2723;
@400000005e786c14197fb584 #d,-,18,2437,2364,1130,154,0,192645,11944,2437,2364,1136,2437,2364,1126,89,99,0,500,2718;
@400000005e786c16198c9665 #d,-,18,2437,2363,1130,155,0,192560,11938,2437,2364,1135,2437,2362,1126,89,99,0,500,2718;
@400000005e786c161994e3ad #d,-,18,2437,2363,1128,155,0,192474,11933,2437,2364,1133,2437,2362,1124,89,99,0,500,2715;
@400000005e786c1819a1a98c #d,-,18,2437,2364,1132,156,0,192390,11928,2437,2364,1134,2437,2363,1125,89,99,0,500,2713;
@400000005e786c1819aab979 #d,-,18,2436,2364,1124,157,0,192305,11922,2437,2365,1133,2436,2364,1124,89,99,0,500,2713;
@400000005e786c1a19b80bfa #d,-,18,2435,2364,1133,157,0,192221,11917,2436,2365,1134,2435,2364,1124,89,99,0,500,2713;
@400000005e786c1a19c08f45 #d,-,18,2435,2364,1126,158,0,192137,11912,2435,2365,1135,2435,2364,1124,89,99,0,500,2713;
@400000005e786c1c19cdca7e #d,-,18,2434,2364,1128,159,0,192056,11907,2435,2365,1135,2434,2364,1124,89,99,0,500,2713;
@400000005e786c1c19d668cb #d,-,18,2434,2364,1130,159,0,191974,11902,2434,2365,1132,2434,2364,1126,89,99,0,500,2713;
@400000005e786c1e19e57feb #d,-,18,2433,2365,1126,160,0,191894,11897,2434,2365,1137,2433,2364,1126,89,99,0,500,2713;
@400000005e786c1e19eed2e6 #d,-,18,2434,2365,1133,161,0,191814,11892,2434,2366,1134,2433,2364,1125,89,99,0,500,2715;
@400000005e786c2019fee0d3 #d,-,18,2436,2363,1469,161,1,191919,11898,2436,2365,1563,2434,2363,1129,89,99,0,500,2720;
@400000005e786c201a087146 #d,-,18,3463,2362,1573,162,1,192207,11916,3463,2363,1591,2436,2362,1467,96,99,0,500,3576;
@400000005e786c221a17bf59 #d,-,18,3377,2364,1330,163,1,192310,11923,3463,2364,1573,3377,2362,1121,92,99,0,500,3661;
@400000005e786c221a21027f #d,-,18,2862,2364,1244,164,1,192349,11925,3377,2364,1330,2862,2363,1243,92,99,0,500,3085;
@400000005e786c241a2ece12 #d,-,18,2687,2362,1577,165,1,192430,11930,2862,2364,1596,2687,2362,1179,90,99,0,500,2967;
@400000005e786c241a398ffe #d,-,18,3306,2360,1576,166,1,192700,11947,3306,2363,1614,2687,2360,1462,96,99,0,500,3429;
@400000005e786c261a4933bf #d,-,18,3557,2362,1384,167,1,192835,11955,3557,2363,1584,3306,2360,1129,94,99,0,500,3768;
@400000005e786c261a52968f #d,-,18,2801,2363,1240,167,1,192875,11958,3557,2363,1384,2801,2361,1240,90,99,0,500,3099;
@400000005e786c281a67b3f4 #d,-,18,2715,2362,1611,168,1,192936,11962,2801,2364,1612,2715,2362,1159,90,99,0,500,2990;
@400000005e786c281a76431c #d,-,18,3222,2361,1563,169,1,193193,11977,3222,2362,1611,2715,2360,1456,95,99,0,500,3358;
@400000005e786c2a1a8653d4 #d,-,18,3577,2362,1355,170,1,193423,11992,3577,2364,1579,3222,2360,1138,95,99,0,500,3765;
@400000005e786c2a1a8faf31 #d,-,18,2852,2362,1251,171,1,193472,11995,3577,2363,1375,2852,2361,1251,90,99,0,500,3156;
@400000005e786c2c1a9f431d #d,-,18,2745,2361,1560,172,1,193495,11996,2852,2364,1560,2745,2361,1138,90,99,0,500,3019;
@400000005e786c2c1aa889fc #d,-,18,3114,2361,1555,173,1,193748,12012,3114,2362,1607,2745,2359,1465,95,99,0,500,3272;
@400000005e786c2e1ab7578a #d,-,18,3573,2361,1277,174,1,193809,12016,3573,2362,1577,3114,2361,1126,95,99,0,500,3746;
@400000005e786c2e1ac0eca4 #d,-,18,2892,2360,1247,174,1,193946,12024,3573,2363,1385,2892,2360,1247,90,99,0,500,3204;
@400000005e786c301ace0bec #d,-,18,2779,2360,1134,175,1,193826,12017,2892,2361,1249,2779,2358,1125,91,99,0,500,3031;
@400000005e786c301ad692f1 #d,-,18,2455,2361,1129,176,1,193827,12017,2779,2361,1135,2455,2359,1127,89,99,0,500,2751;
@400000005e786c321ae348fc #d,-,18,2452,2363,1131,176,1,193665,12007,2455,2363,1134,2452,2361,1127,90,99,0,500,2713;
@400000005e786c321aec130f #d,-,18,2450,2360,1131,177,1,193585,12002,2452,2363,1135,2450,2360,1127,90,99,0,500,2718;
@400000005e786c341af9139b #d,-,18,2448,2362,1130,178,1,193507,11997,2450,2362,1137,2448,2359,1128,90,99,0,500,2715;
@400000005e786c341b017f9e #d,-,18,2447,2362,1129,178,1,193429,11992,2448,2362,1136,2447,2360,1127,90,99,0,500,2715;
@400000005e786c361b0deee1 #d,-,18,2445,2361,1128,179,1,193352,11987,2447,2362,1136,2445,2361,1126,89,99,0,500,2718;
@400000005e786c361b15d2ea #d,-,18,2444,2360,1137,180,1,193276,11983,2445,2362,1137,2444,2359,1127,89,99,0,500,2718;
@400000005e786c381b2261d7 #d,-,18,2443,2360,1130,180,1,193200,11978,2444,2361,1137,2443,2360,1128,89,99,0,500,2718;
@400000005e786c381b2b0887 #d,-,18,2443,2359,1135,181,1,193124,11973,2443,2361,1135,2443,2359,1126,90,99,0,500,2713;
@400000005e786c3a1b3800b1 #d,-,18,2442,2359,1129,182,1,193050,11969,2443,2359,1135,2442,2358,1127,89,99,0,500,2715;
@400000005e786c3a1b406cb4 #d,-,18,2441,2359,1133,182,1,192977,11964,2442,2360,1135,2441,2358,1126,89,99,0,500,2713;
@400000005e786c3c1b4d514f #d,-,18,2441,2360,1129,183,1,192903,11960,2441,2360,1136,2441,2359,1128,89,99,0,500,2715;
@400000005e786c3c1b55d589 #d,-,18,2440,2359,1131,184,1,192831,11955,2441,2361,1139,2440,2358,1129,89,99,0,500,2715;
@400000005e786c3e1b62e4fc #d,-,18,2440,2359,1128,184,1,192759,11951,2440,2360,1136,2440,2358,1128,89,99,0,500,2715;
@400000005e786c3e1b6b5961 #d,-,18,2440,2361,1134,185,1,192687,11946,2440,2361,1134,2440,2359,1127,89,99,0,500,2713;
@400000005e786c401b782e27 #d,-,18,2439,2360,1129,186,1,192615,11942,2440,2362,1136,2439,2360,1129,89,99,0,500,2713;
@400000005e786c401b80bd8e #d,-,18,2438,2359,1136,187,1,192544,11937,2439,2361,1136,2438,2359,1128,89,99,0,500,2715;
@400000005e786c421b8ccbf5 #d,-,18,2438,2361,1126,187,1,192473,11933,2438,2361,1141,2438,2359,1126,89,99,0,500,2713;
@400000005e786c421b94d275 #d,-,18,2437,2360,1132,188,1,192402,11928,2438,2361,1133,2437,2360,1126,89,99,0,500,2711;
@400000005e786c441ba1b356 #d,-,18,2436,2359,1126,189,1,192331,11924,2437,2360,1133,2436,2359,1126,90,99,0,500,2706;
@400000005e786c441baa2b75 #d,-,18,2436,2360,1130,189,1,192262,11920,2436,2360,1132,2436,2359,1126,89,99,0,500,2711;
@400000005e786c461bb8b23a #d,-,18,2435,2361,1129,190,1,192192,11915,2436,2361,1131,2435,2360,1126,89,99,0,500,2708;
@400000005e786c461bc19ec3 #d,-,18,2434,2360,1160,191,1,192126,11911,2435,2361,1160,2434,2360,1128,89,99,0,500,2711;
@400000005e786c481bd1339e #d,-,18,2870,2359,1595,192,1,192342,11925,2870,2360,1600,2434,2358,1160,94,99,0,500,3033;
@400000005e786c481bdab170 #d,-,18,3511,2361,1269,192,1,192543,11937,3511,2361,1595,2870,2359,1269,95,99,0,500,3692;
@400000005e786c4a1bea8b36 #d,-,18,3114,2360,1302,193,1,192593,11940,3511,2361,1406,3114,2360,1152,92,99,0,500,3377;
@400000005e786c4a1bf48a7c #d,-,18,2803,2361,1145,194,1,192581,11940,3114,2361,1302,2803,2360,1145,91,99,0,500,3080;
@400000005e786c4c1c045cce #d,-,18,2749,2358,1571,195,1,192735,11949,2803,2361,1602,2749,2358,1136,93,99,0,500,2929;
@400000005e786c4c1c0dfe04 #d,-,18,3505,2358,1531,196,1,192973,11964,3505,2358,1609,2749,2357,1531,94,99,0,500,3699;
@400000005e786c4e1c1dd8b8 #d,-,18,3188,2359,1301,197,1,193007,11966,3505,2359,1531,3188,2358,1164,92,99,0,500,3453;
@400000005e786c4e1c271736 #d,-,18,2844,2360,1186,197,1,193020,11967,3188,2361,1311,2844,2359,1186,91,99,0,500,3102;
@400000005e786c501c354c07 #d,-,18,2729,2358,1515,198,1,193146,11975,2844,2360,1599,2729,2356,1127,93,99,0,500,2934;
@400000005e786c501c3dacdd #d,-,18,3511,2357,1569,199,1,193383,11989,3511,2358,1609,2729,2357,1515,95,99,0,500,3690;
@400000005e786c521c4ce3a7 #d,-,18,3214,2359,1260,200,1,193424,11992,3511,2361,1569,3214,2357,1129,91,99,0,500,3512;
@400000005e786c521c564dea #d,-,18,2886,2359,1217,201,1,193445,11993,3214,2360,1312,2886,2358,1217,92,99,0,500,3104;
@400000005e786c541c642864 #d,-,18,2655,2358,1453,202,1,193550,12000,2886,2360,1637,2655,2357,1142,91,99,0,500,2912;
@400000005e786c541c6d0606 #d,-,18,3539,2356,1575,203,1,193784,12014,3539,2358,1617,2655,2356,1453,96,99,0,500,3664;
@400000005e786c561c7c5419 #d,-,18,3304,2357,1273,203,1,193845,12018,3539,2360,1575,3304,2355,1119,91,99,0,500,3614;
@400000005e786c561c85e0d2 #d,-,18,2874,2359,1203,204,1,193861,12019,3304,2360,1306,2874,2357,1203,93,99,0,500,3076;
@400000005e786c581c92b2cd #d,-,18,2601,2361,1042,205,1,193767,12013,2874,2362,1203,2601,2358,1018,89,99,0,500,2896;
@400000005e786c581c9bab71 #d,-,18,2272,2360,1132,205,1,193687,12008,2601,2362,1152,2272,2360,1042,88,99,0,500,2569;
@400000005e786c5a1ca88899 #d,-,18,2433,2360,1127,206,1,193617,12004,2433,2361,1135,2272,2360,1125,89,99,0,500,2715;
@400000005e786c5a1cb10472 #d,-,18,2432,2359,1127,207,1,193548,11999,2433,2360,1134,2432,2359,1125,89,99,0,500,2708;
@400000005e786c5c1cbdf080 #d,-,18,2432,2358,1129,207,1,193479,11995,2432,2359,1131,2432,2358,1126,89,99,0,500,2708;
@400000005e786c5c1cc6aabf #d,-,18,2432,2358,1133,208,1,193411,11991,2432,2359,1133,2432,2358,1126,89,99,0,500,2711;
@400000005e786c5e1cd4095b #d,-,18,2432,2359,1128,209,1,193343,11987,2432,2360,1133,2432,2358,1128,89,99,0,500,2708;
@400000005e786c5e1cdc8533 #d,-,18,2432,2359,1130,209,1,193277,11983,2432,2360,1133,2432,2359,1128,89,99,0,500,2711;
@400000005e786c601ce974fb #d,-,18,2432,2359,1130,210,1,193210,11979,2432,2360,1134,2432,2359,1129,89,99,0,500,2711;
@400000005e786c601cf217f1 #d,-,18,2432,2359,1131,211,1,193145,11975,2432,2359,1134,2432,2359,1129,89,99,0,500,2713;
@400000005e786c621cff470e #d,-,18,2432,2360,1134,211,1,193081,11971,2432,2361,1136,2432,2358,1128,89,99,0,500,2713;
@400000005e786c621d07bb73 #d,-,18,2432,2361,1130,212,1,193016,11967,2432,2361,1134,2432,2360,1129,89,99,0,500,2713;
@400000005e786c641d14bfb9 #d,-,18,2433,2360,1130,213,1,192952,11963,2433,2361,1133,2432,2359,1127,89,99,0,500,2711;
@400000005e786c641d1d52d9 #d,-,18,2433,2359,1129,213,1,192889,11959,2433,2361,1132,2433,2358,1128,89,99,0,500,2713;
@400000005e786c661d2a18b9 #d,-,18,2433,2359,1131,214,1,192826,11955,2433,2359,1134,2433,2358,1129,89,99,0,500,2708;
@400000005e786c661d32fdce #d,-,18,2433,2360,1131,215,1,192763,11951,2433,2360,1134,2433,2359,1130,89,99,0,500,2713;
@400000005e786c681d40195c #d,-,18,2433,2359,1134,216,1,192701,11947,2433,2360,1135,2433,2359,1129,89,99,0,500,2713;
@400000005e786c681d4898ee #d,-,18,2433,2360,1129,216,1,192639,11943,2433,2360,1134,2433,2359,1127,89,99,0,500,2713;
@400000005e786c6a1d5527db #d,-,18,2433,2361,1131,217,1,192578,11939,2433,2361,1133,2433,2360,1129,89,99,0,500,2713;
@400000005e786c6a1d5dde60 #d,-,18,2433,2361,1129,218,1,192516,11936,2433,2361,1135,2433,2361,1126,89,99,0,500,2713;
@400000005e786c6c1d6b3854 #d,-,18,2433,2361,1129,218,1,192455,11932,2433,2362,1135,2433,2361,1126,89,99,0,500,2711;
@400000005e786c6c1d73a810 #d,-,18,2433,2362,1131,219,1,192394,11928,2433,2362,1133,2433,2361,1127,89,99,0,500,2711;
@400000005e786c6e1d83a628 #d,-,18,2433,2361,1131,220,1,192334,11924,2433,2362,1132,2433,2361,1127,89,99,0,500,2713;
@400000005e786c6e1d8c83cb #d,-,18,2432,2360,1367,220,1,192299,11922,2433,2362,1367,2432,2360,1126,89,99,0,500,2711;
@400000005e786c701d9bc5c2 #d,-,18,2976,2358,1566,221,1,192495,11934,2976,2360,1595,2432,2357,1367,94,99,0,500,3142;
@400000005e786c701da51503 #d,-,18,3547,2360,1195,222,1,192639,11943,3547,2361,1574,2976,2358,1191,95,99,0,500,3709;
@400000005e786c721db45ab4 #d,-,18,3050,2360,1273,223,1,192695,11947,3547,2361,1398,3050,2359,1195,91,99,0,500,3336;
@400000005e786c721dbde4a2 #d,-,18,2783,2360,1174,224,1,192688,11946,3050,2361,1273,2783,2359,1174,91,99,0,500,3045;
@400000005e786c741dcdd69f #d,-,18,2942,2355,1609,225,1,192865,11957,2942,2361,1610,2783,2355,1174,94,99,0,500,3107;
@400000005e786c741dd7582a #d,-,18,3499,2358,1286,226,1,193039,11968,3499,2358,1609,2942,2355,1286,94,99,0,500,3692;
@400000005e786c761de71aa8 #d,-,18,3116,2358,1301,226,1,193074,11970,3499,2359,1369,3116,2357,1171,91,99,0,500,3389;
@400000005e786c761df07d78 #d,-,18,2785,2360,1175,227,1,193130,11974,3116,2361,1301,2785,2357,1175,91,99,0,500,3054;
@400000005e786c781dffc329 #d,-,18,2790,2360,1584,228,1,193209,11978,2790,2361,1600,2785,2358,1157,93,99,0,500,3000;
@400000005e786c781e0992f0 #d,-,18,3489,2360,1518,229,1,193408,11991,3489,2361,1607,2790,2359,1518,94,99,0,500,3690;
@400000005e786c7a1e18dd49 #d,-,18,3164,2363,1292,230,1,193434,11992,3489,2363,1518,3164,2360,1136,92,99,0,500,3431;
@400000005e786c7a1e21ce7a #d,-,18,2846,2363,1179,231,1,193438,11993,3164,2364,1303,2846,2363,1179,91,99,0,500,3109;
@400000005e786c7c1e31ace8 #d,-,18,2779,2361,1542,231,1,193622,12004,2846,2364,1600,2779,2361,1172,93,99,0,500,2967;
@400000005e786c7c1e3b172b #d,-,18,3501,2358,1549,232,1,193822,12016,3501,2361,1606,2779,2358,1542,94,99,0,500,3694;
@400000005e786c7e1e4a7c86 #d,-,18,3214,2359,1273,233,1,193796,12015,3501,2361,1549,3214,2358,1163,92,99,0,500,3493;
@400000005e786c7e1e543505 #d,-,18,2876,2360,1180,234,1,193807,12016,3214,2360,1302,2876,2359,1180,92,99,0,500,3111;
@400000005e786c801e616f4f #d,-,18,2573,2360,1058,235,1,193716,12010,2876,2361,1180,2573,2360,1012,89,99,0,500,2874;
@400000005e786c801e69eee1 #d,-,18,2310,2359,1133,235,1,193657,12006,2573,2361,1153,2310,2359,1058,89,99,0,500,2587;
@400000005e786c821e76c0dc #d,-,18,2433,2360,1130,236,1,193597,12003,2433,2361,1135,2310,2359,1128,89,99,0,500,2711;
@400000005e786c821e7fd482 #d,-,18,2433,2360,1132,237,1,193538,11999,2433,2360,1136,2433,2360,1128,89,99,0,500,2715;
@400000005e786c841e8cf783 #d,-,18,2433,2360,1130,237,1,193479,11995,2433,2361,1134,2433,2360,1127,89,99,0,500,2713;
@400000005e786c841e956be8 #d,-,18,2433,2360,1131,238,1,193420,11992,2433,2361,1133,2433,2360,1126,89,99,0,500,2715;
@400000005e786c861ea24cca #d,-,18,2433,2360,1125,239,1,193360,11988,2433,2361,1134,2433,2359,1125,89,99,0,500,2708;
@400000005e786c861eaadc31 #d,-,18,2433,2362,1133,239,1,193302,11984,2433,2362,1133,2433,2360,1125,89,99,0,500,2711;
@400000005e786c881eb7a5ca #d,-,18,2432,2362,1127,240,1,193243,11981,2433,2362,1133,2432,2360,1125,89,99,0,500,2711;
@400000005e786c881ec06fde #d,-,18,2432,2362,1130,241,1,193185,11977,2432,2362,1134,2432,2361,1125,89,99,0,500,2711;
@400000005e786c8a1ecd77dd #d,-,18,2432,2362,1127,241,1,193126,11973,2432,2363,1133,2432,2361,1123,89,99,0,500,2706;
@400000005e786c8a1ed5fee2 #d,-,18,2431,2361,1127,242,1,193068,11970,2432,2363,1133,2431,2361,1125,89,99,0,500,2713;
Lost connection at /opt/powertools/bin/wattsup1 line 220.
	main::failure('Lost connection') called at /opt/powertools/bin/wattsup1 line 271
	main::recv_msg() called at /opt/powertools/bin/wattsup1 line 504
