@400000005e7c603704e04ada #v,-,8,1,65178,5,2,4,57,200810261703,0;
@400000005e7c60372ed4d04a #h,-,18,W,V,A,WH,Cost,WH/Mo,Cost/Mo,Wmax,Vmax,Amax,Wmin,Vmin,Amin,PF,DC,PC,Hz,VA;
@400000005e7c603734e448c6 #f,-,48,17,436,1,4803,0,0,65535,0,150,1177,177,10481,276,203,3340,13,121719,86,50084,105837,25,2629,11458,0,64,1,4686,0,0,65535,0,150,1030,182,11055,266,212,3240,13,121394,92,49362,104176,24,2613,13005,0,71;
@400000005e7c603934fb7dae #d,-,18,2720,2360,1163,0,0,192197,11916,2720,2361,1164,2717,2358,1158,98,100,0,500,2751;
@400000005e7c603b350d4c81 #d,-,18,2720,2359,1163,1,0,201731,12507,2720,2361,1164,2720,2359,1163,98,100,0,500,2751;
@400000005e7c603b3517aca2 #d,-,18,2720,2360,1163,2,0,193726,12011,2720,2362,1164,2720,2359,1162,98,100,0,500,2751;
@400000005e7c603d3523f970 #d,-,18,2719,2362,1165,3,0,193994,12027,2720,2362,1165,2719,2360,1161,98,100,0,500,2751;
@400000005e7c603d352afdf5 #d,-,18,2723,2363,1159,3,0,194503,12059,2723,2365,1192,2719,2362,1153,98,100,0,500,2778;
@400000005e7c603f35326ca6 #d,-,18,2722,2361,1377,4,0,199631,12377,2723,2365,1386,2722,2361,1159,98,100,0,500,2751;
@400000005e7c603f3537e290 #d,-,18,2935,2364,1194,5,0,197187,12225,2935,2364,1377,2722,2361,1168,98,100,0,500,2968;
@400000005e7c604135413cff #d,-,18,2750,2363,1156,6,0,196670,12193,2935,2364,1194,2750,2362,1138,98,100,0,500,2790;
@400000005e7c6041354b6362 #d,-,18,2901,2362,1168,7,0,198429,12302,2901,2364,1448,2750,2360,1156,100,100,0,500,2901;
@400000005e7c60433554c8fe #d,-,18,2848,2360,1145,7,0,200402,12424,2901,2363,1230,2848,2360,1140,97,100,0,500,2933;
@400000005e7c6043355a7221 #d,-,18,2696,2362,1387,8,0,199169,12348,2848,2363,1388,2696,2360,1145,98,100,0,500,2744;
@400000005e7c6045356376e1 #d,-,18,2932,2363,1189,9,0,199305,12356,2932,2363,1387,2696,2361,1158,98,100,0,500,2967;
@400000005e7c60453568c69c #d,-,18,2752,2361,1150,10,0,198888,12331,2932,2363,1189,2752,2361,1150,98,100,0,500,2787;
@400000005e7c604735717d20 #d,-,18,2925,2361,1167,10,0,199890,12393,2925,2362,1450,2752,2360,1149,100,100,0,500,2925;
@400000005e7c6047357647ae #d,-,18,2812,2363,1142,11,0,199770,12385,2925,2363,1220,2812,2360,1140,97,100,0,500,2897;
@400000005e7c604935856641 #d,-,18,2693,2361,1350,12,0,200523,12432,2812,2363,1453,2693,2358,1142,98,100,0,500,2741;
@400000005e7c6049358fcb0b #d,-,18,2980,2360,1169,13,0,200337,12420,2980,2362,1350,2693,2360,1163,98,100,0,500,3022;
@400000005e7c604b35996f0c #d,-,18,2725,2359,1160,14,0,201034,12464,2980,2361,1169,2725,2359,1147,98,100,0,500,2764;
@400000005e7c604b35a4395a #d,-,18,2958,2361,1188,14,0,200631,12439,2958,2362,1436,2725,2358,1159,99,100,0,500,2970;
@400000005e7c604d35b48967 #d,-,18,2768,2362,1149,15,0,200488,12430,2958,2362,1202,2768,2359,1149,98,100,0,500,2822;
@400000005e7c604d35bf1819 #d,-,18,2762,2361,1245,16,0,201032,12464,2768,2362,1449,2762,2359,1148,100,100,0,500,2762;
@400000005e7c604f35c8e427 #d,-,18,2971,2360,1157,17,0,201775,12510,2971,2362,1245,2762,2359,1157,98,100,0,500,3022;
@400000005e7c604f35cdfcef #d,-,18,2719,2358,1327,18,0,200684,12442,2971,2362,1327,2719,2358,1146,98,100,0,500,2760;
@400000005e7c605135dacdfc #d,-,18,2958,2359,1201,18,0,201130,12470,2958,2361,1450,2719,2357,1167,98,100,0,500,3000;
@400000005e7c605135e4ebfe #d,-,18,2762,2360,1158,19,0,200954,12459,2958,2361,1201,2762,2358,1158,98,100,0,500,2797;
@400000005e7c605335f42a3c #d,-,18,2755,2360,1151,20,0,201405,12487,2762,2361,1158,2755,2358,1147,100,100,0,500,2755;
@400000005e7c605335ff0729 #d,-,18,2750,2360,1156,21,0,200437,12427,2755,2360,1177,2750,2358,1151,100,100,0,500,2750;
@400000005e7c6055360c8bf5 #d,-,18,2747,2359,1160,21,0,200273,12416,2750,2361,1184,2747,2357,1156,99,100,0,500,2757;
@400000005e7c6055361726c3 #d,-,18,2745,2358,1167,22,0,200127,12407,2747,2360,1174,2745,2357,1160,99,100,0,500,2758;
@400000005e7c60573625ebef #d,-,18,2743,2358,1185,23,0,200051,12403,2745,2359,1200,2743,2357,1165,99,100,0,500,2762;
@400000005e7c605736301252 #d,-,18,2744,2358,1166,24,0,200540,12433,2744,2360,1185,2743,2357,1162,98,100,0,500,2789;
@400000005e7c6059363c3f75 #d,-,18,2742,2361,1166,24,0,199767,12385,2744,2363,1168,2742,2358,1166,99,100,0,500,2760;
@400000005e7c605936478e02 #d,-,18,2740,2359,1167,25,0,199641,12377,2742,2362,1167,2740,2359,1165,99,100,0,500,2762;
@400000005e7c605b3650f846 #d,-,18,2739,2360,1166,26,0,199516,12370,2740,2361,1168,2739,2359,1165,99,100,0,500,2758;
@400000005e7c605b3655c2d3 #d,-,18,2737,2358,1244,27,0,199499,12368,2739,2362,1244,2737,2358,1165,99,100,0,500,2758;
@400000005e7c605d365e2ed6 #d,-,18,2952,2361,1205,27,0,200351,12421,2952,2361,1353,2737,2358,1184,99,100,0,500,2965;
@400000005e7c605d36643609 #d,-,18,2780,2360,1146,28,0,199673,12379,2952,2361,1209,2780,2358,1138,98,100,0,500,2833;
@400000005e7c605f366fba9b #d,-,18,2696,2359,1275,29,0,200019,12401,2780,2360,1453,2696,2357,1146,99,100,0,500,2717;
@400000005e7c605f367757dd #d,-,18,2986,2359,1166,30,0,199967,12397,2986,2359,1275,2696,2356,1166,98,100,0,500,3031;
@400000005e7c6061367f8ddb #d,-,18,2731,2355,1330,31,0,199911,12394,2986,2359,1330,2731,2355,1155,98,100,0,500,2774;
@400000005e7c60613688dc2e #d,-,18,3008,2358,1202,31,0,200722,12444,3008,2359,1469,2731,2354,1164,98,100,0,500,3041;
@400000005e7c60633692369c #d,-,18,2750,2358,1156,32,0,200112,12406,3008,2360,1203,2750,2357,1148,98,100,0,500,2796;
@400000005e7c6063369c8f4b #d,-,18,2803,2360,1174,33,0,200421,12426,2803,2360,1461,2750,2357,1155,100,100,0,500,2803;
@400000005e7c606536a62465 #d,-,18,2911,2361,1145,34,0,200793,12449,2911,2361,1202,2803,2358,1145,97,100,0,500,2991;
@400000005e7c606536aae77f #d,-,18,2702,2358,1441,35,0,200452,12428,2911,2361,1441,2702,2358,1145,98,100,0,500,2746;
@400000005e7c606736b2ca9b #d,-,18,2989,2359,1199,35,0,200566,12435,2989,2360,1451,2702,2357,1166,98,100,0,500,3034;
@400000005e7c606736b76a51 #d,-,18,2756,2359,1158,36,0,200430,12426,2989,2361,1199,2756,2359,1147,98,100,0,500,2792;
@400000005e7c606936c36081 #d,-,18,2856,2361,1167,37,0,200685,12442,2856,2361,1455,2756,2357,1155,100,100,0,500,2856;
@400000005e7c606936ca7984 #d,-,18,2856,2361,1150,38,0,200612,12437,2856,2361,1203,2856,2358,1148,96,100,0,500,2947;
@400000005e7c606b36d9c3dd #d,-,18,2702,2357,1478,38,0,200800,12449,2856,2361,1478,2702,2357,1150,98,100,0,500,2742;
@400000005e7c606b36e4a83e #d,-,18,3012,2358,1184,39,0,200832,12451,3012,2360,1478,2702,2357,1175,98,100,0,500,3054;
@400000005e7c606d36f44c00 #d,-,18,2738,2357,1158,40,0,200692,12442,3012,2359,1184,2738,2357,1150,98,100,0,500,2776;
@400000005e7c606d36febbf7 #d,-,18,2901,2358,1172,41,0,201269,12478,2901,2358,1398,2738,2354,1158,100,100,0,500,2901;
@400000005e7c606f3707305b #d,-,18,2798,2359,1152,42,0,200820,12450,2901,2359,1205,2798,2356,1148,97,100,0,500,2876;
@400000005e7c606f370cc5f0 #d,-,18,2698,2359,1161,42,0,200688,12442,2798,2359,1161,2698,2356,1152,98,100,0,500,2737;
@400000005e7c6071371d2d45 #d,-,18,2700,2359,1154,43,0,200580,12435,2700,2359,1184,2698,2357,1150,98,100,0,500,2748;
@400000005e7c607137276a03 #d,-,18,2701,2359,1167,44,0,200507,12431,2701,2359,1192,2700,2356,1154,98,100,0,500,2739;
@400000005e7c60733730bcfe #d,-,18,2705,2358,1172,45,0,200760,12447,2705,2359,1172,2701,2356,1158,97,100,0,500,2769;
@400000005e7c6073373b7eea #d,-,18,2709,2360,1167,45,0,200331,12420,2709,2360,1172,2705,2357,1166,98,100,0,500,2764;
@400000005e7c60753744120a #d,-,18,2711,2361,1166,46,0,200252,12415,2711,2361,1168,2709,2358,1165,98,100,0,500,2758;
@400000005e7c6075374e6345 #d,-,18,2717,2361,1163,47,0,200206,12412,2717,2361,1197,2711,2359,1159,97,100,0,500,2785;
@400000005e7c60773757dc6f #d,-,18,2717,2361,1166,48,0,200451,12427,2717,2361,1169,2717,2359,1163,98,100,0,500,2762;
@400000005e7c60773761fa71 #d,-,18,2718,2360,1165,48,0,200054,12403,2718,2363,1167,2717,2359,1165,98,100,0,500,2758;
@400000005e7c6079376a764a #d,-,18,2719,2360,1166,49,0,199980,12398,2719,2362,1167,2718,2360,1165,98,100,0,500,2757;
@400000005e7c6079377027cf #d,-,18,2878,2360,1171,50,0,200169,12410,2878,2360,1425,2719,2358,1165,100,100,0,500,2878;
@400000005e7c607b3779c45d #d,-,18,2878,2360,1134,51,0,200165,12410,2878,2361,1239,2878,2359,1134,97,100,0,500,2954;
@400000005e7c607b377f0f70 #d,-,18,2695,2359,1411,52,0,200206,12412,2878,2362,1411,2695,2357,1134,98,100,0,500,2744;
@400000005e7c607d37882b78 #d,-,18,2962,2361,1199,52,0,200285,12417,2962,2362,1429,2695,2359,1165,98,100,0,500,3002;
@400000005e7c607d378d2584 #d,-,18,2755,2361,1157,53,0,200195,12412,2962,2362,1199,2755,2359,1148,98,100,0,500,2790;
@400000005e7c607f379936b7 #d,-,18,2847,2360,1166,54,0,200369,12422,2847,2361,1426,2755,2357,1153,100,100,0,500,2847;
@400000005e7c607f37a05f8e #d,-,18,2851,2361,1141,55,0,200640,12439,2851,2361,1232,2847,2358,1141,96,100,0,500,2952;
@400000005e7c608137afe75f #d,-,18,2717,2358,1419,55,0,200411,12425,2851,2361,1419,2717,2358,1140,98,100,0,500,2765;
@400000005e7c608137bad422 #d,-,18,2965,2360,1195,56,0,200473,12429,2965,2360,1442,2717,2357,1162,98,100,0,500,3007;
@400000005e7c608337c6c787 #d,-,18,2744,2360,1155,57,0,200381,12423,2965,2360,1195,2744,2358,1147,98,100,0,500,2781;
@400000005e7c608337d15280 #d,-,18,2898,2360,1170,58,0,200542,12433,2898,2360,1435,2744,2357,1154,100,100,0,500,2898;
@400000005e7c608537da33dc #d,-,18,2827,2360,1156,59,0,200534,12433,2898,2361,1215,2827,2358,1156,97,100,0,500,2910;
@400000005e7c608537dec003 #d,-,18,2725,2358,1454,59,0,200917,12456,2827,2361,1458,2725,2356,1152,98,100,0,500,2773;
@400000005e7c608737e72c06 #d,-,18,2982,2359,1182,60,0,200655,12440,2982,2360,1454,2725,2357,1169,98,100,0,500,3020;
@400000005e7c608737ebfef5 #d,-,18,2749,2358,1155,61,0,200571,12435,2982,2360,1182,2749,2356,1155,98,100,0,500,2785;
@400000005e7c608937f495d0 #d,-,18,2965,2357,1197,62,0,200744,12446,2965,2358,1459,2749,2354,1154,99,100,0,500,2977;
@400000005e7c608937f95442 #d,-,18,2774,2356,1167,63,0,200719,12444,2965,2357,1205,2774,2354,1167,97,100,0,500,2837;
@400000005e7c608b3802d5cd #d,-,18,2768,2356,1264,63,0,200862,12453,2774,2358,1460,2768,2353,1151,100,100,0,500,2768;
@400000005e7c608b380d9c61 #d,-,18,2997,2356,1159,64,0,200827,12451,2997,2357,1264,2768,2354,1159,98,100,0,500,3034;
@400000005e7c608d381c2e54 #d,-,18,2722,2355,1157,65,0,200738,12445,2997,2357,1159,2722,2352,1151,98,100,0,500,2765;
@400000005e7c608d38265c2b #d,-,18,2718,2355,1159,66,0,200653,12440,2722,2356,1162,2718,2354,1150,99,100,0,500,2730;
@400000005e7c608f3830e724 #d,-,18,2717,2355,1231,66,0,200628,12438,2718,2357,1233,2717,2355,1158,99,100,0,500,2737;
@400000005e7c608f383ba19c #d,-,18,2785,2354,1164,67,0,200569,12435,2785,2357,1231,2717,2354,1158,98,100,0,500,2817;
@400000005e7c609138499f7a #d,-,18,2723,2356,1170,68,0,200741,12446,2785,2356,1174,2723,2354,1164,98,100,0,500,2753;
@400000005e7c60913854070f #d,-,18,2723,2355,1170,69,0,200460,12428,2723,2356,1170,2723,2353,1169,98,100,0,500,2764;
@400000005e7c6093385f4a6f #d,-,18,2724,2353,1169,69,0,200408,12425,2724,2355,1172,2723,2353,1169,98,100,0,500,2762;
@400000005e7c6093386a1fea #d,-,18,2725,2355,1201,70,0,200378,12423,2725,2355,1202,2724,2353,1169,98,100,0,500,2764;
@400000005e7c60953873d006 #d,-,18,2729,2356,1169,71,0,200328,12420,2729,2356,1201,2725,2353,1162,97,100,0,500,2792;
@400000005e7c60953878e15b #d,-,18,2729,2354,1168,72,0,200278,12417,2729,2356,1171,2729,2354,1168,98,100,0,500,2760;
@400000005e7c6097387f7442 #d,-,18,2729,2354,1350,72,0,200597,12437,2729,2356,1397,2729,2352,1168,98,100,0,500,2760;
@400000005e7c609738829532 #d,-,18,2961,2355,1178,73,0,200381,12423,2961,2357,1350,2729,2354,1173,99,100,0,500,2990;
@400000005e7c60993888b767 #d,-,18,2741,2354,1195,74,0,200321,12419,2961,2356,1195,2741,2353,1148,98,100,0,500,2781;
@400000005e7c6099388bd0e4 #d,-,18,3008,2353,1194,75,0,200480,12429,3008,2355,1469,2741,2351,1168,99,100,0,500,3022;
@400000005e7c609b3891dbd1 #d,-,18,2755,2353,1166,75,0,200436,12427,3008,2355,1202,2755,2353,1158,97,100,0,500,2819;
@400000005e7c609b3895007b #d,-,18,2754,2352,1229,76,0,200570,12435,2755,2354,1463,2754,2351,1165,100,100,0,500,2754;
@400000005e7c609d389d77ab #d,-,18,2971,2352,1163,77,0,200742,12446,2971,2354,1229,2754,2351,1163,97,100,0,500,3034;
@400000005e7c609d38a2370b #d,-,18,2731,2351,1396,78,0,200541,12433,2971,2354,1396,2731,2351,1159,98,100,0,500,2771;
@400000005e7c609f38ab7677 #d,-,18,2992,2352,1206,79,0,200642,12439,2992,2354,1468,2731,2350,1173,98,100,0,500,3034;
@400000005e7c609f38b0fc37 #d,-,18,2761,2351,1158,80,0,200589,12436,2992,2353,1206,2761,2351,1158,98,100,0,500,2799;
@400000005e7c60a138bceaf4 #d,-,18,2765,2352,1180,80,0,200888,12455,2765,2353,1434,2761,2349,1156,99,100,0,500,2783;
@400000005e7c60a138c46118 #d,-,18,2908,2351,1163,81,0,200676,12441,2908,2352,1210,2765,2348,1163,97,100,0,500,2981;
@400000005e7c60a338d3da02 #d,-,18,2725,2351,1407,82,0,200676,12441,2908,2352,1407,2725,2350,1158,98,100,0,500,2767;
@400000005e7c60a338ddf804 #d,-,18,2989,2351,1210,83,0,200766,12447,2989,2352,1457,2725,2350,1171,98,100,0,500,3029;
@400000005e7c60a538e69eb4 #d,-,18,2759,2352,1162,83,0,200712,12444,2989,2352,1210,2759,2350,1153,98,100,0,500,2797;
@400000005e7c60a538f0053d #d,-,18,2763,2350,1175,84,0,200992,12461,2763,2352,1419,2759,2348,1160,99,100,0,500,2787;
@400000005e7c60a738fa0fb1 #d,-,18,2887,2349,1153,85,0,200774,12448,2887,2352,1204,2763,2349,1153,97,100,0,500,2959;
@400000005e7c60a738feba94 #d,-,18,2713,2350,1413,86,0,200796,12449,2887,2352,1413,2713,2349,1153,98,100,0,500,2753;
@400000005e7c60a9390ce349 #d,-,18,2971,2352,1204,87,0,200849,12452,2971,2352,1435,2713,2349,1179,98,100,0,500,3009;
@400000005e7c60a93917a8ee #d,-,18,2758,2350,1161,87,0,200793,12449,2971,2352,1204,2758,2350,1152,98,100,0,500,2794;
@400000005e7c60ab392712f2 #d,-,18,2698,2350,1158,88,0,200725,12445,2758,2352,1161,2698,2350,1151,98,100,0,500,2730;
@400000005e7c60ab39316f5a #d,-,18,2698,2350,1164,89,0,200845,12452,2698,2353,1168,2698,2349,1158,98,100,0,500,2735;
@400000005e7c60ad393da037 #d,-,18,2703,2355,1163,90,0,200632,12439,2703,2355,1191,2698,2350,1162,97,100,0,500,2764;
@400000005e7c60ad3947c5ac #d,-,18,2709,2356,1163,90,0,200608,12437,2709,2356,1206,2703,2351,1163,97,100,0,500,2778;
@400000005e7c60af39526434 #d,-,18,2711,2356,1168,91,0,200564,12434,2711,2356,1169,2709,2355,1163,97,100,0,500,2767;
@400000005e7c60af3957cef1 #d,-,18,2713,2357,1169,92,0,200522,12432,2713,2357,1172,2711,2355,1168,98,100,0,500,2760;
@400000005e7c60b139672566 #d,-,18,2715,2355,1169,93,0,200479,12429,2715,2357,1171,2713,2353,1168,98,100,0,500,2760;
@400000005e7c60b13971c3ee #d,-,18,2716,2357,1170,93,0,200603,12437,2716,2357,1171,2715,2353,1169,98,100,0,500,2760;
@400000005e7c60b3397c69e9 #d,-,18,2720,2357,1162,94,0,200414,12425,2720,2357,1201,2716,2354,1162,98,100,0,500,2774;
@400000005e7c60b33981a9cf #d,-,18,2722,2354,1227,95,0,200386,12423,2722,2357,1227,2720,2354,1162,98,100,0,500,2774;
@400000005e7c60b5398a8771 #d,-,18,2944,2355,1207,96,0,200472,12429,2944,2356,1391,2722,2353,1171,99,100,0,500,2959;
@400000005e7c60b5398ffa90 #d,-,18,2762,2353,1150,96,0,200585,12436,2944,2356,1209,2762,2353,1140,98,100,0,500,2815;
@400000005e7c60b7399c1b97 #d,-,18,2707,2353,1256,97,0,200520,12432,2762,2356,1434,2707,2352,1150,99,100,0,500,2724;
@400000005e7c60b739a35356 #d,-,18,2982,2353,1161,98,0,200517,12432,2982,2354,1256,2707,2352,1161,98,100,0,500,3023;
@400000005e7c60b939aba810 #d,-,18,2734,2352,1238,99,0,200464,12428,2982,2354,1238,2734,2352,1141,98,100,0,500,2783;
@400000005e7c60b939b6330a #d,-,18,2955,2352,1200,100,0,200557,12434,2955,2353,1434,2734,2349,1167,99,100,0,500,2979;
@400000005e7c60bb39c55645 #d,-,18,2752,2351,1157,100,0,200514,12431,2955,2353,1203,2752,2351,1148,98,100,0,500,2799;
@400000005e7c60bb39d089d0 #d,-,18,2746,2352,1276,101,0,200718,12444,2752,2353,1330,2746,2350,1157,100,100,0,500,2746;
@400000005e7c60bd39da7499 #d,-,18,2907,2350,1181,102,0,200562,12434,2907,2353,1276,2746,2350,1168,98,100,0,500,2938;
@400000005e7c60bd39e029d8 #d,-,18,2767,2350,1158,103,0,200521,12432,2907,2353,1181,2767,2350,1158,98,100,0,500,2808;
@400000005e7c60bf39e93d7e #d,-,18,2925,2352,1167,103,0,200596,12437,2925,2353,1412,2767,2349,1154,100,100,0,500,2925;
@400000005e7c60bf39ee2f29 #d,-,18,2762,2351,1152,104,0,200560,12434,2925,2353,1197,2762,2351,1148,97,100,0,500,2842;
@400000005e7c60c139fa1673 #d,-,18,2687,2351,1426,105,0,200639,12439,2762,2353,1459,2687,2351,1152,98,100,0,500,2724;
@400000005e7c60c13a014216 #d,-,18,2989,2352,1194,106,0,200645,12440,2989,2352,1426,2687,2350,1177,98,100,0,500,3031;
@400000005e7c60c33a10c71b #d,-,18,2758,2351,1162,107,0,200587,12436,2989,2353,1194,2758,2350,1140,98,100,0,500,2799;
@400000005e7c60c33a1bee8b #d,-,18,2955,2350,1200,107,0,200680,12442,2955,2353,1448,2758,2349,1162,99,100,0,500,2972;
@400000005e7c60c53a2c4d7e #d,-,18,2759,2353,1156,108,0,200787,12448,2955,2353,1205,2759,2350,1150,97,100,0,500,2817;
@400000005e7c60c53a36e84c #d,-,18,2753,2354,1254,109,0,200730,12445,2759,2354,1459,2753,2351,1156,100,100,0,500,2753;
@400000005e7c60c73a42bc07 #d,-,18,2971,2352,1186,110,0,200719,12444,2971,2354,1254,2753,2352,1165,98,100,0,500,3023;
@400000005e7c60c73a4ced98 #d,-,18,2746,2353,1156,110,0,200664,12441,2971,2354,1186,2746,2352,1149,98,100,0,500,2789;
@400000005e7c60c93a578fda #d,-,18,2695,2353,1157,111,0,200613,12438,2746,2355,1158,2695,2352,1154,98,100,0,500,2726;
@400000005e7c60c93a62902b #d,-,18,2698,2353,1176,112,0,200733,12445,2698,2355,1210,2695,2352,1157,98,100,0,500,2744;
@400000005e7c60cb3a6ed0dd #d,-,18,2704,2354,1171,113,0,200691,12442,2704,2356,1176,2698,2352,1162,97,100,0,500,2787;
@400000005e7c60cb3a79298c #d,-,18,2707,2354,1200,113,0,200534,12433,2707,2356,1200,2704,2353,1171,98,100,0,500,2760;
@400000005e7c60cd3a8648d3 #d,-,18,2713,2353,1171,114,0,200504,12431,2713,2355,1200,2707,2353,1163,97,100,0,500,2790;
@400000005e7c60cd3a90dfe8 #d,-,18,2715,2353,1171,115,0,200471,12429,2715,2354,1172,2713,2351,1169,98,100,0,500,2760;
@400000005e7c60cf3aa17215 #d,-,18,2717,2354,1170,116,0,200572,12435,2717,2354,1172,2715,2352,1170,98,100,0,500,2762;
@400000005e7c60cf3aabcac3 #d,-,18,2718,2353,1171,117,0,200406,12425,2718,2355,1171,2717,2353,1169,98,100,0,500,2760;
@400000005e7c60d13ab48147 #d,-,18,2719,2354,1197,117,0,200382,12423,2719,2355,1197,2718,2353,1169,98,100,0,500,2760;
@400000005e7c60d13abe5c3b #d,-,18,2725,2353,1304,118,0,200460,12428,2725,2355,1400,2719,2352,1170,97,100,0,500,2794;
@400000005e7c60d33ac85320 #d,-,18,2955,2353,1180,119,0,200450,12427,2955,2356,1304,2725,2353,1170,98,100,0,500,2988;
@400000005e7c60d33ace7cc9 #d,-,18,2740,2355,1169,120,0,200532,12433,2955,2355,1180,2740,2352,1153,98,100,0,500,2781;
@400000005e7c60d53ad762cd #d,-,18,2958,2355,1202,120,0,200493,12430,2958,2355,1445,2740,2353,1169,99,100,0,500,2979;
@400000005e7c60d53add2aac #d,-,18,2770,2353,1177,121,0,200468,12429,2958,2355,1208,2770,2352,1154,98,100,0,500,2822;
@400000005e7c60d73ae93ccd #d,-,18,2766,2353,1253,122,0,200556,12434,2770,2354,1468,2766,2350,1172,100,100,0,500,2766;
@400000005e7c60d73af07bff #d,-,18,2986,2352,1165,123,0,200541,12433,2986,2354,1253,2766,2351,1165,98,100,0,500,3034;
@400000005e7c60d93b002822 #d,-,18,2726,2352,1317,124,0,200516,12431,2986,2354,1317,2726,2351,1151,98,100,0,500,2767;
@400000005e7c60d93b0a8fb7 #d,-,18,2971,2352,1208,124,0,200589,12436,2971,2354,1463,2726,2350,1172,98,100,0,500,3009;
@400000005e7c60db3b1adc0a #d,-,18,2755,2352,1167,125,0,200554,12434,2971,2354,1208,2755,2350,1151,98,100,0,500,2796;
@400000005e7c60db3b25439f #d,-,18,2853,2352,1175,126,0,200643,12439,2853,2353,1463,2755,2351,1167,100,100,0,500,2853;
@400000005e7c60dd3b2e7b98 #d,-,18,2858,2352,1151,127,0,200622,12438,2858,2354,1206,2853,2351,1151,95,100,0,500,2979;
@400000005e7c60dd3b32cd13 #d,-,18,2705,2349,1464,127,0,200782,12448,2858,2353,1464,2705,2348,1151,98,100,0,500,2748;
@400000005e7c60df3b3b0e3f #d,-,18,2982,2351,1191,128,0,200679,12442,2982,2353,1469,2705,2349,1177,98,100,0,500,3022;
@400000005e7c60df3b3fccb0 #d,-,18,2747,2352,1161,129,0,200637,12439,2982,2354,1191,2747,2351,1152,98,100,0,500,2785;
@400000005e7c60e13b48dd8c #d,-,18,2962,2354,1179,130,0,200723,12444,2962,2355,1463,2747,2351,1161,100,100,0,500,2962;
@400000005e7c60e13b4dd2f0 #d,-,18,2788,2353,1155,131,0,200700,12443,2962,2356,1205,2788,2353,1151,96,100,0,500,2876;
@400000005e7c60e33b5b8eae #d,-,18,2698,2357,1409,131,0,200887,12455,2788,2357,1463,2698,2352,1155,98,100,0,500,2737;
@400000005e7c60e33b65e2b5 #d,-,18,2991,2359,1174,132,0,200756,12446,2991,2359,1409,2698,2357,1167,98,100,0,500,3034;
@400000005e7c60e53b709111 #d,-,18,2735,2359,1156,133,0,200713,12444,2991,2360,1174,2735,2357,1149,98,100,0,500,2776;
@400000005e7c60e53b7b7dd4 #d,-,18,2733,2360,1150,134,0,200684,12442,2735,2360,1187,2733,2357,1150,99,100,0,500,2753;
@400000005e7c60e73b8a0cfc #d,-,18,2731,2360,1190,134,0,200664,12441,2733,2360,1203,2731,2358,1150,99,100,0,500,2746;
@400000005e7c60e73b9465aa #d,-,18,2733,2360,1163,135,0,200630,12439,2733,2360,1190,2731,2358,1160,97,100,0,500,2789;
@400000005e7c60ea00090fec #d,-,18,2732,2359,1167,136,0,200603,12437,2733,2361,1171,2732,2357,1163,99,100,0,500,2757;
@400000005e7c60ea00135152 #d,-,18,2732,2360,1167,137,0,200575,12435,2732,2360,1169,2732,2357,1167,98,100,0,500,2764;
@400000005e7c60ec0021cbfc #d,-,18,2734,2357,1163,137,0,200559,12434,2734,2361,1200,2732,2356,1163,98,100,0,500,2773;
@400000005e7c60ec002c964a #d,-,18,2734,2357,1169,138,0,200531,12432,2734,2360,1170,2734,2357,1162,98,100,0,500,2778;
@400000005e7c60ee00364ec8 #d,-,18,2734,2358,1167,139,0,200614,12438,2734,2360,1169,2734,2357,1167,98,100,0,500,2762;
@400000005e7c60ee003adea9 #d,-,18,2733,2359,1168,140,0,200476,12429,2734,2360,1169,2733,2357,1166,99,100,0,500,2760;
@400000005e7c60f00044cd2c #d,-,18,2732,2358,1374,141,0,200519,12432,2733,2359,1381,2732,2356,1167,98,100,0,500,2762;
@400000005e7c60f0004f35af #d,-,18,2959,2360,1181,141,0,200533,12433,2959,2360,1374,2732,2355,1181,99,100,0,500,2983;
@400000005e7c60f20057203e #d,-,18,2753,2359,1160,142,0,200492,12430,2959,2360,1181,2753,2358,1142,98,100,0,500,2799;
@400000005e7c60f2005a7821 #d,-,18,2919,2358,1175,143,0,200556,12434,2919,2360,1431,2753,2357,1158,100,100,0,500,2919;
@400000005e7c60f40060f005 #d,-,18,2794,2358,1160,144,0,200647,12440,2919,2359,1204,2794,2356,1156,96,100,0,500,2881;
@400000005e7c60f4006414af #d,-,18,2713,2358,1422,144,0,200604,12437,2794,2358,1459,2713,2356,1160,98,100,0,500,2753;
@400000005e7c60f6006cc779 #d,-,18,2994,2358,1191,145,0,200608,12437,2994,2359,1422,2713,2356,1168,98,100,0,500,3031;
@400000005e7c60f60071a595 #d,-,18,2771,2357,1162,146,0,200573,12435,2994,2360,1191,2771,2357,1150,98,100,0,500,2812;
@400000005e7c60f8007a771c #d,-,18,2979,2356,1199,147,0,200649,12440,2979,2359,1463,2771,2355,1162,99,100,0,500,3007;
@400000005e7c60f8007fabd5 #d,-,18,2758,2357,1160,148,0,200622,12438,2979,2357,1205,2758,2355,1149,97,100,0,500,2815;
@400000005e7c60fa008bc923 #d,-,18,2756,2356,1213,148,0,200791,12449,2758,2357,1458,2756,2353,1156,100,100,0,500,2756;
@400000005e7c60fa0093763a #d,-,18,2958,2356,1183,149,0,200787,12448,2958,2357,1218,2756,2354,1170,97,100,0,500,3025;
@400000005e7c60fc00a39f2a #d,-,18,2746,2353,1359,150,0,200672,12441,2958,2357,1359,2746,2353,1147,98,100,0,500,2790;
@400000005e7c60fc00aef170 #d,-,18,2968,2354,1204,151,0,200721,12444,2968,2356,1452,2746,2351,1171,98,100,0,500,3006;
@400000005e7c60fe00be3f83 #d,-,18,2755,2356,1160,152,0,200690,12442,2968,2356,1204,2755,2354,1150,98,100,0,500,2794;
@400000005e7c60fe00c89389 #d,-,18,2841,2356,1173,152,0,200754,12446,2841,2356,1462,2755,2353,1157,100,100,0,500,2841;
@400000005e7c610000d1cf3c #d,-,18,2846,2355,1181,153,0,200747,12446,2846,2356,1205,2841,2353,1172,95,100,0,500,2970;
@400000005e7c610000d66a4a #d,-,18,2735,2357,1437,154,0,200773,12447,2846,2358,1437,2735,2353,1153,98,100,0,500,2778;
@400000005e7c610200e0d687 #d,-,18,2973,2358,1197,155,0,200792,12449,2973,2359,1450,2735,2357,1165,98,100,0,500,3013;
@400000005e7c610200e69b9b #d,-,18,2758,2357,1159,155,0,200761,12447,2973,2359,1197,2758,2356,1157,98,100,0,500,2792;
@400000005e7c610400f3ed2d #d,-,18,2751,2357,1158,156,0,200724,12444,2758,2359,1159,2751,2357,1150,100,100,0,500,2751;
@400000005e7c610400fefd54 #d,-,18,2745,2359,1228,157,0,200713,12444,2751,2359,1230,2745,2356,1157,100,100,0,500,2745;
@400000005e7c6106010aefcb #d,-,18,2750,2358,1165,158,0,200688,12442,2750,2359,1228,2745,2356,1153,97,100,0,500,2821;
@400000005e7c6106011534ea #d,-,18,2747,2356,1168,158,0,200664,12441,2750,2359,1172,2747,2356,1165,99,100,0,500,2753;
@400000005e7c610801251f74 #d,-,18,2744,2358,1168,159,0,200639,12439,2747,2359,1169,2744,2356,1167,99,100,0,500,2762;
@400000005e7c61080130b794 #d,-,18,2743,2359,1169,160,0,200615,12438,2744,2360,1169,2743,2357,1167,99,100,0,500,2762;
@400000005e7c610a013d6271 #d,-,18,2741,2358,1191,161,0,200595,12436,2743,2359,1191,2741,2356,1168,99,100,0,500,2762;
@400000005e7c610a0148b871 #d,-,18,2743,2356,1170,161,1,200578,12435,2743,2358,1200,2741,2356,1161,98,100,0,500,2794;
Lost connection at /opt/powertools/bin/wattsup1 line 220.
	main::failure('Lost connection') called at /opt/powertools/bin/wattsup1 line 271
	main::recv_msg() called at /opt/powertools/bin/wattsup1 line 504
