@400000005e70830f3479d28c #v,-,8,2,261786,5,2,4,57,200810261703,0;
@400000005e70831022c8ebbb #h,-,18,W,V,A,WH,Cost,WH/Mo,Cost/Mo,Wmax,Vmax,Amax,Wmin,Vmin,Amin,PF,DC,PC,Hz,VA;
@400000005e70831028d72b4a #f,-,48,193,436,1,4775,0,0,65533,0,199,810,237,17949,177,311,4753,4,92217,151,32123,69906,40,694,17008,0,93,1,4659,0,0,65533,0,199,822,242,18484,171,318,5362,2,92206,150,32190,70407,42,536,17029,0,92;
@400000005e70831428eee91a #d,-,18,2424,2377,1129,1,0,174154,10797,2424,2379,1129,2423,2377,1119,89,100,0,500,2718;
@400000005e70831428f76138 #d,-,18,2424,2376,1121,1,0,174028,10789,2424,2378,1129,2424,2375,1121,89,100,0,500,2715;
@400000005e7083162905a5de #d,-,18,2424,2379,1127,2,0,178274,11053,2424,2379,1128,2424,2375,1120,89,100,0,500,2715;
@400000005e708316290f4714 #d,-,18,2424,2376,1123,3,0,177387,10998,2424,2379,1127,2424,2376,1118,89,100,0,500,2718;
@400000005e708318291de8db #d,-,18,2329,2378,1144,3,0,172178,10675,2424,2379,1144,2329,2376,1016,87,100,0,500,2651;
@400000005e7083182927248e #d,-,18,2333,2377,1127,4,0,172496,10694,2333,2378,1147,2329,2376,1113,88,100,0,500,2640;
@400000005e70831a2935931c #d,-,18,2431,2379,1124,5,0,172736,10709,2431,2379,1128,2333,2376,1123,89,100,0,500,2723;
@400000005e70831a293ee9d1 #d,-,18,2431,2377,1130,5,0,172940,10722,2431,2379,1130,2431,2376,1124,89,100,0,500,2720;
@400000005e70831c294d35ea #d,-,18,2431,2376,1125,6,0,173104,10732,2431,2378,1132,2431,2376,1123,89,100,0,500,2725;
@400000005e70831c29565e0d #d,-,18,2432,2377,1131,7,0,173251,10741,2432,2378,1132,2431,2376,1123,89,100,0,500,2725;
@400000005e70831e296257f7 #d,-,18,2432,2376,1129,7,0,173386,10749,2432,2377,1132,2432,2375,1125,89,100,0,500,2723;
@400000005e70831e296a339f #d,-,18,2432,2378,1129,8,0,173501,10757,2432,2378,1133,2432,2375,1126,89,100,0,500,2727;
@400000005e708320297845fa #d,-,18,2946,2377,1172,9,0,177961,11033,2946,2378,1771,2432,2373,1129,95,100,0,500,3073;
@400000005e70832029815d5a #d,-,18,2951,2375,1257,10,0,179594,11134,2951,2378,1360,2946,2375,1156,88,100,0,500,3325;
@400000005e708322298c90e5 #d,-,18,2673,2374,1748,11,0,181966,11281,2951,2376,1776,2673,2374,1143,90,100,0,500,2967;
@400000005e70832229962600 #d,-,18,3260,2375,1304,11,0,183401,11370,3260,2377,1748,2673,2374,1165,93,100,0,500,3474;
@400000005e70832429a4f746 #d,-,18,2753,2377,1174,12,0,183992,11407,3260,2378,1304,2753,2375,1174,91,100,0,500,2995;
@400000005e70832429ae1708 #d,-,18,2750,2376,1343,13,0,186752,11578,2753,2378,1829,2750,2373,1132,93,100,0,500,2943;
@400000005e70832629bbddf3 #d,-,18,3214,2378,1266,14,0,188164,11666,3214,2378,1348,2750,2376,1117,91,100,0,500,3498;
@400000005e70832629c592b8 #d,-,18,2739,2373,1632,15,0,188693,11699,3214,2378,1632,2739,2373,1142,90,100,0,500,3031;
@400000005e70832829d4778e #d,-,18,3276,2377,1316,16,0,190508,11811,3276,2378,1853,2739,2372,1155,94,100,0,500,3457;
@400000005e70832829ddbab4 #d,-,18,2719,2376,1172,16,0,189831,11769,3276,2377,1316,2719,2375,1172,90,100,0,500,3019;
@400000005e70832a29ec5419 #d,-,18,2595,2378,1139,17,0,189191,11729,2719,2378,1172,2595,2376,1065,89,100,0,500,2893;
@400000005e70832a29f608de #d,-,18,2413,2377,1131,18,0,188623,11694,2595,2378,1139,2413,2376,1118,89,100,0,500,2704;
@400000005e70832c2a04ca50 #d,-,18,2416,2378,1130,18,0,188105,11662,2416,2379,1133,2413,2377,1126,88,100,0,500,2727;
@400000005e70832c2a0df9e7 #d,-,18,2419,2378,1131,19,0,187635,11633,2419,2378,1134,2416,2376,1126,88,100,0,500,2732;
@400000005e70832e2a1ce276 #d,-,18,2422,2377,1133,20,0,187194,11606,2422,2379,1134,2419,2377,1127,88,100,0,500,2730;
@400000005e70832e2a26c124 #d,-,18,2424,2378,1127,20,0,186778,11580,2424,2378,1135,2422,2375,1127,88,100,0,500,2732;
@400000005e7083302a358eb1 #d,-,18,2426,2376,1131,21,0,186399,11556,2426,2378,1133,2424,2375,1124,88,100,0,500,2730;
@400000005e7083302a4067e5 #d,-,18,2429,2377,1128,22,0,186633,11571,2429,2378,1132,2426,2375,1126,89,100,0,500,2727;
@400000005e7083322a4f8eda #d,-,18,2430,2378,1131,22,0,185698,11513,2430,2378,1133,2429,2376,1126,89,100,0,500,2727;
@400000005e7083322a595ae8 #d,-,18,2431,2377,1134,23,0,185386,11493,2431,2379,1134,2430,2376,1127,89,100,0,500,2730;
@400000005e7083342a68db45 #d,-,18,2433,2376,1129,24,0,185087,11475,2433,2379,1134,2431,2376,1125,89,100,0,500,2732;
@400000005e7083342a72a399 #d,-,18,2434,2377,1131,24,0,184802,11457,2434,2378,1133,2433,2375,1126,89,100,0,500,2730;
@400000005e7083362a816063 #d,-,18,2435,2376,1128,25,0,184536,11441,2435,2378,1133,2434,2376,1127,89,100,0,500,2727;
@400000005e7083362a8c26f6 #d,-,18,2435,2376,1130,26,0,184285,11425,2435,2377,1134,2435,2375,1127,89,100,0,500,2730;
@400000005e7083382a9c9d32 #d,-,18,2436,2378,1129,26,0,184039,11410,2436,2378,1133,2435,2375,1124,89,100,0,500,2727;
@400000005e7083382aa7f421 #d,-,18,2436,2377,1127,27,0,183802,11395,2436,2379,1131,2436,2376,1123,89,100,0,500,2725;
@400000005e70833a2ab5b399 #d,-,18,2436,2374,1785,28,0,184400,11432,2436,2378,1785,2436,2374,1124,89,100,0,500,2727;
@400000005e70833a2abea4ca #d,-,18,3298,2375,1349,29,0,185219,11483,3298,2375,1785,2436,2373,1165,94,100,0,500,3476;
@400000005e70833a2ac6cead #d,-,18,2773,2374,1196,30,0,185465,11498,3298,2376,1349,2773,2374,1196,90,100,0,500,3050;
@400000005e70833c2ad1266d #d,-,18,2769,2375,1352,30,0,186608,11569,2773,2375,1819,2769,2370,1134,93,100,0,500,2950;
@400000005e70833c2ad88903 #d,-,18,3206,2374,1253,31,0,186863,11585,3206,2375,1352,2769,2373,1157,91,100,0,500,3490;
@400000005e70833e2ae50cc3 #d,-,18,2787,2375,1365,32,0,186980,11592,3206,2376,1365,2787,2373,1140,91,100,0,500,3054;
@400000005e70833e2aec9de9 #d,-,18,3202,2373,1304,33,0,188059,11659,3202,2375,1815,2787,2373,1158,95,100,0,500,3365;
@400000005e7083402af8333e #d,-,18,2844,2376,1186,34,0,188328,11676,3202,2377,1366,2844,2373,1186,89,100,0,500,3163;
@400000005e7083402b016a48 #d,-,18,2675,2374,1480,35,0,189314,11737,2844,2377,1831,2675,2373,1143,91,100,0,500,2926;
@400000005e7083422b0f96b7 #d,-,18,3232,2377,1219,35,0,189362,11740,3232,2377,1480,2675,2374,1078,92,100,0,500,3505;
@400000005e7083422b1920a5 #d,-,18,2811,2377,1131,36,0,189355,11740,3232,2378,1295,2811,2376,1131,92,100,0,500,3043;
@400000005e7083442b27592f #d,-,18,2473,2375,1132,37,0,189078,11722,2811,2377,1139,2473,2375,1123,88,100,0,500,2779;
@400000005e7083442b30850c #d,-,18,2469,2378,1132,37,0,188812,11706,2473,2378,1133,2469,2375,1127,90,100,0,500,2732;
@400000005e7083462b3ecd6c #d,-,18,2465,2378,1128,38,0,188553,11690,2469,2378,1134,2465,2376,1125,90,100,0,500,2732;
@400000005e7083462b47ed2d #d,-,18,2462,2379,1131,39,0,188307,11675,2465,2379,1131,2462,2377,1124,90,100,0,500,2727;
@400000005e7083482b566b91 #d,-,18,2459,2376,1125,39,0,188061,11659,2462,2379,1131,2459,2376,1123,90,100,0,500,2725;
@400000005e7083482b5fc245 #d,-,18,2456,2377,1130,40,0,188162,11666,2459,2378,1131,2456,2376,1125,90,100,0,500,2725;
@400000005e70834a2b6e6c6f #d,-,18,2454,2375,1130,41,0,187929,11651,2456,2377,1132,2454,2375,1126,90,100,0,500,2725;
@400000005e70834a2b779492 #d,-,18,2451,2378,1128,41,0,187380,11617,2454,2378,1132,2451,2375,1124,89,100,0,500,2727;
@400000005e70834c2b8530a6 #d,-,18,2449,2375,1131,42,0,187167,11604,2451,2378,1131,2449,2375,1124,89,100,0,500,2723;
@400000005e70834c2b8f006d #d,-,18,2448,2378,1127,43,0,186963,11591,2449,2378,1134,2448,2375,1126,89,100,0,500,2727;
@400000005e70834e2b9daa96 #d,-,18,2447,2377,1133,43,0,186768,11579,2448,2378,1134,2447,2377,1126,89,100,0,500,2727;
@400000005e70834e2ba6c69f #d,-,18,2445,2375,1129,44,0,186578,11567,2447,2377,1134,2445,2375,1128,89,100,0,500,2730;
@400000005e7083502bb4bc1b #d,-,18,2445,2377,1126,45,0,186395,11556,2445,2377,1134,2445,2374,1126,89,100,0,500,2730;
@400000005e7083502bbe846e #d,-,18,2444,2376,1130,46,0,186218,11545,2445,2377,1135,2444,2376,1124,89,100,0,500,2727;
@400000005e7083522bcd29ef #d,-,18,2443,2376,1131,46,0,186051,11535,2444,2377,1132,2443,2376,1125,89,100,0,500,2727;
@400000005e7083522bd6695b #d,-,18,2443,2377,1130,47,0,185885,11524,2443,2378,1133,2443,2375,1126,89,100,0,500,2727;
@400000005e7083542be4c54a #d,-,18,2591,2375,1353,48,0,186553,11566,2591,2377,1761,2443,2372,1127,92,100,0,500,2789;
@400000005e7083542bee3f62 #d,-,18,3120,2375,1169,48,0,186798,11581,3120,2377,1353,2591,2374,1132,91,100,0,500,3426;
@400000005e7083562bfa7b6c #d,-,18,2679,2374,1204,49,0,186594,11568,3120,2376,1305,2679,2373,1151,91,100,0,500,2934;
@400000005e7083562c0418e8 #d,-,18,3112,2374,1146,50,0,187269,11610,3112,2375,1780,2679,2370,1144,95,100,0,500,3270;
@400000005e7083582c0de8af #d,-,18,2834,2376,1271,51,0,187465,11622,3112,2376,1323,2834,2373,1146,89,100,0,500,3163;
@400000005e7083582c12a367 #d,-,18,2685,2372,1773,52,0,187986,11655,2834,2376,1859,2685,2371,1135,90,100,0,500,2967;
@400000005e70835a2c20a145 #d,-,18,3318,2375,1300,53,0,188270,11672,3318,2375,1773,2685,2372,1144,93,100,0,500,3547;
@400000005e70835a2c2a22d1 #d,-,18,2803,2377,1172,53,0,188336,11676,3318,2377,1300,2803,2374,1168,92,100,0,500,3038;
@400000005e70835c2c38ccfa #d,-,18,3132,2376,1180,54,0,189000,11718,3132,2377,1807,2803,2373,1165,95,100,0,500,3265;
@400000005e70835c2c4223ae #d,-,18,2950,2375,1245,55,0,189198,11730,3132,2376,1355,2950,2374,1180,89,100,0,500,3301;
@400000005e70835e2c4e0650 #d,-,18,2679,2377,1136,56,0,189020,11719,2950,2377,1245,2679,2374,1045,90,100,0,500,2967;
@400000005e70835e2c55e1f8 #d,-,18,2389,2375,1131,56,0,188845,11708,2679,2377,1142,2389,2374,1120,88,100,0,500,2689;
@400000005e7083602c61d0b5 #d,-,18,2445,2376,1128,57,0,188669,11697,2445,2376,1133,2389,2374,1126,89,100,0,500,2734;
@400000005e7083602c693f66 #d,-,18,2444,2374,1133,58,0,188501,11687,2445,2376,1133,2444,2374,1125,89,100,0,500,2727;
@400000005e7083622c7472f1 #d,-,18,2443,2376,1128,58,0,188335,11676,2444,2376,1133,2443,2374,1127,89,100,0,500,2727;
@400000005e7083622c7b73bd #d,-,18,2443,2376,1130,59,0,188406,11681,2443,2377,1137,2443,2376,1128,89,100,0,500,2730;
@400000005e7083642c86581e #d,-,18,2442,2374,1132,60,0,188247,11671,2443,2377,1135,2442,2374,1126,89,100,0,500,2730;
@400000005e7083642c8d983e #d,-,18,2443,2377,1131,60,0,187870,11647,2443,2377,1134,2442,2374,1128,89,100,0,500,2732;
@400000005e7083662c9c49db #d,-,18,2443,2376,1132,61,0,187721,11638,2443,2377,1133,2443,2375,1126,89,100,0,500,2730;
@400000005e7083662ca6bd8b #d,-,18,2442,2375,1126,62,0,187576,11629,2443,2376,1133,2442,2374,1125,89,100,0,500,2727;
@400000005e7083682cb51979 #d,-,18,2442,2376,1135,62,0,187437,11621,2442,2377,1135,2442,2375,1126,89,100,0,500,2727;
@400000005e7083682cbe5084 #d,-,18,2442,2376,1131,63,0,187296,11612,2442,2377,1135,2442,2375,1128,89,100,0,500,2732;
@400000005e70836a2cccf33a #d,-,18,2443,2376,1132,64,0,187164,11604,2443,2377,1134,2442,2375,1129,89,100,0,500,2732;
@400000005e70836a2cd6268a #d,-,18,2442,2378,1131,65,0,187031,11595,2443,2378,1133,2442,2375,1126,89,100,0,500,2732;
@400000005e70836c2ce39f3a #d,-,18,2443,2376,1130,65,0,186903,11587,2443,2378,1132,2442,2375,1126,89,100,0,500,2730;
@400000005e70836c2cec6594 #d,-,18,2442,2378,1131,66,0,186774,11580,2443,2378,1132,2442,2375,1125,89,100,0,500,2730;
@400000005e70836e2cf70c7d #d,-,18,2442,2378,1129,67,0,186648,11572,2442,2378,1133,2442,2377,1125,89,100,0,500,2727;
@400000005e70836e2cfef70c #d,-,18,2824,2376,1288,67,0,187190,11605,2824,2378,1734,2442,2373,1129,95,100,0,500,2957;
@400000005e7083702d0e0f1b #d,-,18,3116,2377,1261,68,0,187371,11617,3116,2378,1375,2824,2375,1193,91,100,0,500,3424;
@400000005e7083702d17edc9 #d,-,18,2753,2372,1819,69,0,187698,11637,3116,2378,1819,2753,2372,1181,90,100,0,500,3047;
@400000005e7083722d26326e #d,-,18,3343,2377,1314,70,0,187991,11655,3343,2377,1819,2753,2372,1122,94,100,0,500,3547;
@400000005e7083722d309290 #d,-,18,2761,2376,1173,71,0,188229,11670,3343,2378,1314,2761,2376,1173,91,100,0,500,3026;
@400000005e7083742d3b5cde #d,-,18,3034,2378,1137,72,0,188542,11689,3034,2378,1859,2761,2373,1137,96,100,0,500,3159;
@400000005e7083742d44ab30 #d,-,18,2982,2377,1270,72,0,188656,11696,3034,2378,1360,2982,2376,1090,89,100,0,500,3344;
@400000005e7083762d52c8b8 #d,-,18,2691,2375,1756,73,0,189021,11719,2982,2377,1843,2691,2373,1144,89,100,0,500,2993;
@400000005e7083762d5c987f #d,-,18,3294,2377,1265,74,0,189160,11727,3294,2379,1756,2691,2375,1111,93,100,0,500,3533;
@400000005e7083782d67bc35 #d,-,18,2755,2380,1140,75,0,189190,11729,3294,2380,1284,2755,2377,1140,92,100,0,500,2979;
@400000005e7083782d70cfdb #d,-,18,2539,2378,1133,75,0,189057,11721,2755,2380,1140,2539,2378,1126,89,100,0,500,2851;
@400000005e70837a2d7f52e7 #d,-,18,2441,2380,1129,76,0,188925,11713,2539,2380,1134,2441,2378,1126,89,100,0,500,2730;
@400000005e70837a2d88c857 #d,-,18,2441,2377,1131,77,0,188796,11705,2441,2380,1132,2441,2377,1126,89,100,0,500,2732;
@400000005e70837c2d974b63 #d,-,18,2441,2379,1127,77,0,188844,11708,2441,2380,1133,2441,2377,1126,89,100,0,500,2730;
@400000005e70837c2da06fcd #d,-,18,2441,2380,1130,78,0,188543,11689,2441,2380,1134,2441,2378,1127,89,100,0,500,2730;
@400000005e70837e2dae618f #d,-,18,2441,2378,1126,79,0,188420,11682,2441,2380,1132,2441,2378,1122,89,100,0,500,2732;
@400000005e70837e2db80a39 #d,-,18,2440,2379,1129,80,0,188298,11674,2441,2379,1131,2440,2377,1125,89,100,0,500,2725;
@400000005e7083802dc6b0a8 #d,-,18,2440,2377,1129,80,0,188178,11667,2440,2379,1130,2440,2377,1126,89,100,0,500,2727;
@400000005e7083802dcfe3f9 #d,-,18,2439,2380,1126,81,0,188058,11659,2440,2380,1132,2439,2376,1125,89,100,0,500,2725;
@400000005e7083822dde18c9 #d,-,18,2439,2376,1132,82,0,187943,11652,2439,2380,1134,2439,2376,1125,89,100,0,500,2727;
@400000005e7083822de74c1a #d,-,18,2439,2378,1125,82,0,187829,11645,2439,2379,1133,2439,2375,1125,89,100,0,500,2730;
@400000005e7083842df59bed #d,-,18,2439,2376,1131,83,0,187719,11638,2439,2378,1132,2439,2376,1125,89,100,0,500,2730;
@400000005e7083842dfed79f #d,-,18,2439,2377,1131,84,0,187772,11641,2439,2377,1133,2439,2375,1126,89,100,0,500,2727;
@400000005e7083862e0df633 #d,-,18,2439,2378,1129,84,0,187664,11635,2439,2378,1132,2439,2377,1126,89,100,0,500,2730;
@400000005e7083862e17070e #d,-,18,2440,2376,1131,85,0,187560,11628,2440,2378,1133,2439,2375,1125,89,100,0,500,2730;
@400000005e7083882e1f5bc8 #d,-,18,2440,2374,1128,86,0,187298,11612,2440,2376,1133,2440,2373,1125,89,100,0,500,2730;
@400000005e7083882e23c845 #d,-,18,2545,2375,1464,87,0,187696,11637,2545,2376,1809,2440,2373,1126,92,100,0,500,2765;
@400000005e70838a2e313e2a #d,-,18,3323,2376,1239,87,0,187842,11646,3323,2377,1464,2545,2375,1207,93,100,0,500,3571;
@400000005e70838a2e3a0395 #d,-,18,2828,2374,1524,88,0,187943,11652,3323,2377,1524,2828,2374,1175,91,100,0,500,3090;
Lost connection at /opt/powertools/bin/wattsup1 line 220.
	main::failure('Lost connection') called at /opt/powertools/bin/wattsup1 line 271
	main::recv_msg() called at /opt/powertools/bin/wattsup1 line 504
