@400000005e158b5a0d504f3f #v,-,8,2,261786,5,2,4,57,200810261703,0;
@400000005e158b5a373e9c20 #h,-,18,W,V,A,WH,Cost,WH/Mo,Cost/Mo,Wmax,Vmax,Amax,Wmin,Vmin,Amin,PF,DC,PC,Hz,VA;
@400000005e158b5b01b1b39e #f,-,48,24,436,1,4775,0,0,65533,0,199,810,237,17949,177,311,4753,4,92217,151,32123,69906,40,694,17008,0,93,1,4659,0,0,65533,0,199,822,242,18484,171,318,5362,2,92206,150,32190,70407,42,536,17029,0,92;
@400000005e158b5d01c402f7 #d,-,18,2506,2340,1159,0,0,179557,11132,2506,2342,1168,2505,2340,1153,90,100,0,501,2761;
@400000005e158b5f01d210aa #d,-,18,2504,2340,1159,1,0,186330,11552,2506,2343,1164,2504,2340,1157,90,100,0,501,2753;
@400000005e158b5f01db43fb #d,-,18,2503,2340,1155,2,0,179214,11111,2504,2343,1161,2503,2340,1149,90,100,0,501,2753;
@400000005e158b6101e82123 #d,-,18,2501,2342,1157,3,0,179060,11101,2503,2342,1158,2501,2340,1153,91,100,0,501,2746;
@400000005e158b6101f0c7d2 #d,-,18,2498,2341,1147,3,0,178734,11081,2501,2342,1157,2498,2340,1144,91,100,0,501,2742;
@400000005e158b6301fe11f1 #d,-,18,2495,2342,1156,4,0,181296,11240,2498,2342,1156,2495,2339,1147,91,100,0,501,2732;
@400000005e158b630206cc2f #d,-,18,2492,2341,1146,5,0,180814,11210,2495,2342,1160,2492,2338,1146,91,100,0,501,2737;
@400000005e158b650214648a #d,-,18,2490,2340,1144,5,0,178254,11051,2492,2341,1154,2490,2339,1141,91,100,0,501,2734;
@400000005e158b65021cdca8 #d,-,18,2485,2339,1143,6,0,178026,11037,2490,2342,1148,2485,2339,1138,91,100,0,501,2713;
@400000005e158b67022c2701 #d,-,18,2482,2339,1150,7,0,177909,11030,2485,2340,1151,2482,2338,1143,91,100,0,501,2723;
@400000005e158b670236d918 #d,-,18,2480,2340,1157,7,0,177787,11022,2482,2341,1157,2480,2338,1139,91,100,0,501,2723;
@400000005e158b690245bdee #d,-,18,2970,2338,1801,8,0,186024,11533,2970,2340,2082,2480,2335,1157,94,100,0,501,3130;
@400000005e158b69024f56c2 #d,-,18,4373,2334,2008,10,0,196016,12153,4373,2338,2050,2970,2334,1801,99,100,0,501,4415;
@400000005e158b6b025e4f26 #d,-,18,4475,2335,1894,11,0,204415,12673,4475,2337,2063,4373,2334,1876,96,100,0,501,4645;
@400000005e158b6b02684d7e #d,-,18,4470,2337,1975,12,0,211670,13123,4475,2337,2006,4470,2334,1859,97,100,0,501,4569;
@400000005e158b6d02769997 #d,-,18,4397,2336,1867,13,0,217764,13501,4470,2338,2000,4397,2335,1852,96,100,0,501,4569;
@400000005e158b6d027fa210 #d,-,18,4394,2337,1989,15,0,223446,13853,4397,2337,2009,4394,2334,1852,97,100,0,501,4517;
@400000005e158b6f028cd8a1 #d,-,18,4399,2336,1864,16,0,228304,14154,4399,2338,1996,4394,2335,1863,96,100,0,501,4571;
@400000005e158b6f0295bea5 #d,-,18,4395,2334,1994,17,0,232866,14437,4399,2338,1997,4395,2334,1863,96,100,0,501,4531;
@400000005e158b7102a35ab9 #d,-,18,4401,2336,1881,18,0,236877,14686,4401,2337,2009,4395,2334,1860,96,100,0,501,4571;
@400000005e158b7102ac4fa3 #d,-,18,4398,2336,1973,19,0,240630,14919,4401,2337,2012,4398,2334,1860,96,100,0,501,4552;
@400000005e158b7302b9a997 #d,-,18,4461,2335,1917,21,0,244047,15130,4461,2337,2008,4398,2334,1873,97,100,0,501,4576;
@400000005e158b7302c2ecbd #d,-,18,4399,2335,1950,22,0,247169,15324,4461,2337,2013,4399,2334,1873,96,100,0,501,4578;
@400000005e158b7502d08c8b #d,-,18,4451,2336,1943,23,0,250067,15504,4451,2337,2007,4399,2334,1868,97,100,0,501,4567;
@400000005e158b7502d93f55 #d,-,18,4445,2337,1921,24,0,252661,15665,4451,2338,2013,4445,2334,1865,97,100,0,501,4581;
@400000005e158b7702e67a8e #d,-,18,4445,2335,1984,26,0,256188,15883,4445,2337,2015,4445,2335,1878,97,100,0,501,4569;
@400000005e158b7702efadde #d,-,18,4444,2336,1903,27,0,257449,15961,4445,2338,2013,4444,2334,1877,96,100,0,501,4607;
@400000005e158b7902fd7d2b #d,-,18,4443,2338,1999,28,0,259675,16099,4444,2338,2012,4443,2335,1875,97,100,0,501,4567;
@400000005e158b7903066e5c #d,-,18,4444,2336,1887,29,0,261592,16218,4444,2339,2010,4443,2336,1878,96,100,0,501,4604;
@400000005e158b7b0314020e #d,-,18,4441,2335,2010,31,0,263538,16339,4444,2338,2011,4441,2334,1879,97,100,0,501,4567;
@400000005e158b7b031d1e16 #d,-,18,4444,2335,1891,32,0,265253,16445,4444,2336,2017,4441,2334,1888,96,100,0,501,4609;
@400000005e158b7d032beba4 #d,-,18,4443,2336,2012,33,0,266986,16553,4444,2337,2013,4443,2334,1891,96,100,0,501,4583;
@400000005e158b7d0335fd8a #d,-,18,4447,2335,1890,34,0,268496,16646,4447,2337,2012,4443,2334,1889,96,100,0,501,4614;
@400000005e158b7f0344f9a8 #d,-,18,4444,2335,2006,36,0,270024,16741,4447,2338,2010,4444,2334,1890,96,100,0,501,4583;
@400000005e158b7f034ee0b8 #d,-,18,4449,2337,1899,37,0,271381,16825,4449,2337,2010,4444,2335,1889,96,100,0,501,4607;
@400000005e158b81035e1782 #d,-,18,4445,2336,1992,38,0,272722,16908,4449,2338,2004,4445,2335,1890,96,100,0,501,4583;
@400000005e158b81036825af #d,-,18,4449,2338,1913,39,0,273955,16985,4449,2338,2008,4445,2335,1891,96,100,0,501,4600;
@400000005e158b830377d58c #d,-,18,4445,2337,1964,40,0,275135,17058,4449,2338,2021,4445,2335,1874,96,100,0,501,4593;
@400000005e158b830382493d #d,-,18,4449,2337,1938,42,0,276270,17128,4449,2338,2008,4445,2335,1886,96,100,0,501,4593;
@400000005e158b850391a636 #d,-,18,4445,2335,1953,43,0,277317,17193,4449,2338,2008,4445,2335,1886,96,100,0,501,4595;
@400000005e158b85039c45ad #d,-,18,4448,2335,1965,44,0,278369,17258,4448,2337,2010,4445,2335,1890,96,100,0,501,4588;
@400000005e158b8703ab5ccd #d,-,18,4448,2336,1942,45,0,279332,17318,4448,2338,2014,4448,2335,1893,96,100,0,501,4614;
@400000005e158b8703b5e7c6 #d,-,18,4452,2336,1986,47,0,280330,17380,4452,2337,2018,4448,2335,1900,96,100,0,501,4600;
@400000005e158b8903c52e65 #d,-,18,4453,2340,1503,48,0,280906,17416,4453,2340,2012,4452,2335,1503,96,100,0,501,4626;
@400000005e158b8903ce5d0e #d,-,18,3529,2339,1176,49,0,278964,17295,4453,2342,1503,3529,2338,995,90,100,0,501,3917;
@400000005e158b8b03dba81b #d,-,18,2513,2340,1191,49,0,276883,17166,3529,2341,1197,2513,2339,1139,91,100,0,501,2751;
@400000005e158b8b03e46613 #d,-,18,2515,2341,1165,50,0,275471,17079,2515,2341,1192,2513,2338,1162,90,100,0,501,2782;
@400000005e158b8d03f1d396 #d,-,18,2517,2339,1170,51,0,272967,16923,2517,2341,1175,2515,2339,1165,90,100,0,501,2791;
@400000005e158b8d03fa82a7 #d,-,18,2517,2339,1159,51,0,271089,16807,2517,2341,1170,2517,2339,1159,90,100,0,501,2770;
@400000005e158b8f0407b938 #d,-,18,2515,2341,1165,52,0,269285,16695,2517,2342,1165,2515,2339,1157,91,100,0,501,2756;
@400000005e158b8f0410e06d #d,-,18,2514,2340,1165,53,0,267557,16588,2515,2341,1166,2514,2339,1161,91,100,0,501,2758;
@400000005e158b91041e2b7a #d,-,18,2512,2341,1156,53,0,265880,16484,2514,2342,1165,2512,2339,1156,90,100,0,501,2761;
@400000005e158b910426d99d #d,-,18,2510,2339,1151,54,0,264245,16383,2512,2341,1160,2510,2339,1148,91,100,0,501,2749;
@400000005e158b930433e556 #d,-,18,2505,2341,1152,55,0,262659,16284,2510,2341,1153,2505,2338,1147,91,100,0,501,2734;
@400000005e158b93043cf278 #d,-,18,2501,2340,1150,56,0,261130,16190,2505,2341,1155,2501,2338,1150,91,100,0,501,2732;
@400000005e158b95044a440a #d,-,18,2498,2340,1152,56,0,259660,16098,2501,2341,1155,2498,2339,1148,91,100,0,501,2737;
@400000005e158b950452b86f #d,-,18,2495,2337,1142,57,0,258669,16037,2498,2340,1156,2495,2337,1142,91,100,0,501,2730;
@400000005e158b970463eacb #d,-,18,2490,2340,1146,58,0,256826,15923,2495,2341,1149,2490,2336,1142,91,100,0,501,2720;
@400000005e158b97046f30f7 #d,-,18,2486,2336,1141,58,0,255480,15839,2490,2341,1150,2486,2336,1141,91,100,0,501,2718;
@400000005e158b99047e295b #d,-,18,2489,2333,1888,59,0,255026,15811,2489,2338,1888,2486,2333,1139,91,100,0,501,2730;
@400000005e158b990487be75 #d,-,18,3982,2334,1939,60,0,256400,15896,3982,2336,2041,2489,2332,1858,97,100,0,501,4102;
@400000005e158b9b04979570 #d,-,18,4451,2335,1959,62,0,257036,15936,4451,2337,2050,3982,2333,1890,96,100,0,501,4623;
@400000005e158b9b04a200bf #d,-,18,4453,2336,1982,63,0,258014,15996,4453,2337,2042,4451,2334,1849,96,100,0,501,4602;
@400000005e158b9d04b185c4 #d,-,18,4387,2337,1878,64,0,258853,16048,4453,2337,1993,4387,2335,1831,96,100,0,501,4550;
@400000005e158b9d04bc675a #d,-,18,4387,2333,1998,65,0,259762,16105,4387,2337,2001,4387,2333,1858,96,100,0,501,4531;
@400000005e158b9f04cb4b42 #d,-,18,4390,2337,1864,66,0,260567,16155,4390,2337,1998,4387,2333,1846,96,100,0,501,4555;
@400000005e158b9f04d52ade #d,-,18,4387,2334,1990,68,0,261403,16207,4390,2337,1992,4387,2334,1859,96,100,0,501,4529;
@400000005e158ba104e4a00e #d,-,18,4392,2334,1879,69,0,262570,16279,4392,2337,2000,4387,2334,1866,96,100,0,501,4557;
@400000005e158ba104ee7748 #d,-,18,4390,2336,1963,70,0,262973,16304,4392,2337,2001,4390,2334,1861,96,100,0,501,4545;
@400000005e158ba304fcf2e1 #d,-,18,4441,2336,1923,71,0,263749,16352,4441,2337,2006,4390,2334,1871,97,100,0,501,4557;
@400000005e158ba305064134 #d,-,18,4435,2334,1942,73,0,264866,16421,4441,2336,2008,4435,2334,1872,97,100,0,501,4571;
@400000005e158ba50514b46a #d,-,18,4436,2335,1949,74,0,265245,16445,4436,2337,2006,4435,2334,1870,97,100,0,501,4562;
@400000005e158ba5051de7bb #d,-,18,4432,2335,1909,75,0,265932,16487,4436,2336,2007,4432,2334,1871,96,100,0,501,4578;
@400000005e158ba7052b553e #d,-,18,4433,2334,1985,76,0,267025,16555,4433,2336,2021,4432,2333,1881,97,100,0,501,4562;
@400000005e158ba705345644 #d,-,18,4433,2336,1899,78,0,267326,16574,4433,2337,2016,4433,2334,1872,96,100,0,501,4595;
@400000005e158ba90541c3c7 #d,-,18,4432,2337,2003,79,0,268028,16617,4433,2337,2010,4432,2335,1878,97,100,0,501,4564;
@400000005e158ba9054a6a76 #d,-,18,4435,2336,1892,80,0,268655,16656,4435,2337,2009,4432,2334,1883,96,100,0,501,4602;
@400000005e158bab0557824b #d,-,18,4433,2335,2006,81,0,269324,16698,4435,2337,2011,4433,2333,1889,96,100,0,501,4571;
@400000005e158bab05605fed #d,-,18,4438,2337,1884,82,0,269928,16735,4438,2337,2006,4433,2334,1884,96,100,0,501,4604;
@400000005e158bad056dec2b #d,-,18,4435,2335,2003,84,0,270564,16774,4438,2337,2011,4435,2333,1884,96,100,0,501,4574;
@400000005e158bad0576c25a #d,-,18,4489,2333,1913,85,0,271164,16812,4489,2336,2018,4435,2333,1893,97,100,0,501,4612;
@400000005e158baf0583e55c #d,-,18,4423,2334,1984,86,0,271759,16849,4489,2336,2012,4423,2333,1893,96,100,0,501,4595;
@400000005e158baf058cca71 #d,-,18,4479,2335,1929,87,0,272334,16884,4479,2336,2012,4423,2333,1894,97,100,0,501,4602;
@400000005e158bb1059a440f #d,-,18,4472,2334,1962,89,0,272892,16919,4479,2336,2015,4472,2333,1891,97,100,0,501,4597;
@400000005e158bb105a321b2 #d,-,18,4472,2333,1951,90,0,273769,16973,4472,2334,2012,4472,2332,1894,97,100,0,501,4590;
@400000005e158bb305b0d154 #d,-,18,4467,2332,1947,91,0,273972,16986,4472,2334,2010,4467,2331,1895,97,100,0,501,4602;
@400000005e158bb305b9d25a #d,-,18,4467,2332,1972,92,0,274510,17019,4467,2334,2013,4467,2331,1894,97,100,0,501,4588;
@400000005e158bb505c900c3 #d,-,18,4464,2332,1931,94,0,275011,17050,4467,2333,2018,4464,2330,1896,96,100,0,501,4607;
@400000005e158bb505d2c46e #d,-,18,4465,2331,2002,95,0,275854,17102,4465,2332,2022,4464,2329,1905,97,100,0,501,4595;
@400000005e158bb705e20ec8 #d,-,18,4465,2331,1915,96,0,276329,17132,4465,2332,2019,4465,2329,1903,96,100,0,501,4628;
@400000005e158bb705ecb96b #d,-,18,4464,2330,2017,97,0,276538,17145,4465,2332,2020,4464,2330,1903,97,100,0,501,4593;
@400000005e158bb905fb7e96 #d,-,18,4467,2332,1902,99,0,276996,17173,4467,2332,2020,4464,2329,1902,96,100,0,501,4630;
@400000005e158bb90604ae2d #d,-,18,4282,2334,1111,100,0,276958,17171,4467,2334,2017,4282,2331,1111,94,100,0,501,4531;
@400000005e158bbb0612134f #d,-,18,2691,2332,1171,100,0,275963,17109,4282,2334,1214,2691,2331,1108,89,100,0,501,3007;
@400000005e158bbb061add62 #d,-,18,2537,2332,1184,101,0,274700,17031,2691,2334,1192,2537,2332,1165,91,100,0,501,2787;
@400000005e158bbd06287e1e #d,-,18,2536,2334,1167,101,0,273728,16971,2537,2334,1184,2536,2332,1166,91,100,0,501,2782;
@400000005e158bbd06316333 #d,-,18,2533,2334,1170,102,0,272771,16911,2536,2334,1172,2533,2332,1163,91,100,0,501,2765;
@400000005e158bbf063e960a #d,-,18,2531,2333,1168,103,0,272108,16870,2533,2334,1173,2531,2331,1164,91,100,0,501,2765;
@400000005e158bbf06478381 #d,-,18,2528,2331,1159,104,0,270906,16796,2531,2333,1170,2528,2330,1159,91,100,0,501,2763;
@400000005e158bc10654aee4 #d,-,18,2524,2333,1161,104,0,269995,16739,2528,2334,1164,2524,2331,1159,91,100,0,501,2749;
@400000005e158bc1065d744f #d,-,18,2521,2334,1160,105,0,269104,16684,2524,2334,1165,2521,2332,1159,91,100,0,501,2751;
@400000005e158bc3066a7122 #d,-,18,2517,2334,1157,106,0,268483,16645,2521,2335,1162,2517,2331,1156,91,100,0,501,2744;
@400000005e158bc306737d55 #d,-,18,2513,2332,1156,106,0,267355,16576,2517,2334,1162,2513,2332,1156,91,100,0,501,2744;
@400000005e158bc5068167a4 #d,-,18,2509,2333,1161,107,0,266501,16523,2513,2334,1164,2509,2332,1150,91,100,0,501,2737;
@400000005e158bc5068a0a9a #d,-,18,2505,2335,1155,108,0,265659,16470,2509,2335,1161,2505,2332,1147,91,100,0,501,2734;
@400000005e158bc7069729e1 #d,-,18,2501,2331,1150,108,0,264830,16419,2505,2335,1155,2501,2331,1150,91,100,0,501,2732;
@400000005e158bc706a04230 #d,-,18,2497,2333,1148,109,0,264013,16368,2501,2334,1154,2497,2331,1147,91,100,0,501,2725;
@400000005e158bc906aeadf3 #d,-,18,2493,2332,1514,110,0,263314,16325,2497,2335,1514,2493,2331,1145,91,100,0,501,2718;
@400000005e158bc906b81836 #d,-,18,3174,2331,1817,111,0,263762,16353,3174,2333,2041,2493,2329,1442,97,100,0,501,3272;
@400000005e158bcb06c7655b #d,-,18,4329,2329,1891,112,0,263992,16367,4329,2331,2047,3174,2328,1817,97,100,0,501,4441;
@400000005e158bcb06d2371c #d,-,18,4397,2330,1990,113,0,264477,16397,4397,2331,2001,4329,2328,1859,96,100,0,501,4543;
@400000005e158bcd06e188e8 #d,-,18,4401,2331,1869,115,0,264921,16425,4401,2332,2004,4397,2329,1869,96,100,0,501,4567;
@400000005e158bcd06eb9acf #d,-,18,4397,2330,1978,116,0,265616,16468,4401,2331,1998,4397,2329,1869,97,100,0,501,4529;
@400000005e158bcf06fbf6f7 #d,-,18,4401,2328,1892,117,0,266051,16495,4401,2331,1993,4397,2327,1882,96,100,0,501,4555;
@400000005e158bcf0706376f #d,-,18,4399,2329,1943,118,0,266252,16507,4401,2330,2001,4399,2328,1870,96,100,0,501,4548;
@400000005e158bd1071606f6 #d,-,18,4401,2331,1926,119,0,266690,16534,4401,2331,1995,4399,2328,1883,96,100,0,501,4540;
@400000005e158bd107208a7c #d,-,18,4399,2331,1936,121,0,267336,16574,4401,2332,1992,4399,2329,1880,96,100,0,501,4552;
@400000005e158bd3072ff74b #d,-,18,4402,2329,1957,122,0,267761,16601,4402,2331,1991,4399,2328,1880,96,100,0,501,4540;
@400000005e158bd3073a0578 #d,-,18,4401,2330,1915,123,0,267935,16611,4402,2331,1991,4401,2328,1881,96,100,0,501,4559;
@400000005e158bd5074832d5 #d,-,18,4403,2331,1976,124,0,268364,16638,4403,2332,2000,4401,2329,1891,96,100,0,501,4548;
@400000005e158bd507518127 #d,-,18,4406,2331,1899,126,0,268758,16663,4406,2333,1996,4403,2330,1887,96,100,0,501,4588;
@400000005e158bd7075f392c #d,-,18,4408,2330,2013,127,0,269398,16702,4408,2333,2013,4406,2330,1881,96,100,0,501,4552;
@400000005e158bd70768641b #d,-,18,4413,2332,1892,128,0,269559,16712,4413,2333,2013,4408,2330,1887,96,100,0,501,4588;
@400000005e158bd90775ed8e #d,-,18,4412,2331,1996,129,0,269964,16737,4413,2333,2002,4412,2330,1892,96,100,0,501,4559;
@400000005e158bd9077ed2a4 #d,-,18,4418,2333,1902,130,0,270344,16761,4418,2333,2002,4412,2331,1895,96,100,0,501,4593;
@400000005e158bdb078c5fd1 #d,-,18,4417,2330,1990,132,0,270737,16785,4418,2333,1999,4417,2330,1898,96,100,0,501,4571;
@400000005e158bdb07957377 #d,-,18,4423,2330,1917,133,0,271109,16808,4423,2332,2001,4417,2328,1900,96,100,0,501,4590;
@400000005e158bdd07a2c9b2 #d,-,18,4423,2329,1977,134,0,271487,16832,4423,2331,2001,4423,2328,1903,96,100,0,501,4578;
@400000005e158bdd07abbae3 #d,-,18,4428,2329,1933,135,0,271853,16854,4428,2331,2002,4423,2327,1906,96,100,0,501,4590;
@400000005e158bdf07b91c4a #d,-,18,4427,2330,1964,137,0,272214,16877,4428,2331,1999,4427,2328,1903,96,100,0,501,4583;
@400000005e158bdf07c224c4 #d,-,18,4432,2330,1957,138,0,272583,16900,4432,2331,2003,4427,2328,1912,96,100,0,501,4585;
@400000005e158be107cff410 #d,-,18,4433,2330,1939,139,0,273139,16934,4433,2331,2001,4432,2328,1907,96,100,0,501,4604;
@400000005e158be107d8ba6a #d,-,18,4436,2328,1973,140,0,273296,16944,4436,2331,2005,4433,2328,1921,96,100,0,501,4588;
@400000005e158be307e5baf6 #d,-,18,4439,2330,1935,142,0,273633,16965,4439,2330,1998,4436,2327,1916,96,100,0,501,4607;
@400000005e158be307eec729 #d,-,18,4440,2330,1978,143,0,273985,16987,4440,2332,1994,4439,2329,1918,96,100,0,501,4585;
@400000005e158be507fcb532 #d,-,18,4442,2333,1925,144,0,274310,17007,4442,2333,1990,4440,2330,1914,96,100,0,501,4602;
@400000005e158be50805add6 #d,-,18,4442,2332,1984,145,0,274652,17028,4442,2333,1993,4442,2330,1914,96,100,0,501,4583;
@400000005e158be70813aca2 #d,-,18,4444,2331,1924,147,0,274969,17048,4444,2333,1996,4442,2331,1913,96,100,0,501,4604;
@400000005e158be7081d5905 #d,-,18,4445,2331,1989,148,0,275500,17081,4445,2333,1998,4444,2330,1915,96,100,0,501,4590;
@400000005e158be90825ffb5 #d,-,18,4447,2332,1916,149,0,275609,17087,4447,2334,1994,4445,2330,1909,96,100,0,501,4604;
@400000005e158be9082a362d #d,-,18,4447,2334,1430,150,0,275737,17095,4447,2335,2002,4447,2330,1411,96,100,0,501,4588;
@400000005e158beb0835da69 #d,-,18,3170,2334,1159,151,0,275092,17055,4447,2337,1455,3170,2333,1034,88,100,0,501,3573;
@400000005e158beb083eee0f #d,-,18,2567,2336,1173,152,0,274443,17015,3170,2336,1194,2567,2333,1159,91,100,0,501,2803;
@400000005e158bed084ca9cd #d,-,18,2563,2340,1168,152,0,273804,16975,2567,2340,1194,2563,2336,1161,91,100,0,501,2791;
@400000005e158bed08559745 #d,-,18,2558,2337,1163,153,0,273160,16935,2563,2340,1168,2558,2337,1162,92,100,0,501,2770;
@400000005e158bef0862ddaa #d,-,18,2552,2337,1169,154,0,272530,16896,2558,2339,1173,2552,2336,1163,92,100,0,501,2765;
@400000005e158bef086bfd6c #d,-,18,2547,2338,1161,154,0,272085,16869,2552,2339,1169,2547,2336,1160,91,100,0,501,2770;
@400000005e158bf108792515 #d,-,18,2541,2338,1165,155,0,271280,16819,2547,2339,1165,2541,2336,1159,92,100,0,501,2756;
@400000005e158bf10881fe0f #d,-,18,2536,2338,1160,156,0,270668,16781,2541,2339,1166,2536,2336,1159,91,100,0,501,2758;
@400000005e158bf3088f40bb #d,-,18,2532,2337,1158,156,0,270059,16743,2536,2339,1164,2532,2336,1155,91,100,0,501,2753;
@400000005e158bf308985196 #d,-,18,2526,2337,1155,157,0,269454,16706,2532,2337,1159,2526,2335,1153,92,100,0,501,2742;
@400000005e158bf508a62856 #d,-,18,2521,2339,1147,158,0,268850,16668,2526,2339,1155,2521,2336,1146,92,100,0,501,2739;
@400000005e158bf508aeb404 #d,-,18,2467,2336,1152,158,0,268256,16631,2521,2339,1155,2467,2336,1146,90,100,0,501,2723;
@400000005e158bf708bbc730 #d,-,18,2468,2337,1153,159,0,267844,16606,2468,2338,1157,2467,2336,1147,90,100,0,501,2732;
@400000005e158bf708c4bc1b #d,-,18,2468,2336,1151,160,0,267091,16559,2468,2337,1154,2468,2334,1148,90,100,0,501,2727;
@400000005e158bf908d30cdc #d,-,18,2469,2337,1150,161,0,266515,16523,2469,2337,1152,2468,2335,1145,90,100,0,501,2727;
@400000005e158bf908dc7ad9 #d,-,18,2838,2331,1898,162,1,266486,16522,2838,2337,2000,2469,2330,1148,96,100,0,501,2950;
@400000005e158bfb08eaa747 #d,-,18,4130,2332,1980,163,1,266795,16541,4130,2333,2036,2838,2330,1700,97,100,0,501,4239;
@400000005e158bfb08f3e2fa #d,-,18,4505,2333,1963,164,1,267145,16562,4505,2334,2073,4130,2331,1868,97,100,0,501,4640;
@400000005e158bfd09023686 #d,-,18,4449,2332,1979,165,1,267481,16583,4505,2335,2056,4449,2332,1880,96,100,0,501,4630;
@400000005e158bfd090c1622 #d,-,18,4450,2334,1883,166,1,267780,16602,4450,2334,2011,4449,2332,1857,97,100,0,501,4583;
@400000005e158bff091a7210 #d,-,18,4383,2333,1995,168,1,268091,16621,4450,2334,1996,4383,2331,1867,96,100,0,501,4543;
@400000005e158bff09240ae4 #d,-,18,4437,2331,1917,169,1,268385,16639,4437,2333,2016,4383,2330,1853,97,100,0,501,4557;
@400000005e158c0109325e71 #d,-,18,4432,2333,1953,170,1,268687,16658,4437,2335,1971,4432,2331,1892,97,100,0,501,4564;
@400000005e158c01093bbd87 #d,-,18,4433,2336,1949,171,1,268990,16677,4433,2336,1970,4432,2333,1918,96,100,0,501,4574;
@400000005e158c03094a1113 #d,-,18,4432,2336,1932,173,1,269446,16705,4433,2336,1958,4432,2333,1922,96,100,0,501,4578;
@400000005e158c0309532d1c #d,-,18,4432,2334,1946,174,1,269579,16713,4432,2336,1953,4432,2333,1932,97,100,0,501,4567;
@400000005e158c050960fc68 #d,-,18,4432,2336,1945,175,1,269873,16732,4432,2336,1954,4432,2333,1936,96,100,0,501,4578;
@400000005e158c05096a1c2a #d,-,18,4434,2334,1953,176,1,270167,16750,4434,2336,1958,4432,2333,1939,96,100,0,501,4585;
@400000005e158c070978226a #d,-,18,4435,2337,1951,178,1,270457,16768,4435,2337,1957,4434,2333,1937,96,100,0,501,4588;
@400000005e158c07098139ca #d,-,18,4439,2336,1961,179,1,270752,16786,4439,2338,1962,4435,2335,1949,96,100,0,501,4600;
@400000005e158c09098fec55 #d,-,18,4442,2337,1947,180,1,271198,16814,4442,2338,1961,4439,2335,1947,96,100,0,501,4607;
@400000005e158c090999719a #d,-,18,4444,2336,1963,181,1,271328,16822,4444,2338,1964,4442,2335,1947,96,100,0,501,4602;
@400000005e158c0b09a90587 #d,-,18,4448,2338,1959,183,1,271617,16840,4448,2339,1966,4444,2336,1957,96,100,0,501,4616;
@400000005e158c0b09b26857 #d,-,18,4452,2336,1961,184,1,271904,16858,4452,2338,1965,4448,2336,1959,96,100,0,501,4621;
Lost connection at /opt/powertools/bin/wattsup1 line 220.
	main::failure('Lost connection') called at /opt/powertools/bin/wattsup1 line 271
	main::recv_msg() called at /opt/powertools/bin/wattsup1 line 504
