@400000005e54d16139cb8850 #v,-,8,2,261786,5,2,4,57,200810261703,0;
@400000005e54d162281cd404 #h,-,18,W,V,A,WH,Cost,WH/Mo,Cost/Mo,Wmax,Vmax,Amax,Wmin,Vmin,Amin,PF,DC,PC,Hz,VA;
@400000005e54d1622e2bc751 #f,-,48,177,436,1,4775,0,0,65533,0,199,810,237,17949,177,311,4753,4,92217,151,32123,69906,40,694,17008,0,93,1,4659,0,0,65533,0,199,822,242,18484,171,318,5362,2,92206,150,32190,70407,42,536,17029,0,92;
@400000005e54d1642e423d4e #d,-,18,2448,2358,1140,0,0,169920,10535,2448,2358,1140,2447,2356,1135,89,100,0,500,2723;
@400000005e54d1662e52c35f #d,-,18,2449,2358,1138,1,0,178868,11089,2449,2358,1143,2448,2357,1136,89,100,0,500,2730;
@400000005e54d1662e5c6c08 #d,-,18,2449,2355,1136,2,0,173194,10738,2449,2358,1139,2449,2355,1134,89,100,0,500,2725;
@400000005e54d1682e6b92fe #d,-,18,2450,2355,1134,2,0,177517,11006,2450,2356,1138,2449,2355,1133,90,100,0,500,2718;
@400000005e54d1682e755f0b #d,-,18,2450,2354,1135,3,0,174120,10795,2450,2355,1139,2450,2353,1133,90,100,0,500,2718;
@400000005e54d16a2e852630 #d,-,18,2449,2355,1137,4,0,174365,10810,2450,2355,1137,2449,2352,1135,90,100,0,500,2718;
@400000005e54d16a2e8eaf2f #d,-,18,2449,2355,1137,4,0,174546,10821,2449,2356,1138,2449,2355,1135,90,100,0,500,2720;
@400000005e54d16c2e9d7903 #d,-,18,2450,2357,1137,5,0,176717,10956,2450,2357,1139,2449,2355,1134,90,100,0,500,2720;
@400000005e54d16c2ea65e18 #d,-,18,2449,2356,1138,6,0,174782,10836,2450,2357,1138,2449,2355,1134,90,100,0,500,2720;
@400000005e54d16e2eb56a0b #d,-,18,2449,2353,1136,7,0,176510,10943,2449,2356,1138,2449,2353,1131,90,100,0,500,2715;
@400000005e54d16e2ebeeb97 #d,-,18,2449,2352,1138,7,0,174925,10845,2449,2353,1139,2449,2352,1132,90,100,0,500,2718;
@400000005e54d1702ece96cc #d,-,18,2449,2354,1129,8,0,176334,10932,2449,2354,1139,2449,2352,1129,90,100,0,500,2718;
@400000005e54d1702ed8010f #d,-,18,2448,2354,1130,9,0,174952,10847,2449,2354,1135,2448,2353,1128,90,100,0,500,2713;
@400000005e54d1722ee80e0e #d,-,18,2446,2354,1132,9,0,176147,10921,2448,2354,1136,2446,2353,1130,90,100,0,500,2711;
@400000005e54d1722ef197fc #d,-,18,2445,2353,1127,10,0,174918,10844,2446,2354,1132,2445,2353,1127,90,100,0,500,2711;
@400000005e54d1742f01ad5c #d,-,18,2442,2354,1127,11,0,174857,10841,2445,2355,1129,2442,2353,1122,90,100,0,500,2699;
@400000005e54d1742f0b12f7 #d,-,18,2440,2357,1128,11,0,175795,10899,2442,2357,1129,2440,2354,1124,90,100,0,500,2694;
@400000005e54d1762f1acef0 #d,-,18,2438,2358,1127,12,0,174754,10834,2440,2358,1128,2438,2356,1125,90,100,0,500,2697;
@400000005e54d1762f2420fc #d,-,18,2436,2357,1127,13,0,174717,10832,2438,2358,1129,2436,2356,1125,90,100,0,500,2701;
@400000005e54d1782f335053 #d,-,18,2435,2357,1126,13,0,174684,10830,2436,2357,1131,2435,2355,1126,90,100,0,500,2699;
@400000005e54d1782f3d5ac6 #d,-,18,2434,2355,1125,14,0,174654,10828,2435,2358,1131,2434,2354,1124,90,100,0,500,2701;
@400000005e54d17a2f4ce73f #d,-,18,2433,2355,1128,15,0,174640,10827,2434,2356,1132,2433,2354,1124,90,100,0,500,2699;
@400000005e54d17a2f5673f8 #d,-,18,2432,2357,1129,15,0,174627,10826,2433,2358,1133,2432,2355,1125,89,100,0,500,2704;
@400000005e54d17c2f65ece2 #d,-,18,2432,2355,1129,16,0,174614,10826,2432,2357,1131,2432,2355,1126,89,100,0,500,2704;
@400000005e54d17c2f6f7316 #d,-,18,2431,2354,1129,17,0,174597,10825,2432,2355,1130,2431,2354,1127,90,100,0,500,2699;
@400000005e54d17e2f7e4f8a #d,-,18,2431,2354,1128,17,0,174587,10824,2431,2355,1131,2431,2353,1127,90,100,0,500,2701;
@400000005e54d17e2f87f834 #d,-,18,2431,2354,1128,18,0,174573,10823,2431,2355,1132,2431,2354,1123,90,100,0,500,2701;
@400000005e54d1802f9784ad #d,-,18,2430,2356,1126,19,0,174544,10821,2431,2356,1130,2430,2354,1123,90,100,0,500,2697;
@400000005e54d1802fa134c9 #d,-,18,2429,2357,1128,19,0,174527,10820,2430,2357,1129,2429,2356,1123,90,100,0,500,2694;
@400000005e54d1822fb11337 #d,-,18,2429,2358,1128,20,0,174525,10820,2429,2358,1130,2429,2357,1125,89,100,0,500,2699;
@400000005e54d1822fba987c #d,-,18,2429,2358,1129,21,0,174518,10820,2429,2358,1131,2429,2357,1127,89,100,0,500,2706;
@400000005e54d1842fca0280 #d,-,18,2429,2359,1127,21,0,174513,10819,2429,2359,1131,2429,2357,1126,89,100,0,500,2704;
@400000005e54d1842fd4c825 #d,-,18,2429,2360,1125,22,0,174498,10818,2429,2360,1128,2429,2358,1122,89,100,0,500,2701;
@400000005e54d1862fe4c63d #d,-,18,2428,2359,1127,23,0,174485,10818,2429,2360,1128,2428,2359,1122,89,100,0,500,2699;
@400000005e54d1862fee62cb #d,-,18,2428,2357,1123,23,0,174464,10816,2428,2359,1127,2428,2356,1122,90,100,0,500,2694;
@400000005e54d1882ffe3164 #d,-,18,2427,2357,1124,24,0,174449,10815,2428,2358,1128,2427,2356,1122,90,100,0,500,2694;
@400000005e54d18830078bd2 #d,-,18,2426,2358,1124,25,0,174434,10814,2427,2358,1127,2426,2356,1123,89,100,0,500,2697;
@400000005e54d18a3016ca10 #d,-,18,2426,2356,1126,25,0,174420,10814,2426,2358,1128,2426,2356,1124,90,100,0,500,2694;
@400000005e54d18a3020a9ac #d,-,18,2426,2356,1126,26,0,174403,10813,2426,2357,1127,2426,2355,1123,89,100,0,500,2697;
@400000005e54d18c30304d6e #d,-,18,2425,2357,1122,27,0,174387,10812,2426,2358,1128,2425,2356,1120,90,100,0,500,2694;
@400000005e54d18c3039f617 #d,-,18,2425,2359,1124,27,0,174372,10811,2425,2359,1130,2425,2356,1121,90,100,0,500,2694;
@400000005e54d18e304a07be #d,-,18,2424,2359,1127,28,0,174364,10810,2425,2359,1129,2424,2358,1124,89,100,0,500,2697;
@400000005e54d18e305390bd #d,-,18,2424,2360,1123,29,0,174350,10809,2424,2361,1129,2424,2359,1123,89,100,0,500,2701;
@400000005e54d19030630234 #d,-,18,2424,2359,1124,29,0,174333,10808,2424,2360,1127,2424,2358,1122,89,100,0,500,2699;
@400000005e54d190306ca36a #d,-,18,2423,2358,1125,30,0,174317,10807,2424,2359,1126,2423,2358,1121,89,100,0,500,2694;
@400000005e54d192307c200e #d,-,18,2423,2357,1125,31,0,174305,10806,2423,2358,1126,2423,2356,1119,89,100,0,500,2694;
@400000005e54d1923085957e #d,-,18,2421,2358,1121,31,0,174272,10804,2423,2358,1125,2421,2356,1117,90,100,0,500,2687;
@400000005e54d19430958c23 #d,-,18,2420,2358,1122,32,0,174247,10803,2421,2358,1122,2420,2357,1116,90,100,0,500,2685;
@400000005e54d194309f0dae #d,-,18,2419,2359,1122,33,0,174223,10801,2420,2359,1124,2419,2357,1119,90,100,0,500,2687;
@400000005e54d19630ae957f #d,-,18,2418,2358,1124,33,0,174202,10800,2419,2359,1124,2418,2357,1120,89,100,0,500,2689;
@400000005e54d19630b88c64 #d,-,18,2418,2358,1120,34,0,174185,10799,2418,2359,1127,2418,2357,1120,89,100,0,500,2692;
@400000005e54d19830c8d8b7 #d,-,18,2417,2359,1121,35,0,174168,10798,2418,2359,1124,2417,2358,1120,89,100,0,500,2692;
@400000005e54d19830d2851a #d,-,18,2417,2359,1126,35,0,174160,10797,2417,2360,1126,2417,2359,1119,89,100,0,500,2694;
@400000005e54d19a30e28332 #d,-,18,2418,2358,1124,36,0,174150,10797,2418,2359,1126,2417,2358,1120,89,100,0,500,2694;
@400000005e54d19a30ec9c8c #d,-,18,2418,2356,1357,37,0,174262,10804,2418,2359,1357,2418,2356,1121,89,100,0,500,2694;
@400000005e54d19c30fc4c69 #d,-,18,2944,2356,1574,38,0,175639,10889,2944,2357,1645,2418,2355,1357,94,100,0,500,3111;
@400000005e54d19c31066a6b #d,-,18,3517,2356,1594,39,0,177019,10975,3517,2357,1673,2944,2354,1423,95,100,0,500,3666;
@400000005e54d19e3115e70f #d,-,18,3635,2356,1623,40,0,178425,11062,3635,2358,1677,3517,2356,1464,94,100,0,500,3837;
@400000005e54d19e311fa701 #d,-,18,3636,2357,1681,41,0,179769,11145,3636,2358,1681,3635,2356,1450,95,100,0,500,3806;
@400000005e54d1a0312f5e51 #d,-,18,3633,2358,1523,42,0,181109,11228,3636,2358,1698,3633,2356,1509,95,100,0,500,3803;
@400000005e54d1a03139367a #d,-,18,3638,2357,1539,43,0,182481,11313,3638,2358,1685,3633,2356,1523,94,100,0,500,3846;
@400000005e54d1a23148ddf5 #d,-,18,3642,2359,1636,44,0,183818,11396,3642,2359,1691,3638,2357,1509,94,100,0,500,3841;
@400000005e54d1a231532a88 #d,-,18,3643,2359,1642,45,0,185058,11473,3643,2360,1679,3642,2359,1504,95,100,0,500,3832;
@400000005e54d1a43163c8d0 #d,-,18,3645,2358,1617,46,0,186276,11549,3645,2359,1689,3643,2357,1518,94,100,0,500,3851;
@400000005e54d1a4316e6ecb #d,-,18,3707,2359,1621,47,0,187488,11624,3707,2360,1668,3645,2357,1571,95,100,0,500,3891;
@400000005e54d1a6317e8c8d #d,-,18,3707,2356,1631,48,0,188953,11715,3707,2359,1664,3707,2355,1580,95,100,0,500,3889;
@400000005e54d1a6318863c8 #d,-,18,3709,2359,1653,49,0,190105,11786,3709,2360,1678,3707,2356,1562,95,100,0,500,3893;
@400000005e54d1a8319870c6 #d,-,18,3711,2357,1692,50,0,191212,11855,3711,2359,1693,3709,2357,1534,95,100,0,500,3889;
@400000005e54d1a831a28755 #d,-,18,3709,2358,1667,51,0,191969,11902,3711,2360,1692,3709,2357,1506,95,100,0,500,3877;
@400000005e54d1aa31b1e095 #d,-,18,3706,2358,1542,52,0,192990,11965,3709,2359,1704,3706,2358,1517,95,100,0,500,3867;
@400000005e54d1aa31bbd3c0 #d,-,18,3704,2359,1556,53,0,194033,12030,3706,2359,1698,3704,2357,1542,95,100,0,500,3874;
@400000005e54d1ac31cb9ae5 #d,-,18,3704,2358,1647,54,0,195056,12093,3704,2360,1695,3704,2357,1535,95,100,0,500,3870;
@400000005e54d1ac31d5a0b1 #d,-,18,3706,2358,1638,55,0,196043,12154,3706,2359,1685,3704,2357,1581,95,100,0,500,3896;
@400000005e54d1ae31e67d5f #d,-,18,3706,2358,1647,56,0,196995,12213,3706,2358,1684,3706,2357,1564,95,100,0,500,3886;
@400000005e54d1ae31f0b2a9 #d,-,18,3708,2356,1632,57,0,197924,12271,3708,2359,1669,3706,2356,1586,94,100,0,500,3908;
@400000005e54d1b032012d8d #d,-,18,3706,2357,1636,58,0,198798,12325,3708,2357,1724,3706,2355,1476,95,100,0,500,3898;
@400000005e54d1b0320b4f49 #d,-,18,3759,2357,1674,59,0,199702,12381,3759,2357,1685,3706,2355,1589,96,100,0,500,3898;
@400000005e54d1b2321bd55a #d,-,18,3756,2354,1695,60,0,200572,12435,3759,2357,1695,3756,2354,1564,95,100,0,500,3919;
@400000005e54d1b232261307 #d,-,18,3753,2354,1664,61,0,201433,12488,3756,2354,1695,3753,2353,1619,95,100,0,500,3910;
@400000005e54d1b4323681cf #d,-,18,3754,2353,1645,62,0,202263,12540,3754,2354,1666,3753,2353,1600,95,100,0,500,3927;
@400000005e54d1b43240abed #d,-,18,3753,2352,1624,63,0,203088,12591,3754,2353,1680,3753,2352,1620,95,100,0,500,3924;
@400000005e54d1b632516449 #d,-,18,3753,2351,1601,64,0,203888,12641,3753,2353,1676,3753,2351,1600,95,100,0,500,3927;
@400000005e54d1b6325be415 #d,-,18,3753,2354,1625,66,0,204693,12690,3753,2354,1688,3753,2351,1601,95,100,0,500,3927;
@400000005e54d1b8326cdf7f #d,-,18,3754,2354,1658,67,0,205717,12754,3754,2354,1678,3753,2353,1610,95,100,0,500,3931;
@400000005e54d1b832781309 #d,-,18,3754,2352,1665,68,0,206467,12800,3754,2354,1683,3754,2351,1599,95,100,0,500,3927;
@400000005e54d1ba3287c6a0 #d,-,18,3754,2354,1661,69,0,207198,12846,3754,2355,1688,3754,2351,1604,95,100,0,500,3927;
@400000005e54d1ba32922a7b #d,-,18,3755,2353,1658,70,0,207688,12876,3755,2355,1677,3754,2353,1629,95,100,0,500,3946;
@400000005e54d1bc32a1af81 #d,-,18,3752,2354,1641,71,0,208376,12919,3755,2355,1709,3752,2353,1562,95,100,0,500,3927;
@400000005e54d1bc32ab6357 #d,-,18,3757,2355,1666,72,0,209081,12963,3757,2355,1691,3752,2353,1617,95,100,0,500,3950;
@400000005e54d1be32bafbec #d,-,18,3760,2353,1670,73,0,209755,13004,3760,2355,1695,3757,2352,1596,95,100,0,500,3948;
@400000005e54d1be32c5487f #d,-,18,3761,2352,1681,74,0,210428,13046,3761,2354,1683,3760,2352,1639,95,100,0,500,3934;
@400000005e54d1c032d50831 #d,-,18,3764,2353,1685,75,0,211085,13087,3764,2353,1685,3761,2351,1615,95,100,0,500,3957;
@400000005e54d1c032df4c62 #d,-,18,3766,2351,1673,76,0,211946,13140,3766,2353,1688,3764,2351,1607,95,100,0,500,3948;
@400000005e54d1c232ef7198 #d,-,18,3766,2347,1646,77,0,212574,13179,3766,2351,1693,3766,2342,1631,95,100,0,500,3943;
@400000005e54d1c232f99ac7 #d,-,18,3768,2349,1615,78,0,213184,13217,3768,2349,1682,3766,2347,1615,95,100,0,500,3953;
@400000005e54d1c43309ac6e #d,-,18,3769,2350,1641,79,0,213795,13255,3769,2350,1691,3768,2348,1615,95,100,0,500,3946;
@400000005e54d1c43313ba9b #d,-,18,3770,2349,1664,80,0,214171,13278,3770,2350,1682,3769,2348,1629,95,100,0,500,3948;
@400000005e54d1c63323dc17 #d,-,18,3771,2348,1676,81,0,214972,13328,3771,2349,1690,3770,2348,1623,95,100,0,500,3943;
@400000005e54d1c6332d7131 #d,-,18,3772,2348,1665,82,0,215539,13363,3772,2349,1680,3771,2348,1639,95,100,0,500,3953;
@400000005e54d1c8333d2881 #d,-,18,3772,2349,1669,83,0,216103,13398,3772,2350,1691,3772,2348,1630,95,100,0,500,3950;
@400000005e54d1c833471f66 #d,-,18,3775,2349,1672,84,0,216443,13419,3775,2350,1678,3772,2348,1649,95,100,0,500,3972;
@400000005e54d1ca335733d8 #d,-,18,3776,2349,1666,85,0,216982,13452,3776,2350,1699,3775,2349,1616,95,100,0,500,3960;
@400000005e54d1ca33612703 #d,-,18,3780,2348,1681,86,0,217517,13486,3780,2349,1692,3776,2348,1623,95,100,0,500,3972;
@400000005e54d1cc337128d5 #d,-,18,3782,2347,1690,88,0,218035,13518,3782,2349,1697,3780,2346,1615,95,100,0,500,3957;
@400000005e54d1cc337ab1d4 #d,-,18,3781,2347,1683,89,0,218545,13549,3782,2348,1690,3781,2347,1641,95,100,0,500,3950;
@400000005e54d1ce338ab3a5 #d,-,18,3782,2348,1667,90,0,219041,13580,3782,2349,1683,3781,2347,1635,95,100,0,500,3957;
@400000005e54d1ce33952756 #d,-,18,3782,2349,1637,91,0,219522,13610,3782,2349,1686,3782,2348,1620,95,100,0,500,3955;
@400000005e54d1d033a58af2 #d,-,18,3782,2349,1629,92,0,220007,13640,3782,2350,1694,3782,2349,1628,95,100,0,500,3950;
@400000005e54d1d033afeecd #d,-,18,3782,2349,1612,93,0,220481,13669,3782,2350,1689,3782,2349,1612,95,100,0,500,3955;
@400000005e54d1d233c05623 #d,-,18,3782,2351,1674,94,0,220954,13699,3782,2351,1700,3782,2349,1596,95,100,0,500,3946;
@400000005e54d1d233ca4d07 #d,-,18,3781,2351,1677,95,0,221407,13727,3782,2351,1698,3781,2350,1604,95,100,0,500,3946;
@400000005e54d1d433db1626 #d,-,18,3781,2351,1670,96,0,221855,13755,3781,2351,1693,3781,2351,1619,95,100,0,500,3957;
@400000005e54d1d433e537e2 #d,-,18,3781,2352,1664,97,0,222293,13782,3781,2352,1690,3781,2351,1618,95,100,0,500,3957;
@400000005e54d1d633f4ef32 #d,-,18,3783,2351,1670,98,0,222732,13809,3783,2352,1676,3781,2350,1647,95,100,0,500,3974;
@400000005e54d1d633fee617 #d,-,18,3784,2352,1669,99,0,223350,13847,3784,2353,1684,3783,2351,1636,95,100,0,500,3965;
@400000005e54d1d8340f8f8c #d,-,18,3785,2351,1641,100,0,223759,13873,3785,2353,1687,3784,2350,1627,95,100,0,500,3960;
@400000005e54d1d8341aaae0 #d,-,18,3782,2353,1737,101,0,223939,13884,3785,2355,1743,3782,2351,1490,96,100,0,500,3931;
@400000005e54d1da342aeb18 #d,-,18,3723,2351,1679,102,0,224333,13908,3782,2353,1737,3723,2351,1625,95,100,0,500,3896;
@400000005e54d1da3434f1d1 #d,-,18,3785,2353,1654,103,0,224728,13933,3785,2353,1691,3723,2351,1629,95,100,0,500,3962;
@400000005e54d1dc34457c8b #d,-,18,3785,2352,1636,104,0,225121,13957,3785,2353,1690,3785,2351,1635,95,100,0,500,3957;
@400000005e54d1dc345012b1 #d,-,18,3785,2353,1642,105,0,225512,13981,3785,2353,1683,3785,2351,1636,95,100,0,500,3957;
@400000005e54d1de3460d45d #d,-,18,3786,2352,1665,106,0,225898,14005,3786,2353,1683,3785,2352,1637,95,100,0,500,3965;
@400000005e54d1de346b5b9c #d,-,18,3786,2351,1672,107,0,226272,14028,3786,2353,1681,3786,2351,1635,95,100,0,500,3957;
@400000005e54d1e0347c0157 #d,-,18,3786,2353,1674,108,0,226640,14051,3786,2353,1681,3786,2351,1638,95,100,0,500,3957;
@400000005e54d1e0348636a2 #d,-,18,3785,2352,1667,109,0,226998,14073,3786,2353,1696,3785,2352,1621,95,100,0,500,3950;
@400000005e54d1e234968e22 #d,-,18,3787,2350,1670,110,0,227360,14096,3787,2352,1681,3785,2350,1653,95,100,0,500,3972;
@400000005e54d1e234a0c36d #d,-,18,3787,2351,1664,112,0,227709,14118,3787,2351,1682,3787,2350,1639,95,100,0,500,3965;
@400000005e54d1e434b12708 #d,-,18,3788,2352,1669,113,0,228057,14139,3788,2352,1683,3787,2350,1641,95,100,0,500,3967;
@400000005e54d1e434bac750 #d,-,18,3790,2353,1682,114,0,228406,14161,3790,2354,1683,3788,2352,1655,95,100,0,500,3967;
@400000005e54d1e634cad095 #d,-,18,3792,2352,1686,115,0,228750,14182,3792,2354,1688,3790,2352,1644,95,100,0,500,3981;
@400000005e54d1e634d4ee97 #d,-,18,3794,2351,1689,116,0,229088,14203,3794,2353,1689,3792,2350,1647,95,100,0,500,3976;
@400000005e54d1e834e53ea4 #d,-,18,3795,2354,1679,117,0,229419,14224,3795,2354,1689,3794,2351,1642,95,100,0,500,3976;
@400000005e54d1e834ef0e6b #d,-,18,3796,2354,1661,118,0,229751,14244,3796,2354,1693,3795,2354,1656,95,100,0,500,3976;
@400000005e54d1ea34ff1f23 #d,-,18,3798,2353,1648,119,0,230074,14264,3798,2354,1686,3796,2353,1643,95,100,0,500,3983;
@400000005e54d1ea350925dd #d,-,18,3799,2352,1645,120,0,230395,14284,3799,2353,1690,3798,2352,1645,95,100,0,500,3976;
@400000005e54d1ec35185446 #d,-,18,3800,2352,1670,121,0,230713,14304,3800,2352,1690,3799,2351,1640,95,100,0,500,3974;
@400000005e54d1ec3522bcc9 #d,-,18,3800,2352,1674,122,0,231021,14323,3800,2353,1688,3800,2352,1635,95,100,0,500,3967;
@400000005e54d1ee3533663e #d,-,18,3800,2353,1676,123,0,231322,14342,3800,2353,1684,3800,2351,1641,95,100,0,500,3969;
@400000005e54d1ee353dd635 #d,-,18,3800,2353,1671,124,0,231622,14360,3800,2354,1690,3800,2353,1644,95,100,0,500,3974;
@400000005e54d1f0354e4144 #d,-,18,3800,2352,1669,125,0,231919,14378,3800,2354,1689,3800,2351,1644,95,100,0,500,3979;
@400000005e54d1f035590330 #d,-,18,3798,2351,1663,126,0,232193,14395,3800,2353,1726,3798,2351,1555,95,100,0,500,3969;
@400000005e54d1f235698de9 #d,-,18,3799,2354,1678,127,0,232480,14413,3799,2354,1688,3798,2351,1645,95,100,0,500,3960;
@400000005e54d1f235737c6c #d,-,18,3800,2354,1691,128,0,232929,14441,3800,2355,1692,3799,2354,1649,95,100,0,500,3974;
@400000005e54d1f43583474b #d,-,18,3801,2353,1682,129,0,233208,14458,3801,2354,1691,3800,2352,1641,95,100,0,500,3981;
@400000005e54d1f4358d5dda #d,-,18,3802,2353,1671,131,0,233482,14475,3802,2354,1689,3801,2352,1639,95,100,0,500,3974;
@400000005e54d1f6359d3c48 #d,-,18,3802,2352,1657,132,0,233591,14482,3802,2353,1687,3802,2352,1643,95,100,0,500,3976;
@400000005e54d1f635a7173c #d,-,18,3802,2354,1635,133,0,234018,14509,3802,2354,1685,3802,2351,1635,95,100,0,500,3976;
@400000005e54d1f835b701c5 #d,-,18,3802,2353,1638,134,0,234130,14516,3802,2355,1691,3802,2353,1635,95,100,0,500,3974;
@400000005e54d1f835c13e83 #d,-,18,3803,2353,1669,135,0,234394,14532,3803,2354,1699,3802,2352,1623,95,100,0,500,3974;
@400000005e54d1fa35d22393 #d,-,18,3803,2353,1680,136,0,234655,14548,3803,2354,1691,3803,2352,1646,95,100,0,500,3974;
@400000005e54d1fa35dc31c0 #d,-,18,3803,2352,1675,137,0,234909,14564,3803,2354,1694,3803,2352,1640,95,100,0,500,3972;
@400000005e54d1fc35ec90b3 #d,-,18,3803,2355,1669,138,0,235164,14580,3803,2356,1690,3803,2352,1651,95,100,0,500,3983;
@400000005e54d1fc35f68798 #d,-,18,3804,2355,1669,139,0,235411,14595,3804,2356,1688,3803,2354,1639,95,100,0,500,3976;
@400000005e54d1fe36074855 #d,-,18,3805,2356,1666,140,0,235657,14610,3805,2356,1685,3804,2354,1644,95,100,0,500,3986;
@400000005e54d1fe36114b55 #d,-,18,3805,2355,1677,141,0,235899,14625,3805,2356,1684,3805,2354,1644,95,100,0,500,3981;
@400000005e54d20036222bbd #d,-,18,3805,2355,1684,142,0,236138,14640,3805,2356,1688,3805,2355,1646,95,100,0,500,3976;
@400000005e54d200362c0f13 #d,-,18,3806,2355,1690,143,0,236378,14655,3806,2355,1690,3805,2355,1655,95,100,0,500,3981;
@400000005e54d202363bfc67 #d,-,18,3807,2353,1680,144,0,236610,14669,3807,2355,1690,3806,2353,1653,95,100,0,500,3983;
@400000005e54d202364683a7 #d,-,18,3806,2353,1666,145,0,236838,14683,3807,2354,1687,3806,2352,1647,95,100,0,500,3979;
@400000005e54d2043656cffa #d,-,18,3806,2354,1639,146,0,237058,14697,3806,2354,1690,3806,2352,1615,95,100,0,500,3976;
@400000005e54d2043660a37a #d,-,18,3805,2354,1651,147,0,237434,14720,3806,2355,1701,3805,2354,1639,95,100,0,500,3969;
@400000005e54d2063670a54c #d,-,18,3806,2353,1667,148,0,237515,14725,3806,2354,1685,3805,2351,1651,95,100,0,500,3979;
@400000005e54d206367a68f8 #d,-,18,3807,2352,1680,150,0,237740,14739,3807,2353,1688,3806,2352,1651,95,100,0,500,3983;
@400000005e54d208368a0546 #d,-,18,3808,2354,1677,151,0,237959,14753,3808,2354,1686,3807,2352,1651,95,100,0,500,3986;
@400000005e54d20836941bd4 #d,-,18,3807,2353,1674,152,0,238174,14766,3808,2355,1688,3807,2352,1653,95,100,0,500,3976;
@400000005e54d20a36a3c709 #d,-,18,3807,2354,1668,153,0,238387,14780,3807,2355,1685,3807,2353,1656,95,100,0,500,3981;
@400000005e54d20a36ae5202 #d,-,18,3808,2356,1671,154,0,238597,14793,3808,2356,1686,3807,2354,1655,95,100,0,500,3986;
@400000005e54d20c36beb958 #d,-,18,3809,2354,1672,155,0,238805,14805,3809,2356,1687,3808,2354,1652,95,100,0,500,3983;
@400000005e54d20c36c8ac82 #d,-,18,3809,2354,1682,156,0,239011,14818,3809,2355,1686,3809,2353,1649,95,100,0,500,3981;
@400000005e54d20e36d95d6b #d,-,18,3809,2355,1687,157,0,239213,14831,3809,2356,1687,3809,2354,1649,95,100,0,500,3981;
@400000005e54d20e36e373fa #d,-,18,3809,2353,1686,158,0,239411,14843,3809,2355,1688,3809,2352,1637,95,100,0,500,3983;
@400000005e54d21036f45f8e #d,-,18,3809,2354,1673,159,0,239608,14855,3809,2354,1690,3809,2352,1650,95,100,0,500,3976;
@400000005e54d21036fe7d91 #d,-,18,3808,2355,1657,160,0,239804,14867,3809,2355,1683,3808,2354,1656,95,100,0,500,3981;
@400000005e54d212370ec62a #d,-,18,3810,2355,1656,161,1,239999,14879,3810,2356,1685,3808,2354,1656,95,100,0,500,3983;
@400000005e54d2123718c83c #d,-,18,3809,2355,1659,162,1,240192,14891,3810,2356,1683,3809,2355,1656,95,100,0,500,3981;
@400000005e54d2143728ed71 #d,-,18,3809,2357,1676,163,1,240519,14912,3809,2357,1685,3809,2355,1655,95,100,0,500,3979;
@400000005e54d2143732c4ac #d,-,18,3809,2357,1673,164,1,240569,14915,3809,2357,1686,3809,2356,1652,95,100,0,500,3976;
@400000005e54d2163742ddc6 #d,-,18,3808,2354,1670,165,1,240888,14935,3809,2357,1685,3808,2354,1652,95,100,0,500,3981;
@400000005e54d216374c7e0d #d,-,18,3808,2353,1671,166,1,241070,14946,3808,2355,1685,3808,2353,1649,95,100,0,500,3981;
@400000005e54d218375cc6a7 #d,-,18,3808,2356,1665,168,1,241250,14957,3808,2356,1681,3808,2353,1647,95,100,0,500,3983;
@400000005e54d21837670f80 #d,-,18,3809,2356,1678,169,1,241297,14960,3809,2357,1682,3808,2356,1649,95,100,0,500,3983;
@400000005e54d21a3777a920 #d,-,18,3810,2355,1681,170,1,241474,14971,3810,2356,1694,3809,2354,1643,95,100,0,500,3981;
@400000005e54d21a3781ce96 #d,-,18,3810,2354,1681,171,1,241649,14982,3810,2355,1684,3810,2353,1658,95,100,0,500,3979;
@400000005e54d21c3792cea8 #d,-,18,3810,2355,1680,172,1,241823,14993,3810,2355,1681,3810,2354,1661,95,100,0,500,3983;
@400000005e54d21c379d5d5a #d,-,18,3810,2355,1668,173,1,241994,15003,3810,2356,1682,3810,2354,1660,95,100,0,500,3983;
@400000005e54d21e37adef87 #d,-,18,3810,2353,1656,174,1,242163,15014,3810,2355,1686,3810,2353,1646,95,100,0,500,3986;
@400000005e54d21e37b87b6e #d,-,18,3810,2355,1655,175,1,242332,15024,3810,2356,1690,3810,2353,1655,95,100,0,500,3981;
@400000005e54d22037c8c6d3 #d,-,18,3811,2356,1668,176,1,242501,15035,3811,2356,1684,3810,2355,1655,95,100,0,500,3983;
@400000005e54d22037d30391 #d,-,18,3811,2354,1678,177,1,242669,15045,3811,2356,1684,3811,2354,1652,95,100,0,500,3981;
@400000005e54d22237e3539e #d,-,18,3811,2353,1676,178,1,242831,15055,3811,2354,1683,3811,2352,1651,95,100,0,500,3981;
@400000005e54d22237ed852f #d,-,18,3810,2353,1674,179,1,242991,15065,3811,2353,1685,3810,2352,1655,95,100,0,500,3979;
@400000005e54d22437fdd8f5 #d,-,18,3809,2353,1670,180,1,243149,15075,3810,2354,1685,3809,2353,1655,95,100,0,500,3979;
@400000005e54d2243807db07 #d,-,18,3810,2354,1673,181,1,243309,15085,3810,2355,1691,3809,2353,1655,95,100,0,500,3986;
@400000005e54d22638181ef8 #d,-,18,3810,2355,1669,182,1,243463,15094,3810,2355,1687,3810,2353,1655,95,100,0,500,3986;
@400000005e54d2263821d777 #d,-,18,3811,2355,1680,183,1,243617,15104,3811,2355,1685,3810,2354,1654,95,100,0,500,3979;
@400000005e54d2283832a096 #d,-,18,3810,2355,1683,184,1,243769,15113,3811,2355,1683,3810,2354,1650,95,100,0,500,3979;
@400000005e54d228383d7257 #d,-,18,3810,2355,1680,186,1,243918,15122,3810,2356,1683,3810,2354,1650,95,100,0,500,3979;
@400000005e54d22a384d7429 #d,-,18,3810,2356,1677,187,1,244067,15132,3810,2357,1682,3810,2354,1650,95,100,0,500,3979;
@400000005e54d22a38575690 #d,-,18,3809,2355,1655,188,1,244212,15141,3810,2357,1682,3809,2355,1651,95,100,0,500,3981;
@400000005e54d22c3867c28e #d,-,18,3809,2355,1647,189,1,244359,15150,3809,2356,1683,3809,2354,1647,95,100,0,500,3981;
@400000005e54d22c3871ef76 #d,-,18,3809,2354,1655,190,1,244503,15159,3809,2356,1684,3809,2354,1647,95,100,0,500,3976;
@400000005e54d22e38824ab0 #d,-,18,3808,2356,1673,191,1,244648,15168,3809,2356,1683,3808,2354,1651,95,100,0,500,3972;
@400000005e54d22e388c1a77 #d,-,18,3808,2356,1681,192,1,244790,15177,3808,2356,1685,3808,2355,1647,95,100,0,500,3972;
@400000005e54d230389c7e13 #d,-,18,3807,2355,1672,193,1,244930,15185,3808,2356,1687,3807,2355,1647,95,100,0,500,3979;
@400000005e54d23038a668dc #d,-,18,3807,2353,1673,194,1,245188,15201,3807,2355,1684,3807,2352,1646,95,100,0,500,3976;
@400000005e54d23238b66aae #d,-,18,3807,2355,1668,195,1,245325,15210,3807,2355,1686,3807,2353,1645,95,100,0,500,3981;
@400000005e54d23238c02f48 #d,-,18,3808,2355,1673,196,1,245342,15211,3808,2355,1684,3807,2354,1646,95,100,0,500,3986;
@400000005e54d23438d0538f #d,-,18,3808,2353,1677,197,1,245595,15226,3808,2356,1685,3808,2353,1648,95,100,0,500,3981;
@400000005e54d23438da754a #d,-,18,3808,2353,1681,198,1,245727,15235,3808,2354,1686,3808,2353,1650,95,100,0,500,3976;
@400000005e54d23638ea6747 #d,-,18,3808,2353,1687,199,1,245858,15243,3808,2354,1687,3808,2353,1651,95,100,0,500,3976;
@400000005e54d23638f49c92 #d,-,18,3807,2353,1672,200,1,245987,15251,3808,2354,1687,3807,2353,1652,95,100,0,500,3976;
@400000005e54d23839055222 #d,-,18,3808,2353,1660,201,1,246117,15259,3808,2354,1688,3807,2353,1651,95,100,0,500,3981;
@400000005e54d238390f8b26 #d,-,18,3808,2352,1649,202,1,246245,15267,3808,2353,1687,3808,2352,1647,95,100,0,500,3981;
@400000005e54d23a392015e0 #d,-,18,3808,2352,1643,203,1,246258,15268,3808,2352,1686,3808,2351,1643,95,100,0,500,3979;
@400000005e54d23a392a5eb9 #d,-,18,3807,2353,1673,204,1,246499,15282,3808,2353,1691,3807,2352,1629,95,100,0,500,3974;
@400000005e54d23c393cc1a1 #d,-,18,3806,2354,1675,205,1,246621,15290,3807,2354,1691,3806,2353,1626,96,100,0,500,3962;
@400000005e54d23c39470a7a #d,-,18,3805,2354,1676,206,1,246744,15298,3806,2354,1686,3805,2353,1648,95,100,0,500,3974;
@400000005e54d23e3958258e #d,-,18,3805,2354,1668,208,1,246865,15305,3805,2354,1686,3805,2354,1651,95,100,0,500,3976;
@400000005e54d23e396281f6 #d,-,18,3805,2354,1673,209,1,246872,15306,3805,2355,1687,3805,2354,1650,95,100,0,500,3981;
@400000005e54d24039728ef5 #d,-,18,3805,2353,1671,210,1,246989,15313,3805,2354,1700,3805,2353,1628,95,100,0,500,3981;
@400000005e54d240397d410b #d,-,18,3806,2352,1680,211,1,247111,15320,3806,2354,1692,3805,2352,1652,95,100,0,500,3979;
@400000005e54d242398e01c9 #d,-,18,3806,2352,1691,212,1,247229,15328,3806,2352,1691,3806,2351,1643,95,100,0,500,3979;
@400000005e54d24239983bbc #d,-,18,3806,2350,1682,213,1,247346,15335,3806,2352,1691,3806,2350,1648,95,100,0,500,3974;
@400000005e54d24439a8e8ea #d,-,18,3806,2351,1678,214,1,247460,15342,3806,2352,1688,3806,2350,1645,95,100,0,500,3976;
@400000005e54d24439b30aa6 #d,-,18,3806,2351,1655,215,1,247575,15349,3806,2352,1684,3806,2350,1647,95,100,0,500,3976;
@400000005e54d24639c42201 #d,-,18,3806,2351,1652,216,1,247689,15356,3806,2352,1686,3806,2350,1652,95,100,0,500,3976;
@400000005e54d24639cdf93b #d,-,18,3807,2350,1662,217,1,247803,15363,3807,2351,1685,3806,2350,1652,95,100,0,500,3979;
@400000005e54d24839de222a #d,-,18,3806,2350,1675,218,1,247916,15370,3807,2351,1687,3806,2349,1654,95,100,0,500,3974;
@400000005e54d24839e8674a #d,-,18,3805,2354,1679,219,1,248026,15377,3806,2354,1694,3805,2349,1644,95,100,0,500,3972;
@400000005e54d24a39f860ba #d,-,18,3805,2354,1671,220,1,248136,15384,3805,2355,1688,3805,2354,1649,95,100,0,500,3974;
@400000005e54d24a3a02765a #d,-,18,3805,2353,1673,221,1,248245,15391,3805,2354,1688,3805,2353,1650,95,100,0,500,3981;
@400000005e54d24c3a137de0 #d,-,18,3805,2354,1669,222,1,248460,15404,3805,2354,1687,3805,2353,1647,95,100,0,500,3979;
@400000005e54d24c3a1d946e #d,-,18,3806,2354,1681,223,1,248568,15411,3806,2355,1691,3805,2354,1646,95,100,0,500,3983;
@400000005e54d24e3a2e269b #d,-,18,3808,2352,1687,224,1,248674,15417,3808,2355,1692,3806,2352,1627,95,100,0,500,3986;
@400000005e54d24e3a3828ac #d,-,18,3806,2351,1681,225,1,248673,15417,3808,2353,1687,3806,2351,1655,95,100,0,500,3969;
@400000005e54d2503a49636b #d,-,18,3807,2351,1687,227,1,248882,15430,3807,2352,1687,3806,2350,1651,95,100,0,500,3976;
@400000005e54d2503a53bb2b #d,-,18,3806,2351,1671,228,1,248984,15437,3807,2352,1688,3806,2350,1657,95,100,0,500,3976;
@400000005e54d2523a653809 #d,-,18,3806,2354,1658,229,1,248981,15436,3806,2354,1686,3806,2351,1652,95,100,0,500,3979;
@400000005e54d2523a6f699a #d,-,18,3806,2354,1651,230,1,249084,15443,3806,2354,1690,3806,2353,1651,95,100,0,500,3979;
@400000005e54d2543a7f866e #d,-,18,3806,2355,1652,231,1,249186,15449,3806,2355,1691,3806,2354,1651,95,100,0,500,3979;
@400000005e54d2543a8942a6 #d,-,18,3743,2356,1067,232,1,249151,15447,3806,2356,1652,3743,2353,1067,95,100,0,500,3924;
@400000005e54d2563a988857 #d,-,18,2844,2356,1156,232,1,248864,15429,3743,2357,1212,2844,2355,1037,89,100,0,500,3192;
@400000005e54d2563aa1cb7d #d,-,18,2493,2357,1156,233,1,248578,15411,2844,2357,1158,2493,2355,1150,90,100,0,500,2763;
@400000005e54d2583ab0f272 #d,-,18,2493,2357,1152,234,1,248294,15394,2493,2357,1157,2493,2357,1152,90,100,0,500,2761;
@400000005e54d2583aba9b1b #d,-,18,2493,2357,1153,234,1,248013,15376,2493,2357,1157,2493,2356,1151,90,100,0,500,2763;
@400000005e54d25a3aca4eb2 #d,-,18,2493,2354,1150,235,1,247731,15359,2493,2357,1157,2493,2353,1146,90,100,0,500,2761;
@400000005e54d25a3ad40730 #d,-,18,2492,2356,1149,236,1,247449,15341,2493,2356,1151,2492,2354,1140,90,100,0,500,2751;
@400000005e54d25c3ae3b354 #d,-,18,2491,2356,1149,237,1,247170,15324,2492,2357,1153,2491,2356,1144,90,100,0,500,2746;
@400000005e54d25c3aed486e #d,-,18,2489,2356,1141,237,1,246890,15307,2491,2357,1149,2489,2356,1139,90,100,0,500,2744;
@400000005e54d25e3afd3209 #d,-,18,2487,2355,1148,238,1,246613,15290,2489,2356,1149,2487,2354,1141,90,100,0,500,2739;
@400000005e54d25e3b06d33f #d,-,18,2485,2353,1146,239,1,246339,15273,2487,2355,1149,2485,2353,1142,90,100,0,500,2744;
@400000005e54d2603b1601a8 #d,-,18,2484,2355,1144,239,1,246068,15256,2485,2355,1151,2484,2353,1143,90,100,0,500,2744;
@400000005e54d2603b1f7f7a #d,-,18,2483,2356,1145,240,1,245895,15245,2484,2356,1149,2483,2355,1140,90,100,0,500,2742;
@400000005e54d2623b2e9efc #d,-,18,2481,2353,1141,241,1,245528,15222,2483,2356,1148,2481,2353,1139,90,100,0,500,2737;
@400000005e54d2623b388163 #d,-,18,2480,2353,1142,241,1,245260,15206,2481,2354,1146,2480,2353,1138,90,100,0,500,2734;
@400000005e54d2643b48163e #d,-,18,2477,2357,1131,242,1,245086,15195,2480,2357,1142,2477,2353,1131,90,100,0,500,2730;
@400000005e54d2643b51ed78 #d,-,18,2474,2356,1140,243,1,244724,15172,2477,2357,1141,2474,2356,1131,90,100,0,500,2720;
@400000005e54d2663b620ef4 #d,-,18,2472,2355,1138,243,1,244459,15156,2474,2357,1141,2472,2355,1134,90,100,0,500,2725;
@400000005e54d2663b6b97f3 #d,-,18,2470,2354,1137,244,1,244197,15140,2472,2356,1142,2470,2354,1136,90,100,0,500,2725;
@400000005e54d2683b7bb881 #d,-,18,2468,2355,1133,245,1,243933,15123,2470,2356,1141,2468,2354,1132,90,100,0,500,2727;
@400000005e54d2683b856d46 #d,-,18,2465,2355,1135,245,1,243671,15107,2468,2356,1138,2465,2354,1131,90,100,0,500,2715;
@400000005e54d26a3b953f98 #d,-,18,2463,2356,1138,246,1,243413,15091,2465,2356,1140,2463,2355,1132,90,100,0,500,2720;
@400000005e54d26b0003f36a #d,-,18,2461,2356,1134,247,1,243157,15075,2463,2356,1138,2461,2355,1131,90,100,0,500,2718;
@400000005e54d26d00137870 #d,-,18,2460,2354,1132,247,1,242902,15059,2461,2357,1141,2460,2354,1132,90,100,0,500,2720;
@400000005e54d26d001cfdb5 #d,-,18,2458,2354,1131,248,1,242646,15044,2460,2355,1133,2458,2353,1127,90,100,0,500,2715;
@400000005e54d26f002d2e18 #d,-,18,2455,2356,1131,249,1,242391,15028,2458,2356,1134,2455,2354,1126,90,100,0,500,2706;
@400000005e54d26f0036bf79 #d,-,18,2453,2354,1131,249,1,242138,15012,2455,2356,1134,2453,2354,1128,90,100,0,500,2706;
@400000005e54d2710046b52f #d,-,18,2450,2355,1127,250,1,241887,14997,2453,2355,1134,2450,2354,1126,90,100,0,500,2708;
@400000005e54d271005036bb #d,-,18,2448,2358,1133,251,1,241638,14981,2450,2358,1133,2448,2355,1127,90,100,0,500,2708;
@400000005e54d273006034d3 #d,-,18,2447,2358,1128,252,1,241390,14966,2448,2358,1133,2447,2357,1126,90,100,0,500,2706;
@400000005e54d2730069aeeb #d,-,18,2445,2358,1130,252,1,241145,14951,2447,2358,1133,2445,2357,1126,90,100,0,500,2706;
@400000005e54d2750078b636 #d,-,18,2444,2360,1131,253,1,240903,14936,2445,2360,1134,2444,2358,1127,90,100,0,500,2708;
@400000005e54d2750082a961 #d,-,18,2443,2360,1128,254,1,240660,14920,2444,2360,1133,2443,2360,1124,90,100,0,500,2711;
@400000005e54d2770092b2a6 #d,-,18,2441,2361,1130,254,1,240418,14905,2443,2361,1130,2441,2359,1124,90,100,0,500,2701;
@400000005e54d277009c62c3 #d,-,18,2439,2360,1127,255,1,240177,14890,2441,2361,1130,2439,2360,1124,90,100,0,500,2701;
@400000005e54d27900ac6495 #d,-,18,2438,2360,1131,256,1,239939,14876,2439,2361,1131,2438,2360,1124,90,100,0,500,2706;
@400000005e54d27900b60d3e #d,-,18,2436,2362,1128,256,1,239703,14861,2438,2362,1131,2436,2360,1125,90,100,0,500,2706;
@400000005e54d27b00c6362d #d,-,18,2436,2361,1127,257,1,239469,14847,2436,2362,1132,2436,2361,1124,90,100,0,500,2706;
@400000005e54d27b00d00d68 #d,-,18,2435,2360,1128,258,1,239236,14832,2436,2361,1129,2435,2359,1123,90,100,0,500,2704;
@400000005e54d27d00dfb98b #d,-,18,2434,2360,1125,258,1,239005,14818,2435,2360,1130,2434,2358,1124,90,100,0,500,2701;
@400000005e54d27d00e92788 #d,-,18,2434,2361,1130,259,1,238776,14804,2434,2361,1130,2434,2359,1124,90,100,0,500,2704;
@400000005e54d27f00f905f6 #d,-,18,2433,2359,1126,260,1,238548,14789,2434,2361,1131,2433,2359,1124,90,100,0,500,2701;
@400000005e54d27f0102939d #d,-,18,2433,2359,1129,260,1,238323,14776,2433,2360,1134,2433,2359,1126,89,100,0,500,2706;
@400000005e54d28101124aed #d,-,18,2433,2361,1125,261,1,238182,14767,2433,2361,1135,2433,2359,1124,89,100,0,500,2711;
@400000005e54d281011bfb0a #d,-,18,2433,2358,1126,262,1,237959,14753,2433,2361,1131,2433,2358,1124,89,100,0,500,2704;
@400000005e54d283012bbe75 #d,-,18,2432,2359,1130,262,1,237654,14734,2433,2360,1131,2432,2357,1125,90,100,0,500,2701;
@400000005e54d2830135724c #d,-,18,2432,2358,1127,263,1,237434,14720,2432,2359,1131,2432,2358,1125,89,100,0,500,2704;
@400000005e54d28501453e19 #d,-,18,2432,2359,1132,264,1,237217,14707,2432,2360,1133,2432,2358,1127,89,100,0,500,2706;
@400000005e54d285014ede61 #d,-,18,2432,2361,1122,264,1,236999,14693,2432,2361,1132,2432,2358,1122,89,100,0,500,2704;
@400000005e54d287015f136c #d,-,18,2431,2359,1122,265,1,236781,14680,2432,2361,1126,2431,2359,1122,90,100,0,500,2699;
@400000005e54d28701688169 #d,-,18,2430,2359,1125,266,1,236564,14666,2431,2360,1125,2430,2358,1120,90,100,0,500,2692;
@400000005e54d2890178119b #d,-,18,2428,2358,1126,266,1,236349,14653,2430,2359,1128,2428,2358,1123,90,100,0,500,2694;
@400000005e54d28901819327 #d,-,18,2427,2358,1126,267,1,236135,14640,2428,2358,1127,2427,2357,1124,89,100,0,500,2697;
@400000005e54d28b01917908 #d,-,18,2426,2362,1126,268,1,235923,14627,2427,2362,1127,2426,2358,1121,89,100,0,500,2697;
@400000005e54d28b019b1a3e #d,-,18,2425,2362,1123,268,1,235712,14614,2426,2363,1130,2425,2362,1118,89,100,0,500,2697;
@400000005e54d28d01aaf4f2 #d,-,18,2424,2362,1122,269,1,235503,14601,2425,2363,1124,2424,2362,1119,89,100,0,500,2694;
@400000005e54d28d01b4c100 #d,-,18,2424,2359,1124,270,1,235295,14588,2424,2362,1125,2424,2358,1120,90,100,0,500,2692;
@400000005e54d28f01c4be29 #d,-,18,2423,2356,1460,270,1,235128,14577,2424,2359,1460,2423,2356,1121,89,100,0,500,2694;
@400000005e54d28f01ce8a36 #d,-,18,3040,2357,1515,271,1,235187,14581,3040,2357,1627,2423,2355,1455,95,100,0,500,3197;
@400000005e54d29101df7e2d #d,-,18,3495,2357,1617,272,1,235254,14585,3495,2357,1667,3040,2356,1444,95,100,0,500,3649;
@400000005e54d29101e99787 #d,-,18,3669,2358,1645,273,1,235335,14590,3669,2359,1704,3495,2356,1399,94,100,0,500,3870;
@400000005e54d29301f9e794 #d,-,18,3609,2357,1627,274,1,235408,14595,3669,2358,1645,3609,2357,1463,95,100,0,500,3770;
@400000005e54d293020388ca #d,-,18,3611,2358,1474,275,1,235501,14601,3611,2358,1701,3609,2357,1474,94,100,0,500,3822;
@400000005e54d2950213823a #d,-,18,3667,2357,1647,276,1,235606,14607,3667,2358,1721,3611,2356,1449,95,100,0,500,3832;
@400000005e54d295021d6d03 #d,-,18,3663,2357,1653,277,1,235700,14613,3667,2357,1722,3663,2356,1474,95,100,0,500,3822;
@400000005e54d297022df049 #d,-,18,3725,2356,1634,278,1,235804,14619,3725,2357,1692,3663,2356,1557,94,100,0,500,3927;
@400000005e54d29702381205 #d,-,18,3728,2355,1644,280,1,235911,14626,3728,2357,1667,3725,2355,1595,95,100,0,500,3924;
@400000005e54d2990248c2ed #d,-,18,3731,2357,1660,281,1,236016,14633,3731,2357,1673,3728,2355,1590,95,100,0,500,3915;
@400000005e54d29902531b9c #d,-,18,3732,2357,1671,282,1,236122,14639,3732,2357,1672,3731,2357,1599,95,100,0,500,3910;
@400000005e54d29b0262b7ea #d,-,18,3733,2359,1668,283,1,236226,14646,3733,2359,1671,3732,2357,1606,95,100,0,500,3917;
@400000005e54d29b026c3114 #d,-,18,3735,2359,1635,284,1,236328,14652,3735,2360,1674,3733,2359,1575,95,100,0,500,3927;
@400000005e54d29d027c9869 #d,-,18,3735,2359,1586,285,1,236427,14658,3735,2360,1684,3735,2358,1562,95,100,0,500,3912;
@400000005e54d29d02869307 #d,-,18,3735,2357,1610,286,1,236538,14665,3735,2360,1696,3735,2357,1586,95,100,0,500,3912;
@400000005e54d29f0296cf85 #d,-,18,3739,2358,1634,287,1,236647,14672,3739,2358,1680,3735,2357,1609,94,100,0,500,3936;
@400000005e54d29f02a08090 #d,-,18,3741,2355,1665,288,1,236755,14678,3741,2358,1682,3739,2355,1603,95,100,0,500,3931;
@400000005e54d2a102b1a318 #d,-,18,3744,2357,1670,289,1,236863,14685,3744,2357,1685,3741,2355,1607,95,100,0,500,3931;
@400000005e54d2a102bb4808 #d,-,18,3746,2355,1656,290,1,236968,14692,3746,2357,1686,3744,2355,1598,95,100,0,500,3943;
@400000005e54d2a302cb16a0 #d,-,18,3749,2355,1659,291,1,237076,14698,3749,2356,1688,3746,2354,1613,94,100,0,500,3948;
@400000005e54d2a302d50523 #d,-,18,3753,2357,1650,292,1,237181,14705,3753,2357,1693,3749,2354,1595,94,100,0,500,3960;
@400000005e54d2a502e4d4aa #d,-,18,3757,2358,1677,293,1,237285,14711,3757,2358,1696,3753,2357,1585,95,100,0,500,3953;
@400000005e54d2a502eecf48 #d,-,18,3758,2357,1693,294,1,237387,14718,3758,2358,1693,3757,2357,1596,95,100,0,500,3931;
@400000005e54d2a702fe6335 #d,-,18,3759,2358,1675,295,1,237493,14724,3759,2358,1693,3758,2357,1628,95,100,0,500,3943;
@400000005e54d2a70307b276 #d,-,18,3762,2355,1654,296,1,237593,14730,3762,2358,1682,3759,2355,1593,95,100,0,500,3957;
@400000005e54d2a90317949d #d,-,18,3763,2354,1598,297,1,237692,14736,3763,2355,1699,3762,2354,1580,95,100,0,500,3946;
@400000005e54d2a903217bad #d,-,18,3764,2354,1594,298,1,237796,14743,3764,2354,1707,3763,2353,1594,95,100,0,500,3941;
@400000005e54d2ab0331fa4a #d,-,18,3764,2353,1653,299,1,237901,14749,3764,2354,1697,3764,2353,1594,95,100,0,500,3938;
@400000005e54d2ab033bcdcb #d,-,18,3764,2352,1673,300,1,238003,14756,3764,2354,1697,3764,2352,1595,95,100,0,500,3931;
@400000005e54d2ad034c63b1 #d,-,18,3763,2353,1667,301,1,238101,14762,3764,2354,1702,3763,2352,1587,95,100,0,500,3929;
@400000005e54d2ad0356b8a6 #d,-,18,3764,2354,1666,302,1,238202,14768,3764,2354,1688,3763,2352,1608,95,100,0,500,3950;
@400000005e54d2af0366e195 #d,-,18,3767,2354,1664,303,1,238307,14775,3767,2355,1700,3764,2353,1624,95,100,0,500,3960;
@400000005e54d2af03712e28 #d,-,18,3772,2354,1666,304,1,238409,14781,3772,2355,1692,3767,2354,1617,94,100,0,500,3981;
@400000005e54d2b103812b52 #d,-,18,3776,2355,1676,305,1,238510,14787,3776,2355,1698,3772,2353,1606,95,100,0,500,3969;
@400000005e54d2b1038b51b6 #d,-,18,3777,2357,1687,307,1,238610,14793,3777,2358,1689,3776,2355,1621,95,100,0,500,3953;
@400000005e54d2b3039aaaf6 #d,-,18,3778,2358,1689,308,1,238709,14799,3778,2359,1689,3777,2356,1610,95,100,0,500,3960;
@400000005e54d2b303a42155 #d,-,18,3778,2358,1658,309,1,238800,14805,3778,2359,1689,3778,2358,1579,95,100,0,500,3953;
@400000005e54d2b503b47c8f #d,-,18,3777,2359,1541,310,1,238892,14811,3778,2359,1705,3777,2357,1537,95,100,0,500,3948;
@400000005e54d2b503be53c9 #d,-,18,3775,2358,1636,311,1,238994,14817,3777,2359,1708,3775,2358,1541,95,100,0,500,3934;
@400000005e54d2b703cdffec #d,-,18,3777,2357,1674,312,1,239096,14823,3777,2359,1690,3775,2357,1624,95,100,0,500,3960;
@400000005e54d2b703d81946 #d,-,18,3779,2357,1679,313,1,239195,14830,3779,2358,1692,3777,2356,1624,95,100,0,500,3962;
@400000005e54d2b903e845ef #d,-,18,3779,2360,1666,314,1,239292,14836,3779,2361,1702,3779,2357,1603,95,100,0,500,3962;
@400000005e54d2b903f215b6 #d,-,18,3782,2360,1656,315,1,239390,14842,3782,2361,1681,3779,2359,1630,94,100,0,500,3986;
@400000005e54d2bb0402003f #d,-,18,3783,2358,1663,316,1,239486,14848,3783,2360,1695,3782,2358,1613,95,100,0,500,3967;
@400000005e54d2bb040baca2 #d,-,18,3788,2360,1689,317,1,239586,14854,3788,2360,1698,3783,2357,1628,95,100,0,500,3976;
@400000005e54d2bd041bf094 #d,-,18,3790,2359,1691,318,1,239683,14860,3790,2360,1692,3788,2358,1628,95,100,0,500,3981;
@400000005e54d2bd0425a19f #d,-,18,3791,2360,1703,319,1,239771,14865,3791,2361,1703,3790,2359,1553,95,100,0,500,3974;
@400000005e54d2bf0435e94a #d,-,18,3788,2361,1655,320,1,239866,14871,3791,2361,1716,3788,2360,1631,95,100,0,500,3946;
@400000005e54d2bf043fd413 #d,-,18,3790,2360,1639,321,1,239963,14877,3790,2361,1687,3788,2360,1638,95,100,0,500,3981;
@400000005e54d2c10450144b #d,-,18,3791,2360,1596,322,2,240053,14883,3791,2360,1680,3790,2358,1596,95,100,0,500,3969;
@400000005e54d2c1045a4d4f #d,-,18,3790,2359,1672,323,2,240148,14889,3791,2360,1703,3790,2359,1588,95,100,0,500,3948;
@400000005e54d2c3046aad31 #d,-,18,3789,2357,1684,324,2,240312,14899,3790,2360,1702,3789,2357,1616,95,100,0,500,3955;
@400000005e54d2c304750999 #d,-,18,3791,2360,1676,325,2,240406,14905,3791,2360,1706,3789,2357,1616,95,100,0,500,3979;
@400000005e54d2c50484c85d #d,-,18,3794,2360,1661,327,2,240499,14910,3794,2361,1688,3791,2360,1635,95,100,0,500,3993;
@400000005e54d2c5048ec2fb #d,-,18,3795,2358,1661,328,2,240524,14912,3795,2361,1693,3794,2357,1627,95,100,0,500,3979;
@400000005e54d2c7049ec886 #d,-,18,3797,2360,1676,329,2,240684,14922,3797,2360,1693,3795,2357,1631,95,100,0,500,3981;
@400000005e54d2c704a8a469 #d,-,18,3799,2361,1686,330,2,240706,14923,3799,2361,1694,3797,2360,1605,95,100,0,500,3986;
@400000005e54d2c904b8e0e7 #d,-,18,3798,2359,1695,331,2,240796,14929,3799,2361,1695,3798,2359,1627,95,100,0,500,3960;
@400000005e54d2c904c2ac06 #d,-,18,3798,2361,1672,332,2,240883,14934,3798,2362,1695,3798,2358,1618,95,100,0,500,3974;
@400000005e54d2cb04d39c43 #d,-,18,3796,2360,1627,333,2,240964,14939,3798,2362,1683,3796,2360,1583,95,100,0,500,3960;
@400000005e54d2cb04dd6c09 #d,-,18,3793,2360,1611,334,2,241052,14945,3796,2360,1700,3793,2359,1611,96,100,0,500,3948;
@400000005e54d2cd04ee48b8 #d,-,18,3792,2362,1650,335,2,241141,14950,3793,2362,1694,3792,2359,1607,95,100,0,500,3955;
@400000005e54d2cd04f81c38 #d,-,18,3791,2360,1676,336,2,241228,14956,3792,2362,1695,3791,2359,1597,95,100,0,500,3950;
@400000005e54d2cf05082937 #d,-,18,3791,2361,1665,337,2,241314,14961,3791,2361,1684,3791,2359,1624,95,100,0,500,3972;
@400000005e54d2cf05128e01 #d,-,18,3788,2362,1653,338,2,241395,14966,3791,2362,1695,3788,2360,1588,95,100,0,500,3950;
@400000005e54d2d10522f556 #d,-,18,3788,2362,1663,339,2,241479,14971,3788,2362,1707,3788,2361,1584,95,100,0,500,3967;
@400000005e54d2d1052c91e4 #d,-,18,3792,2360,1675,340,2,241565,14977,3792,2362,1686,3788,2359,1622,95,100,0,500,3976;
@400000005e54d2d3053ce1f1 #d,-,18,3792,2359,1692,341,2,241713,14986,3792,2360,1692,3792,2359,1604,95,100,0,500,3965;
@400000005e54d2d305479408 #d,-,18,3790,2362,1665,342,2,241794,14991,3792,2363,1692,3790,2359,1619,95,100,0,500,3953;
@400000005e54d2d50557c824 #d,-,18,3791,2360,1640,343,2,241879,14996,3791,2362,1689,3790,2359,1632,95,100,0,500,3972;
@400000005e54d2d505619077 #d,-,18,3793,2362,1626,344,2,241963,15001,3793,2362,1688,3791,2359,1626,95,100,0,500,3979;
@400000005e54d2d70571f7cd #d,-,18,3794,2361,1653,345,2,241985,15003,3794,2362,1693,3793,2361,1626,95,100,0,500,3972;
@400000005e54d2d7057bb405 #d,-,18,3795,2358,1671,347,2,242069,15008,3795,2361,1684,3794,2358,1637,95,100,0,500,3974;
@400000005e54d2d9058b57c6 #d,-,18,3794,2359,1680,348,2,242154,15013,3795,2360,1702,3794,2358,1623,95,100,0,500,3965;
@400000005e54d2d90595fa08 #d,-,18,3796,2359,1675,349,2,242239,15018,3796,2359,1693,3794,2358,1636,95,100,0,500,3991;
@400000005e54d2db05a5c8a1 #d,-,18,3797,2358,1661,350,2,242321,15023,3797,2359,1698,3796,2357,1617,95,100,0,500,3981;
@400000005e54d2db05af90f4 #d,-,18,3800,2360,1668,351,2,242404,15029,3800,2360,1683,3797,2357,1647,95,100,0,500,3988;
@400000005e54d2dd05bff490 #d,-,18,3801,2360,1674,352,2,242488,15034,3801,2360,1681,3800,2359,1646,95,100,0,500,3981;
@400000005e54d2dd05c9bbf5 #d,-,18,3803,2359,1678,353,2,242570,15039,3803,2360,1684,3801,2358,1640,95,100,0,500,3986;
@400000005e54d2df05da6dcc #d,-,18,3804,2360,1680,354,2,242651,15044,3804,2361,1682,3803,2358,1644,95,100,0,500,3979;
@400000005e54d2df05e42a04 #d,-,18,3804,2358,1695,355,2,242730,15049,3804,2361,1695,3804,2358,1610,95,100,0,500,3979;
@400000005e54d2e105f4139f #d,-,18,3802,2358,1676,356,2,242870,15057,3804,2359,1698,3802,2357,1616,95,100,0,500,3965;
@400000005e54d2e105fe31a1 #d,-,18,3801,2358,1651,357,2,242948,15062,3802,2359,1688,3801,2357,1635,95,100,0,500,3965;
@400000005e54d2e3060e0128 #d,-,18,3800,2356,1598,358,2,242958,15063,3801,2358,1683,3800,2355,1598,95,100,0,500,3969;
@400000005e54d2e306181a82 #d,-,18,3799,2359,1634,359,2,243103,15072,3800,2359,1705,3799,2355,1598,96,100,0,500,3957;
@400000005e54d2e506292e23 #d,-,18,3798,2356,1679,360,2,243119,15073,3799,2359,1703,3798,2356,1603,95,100,0,500,3960;
@400000005e54d2e506335b0c #d,-,18,3798,2356,1667,361,2,243195,15078,3798,2357,1679,3798,2356,1645,95,100,0,500,3976;
@400000005e54d2e706435924 #d,-,18,3795,2356,1663,362,2,243270,15082,3798,2357,1706,3795,2354,1606,96,100,0,500,3946;
@400000005e54d2e7064cf96b #d,-,18,3796,2359,1659,363,2,243346,15087,3796,2359,1691,3795,2356,1635,95,100,0,500,3983;
@400000005e54d2e9065c18ed #d,-,18,3797,2357,1666,364,2,243422,15092,3797,2359,1689,3796,2356,1624,95,100,0,500,3981;
@400000005e54d2e90665c550 #d,-,18,3798,2356,1683,366,2,243497,15096,3798,2359,1692,3797,2356,1627,95,100,0,500,3974;
@400000005e54d2eb067628ec #d,-,18,3799,2357,1695,367,2,243635,15105,3799,2358,1695,3798,2356,1621,95,100,0,500,3974;
@400000005e54d2eb06809529 #d,-,18,3798,2354,1680,368,2,243709,15110,3799,2358,1695,3798,2354,1636,95,100,0,500,3967;
@400000005e54d2ed06912b10 #d,-,18,3799,2357,1661,369,2,243783,15114,3799,2357,1688,3798,2354,1632,95,100,0,500,3976;
@400000005e54d2ed069ac02a #d,-,18,3798,2359,1619,370,2,243792,15115,3799,2361,1686,3798,2357,1609,95,100,0,500,3969;
@400000005e54d2ef06a9a8b9 #d,-,18,3799,2359,1614,371,2,243869,15119,3799,2360,1703,3798,2359,1614,95,100,0,500,3969;
@400000005e54d2ef06b3b32d #d,-,18,3798,2361,1656,372,2,243943,15124,3799,2362,1696,3798,2359,1604,95,100,0,500,3967;
@400000005e54d2f106c42969 #d,-,18,3799,2359,1681,373,2,244019,15129,3799,2362,1698,3798,2359,1622,95,100,0,500,3972;
@400000005e54d2f106cde1e7 #d,-,18,3799,2362,1676,374,2,244091,15133,3799,2362,1693,3799,2359,1623,95,100,0,500,3976;
@400000005e54d2f306ddeee6 #d,-,18,3797,2360,1663,375,2,244163,15138,3799,2362,1697,3797,2360,1610,95,100,0,500,3969;
@400000005e54d2f306e79c37 #d,-,18,3799,2361,1664,376,2,244237,15142,3799,2361,1691,3797,2359,1634,95,100,0,500,3986;
@400000005e54d2f506f76ad0 #d,-,18,3801,2360,1664,377,2,244309,15147,3801,2362,1687,3799,2360,1627,95,100,0,500,3991;
@400000005e54d2f5070178fd #d,-,18,3802,2362,1672,378,2,244442,15155,3802,2363,1685,3801,2360,1628,95,100,0,500,3976;
@400000005e54d2f70711d7f1 #d,-,18,3803,2361,1677,379,2,244514,15159,3803,2363,1680,3802,2360,1639,95,100,0,500,3974;
@400000005e54d2f7071c1d10 #d,-,18,3803,2364,1677,380,2,244586,15164,3803,2364,1677,3803,2361,1645,95,100,0,500,3979;
@400000005e54d2f9072beba9 #d,-,18,3804,2362,1685,381,2,244596,15164,3804,2364,1685,3803,2361,1633,95,100,0,500,3981;
@400000005e54d2f90736409e #d,-,18,3804,2362,1666,382,2,244667,15169,3804,2363,1689,3804,2360,1637,95,100,0,500,3981;
@400000005e54d2fb074649e3 #d,-,18,3804,2363,1654,383,2,244738,15173,3804,2364,1684,3804,2362,1646,95,100,0,500,3979;
@400000005e54d2fb074fd3d0 #d,-,18,3805,2361,1644,385,2,244807,15178,3805,2363,1677,3804,2361,1640,95,100,0,500,3983;
@400000005e54d2fd075f5074 #d,-,18,3804,2361,1637,386,2,244877,15182,3805,2362,1680,3804,2360,1637,95,100,0,500,3974;
@400000005e54d2fd07698979 #d,-,18,3805,2363,1656,387,2,244948,15186,3805,2363,1685,3804,2361,1635,95,100,0,500,3981;
@400000005e54d2ff0779aeae #d,-,18,3804,2361,1669,388,2,245018,15191,3805,2364,1677,3804,2361,1642,95,100,0,500,3974;
@400000005e54d2ff07839d31 #d,-,18,3804,2358,1678,389,2,245087,15195,3804,2361,1684,3804,2355,1651,95,100,0,500,3981;
@400000005e54d3010794567b #d,-,18,3804,2360,1679,390,2,245157,15199,3804,2360,1697,3804,2358,1627,95,100,0,500,3972;
@400000005e54d301079dff25 #d,-,18,3805,2359,1665,391,2,245225,15203,3805,2361,1690,3804,2358,1634,95,100,0,500,3993;
@400000005e54d30307ad6ce2 #d,-,18,3805,2359,1667,392,2,245294,15208,3805,2360,1690,3805,2358,1635,95,100,0,500,3986;
@400000005e54d30307b79257 #d,-,18,3808,2360,1674,393,2,245423,15216,3808,2360,1688,3805,2359,1642,95,100,0,500,3998;
@400000005e54d30507c77bf2 #d,-,18,3809,2358,1680,394,2,245491,15220,3809,2361,1686,3808,2357,1642,95,100,0,500,3988;
@400000005e54d30507d18665 #d,-,18,3810,2360,1680,395,2,245559,15224,3810,2360,1680,3809,2358,1652,95,100,0,500,3983;
@400000005e54d30707e1b30e #d,-,18,3810,2361,1684,396,2,245567,15225,3810,2361,1684,3810,2360,1643,95,100,0,500,3983;
@400000005e54d30707ec4669 #d,-,18,3810,2359,1676,397,2,245633,15229,3810,2361,1684,3810,2359,1643,95,100,0,500,3979;
@400000005e54d30907fc2c4a #d,-,18,3809,2361,1657,398,2,245698,15233,3810,2361,1687,3809,2359,1635,95,100,0,500,3981;
@400000005e54d3090805c60d #d,-,18,3809,2358,1643,399,2,245764,15237,3809,2361,1690,3809,2358,1638,95,100,0,500,3976;
@400000005e54d30b0815cf52 #d,-,18,3810,2357,1639,400,2,245831,15241,3810,2359,1691,3809,2357,1639,95,100,0,500,3986;
@400000005e54d30b081f77fb #d,-,18,3810,2360,1661,401,2,245898,15245,3810,2361,1689,3810,2357,1637,95,100,0,500,3981;
@400000005e54d30d082fbbed #d,-,18,3810,2358,1675,402,2,245966,15249,3810,2361,1687,3810,2358,1642,95,100,0,500,3981;
@400000005e54d30d08397f98 #d,-,18,3810,2357,1682,403,2,246031,15253,3810,2360,1682,3810,2357,1650,95,100,0,500,3988;
@400000005e54d30f0849bfd0 #d,-,18,3811,2354,1672,404,2,246097,15258,3811,2357,1686,3810,2354,1655,95,100,0,500,3991;
@400000005e54d30f0853846a #d,-,18,3810,2355,1668,405,2,246162,15262,3811,2357,1691,3810,2354,1645,95,100,0,500,3981;
@400000005e54d3110862ddaa #d,-,18,3810,2358,1667,407,2,246283,15269,3810,2358,1693,3810,2354,1636,95,100,0,500,3988;
@400000005e54d311086cff66 #d,-,18,3811,2357,1669,408,2,246290,15270,3811,2359,1686,3810,2356,1642,95,100,0,500,3986;
@400000005e54d313087d1880 #d,-,18,3812,2359,1676,409,2,246354,15273,3812,2359,1685,3811,2356,1641,95,100,0,500,3981;
@400000005e54d313088716d8 #d,-,18,3812,2358,1688,410,2,246416,15277,3812,2360,1691,3812,2358,1629,95,100,0,500,3981;
@400000005e54d315089766e5 #d,-,18,3811,2359,1692,411,2,246478,15281,3812,2359,1692,3811,2358,1631,95,100,0,500,3976;
@400000005e54d31508a12a90 #d,-,18,3811,2357,1674,412,2,246540,15285,3811,2359,1692,3811,2357,1646,95,100,0,500,3979;
@400000005e54d31708b0ce52 #d,-,18,3811,2358,1656,413,2,246603,15289,3811,2359,1690,3811,2357,1643,95,100,0,500,3986;
@400000005e54d31708badd6d #d,-,18,3811,2356,1645,414,2,246665,15293,3811,2358,1689,3811,2356,1643,95,100,0,500,3983;
@400000005e54d31908cae2f8 #d,-,18,3811,2358,1648,415,2,246728,15297,3811,2358,1692,3811,2356,1645,95,100,0,500,3981;
@400000005e54d31908d49a88 #d,-,18,3811,2357,1671,416,2,246848,15304,3811,2358,1693,3811,2355,1644,95,100,0,500,3981;
@400000005e54d31b08e4caeb #d,-,18,3811,2356,1678,417,2,246854,15304,3811,2358,1685,3811,2356,1647,95,100,0,500,3983;
@400000005e54d31b08ee783c #d,-,18,3812,2358,1672,418,2,246915,15308,3812,2358,1685,3811,2356,1647,95,100,0,500,3986;
@400000005e54d31d08fe2bd3 #d,-,18,3811,2357,1673,419,2,246975,15312,3812,2358,1687,3811,2356,1640,95,100,0,500,3976;
@400000005e54d31d09082671 #d,-,18,3811,2357,1670,420,2,247036,15316,3811,2358,1686,3811,2356,1645,95,100,0,500,3983;
@400000005e54d31f09181fe1 #d,-,18,3810,2359,1666,421,2,247096,15319,3811,2359,1691,3810,2356,1633,95,100,0,500,3981;
@400000005e54d31f0921b4fc #d,-,18,3811,2359,1666,422,2,247157,15323,3811,2360,1688,3810,2358,1640,95,100,0,500,3986;
@400000005e54d3210931be41 #d,-,18,3813,2360,1681,423,2,247218,15327,3813,2360,1691,3811,2358,1641,95,100,0,500,3986;
@400000005e54d321093b535b #d,-,18,3814,2357,1691,425,2,247333,15334,3814,2361,1695,3813,2357,1627,95,100,0,500,3993;
@400000005e54d323094b8fd9 #d,-,18,3813,2357,1692,426,2,247392,15338,3814,2358,1692,3813,2356,1633,95,100,0,500,3981;
@400000005e54d32309556714 #d,-,18,3813,2356,1681,427,2,247396,15338,3813,2358,1692,3813,2356,1646,95,100,0,500,3986;
@400000005e54d32509656c9f #d,-,18,3814,2357,1657,428,2,247455,15342,3814,2358,1692,3813,2356,1641,95,100,0,500,3991;
@400000005e54d325096f410e #d,-,18,3813,2356,1642,429,2,247513,15345,3814,2358,1691,3813,2356,1638,95,100,0,500,3983;
@400000005e54d327097f6555 #d,-,18,3813,2358,1647,430,2,247573,15349,3813,2358,1694,3813,2356,1642,95,100,0,500,3981;
@400000005e54d327098938d6 #d,-,18,3813,2359,1639,431,2,247630,15353,3813,2359,1688,3813,2356,1639,95,100,0,500,3983;
@400000005e54d32909994e37 #d,-,18,3811,2357,1676,432,2,247743,15360,3813,2360,1698,3811,2357,1616,96,100,0,500,3967;
@400000005e54d32909a33546 #d,-,18,3811,2356,1672,433,2,247800,15363,3811,2359,1684,3811,2356,1646,95,100,0,500,3979;
@400000005e54d32b09b38cc6 #d,-,18,3810,2359,1668,434,2,247802,15363,3811,2360,1684,3810,2356,1642,95,100,0,500,3981;
@400000005e54d32b09bd64ef #d,-,18,3810,2358,1664,435,2,247859,15367,3810,2360,1689,3810,2358,1643,95,100,0,500,3981;
@400000005e54d32d09cd8cf0 #d,-,18,3811,2360,1666,436,2,247916,15370,3811,2361,1683,3810,2358,1648,95,100,0,500,3993;
@400000005e54d32d09d74dd0 #d,-,18,3811,2362,1671,437,2,247972,15374,3811,2362,1687,3811,2359,1646,95,100,0,500,3988;
@400000005e54d32f09e74740 #d,-,18,3812,2360,1672,438,2,248029,15377,3812,2363,1681,3811,2360,1649,95,100,0,500,3993;
@400000005e54d32f09f0e876 #d,-,18,3812,2361,1682,439,2,248085,15381,3812,2363,1683,3812,2360,1642,95,100,0,500,3983;
@400000005e54d3310a00b70f #d,-,18,3813,2363,1692,440,2,248142,15384,3813,2363,1692,3812,2361,1627,95,100,0,500,3991;
@400000005e54d3310a0b3233 #d,-,18,3812,2360,1681,441,2,248196,15388,3813,2363,1693,3812,2360,1637,95,100,0,500,3986;
@400000005e54d3330a1b6af7 #d,-,18,3812,2363,1653,443,2,248305,15394,3812,2363,1689,3812,2360,1633,95,100,0,500,3988;
@400000005e54d3330a25272f #d,-,18,3813,2361,1637,444,2,248308,15395,3813,2363,1693,3812,2361,1637,95,100,0,500,3988;
@400000005e54d3350a356b21 #d,-,18,3815,2362,1640,445,2,248365,15398,3815,2363,1696,3813,2361,1637,95,100,0,500,3995;
@400000005e54d3350a3fc789 #d,-,18,3815,2361,1661,446,2,248423,15402,3815,2362,1694,3815,2360,1639,95,100,0,500,3993;
@400000005e54d3370a5012ee #d,-,18,3816,2360,1684,447,2,248479,15405,3816,2362,1693,3815,2359,1631,95,100,0,500,3988;
@400000005e54d3370a59cb6c #d,-,18,3815,2360,1680,448,2,248587,15412,3816,2362,1692,3815,2359,1635,95,100,0,500,3988;
@400000005e54d3390a68db19 #d,-,18,3815,2359,1665,449,2,248640,15415,3815,2362,1687,3815,2359,1633,95,100,0,500,3991;
@400000005e54d3390a7241a2 #d,-,18,3812,2359,1658,450,2,248639,15415,3815,2361,1700,3812,2358,1609,95,100,0,500,3972;
@400000005e54d33b0a82894e #d,-,18,3813,2361,1669,451,2,248693,15418,3813,2362,1690,3812,2359,1633,95,100,0,500,3995;
@400000005e54d33b0a8c6ca3 #d,-,18,3814,2360,1682,452,2,248746,15422,3814,2361,1690,3813,2358,1633,95,100,0,500,3988;
@400000005e54d33d0a9d2d61 #d,-,18,3814,2360,1699,453,2,248799,15425,3814,2360,1702,3814,2358,1623,95,100,0,500,3983;
@400000005e54d33d0aa6bb08 #d,-,18,3814,2359,1696,454,2,248904,15432,3814,2360,1699,3814,2359,1622,95,100,0,500,3986;
@400000005e54d33f0ab60561 #d,-,18,3813,2359,1672,455,2,248955,15435,3814,2362,1699,3813,2359,1637,95,100,0,500,3981;
@400000005e54d33f0ac00ee6 #d,-,18,3814,2361,1658,456,2,248958,15435,3814,2362,1703,3813,2358,1653,95,100,0,500,3993;
@400000005e54d3410ad0ad2e #d,-,18,3815,2361,1635,457,2,249010,15438,3815,2361,1686,3814,2359,1635,95,100,0,500,3995;
@400000005e54d3410adad65d #d,-,18,3815,2359,1648,458,2,249063,15441,3815,2361,1691,3815,2359,1635,95,100,0,500,3983;
@400000005e54d3430aeb12db #d,-,18,3814,2359,1676,459,2,249116,15445,3815,2361,1692,3814,2358,1632,95,100,0,500,3979;
@400000005e54d3430af4e2a2 #d,-,18,3814,2359,1673,461,2,249169,15448,3814,2360,1689,3814,2358,1643,95,100,0,500,3988;
@400000005e54d3450b052ef6 #d,-,18,3814,2359,1672,462,2,249221,15451,3814,2360,1690,3814,2358,1639,95,100,0,500,3988;
@400000005e54d3450b0f25da #d,-,18,3814,2360,1663,463,2,249324,15458,3814,2360,1691,3814,2357,1635,95,100,0,500,3988;
@400000005e54d3470b1f4668 #d,-,18,3814,2360,1671,464,2,249324,15458,3814,2360,1691,3814,2358,1637,95,100,0,500,3991;
@400000005e54d3470b2992fb #d,-,18,3815,2359,1678,465,2,249375,15461,3815,2361,1702,3814,2358,1626,95,100,0,500,3991;
@400000005e54d3490b397169 #d,-,18,3817,2357,1638,466,2,249418,15463,3817,2361,1686,3815,2357,1601,95,100,0,500,3998;
@400000005e54d3490b42f2f4 #d,-,18,3443,2359,1158,467,2,249366,15460,3817,2363,1638,3443,2357,1050,91,100,0,500,3768;
@400000005e54d34b0b50aeb2 #d,-,18,2515,2358,1161,467,2,249176,15448,3443,2361,1182,2515,2358,1154,90,100,0,500,2770;
@400000005e54d34b0b59b72c #d,-,18,2517,2362,1165,468,2,249037,15440,2517,2362,1182,2515,2358,1151,90,100,0,499,2796;
@400000005e54d34d0b67ff8b #d,-,18,2518,2361,1158,469,2,248898,15431,2518,2362,1166,2517,2360,1155,90,100,0,499,2794;
@400000005e54d34d0b710804 #d,-,18,2519,2362,1158,469,2,248809,15426,2519,2363,1161,2518,2360,1153,90,100,0,499,2787;
@400000005e54d34f0b7e61f9 #d,-,18,2518,2362,1156,470,2,248619,15414,2519,2364,1161,2518,2361,1153,90,100,0,499,2779;
@400000005e54d34f0b874f70 #d,-,18,2517,2363,1154,471,2,248479,15405,2518,2364,1159,2517,2362,1151,90,100,0,499,2777;
@400000005e54d3510b95a6b6 #d,-,18,2515,2363,1149,471,2,248338,15396,2517,2363,1159,2515,2361,1144,90,100,0,499,2775;
@400000005e54d3510b9e60f4 #d,-,18,2511,2363,1144,472,2,248195,15388,2515,2364,1151,2511,2361,1140,91,100,0,499,2753;
@400000005e54d3530babd6d9 #d,-,18,2508,2362,1146,473,2,248054,15379,2511,2363,1151,2508,2361,1143,90,100,0,499,2758;
@400000005e54d3530bb4cbc3 #d,-,18,2504,2361,1137,474,2,247911,15370,2508,2363,1148,2504,2360,1137,90,100,0,499,2753;
@400000005e54d3550bc3466d #d,-,18,2500,2361,1145,474,2,247769,15361,2504,2363,1146,2500,2360,1137,91,100,0,499,2742;
@400000005e54d3550bcbe1f0 #d,-,18,2496,2361,1141,475,2,247627,15352,2500,2363,1145,2496,2361,1139,90,100,0,499,2744;
@400000005e54d3570bd9c4cb #d,-,18,2492,2362,1136,476,2,247534,15347,2496,2363,1143,2492,2361,1134,90,100,0,499,2742;
@400000005e54d3570be2d872 #d,-,18,2488,2364,1137,476,2,247392,15338,2492,2365,1143,2488,2361,1131,91,100,0,499,2734;
@400000005e54d3590bf12cec #d,-,18,2484,2364,1134,477,2,247201,15326,2488,2365,1140,2484,2363,1132,90,100,0,499,2734;
@400000005e54d3590bf9dfb7 #d,-,18,2481,2364,1139,478,2,247060,15317,2484,2365,1140,2481,2363,1132,90,100,0,499,2732;
@400000005e54d35b0c0786f8 #d,-,18,2478,2365,1132,478,2,246919,15309,2481,2365,1139,2478,2363,1129,90,100,0,499,2734;
@400000005e54d35b0c109f47 #d,-,18,2475,2362,1130,479,2,246777,15300,2478,2365,1136,2475,2362,1125,90,100,0,499,2727;
@400000005e54d35d0c1e4fd8 #d,-,18,2472,2363,1134,480,2,246637,15291,2475,2365,1139,2472,2362,1129,90,100,0,499,2720;
@400000005e54d35d0c26df3f #d,-,18,2469,2363,1131,480,2,246498,15282,2472,2365,1140,2469,2362,1129,90,100,0,499,2730;
@400000005e54d35f0c34d101 #d,-,18,2467,2364,1133,481,2,246358,15274,2469,2365,1138,2467,2362,1128,90,100,0,499,2725;
@400000005e54d35f0c3e080b #d,-,18,2465,2364,1134,482,2,246267,15268,2467,2364,1137,2465,2362,1128,90,100,0,499,2725;
@400000005e54d3610c4c6c5b #d,-,18,2463,2361,1129,482,2,246081,15257,2465,2365,1139,2463,2361,1128,90,100,0,499,2727;
@400000005e54d3610c54ff7c #d,-,18,2461,2362,1132,483,2,245942,15248,2463,2363,1135,2461,2360,1126,90,100,0,499,2723;
@400000005e54d3630c626945 #d,-,18,2459,2361,1130,484,3,245852,15242,2461,2363,1137,2459,2360,1127,90,100,0,499,2718;
@400000005e54d3630c6b5214 #d,-,18,2458,2362,1136,484,3,245667,15231,2459,2363,1137,2458,2360,1129,90,100,0,499,2725;
@400000005e54d3650c78fa44 #d,-,18,2457,2361,1129,485,3,245531,15222,2458,2362,1136,2457,2360,1128,90,100,0,499,2725;
@400000005e54d3650c818d64 #d,-,18,2456,2362,1134,486,3,245394,15214,2457,2363,1137,2456,2360,1128,90,100,0,499,2720;
@400000005e54d3670c8ec4e3 #d,-,18,2454,2360,1129,486,3,245258,15206,2456,2363,1136,2454,2360,1128,90,100,0,499,2720;
@400000005e54d3670c97b16c #d,-,18,2453,2362,1131,487,3,245123,15197,2454,2363,1134,2453,2360,1129,90,100,0,499,2720;
@400000005e54d3690ca5f258 #d,-,18,2452,2361,1134,488,3,244989,15189,2453,2362,1138,2452,2360,1130,90,100,0,499,2723;
@400000005e54d3690cae8578 #d,-,18,2452,2362,1129,489,3,244855,15181,2452,2362,1138,2452,2359,1128,90,100,0,499,2723;
@400000005e54d36b0cbc351b #d,-,18,2452,2359,1132,489,3,244722,15172,2452,2362,1135,2452,2359,1127,90,100,0,499,2720;
@400000005e54d36b0cc554dd #d,-,18,2450,2361,1128,490,3,244588,15164,2452,2361,1136,2450,2359,1127,90,100,0,499,2720;
@400000005e54d36d0cd3ad11 #d,-,18,2450,2359,1135,491,3,244456,15156,2450,2361,1136,2450,2359,1127,90,100,0,499,2720;
@400000005e54d36d0cdc4032 #d,-,18,2449,2361,1128,491,3,244323,15148,2450,2361,1135,2449,2358,1125,90,100,0,499,2718;
@400000005e54d36f0ce9fbf0 #d,-,18,2448,2359,1128,492,3,244190,15139,2449,2361,1130,2448,2359,1125,90,100,0,499,2713;
@400000005e54d36f0cf3143e #d,-,18,2446,2360,1127,493,3,244057,15131,2448,2362,1134,2446,2359,1125,90,100,0,499,2706;
@400000005e54d3710d00eaff #d,-,18,2445,2360,1128,493,3,243972,15126,2446,2361,1134,2445,2358,1127,90,100,0,499,2715;
@400000005e54d3710d0976ac #d,-,18,2444,2361,1129,494,3,243794,15115,2445,2361,1131,2444,2359,1124,90,100,0,499,2711;
@400000005e54d3730d1712c0 #d,-,18,2443,2360,1126,495,3,243663,15107,2444,2361,1130,2443,2359,1125,90,100,0,499,2708;
@400000005e54d3730d20239b #d,-,18,2441,2360,1128,495,3,243531,15098,2443,2361,1132,2441,2359,1124,90,100,0,499,2708;
@400000005e54d3750d2e7f89 #d,-,18,2440,2359,1128,496,3,243401,15090,2441,2361,1131,2440,2358,1125,90,100,0,499,2711;
@400000005e54d3750d3712aa #d,-,18,2439,2359,1129,497,3,243271,15082,2440,2361,1132,2439,2359,1125,89,100,0,499,2711;
@400000005e54d3770d44c606 #d,-,18,2438,2361,1129,497,3,243141,15074,2439,2361,1133,2438,2358,1123,90,100,0,499,2708;
@400000005e54d3770d4dde54 #d,-,18,2437,2358,1124,498,3,243012,15066,2438,2361,1131,2437,2358,1124,90,100,0,499,2706;
@400000005e54d3790d5c1e52 #d,-,18,2436,2359,1128,499,3,242882,15058,2437,2361,1128,2436,2358,1123,90,100,0,499,2706;
@400000005e54d3790d64b261 #d,-,18,2435,2360,1125,499,3,242754,15050,2436,2360,1130,2435,2358,1122,90,100,0,499,2704;
@400000005e54d37b0d720c55 #d,-,18,2434,2359,1134,500,3,242627,15042,2435,2361,1134,2434,2358,1122,90,100,0,499,2704;
@400000005e54d37b0d7b04f9 #d,-,18,2435,2358,1128,501,3,242499,15034,2435,2360,1134,2434,2357,1124,89,100,0,499,2711;
@400000005e54d37d0d89685b #d,-,18,2434,2358,1125,501,3,242372,15027,2435,2360,1133,2434,2357,1123,90,100,0,499,2704;
@400000005e54d37d0d91f408 #d,-,18,2433,2357,1129,502,3,242246,15019,2434,2359,1130,2433,2357,1124,89,100,0,499,2706;
@400000005e54d37f0d9fb73a #d,-,18,2433,2358,1128,503,3,242165,15014,2433,2359,1130,2433,2356,1125,89,100,0,499,2706;
@400000005e54d37f0da8bfb3 #d,-,18,2433,2355,1130,503,3,241995,15003,2433,2358,1130,2433,2355,1126,89,100,0,499,2708;
@400000005e54d3810dbabd17 #d,-,18,2433,2354,1127,504,3,241870,14995,2433,2356,1132,2433,2353,1127,89,100,0,499,2706;
@400000005e54d3810dc54cb8 #d,-,18,2433,2352,1129,505,3,241791,14991,2433,2354,1132,2433,2352,1126,89,100,0,499,2706;
@400000005e54d3830dd9e998 #d,-,18,2433,2350,1564,505,3,241675,14983,2433,2355,1581,2433,2349,1129,89,100,0,499,2708;
@400000005e54d3830de599ef #d,-,18,3252,2352,1459,506,3,241685,14984,3252,2353,1624,2433,2350,1455,96,100,0,499,3365;
@400000005e54d3850df84758 #d,-,18,3459,2350,1581,507,3,241751,14988,3459,2353,1653,3252,2348,1445,95,100,0,499,3637;
@400000005e54d3850e03922b #d,-,18,3555,2347,1622,508,3,241721,14986,3555,2350,1622,3459,2347,1450,94,100,0,499,3768;
@400000005e54d3870e171982 #d,-,18,3548,2346,1503,509,3,241744,14988,3555,2348,1623,3548,2345,1503,96,100,0,499,3668;
@400000005e54d3870e229f01 #d,-,18,3485,2345,1600,510,3,241812,14992,3548,2349,1630,3485,2345,1456,95,100,0,499,3661;
@400000005e54d3890e36ceea #d,-,18,3575,2347,1630,511,3,241787,14990,3575,2350,1630,3485,2345,1447,94,100,0,499,3780;
@400000005e54d3890e4286b4 #d,-,18,3570,2348,1452,512,3,241807,14992,3575,2349,1630,3570,2346,1452,96,100,0,499,3699;
@400000005e54d38b0e5501d3 #d,-,18,3483,2348,1597,513,3,241832,14993,3570,2349,1635,3483,2346,1428,95,100,0,499,3659;
@400000005e54d38b0e5fc778 #d,-,18,3545,2347,1656,514,3,241848,14994,3545,2349,1666,3483,2345,1421,94,100,0,499,3761;
@400000005e54d38d0e70d2b7 #d,-,18,3543,2347,1459,515,3,241912,14998,3545,2348,1656,3543,2345,1459,95,100,0,499,3694;
@400000005e54d38d0e7b17d7 #d,-,18,3546,2346,1634,516,3,241908,14998,3546,2348,1674,3543,2343,1454,95,100,0,499,3732;
@400000005e54d38f0e8cfdf2 #d,-,18,3548,2345,1613,517,3,241985,15003,3548,2347,1723,3546,2345,1444,94,100,0,499,3773;
@400000005e54d38f0e977cd0 #d,-,18,3695,2343,1678,518,3,241974,15002,3695,2346,1739,3548,2343,1420,95,100,0,499,3879;
@400000005e54d3910eaad2cb #d,-,18,3690,2343,1676,519,3,242005,15004,3695,2345,1678,3690,2343,1464,96,100,0,499,3808;
@400000005e54d3910eb5a39d #d,-,18,3639,2347,1413,520,3,242077,15008,3690,2347,1719,3639,2342,1413,95,100,0,499,3827;
@400000005e54d3930ec6592d #d,-,18,3636,2346,1601,521,3,242080,15008,3639,2347,1733,3636,2343,1413,96,100,0,499,3787;
@400000005e54d3930ed16d0e #d,-,18,3630,2345,1638,522,3,242112,15010,3636,2347,1728,3630,2344,1429,96,100,0,499,3765;
@400000005e54d3950ee09403 #d,-,18,3627,2344,1626,523,3,242189,15015,3630,2346,1749,3627,2342,1419,94,100,0,499,3846;
@400000005e54d3950eea21ab #d,-,18,3749,2346,1675,524,3,242185,15015,3749,2347,1701,3627,2344,1496,96,100,0,499,3882;
@400000005e54d3970efb504e #d,-,18,3663,2346,1607,525,3,242208,15016,3749,2349,1675,3663,2345,1423,95,100,0,499,3837;
@400000005e54d3970f05bf56 #d,-,18,3603,2349,1481,526,3,242290,15022,3663,2350,1733,3603,2346,1481,94,100,0,499,3799;
@400000005e54d3990f16bf68 #d,-,18,3605,2346,1645,527,3,242288,15021,3605,2350,1735,3603,2345,1424,95,100,0,499,3782;
@400000005e54d3990f211817 #d,-,18,3663,2347,1646,528,3,242329,15024,3663,2349,1711,3605,2346,1516,95,100,0,499,3851;
@400000005e54d39b0f323e58 #d,-,18,3660,2349,1613,529,3,242407,15029,3663,2350,1738,3660,2346,1459,94,100,0,499,3865;
@400000005e54d39b0f3c7fbe #d,-,18,3749,2348,1697,530,3,242403,15029,3749,2350,1731,3660,2347,1465,96,100,0,499,3896;
@400000005e54d39d0f4eb326 #d,-,18,3681,2352,1689,531,3,242437,15031,3749,2352,1697,3681,2348,1481,95,100,0,499,3846;
@400000005e54d39d0f5984e7 #d,-,18,3679,2350,1469,532,3,242512,15035,3681,2352,1722,3679,2349,1457,95,100,0,499,3851;
@400000005e54d39f0f6a5579 #d,-,18,3678,2351,1562,533,3,242516,15036,3679,2353,1731,3678,2349,1469,95,100,0,499,3846;
@400000005e54d39f0f74d545 #d,-,18,3680,2352,1610,534,3,242559,15038,3680,2353,1706,3678,2350,1524,95,100,0,499,3870;
@400000005e54d3a10f85fb87 #d,-,18,3680,2354,1629,535,3,242641,15043,3680,2354,1703,3680,2352,1525,95,100,0,499,3848;
@400000005e54d3a10f903933 #d,-,18,3677,2352,1629,536,3,242638,15043,3680,2354,1709,3677,2351,1518,95,100,0,499,3860;
@400000005e54d3a30fa04278 #d,-,18,3682,2354,1642,537,3,242678,15046,3682,2355,1725,3677,2351,1487,94,100,0,499,3917;
@400000005e54d3a30faa0e85 #d,-,18,3689,2352,1732,538,3,242716,15048,3689,2355,1733,3682,2352,1484,94,100,0,499,3886;
@400000005e54d3a50fbc41ed #d,-,18,3688,2354,1605,539,3,242792,15053,3689,2355,1732,3688,2352,1506,95,100,0,499,3858;
@400000005e54d3a50fc75a76 #d,-,18,3689,2355,1470,541,3,242788,15052,3689,2355,1712,3688,2353,1470,95,100,0,499,3877;
@400000005e54d3a70fd8bb64 #d,-,18,3688,2353,1609,542,3,242832,15055,3689,2356,1743,3688,2352,1453,95,100,0,499,3851;
@400000005e54d3a70fe3bf6f #d,-,18,3631,2354,1649,543,3,242869,15057,3688,2355,1716,3631,2353,1494,95,100,0,499,3818;
@400000005e54d3a90ff494aa #d,-,18,3683,2354,1606,544,3,242949,15062,3683,2356,1721,3631,2353,1490,94,100,0,499,3901;
@400000005e54d3a90fff0fce #d,-,18,3747,2355,1666,545,3,242947,15062,3747,2357,1720,3683,2354,1500,95,100,0,500,3905;
@400000005e54d3ab10115040 #d,-,18,3741,2356,1707,546,3,242982,15064,3747,2358,1707,3741,2355,1511,96,100,0,500,3874;
@400000005e54d3ab101c6420 #d,-,18,3735,2355,1488,547,3,243012,15066,3741,2357,1711,3735,2354,1449,96,100,0,500,3870;
@400000005e54d3ad102c8868 #d,-,18,3679,2357,1561,548,3,243059,15069,3735,2357,1752,3679,2354,1488,95,100,0,500,3865;
@400000005e54d3ad10367331 #d,-,18,3678,2356,1660,549,3,243100,15072,3679,2357,1730,3678,2354,1470,95,100,0,500,3832;
@400000005e54d3af10467d64 #d,-,18,3672,2354,1640,550,3,243176,15076,3678,2357,1723,3672,2354,1456,95,100,0,500,3851;
@400000005e54d3af1050549e #d,-,18,3743,2354,1650,551,3,243176,15076,3743,2358,1735,3672,2354,1485,95,100,0,500,3934;
@400000005e54d3b1105fa2b1 #d,-,18,3746,2356,1699,552,3,243220,15079,3746,2357,1710,3743,2354,1552,95,100,0,500,3912;
@400000005e54d3b1106a499b #d,-,18,3746,2356,1685,553,3,243265,15082,3746,2357,1699,3746,2355,1594,95,100,0,500,3922;
@400000005e54d3b3107b2dbc #d,-,18,3748,2354,1657,554,3,243309,15085,3748,2357,1689,3746,2353,1586,95,100,0,500,3938;
@400000005e54d3b31085b054 #d,-,18,3751,2354,1608,555,3,243356,15088,3751,2354,1705,3748,2352,1588,95,100,0,500,3946;
@400000005e54d3b510963b0d #d,-,18,3754,2354,1525,556,3,243441,15093,3754,2354,1697,3751,2351,1525,95,100,0,500,3948;
@400000005e54d3b5109ff38b #d,-,18,3753,2353,1668,557,3,243491,15096,3754,2354,1737,3753,2350,1509,95,100,0,500,3917;
@400000005e54d3b710b075e3 #d,-,18,3754,2353,1678,558,3,243496,15096,3754,2354,1705,3753,2351,1582,95,100,0,500,3934;
@400000005e54d3b710ba3e36 #d,-,18,3756,2352,1661,559,3,243541,15099,3756,2353,1680,3754,2352,1609,95,100,0,500,3953;
@400000005e54d3b910cacbbb #d,-,18,3753,2353,1653,560,3,243585,15102,3756,2353,1708,3753,2350,1566,95,100,0,500,3919;
@400000005e54d3b910d4dad6 #d,-,18,3757,2353,1656,561,3,243631,15105,3757,2354,1696,3753,2352,1597,94,100,0,500,3965;
@400000005e54d3bb10e50b39 #d,-,18,3762,2353,1669,562,3,243678,15108,3762,2353,1687,3757,2350,1615,95,100,0,500,3960;
@400000005e54d3bb10eef9bc #d,-,18,3764,2354,1689,563,3,243722,15110,3764,2354,1693,3762,2352,1589,95,100,0,500,3948;
@400000005e54d3bd10feb10c #d,-,18,3764,2353,1681,564,3,243767,15113,3764,2354,1689,3764,2352,1613,95,100,0,500,3938;
@400000005e54d3bd110875a6 #d,-,18,3765,2353,1678,565,3,243809,15116,3765,2354,1682,3764,2351,1557,95,100,0,500,3946;
@400000005e54d3bf1118927a #d,-,18,3763,2353,1610,566,3,243852,15118,3765,2353,1713,3763,2351,1586,95,100,0,500,3927;
@400000005e54d3bf1122cf38 #d,-,18,3764,2352,1597,567,3,243898,15121,3764,2353,1701,3763,2350,1597,95,100,0,500,3943;
@400000005e54d3c111326f3f #d,-,18,3765,2352,1633,569,3,243946,15124,3765,2352,1696,3764,2350,1597,95,100,0,500,3943;
@400000005e54d3c1113c5295 #d,-,18,3768,2352,1660,570,3,243992,15127,3768,2353,1692,3765,2350,1613,95,100,0,500,3950;
@400000005e54d3c3114c92cd #d,-,18,3769,2351,1669,571,3,244038,15130,3769,2353,1689,3768,2350,1621,95,100,0,500,3953;
@400000005e54d3c311570edf #d,-,18,3771,2351,1661,572,3,244123,15135,3771,2353,1669,3769,2350,1640,95,100,0,500,3960;
@400000005e54d3c51166f107 #d,-,18,3768,2351,1656,573,3,244125,15135,3771,2354,1684,3768,2350,1603,95,100,0,500,3927;
@400000005e54d3c511716c2b #d,-,18,3768,2353,1659,574,3,244169,15138,3768,2353,1687,3768,2351,1603,95,100,0,500,3946;
@400000005e54d3c711813f6c #d,-,18,3771,2353,1666,575,3,244214,15141,3771,2354,1683,3768,2351,1626,95,100,0,500,3957;
@400000005e54d3c7118be1ad #d,-,18,3772,2353,1675,576,3,244257,15143,3772,2354,1676,3771,2351,1626,95,100,0,500,3950;
@400000005e54d3c9119bdfc5 #d,-,18,3772,2352,1689,577,3,244301,15146,3772,2355,1689,3772,2352,1617,95,100,0,500,3946;
@400000005e54d3c911a58fe2 #d,-,18,3773,2352,1671,578,3,244384,15151,3773,2354,1689,3772,2351,1617,95,100,0,500,3950;
@400000005e54d3cb11b5a189 #d,-,18,3774,2354,1640,579,3,244389,15152,3774,2354,1691,3773,2351,1623,95,100,0,500,3957;
@400000005e54d3cb11bf7509 #d,-,18,3775,2354,1636,580,3,244434,15154,3775,2354,1682,3774,2352,1636,95,100,0,500,3955;
@400000005e54d3cd11ceb701 #d,-,18,3776,2355,1623,581,3,244477,15157,3776,2355,1673,3775,2352,1623,95,100,0,500,3955;
@400000005e54d3cd11d8ba01 #d,-,18,3775,2355,1652,582,3,244521,15160,3776,2355,1680,3775,2352,1618,95,100,0,500,3941;
@400000005e54d3cf11e9c8f9 #d,-,18,3774,2354,1665,583,3,244603,15165,3775,2356,1679,3774,2353,1616,95,100,0,500,3946;
@400000005e54d3cf11f5275b #d,-,18,3773,2354,1663,584,3,244605,15165,3774,2355,1679,3773,2350,1620,95,100,0,500,3941;
@400000005e54d3d11205c0fb #d,-,18,3772,2352,1656,585,3,244648,15168,3773,2354,1674,3772,2352,1626,95,100,0,500,3946;
@400000005e54d3d1120fd2e2 #d,-,18,3772,2352,1663,586,3,244691,15170,3772,2353,1684,3772,2351,1622,95,100,0,500,3948;
@400000005e54d3d312201f35 #d,-,18,3774,2351,1657,587,3,244733,15173,3774,2353,1682,3772,2350,1613,95,100,0,500,3965;
@400000005e54d3d3122a9f01 #d,-,18,3775,2350,1679,588,3,244777,15176,3775,2352,1688,3774,2349,1626,95,100,0,500,3946;
@400000005e54d3d5123a3a61 #d,-,18,3776,2349,1682,590,3,244818,15178,3776,2352,1683,3775,2349,1617,95,100,0,500,3957;
@400000005e54d3d512447454 #d,-,18,3775,2349,1676,591,3,244859,15181,3776,2350,1682,3775,2348,1623,95,100,0,500,3941;
@400000005e54d3d71254dabb #d,-,18,3774,2350,1651,592,3,244900,15183,3775,2351,1679,3774,2348,1627,95,100,0,499,3941;
@400000005e54d3d7125eb2e3 #d,-,18,3773,2351,1629,593,3,244941,15186,3774,2351,1677,3773,2348,1625,95,100,0,499,3941;
@400000005e54d3d9126f6012 #d,-,18,3773,2349,1629,594,3,244983,15188,3773,2351,1681,3773,2348,1629,95,100,0,499,3943;
@400000005e54d3d91279b05f #d,-,18,3773,2348,1656,595,3,245025,15191,3773,2349,1679,3773,2347,1627,95,100,0,499,3941;
@400000005e54d3db12899ea2 #d,-,18,3773,2353,1668,596,3,245067,15194,3773,2354,1681,3773,2347,1624,95,100,0,499,3936;
@400000005e54d3db129268b5 #d,-,18,3773,2353,1660,597,3,245109,15196,3773,2355,1679,3773,2351,1627,95,100,0,499,3950;
@400000005e54d3dd12a20503 #d,-,18,3772,2355,1655,598,3,245188,15201,3773,2355,1678,3772,2353,1613,95,100,0,499,3943;
@400000005e54d3dd12aa22cb #d,-,18,3772,2356,1653,599,3,245190,15201,3772,2356,1680,3772,2354,1622,95,100,0,499,3950;
@400000005e54d3df12ba382c #d,-,18,3774,2355,1662,600,3,245232,15204,3774,2356,1675,3772,2354,1627,95,100,0,499,3960;
@400000005e54d3df12c3507a #d,-,18,3776,2356,1658,601,3,245273,15206,3776,2356,1675,3774,2354,1634,95,100,0,499,3955;
@400000005e54d3e112d2d0d8 #d,-,18,3776,2356,1671,602,3,245352,15211,3776,2357,1680,3776,2354,1620,95,100,0,500,3950;
@400000005e54d3e112dce766 #d,-,18,3775,2354,1679,603,3,245392,15214,3776,2357,1679,3775,2354,1623,95,100,0,500,3941;
@400000005e54d3e312ec640a #d,-,18,3775,2355,1665,604,3,245393,15214,3775,2357,1680,3775,2354,1631,95,100,0,500,3948;
@400000005e54d3e312f58c2e #d,-,18,3776,2354,1649,605,3,245434,15216,3776,2357,1676,3775,2354,1621,95,100,0,500,3955;
@400000005e54d3e5130581e4 #d,-,18,3775,2355,1631,606,3,245474,15219,3776,2356,1679,3775,2353,1624,95,100,0,500,3948;
@400000005e54d3e5130faecd #d,-,18,3775,2355,1622,607,3,245514,15221,3775,2357,1676,3775,2354,1622,95,100,0,500,3950;
@400000005e54d3e7131efce0 #d,-,18,3775,2356,1653,608,3,245555,15224,3775,2357,1678,3775,2355,1619,95,100,0,500,3946;
@400000005e54d3e713292e71 #d,-,18,3775,2357,1666,609,3,245634,15229,3775,2357,1681,3775,2354,1618,95,100,0,500,3943;
@400000005e54d3e91338f596 #d,-,18,3775,2354,1662,610,3,245635,15229,3775,2357,1671,3775,2349,1635,95,100,0,500,3955;
@400000005e54d3e91342c55d #d,-,18,3774,2353,1660,611,3,245674,15231,3775,2355,1681,3774,2353,1620,95,100,0,500,3938;
@400000005e54d3eb13524a63 #d,-,18,3774,2355,1654,612,3,245713,15234,3774,2355,1676,3774,2353,1625,95,100,0,500,3957;
@400000005e54d3eb135c2910 #d,-,18,3774,2354,1654,613,3,245752,15236,3774,2355,1679,3774,2353,1623,95,100,0,500,3948;
@400000005e54d3ed136b86f8 #d,-,18,3774,2354,1666,614,3,245791,15239,3774,2356,1681,3774,2354,1622,95,100,0,500,3946;
@400000005e54d3ed1375a141 #d,-,18,3775,2355,1676,616,3,245830,15241,3775,2356,1677,3774,2354,1633,95,100,0,500,3943;
@400000005e54d3ef1383d169 #d,-,18,3775,2354,1678,617,3,245868,15243,3775,2356,1678,3775,2353,1603,95,100,0,500,3948;
@400000005e54d3ef138b4c36 #d,-,18,3773,2353,1659,618,3,245905,15246,3775,2355,1683,3773,2353,1618,95,100,0,500,3938;
@400000005e54d3f1139b8052 #d,-,18,3773,2354,1636,619,3,245943,15248,3773,2355,1679,3773,2352,1620,95,100,0,500,3943;
@400000005e54d3f113a57737 #d,-,18,3773,2354,1620,620,3,245983,15250,3773,2354,1681,3773,2351,1620,95,100,0,500,3948;
@400000005e54d3f313b60d1d #d,-,18,3774,2352,1638,621,3,246023,15253,3774,2354,1679,3773,2352,1620,95,100,0,500,3950;
@400000005e54d3f313bffba0 #d,-,18,3774,2353,1661,622,3,246062,15255,3774,2355,1682,3774,2352,1618,95,100,0,500,3946;
@400000005e54d3f513d0ff6b #d,-,18,3774,2351,1668,623,3,246100,15258,3774,2354,1679,3774,2351,1628,95,100,0,500,3946;
@400000005e54d3f513daf650 #d,-,18,3774,2352,1662,624,3,246139,15260,3774,2354,1682,3774,2351,1635,95,100,0,500,3950;
@400000005e54d3f713eb74ee #d,-,18,3774,2354,1654,625,3,246176,15262,3774,2356,1681,3774,2352,1626,95,100,0,500,3955;
@400000005e54d3f713f53899 #d,-,18,3775,2356,1658,626,3,246215,15265,3775,2356,1678,3774,2354,1632,95,100,0,500,3955;
@400000005e54d3f9140532f7 #d,-,18,3776,2356,1657,627,3,246252,15267,3776,2356,1681,3775,2353,1614,95,100,0,500,3957;
@400000005e54d3f9140faa62 #d,-,18,3777,2356,1669,628,3,246327,15272,3777,2356,1672,3776,2353,1623,95,100,0,500,3948;
@400000005e54d3fb141fafed #d,-,18,3776,2354,1689,629,3,246326,15272,3777,2356,1693,3776,2352,1585,95,100,0,500,3948;
@400000005e54d3fb1429a318 #d,-,18,3775,2354,1672,630,3,246364,15274,3776,2355,1689,3775,2353,1634,95,100,0,500,3934;
@400000005e54d3fd1439f325 #d,-,18,3775,2354,1661,631,3,246400,15276,3775,2355,1673,3775,2353,1626,95,100,0,500,3950;
@400000005e54d3fd1443b6d0 #d,-,18,3775,2354,1631,632,3,246436,15279,3775,2355,1680,3775,2352,1609,95,100,0,500,3948;
@400000005e54d3ff1453eea6 #d,-,18,3774,2353,1629,633,3,246474,15281,3775,2354,1686,3774,2351,1629,95,100,0,500,3941;
@400000005e54d3ff145d8fdc #d,-,18,3774,2352,1631,634,3,246512,15283,3774,2353,1678,3774,2350,1629,95,100,0,500,3943;
@400000005e54d401146e509a #d,-,18,3774,2351,1665,635,3,246549,15286,3774,2352,1679,3774,2350,1622,95,100,0,499,3943;
@400000005e54d4011478ad02 #d,-,18,3772,2352,1667,636,3,246585,15288,3774,2353,1684,3772,2350,1606,95,100,0,499,3931;
@400000005e54d403148b2378 #d,-,18,3773,2354,1662,638,3,246659,15292,3773,2355,1681,3772,2352,1621,95,100,0,499,3946;
@400000005e54d403149570fa #d,-,18,3773,2355,1655,639,3,246658,15292,3773,2355,1671,3773,2352,1622,95,100,0,499,3953;
@400000005e54d40514a68766 #d,-,18,3772,2356,1652,640,3,246694,15295,3773,2356,1683,3772,2353,1608,95,100,0,499,3941;
@400000005e54d40514b06abb #d,-,18,3773,2356,1667,641,3,246732,15297,3773,2356,1679,3772,2354,1632,95,100,0,499,3953;
@400000005e54d40714c0d5ca #d,-,18,3775,2356,1664,642,3,246768,15299,3775,2356,1685,3773,2354,1617,95,100,0,499,3957;
@400000005e54d40714cac8f5 #d,-,18,3775,2354,1680,643,3,246803,15301,3775,2356,1680,3775,2354,1626,95,100,0,500,3941;
@400000005e54d40914dbd07b #d,-,18,3775,2354,1683,644,3,246838,15304,3775,2357,1683,3775,2353,1610,95,100,0,500,3946;
@400000005e54d40914e58cb3 #d,-,18,3774,2354,1659,645,4,246873,15306,3775,2356,1690,3774,2353,1614,95,100,0,500,3948;
@400000005e54d40b14f5e079 #d,-,18,3774,2356,1638,646,4,246909,15308,3774,2356,1680,3774,2354,1625,95,100,0,500,3946;
@400000005e54d40b14ffe9fe #d,-,18,3774,2355,1628,647,4,246945,15310,3774,2356,1675,3774,2353,1628,95,100,0,500,3948;
Lost connection at /opt/powertools/bin/wattsup1 line 220.
	main::failure('Lost connection') called at /opt/powertools/bin/wattsup1 line 271
	main::recv_msg() called at /opt/powertools/bin/wattsup1 line 504
