@400000005e5773fe08c512b7 #v,-,8,1,65178,5,2,4,57,200810261703,0;
@400000005e5773fe32b14727 #h,-,18,W,V,A,WH,Cost,WH/Mo,Cost/Mo,Wmax,Vmax,Amax,Wmin,Vmin,Amin,PF,DC,PC,Hz,VA;
@400000005e5773fe38c15fd2 #f,-,48,249,436,1,4803,0,0,65535,0,150,1177,177,10481,276,203,3340,13,121719,86,50084,105837,25,2629,11458,0,64,1,4686,0,0,65535,0,150,1030,182,11055,266,212,3240,13,121394,92,49362,104176,24,2613,13005,0,71;
@400000005e57740038d8cf67 #d,-,18,2719,2351,1169,1,0,194982,12088,2719,2353,1171,2717,2351,1169,98,100,0,501,2755;
@400000005e57740238ea8aab #d,-,18,2719,2353,1168,1,0,194995,12089,2719,2353,1170,2719,2350,1168,98,100,0,501,2755;
@400000005e57740238f4b882 #d,-,18,2719,2353,1188,2,0,195605,12127,2719,2354,1196,2719,2352,1168,98,100,0,501,2755;
@400000005e5774043903b3b2 #d,-,18,2722,2354,1167,3,0,195372,12113,2722,2354,1188,2719,2352,1161,97,100,0,501,2778;
@400000005e577404390e6e2a #d,-,18,2722,2354,1168,4,0,195245,12105,2722,2355,1168,2722,2352,1166,98,100,0,501,2753;
@400000005e577406391dee88 #d,-,18,2721,2353,1168,4,0,195192,12101,2722,2354,1169,2721,2352,1167,98,100,0,501,2753;
@400000005e57740639282c34 #d,-,18,2721,2355,1167,5,0,195153,12099,2721,2355,1168,2721,2352,1167,98,100,0,501,2753;
@400000005e57740839387026 #d,-,18,2720,2353,1195,6,0,197683,12256,2721,2355,1195,2720,2352,1166,98,100,0,501,2753;
@400000005e5774083942c42c #d,-,18,2723,2354,1167,7,0,195296,12108,2723,2355,1195,2720,2352,1160,98,100,0,501,2778;
@400000005e57740a39520acc #d,-,18,2723,2355,1167,7,0,195248,12105,2723,2356,1168,2723,2353,1167,98,100,0,501,2755;
@400000005e57740a395c1cb2 #d,-,18,2722,2355,1168,8,0,195218,12103,2723,2356,1168,2722,2354,1166,98,100,0,501,2755;
@400000005e57740c396be01e #d,-,18,2722,2353,1168,9,0,195193,12101,2722,2355,1169,2722,2352,1167,98,100,0,501,2755;
@400000005e57740c3976f045 #d,-,18,2722,2355,1195,10,0,195268,12106,2722,2355,1195,2722,2352,1167,98,100,0,501,2755;
@400000005e57740e39870d19 #d,-,18,2724,2355,1167,10,0,195265,12106,2724,2355,1195,2722,2353,1160,97,100,0,501,2780;
@400000005e57740e39919458 #d,-,18,2723,2353,1167,11,0,195235,12104,2724,2355,1168,2723,2353,1166,98,100,0,501,2751;
@400000005e57741039a1cd1d #d,-,18,2723,2352,1168,12,0,195215,12103,2723,2354,1169,2723,2351,1166,98,100,0,501,2751;
@400000005e57741039abfdbf #d,-,18,2722,2354,1167,13,0,195197,12102,2723,2355,1169,2722,2352,1167,98,100,0,500,2755;
@400000005e57741239bbbd71 #d,-,18,2721,2354,1191,13,0,195222,12103,2722,2354,1191,2721,2352,1167,98,100,0,500,2753;
@400000005e57741239c6a67a #d,-,18,2725,2353,1168,14,0,195256,12105,2725,2354,1196,2721,2352,1161,97,100,0,500,2781;
@400000005e57741439d6a3a4 #d,-,18,2723,2352,1168,15,0,196195,12164,2725,2354,1169,2723,2351,1167,99,100,0,500,2749;
@400000005e57741439e12370 #d,-,18,2723,2353,1167,16,0,195213,12103,2723,2354,1169,2723,2351,1166,98,100,0,500,2751;
@400000005e57741639f15019 #d,-,18,2722,2354,1167,16,0,195194,12102,2723,2355,1168,2722,2352,1166,98,100,0,500,2755;
@400000005e57741639fbb3f4 #d,-,18,2722,2355,1180,17,0,195196,12102,2722,2355,1180,2722,2353,1166,98,100,0,500,2753;
@400000005e5774183a0bf073 #d,-,18,2725,2353,1167,18,0,195237,12104,2725,2355,1195,2722,2352,1160,98,100,0,500,2780;
@400000005e5774183a16394c #d,-,18,2723,2354,1168,19,0,195224,12103,2725,2355,1168,2723,2352,1166,99,100,0,500,2749;
@400000005e57741a3a261046 #d,-,18,2722,2354,1167,19,0,195208,12102,2723,2355,1169,2722,2353,1167,98,100,0,500,2753;
@400000005e57741a3a310cdf #d,-,18,2722,2354,1167,20,0,195201,12102,2722,2355,1169,2722,2353,1167,98,100,0,500,2755;
@400000005e57741c3a4094af #d,-,18,2722,2355,1169,21,0,195876,12144,2722,2355,1169,2722,2352,1166,98,100,0,500,2753;
@400000005e57741c3a4b2451 #d,-,18,2725,2354,1165,22,0,195236,12104,2725,2356,1196,2722,2353,1161,98,100,0,500,2780;
@400000005e57741e3a5b60cf #d,-,18,2723,2356,1167,22,0,195225,12103,2725,2356,1169,2723,2354,1165,98,100,0,501,2753;
@400000005e57741e3a65a146 #d,-,18,2723,2352,1166,23,0,195835,12141,2723,2356,1168,2723,2352,1166,98,100,0,501,2753;
@400000005e5774203a762c00 #d,-,18,2722,2354,1167,24,0,195198,12102,2723,2355,1168,2722,2351,1166,98,100,0,501,2751;
@400000005e5774203a80a723 #d,-,18,2721,2350,1160,25,0,195167,12100,2722,2354,1169,2721,2350,1160,98,100,0,501,2753;
@400000005e5774223a907202 #d,-,18,2722,2350,1160,25,0,195185,12101,2722,2351,1193,2721,2349,1159,98,100,0,501,2757;
@400000005e5774223a9b5fb4 #d,-,18,2720,2352,1164,26,0,195708,12133,2722,2352,1166,2720,2349,1160,98,100,0,501,2751;
@400000005e5774243aab978a #d,-,18,2719,2349,1166,27,0,195125,12097,2720,2352,1167,2719,2349,1163,99,100,0,501,2742;
@400000005e5774243ab65d2f #d,-,18,2718,2350,1165,28,0,195101,12096,2719,2352,1167,2718,2349,1163,98,100,0,500,2746;
@400000005e5774263ac40918 #d,-,18,2716,2350,1166,28,0,195079,12094,2718,2351,1167,2716,2349,1164,98,100,0,500,2744;
@400000005e5774263acc4eec #d,-,18,2718,2347,1521,29,0,196026,12153,2718,2352,1521,2716,2347,1164,98,100,0,500,2757;
@400000005e5774283ad93388 #d,-,18,3371,2348,1607,30,0,197124,12221,3371,2350,1610,2718,2347,1499,100,100,0,500,3371;
@400000005e5774283ae1c2ef #d,-,18,3707,2349,1589,31,0,198791,12325,3707,2349,1607,3371,2347,1582,99,100,0,500,3712;
@400000005e57742a3aeee5f0 #d,-,18,3707,2347,1590,32,0,200382,12423,3707,2349,1591,3707,2347,1586,99,100,0,500,3735;
@400000005e57742a3af70fd3 #d,-,18,3707,2346,1589,33,0,202356,12546,3707,2349,1590,3707,2346,1584,99,100,0,500,3734;
@400000005e57742c3b042b61 #d,-,18,3708,2348,1583,34,0,203377,12609,3708,2348,1617,3707,2346,1583,99,100,0,500,3735;
@400000005e57742c3b0c74ef #d,-,18,3710,2349,1588,35,0,204759,12695,3710,2349,1590,3708,2346,1580,98,100,0,500,3750;
@400000005e57742e3b194d6f #d,-,18,3710,2343,1587,36,0,206080,12776,3710,2349,1590,3710,2343,1587,99,100,0,500,3735;
@400000005e57742e3b221782 #d,-,18,3710,2347,1587,37,0,207788,12882,3710,2350,1599,3710,2340,1585,99,100,0,500,3735;
@400000005e5774303b2f8c79 #d,-,18,3710,2345,1609,38,0,208585,12932,3710,2349,1609,3710,2344,1587,99,100,0,500,3732;
@400000005e5774303b37c631 #d,-,18,3713,2347,1603,39,0,209809,13008,3713,2348,1621,3710,2345,1591,98,100,0,500,3755;
@400000005e5774323b44baa2 #d,-,18,3716,2347,1593,40,0,210940,13078,3716,2348,1603,3713,2346,1587,98,100,0,500,3766;
@400000005e5774323b4d7126 #d,-,18,3716,2347,1600,41,0,212449,13171,3716,2347,1600,3716,2345,1593,99,100,0,500,3744;
@400000005e5774343b5b020d #d,-,18,3718,2345,1596,43,0,213503,13237,3718,2347,1600,3716,2344,1596,99,100,0,500,3753;
@400000005e5774343b634aac #d,-,18,3719,2345,1598,44,0,214113,13275,3719,2347,1599,3718,2345,1595,99,100,0,500,3751;
@400000005e5774363b70c091 #d,-,18,3720,2344,1619,45,0,215133,13338,3720,2346,1629,3719,2344,1596,99,100,0,500,3751;
@400000005e5774363b79154b #d,-,18,3724,2345,1598,46,0,216072,13396,3724,2347,1619,3720,2344,1590,98,100,0,500,3776;
@400000005e5774383b8682ce #d,-,18,3726,2346,1596,47,0,217004,13454,3726,2347,1613,3724,2344,1596,98,100,0,500,3764;
@400000005e5774383b8ec3fa #d,-,18,3726,2347,1605,48,0,217892,13509,3726,2347,1605,3726,2345,1594,99,100,0,500,3753;
@400000005e57743b000199c8 #d,-,18,3728,2346,1601,49,0,218752,13562,3728,2347,1605,3726,2345,1599,99,100,0,500,3764;
@400000005e57743b0009f32a #d,-,18,3729,2346,1631,50,0,219617,13616,3729,2347,1631,3728,2345,1601,99,100,0,500,3762;
@400000005e57743d0016bcc4 #d,-,18,3733,2346,1600,51,0,220788,13688,3733,2347,1631,3729,2345,1594,98,100,0,500,3787;
@400000005e57743d001f6373 #d,-,18,3733,2344,1601,52,0,221558,13736,3733,2347,1602,3733,2344,1598,99,100,0,500,3758;
@400000005e57743f002cc894 #d,-,18,3736,2344,1600,53,0,221973,13762,3736,2346,1621,3733,2344,1600,99,100,0,500,3773;
@400000005e57743f003525b1 #d,-,18,3737,2344,1611,54,0,222714,13808,3737,2345,1611,3736,2344,1600,99,100,0,500,3773;
@400000005e577441004211bf #d,-,18,3738,2344,1630,55,0,223452,13854,3738,2345,1630,3737,2343,1606,99,100,0,500,3774;
@400000005e577441004b167f #d,-,18,3743,2344,1610,56,0,224503,13919,3743,2344,1633,3738,2342,1604,98,100,0,500,3799;
@400000005e57744300588c64 #d,-,18,3744,2343,1607,57,0,224838,13939,3744,2344,1610,3743,2341,1607,99,100,0,500,3773;
@400000005e5774430060ba01 #d,-,18,3744,2341,1611,58,0,225494,13980,3744,2343,1611,3744,2340,1606,99,100,0,500,3773;
@400000005e577445006ddd02 #d,-,18,3745,2339,1612,59,0,226135,14020,3745,2341,1613,3744,2338,1611,99,100,0,500,3776;
@400000005e577445007668af #d,-,18,3748,2340,1634,60,0,226791,14061,3748,2341,1634,3745,2339,1611,99,100,0,500,3783;
@400000005e57744700835d20 #d,-,18,3753,2341,1619,61,0,227418,14099,3753,2341,1639,3748,2339,1607,98,100,0,500,3821;
@400000005e577447008c1ed1 #d,-,18,3754,2341,1615,62,0,228013,14136,3754,2341,1619,3753,2339,1612,99,100,0,500,3783;
@400000005e57744900994dee #d,-,18,3755,2339,1617,63,0,228594,14172,3755,2342,1617,3754,2338,1611,99,100,0,500,3783;
@400000005e57744900a183ed #d,-,18,3756,2341,1615,64,0,229159,14207,3756,2342,1618,3755,2339,1613,99,100,0,500,3787;
@400000005e57744b00aeba7d #d,-,18,3757,2340,1627,65,0,229713,14242,3757,2342,1627,3756,2340,1614,99,100,0,500,3789;
@400000005e57744b00b7af68 #d,-,18,3761,2341,1613,66,0,230266,14276,3761,2342,1645,3757,2339,1606,98,100,0,500,3814;
@400000005e57744d00c52cc0 #d,-,18,3761,2341,1615,67,0,230787,14308,3761,2342,1618,3761,2339,1613,99,100,0,500,3782;
@400000005e57744d00cd56a3 #d,-,18,3761,2344,1615,69,0,231594,14358,3761,2344,1618,3761,2341,1612,99,100,0,500,3789;
@400000005e57744f00daa0c2 #d,-,18,3761,2344,1613,70,0,231786,14370,3761,2344,1616,3761,2342,1610,99,100,0,500,3785;
@400000005e57744f00e30198 #d,-,18,3761,2343,1614,71,0,232269,14400,3761,2345,1615,3761,2343,1612,99,100,0,500,3783;
@400000005e57745100f06300 #d,-,18,3765,2345,1610,72,0,232759,14431,3765,2345,1642,3761,2343,1608,98,100,0,500,3808;
@400000005e57745100f89457 #d,-,18,3764,2347,1611,73,0,233506,14477,3765,2348,1615,3764,2343,1610,99,100,0,500,3789;
@400000005e577453010601da #d,-,18,3764,2345,1612,74,0,233666,14487,3764,2348,1613,3764,2345,1610,99,100,0,500,3785;
@400000005e577453010e4b67 #d,-,18,3764,2344,1612,75,0,234102,14514,3764,2347,1613,3764,2344,1611,99,100,0,500,3787;
@400000005e577455011d1093 #d,-,18,3764,2345,1618,76,0,234546,14541,3764,2346,1632,3764,2344,1612,99,100,0,500,3789;
@400000005e57745501259886 #d,-,18,3769,2343,1613,77,0,234983,14569,3769,2346,1642,3764,2343,1607,98,100,0,500,3823;
@400000005e5774570133287f #d,-,18,3770,2344,1615,78,0,235401,14594,3770,2346,1621,3769,2343,1613,99,100,0,500,3801;
@400000005e577457013bbc8e #d,-,18,3770,2345,1619,79,0,235806,14619,3770,2346,1620,3770,2344,1612,99,100,0,500,3796;
@400000005e5774590148cc00 #d,-,18,3771,2345,1616,80,0,236203,14644,3771,2347,1620,3770,2345,1614,99,100,0,500,3799;
@400000005e5774590151925a #d,-,18,3769,2345,1615,81,0,236579,14667,3771,2347,1622,3769,2345,1586,99,100,0,500,3780;
@400000005e57745b015ee3ec #d,-,18,3772,2345,1611,82,0,236979,14692,3772,2347,1645,3769,2344,1611,98,100,0,500,3812;
@400000005e57745b01672d7a #d,-,18,3773,2346,1618,83,0,237351,14715,3773,2347,1619,3772,2344,1610,98,100,0,500,3812;
@400000005e57745d017415cf #d,-,18,3774,2346,1616,84,0,237713,14738,3774,2347,1621,3773,2345,1615,99,100,0,500,3801;
@400000005e57745d017cb8c5 #d,-,18,3774,2345,1618,85,0,238069,14760,3774,2346,1619,3774,2344,1616,99,100,0,500,3796;
@400000005e57745f018aa6cd #d,-,18,3774,2346,1612,86,0,238415,14781,3774,2346,1619,3774,2344,1612,99,100,0,500,3799;
@400000005e57745f0193e9f3 #d,-,18,3775,2345,1617,87,0,239027,14819,3775,2346,1647,3774,2342,1612,99,100,0,500,3799;
@400000005e57746101a0f69b #d,-,18,3777,2345,1613,88,0,239350,14839,3777,2346,1619,3775,2343,1611,99,100,0,500,3815;
@400000005e57746101a9c821 #d,-,18,3776,2345,1618,89,0,239426,14844,3777,2346,1618,3776,2344,1613,99,100,0,500,3794;
@400000005e57746301b91634 #d,-,18,3775,2344,1618,90,0,239747,14864,3776,2346,1619,3775,2344,1616,99,100,0,500,3798;
@400000005e57746301c30871 #d,-,18,3775,2343,1615,92,0,240060,14883,3775,2346,1620,3775,2343,1615,99,100,0,500,3798;
@400000005e57746501d1495d #d,-,18,3776,2344,1528,93,0,240598,14917,3776,2345,1645,3775,2343,1528,99,100,0,500,3798;
@400000005e57746501daf979 #d,-,18,3565,2343,1529,93,0,240433,14906,3776,2346,1529,3565,2343,1439,98,100,0,500,3623;
@400000005e57746701e8adc4 #d,-,18,3561,2344,1524,94,0,240570,14915,3565,2345,1530,3561,2343,1518,100,100,0,500,3561;
@400000005e57746701f0f2a9 #d,-,18,3559,2344,1523,95,0,240709,14923,3561,2345,1525,3559,2343,1523,99,100,0,500,3572;
@400000005e57746901fe293a #d,-,18,3558,2343,1575,97,0,240857,14933,3559,2345,1575,3558,2343,1521,99,100,0,500,3577;
@400000005e57746902071e24 #d,-,18,3692,2343,1644,98,0,241394,14966,3692,2345,1647,3558,2342,1575,99,100,0,500,3700;
@400000005e57746b0214c29a #d,-,18,3796,2344,1618,99,0,241445,14969,3796,2345,1644,3692,2342,1611,99,100,0,500,3817;
@400000005e57746b021d139b #d,-,18,3793,2346,1613,100,0,241718,14986,3796,2346,1620,3793,2344,1613,99,100,0,500,3799;
@400000005e57746d022a84d7 #d,-,18,3791,2347,1615,101,0,241986,15003,3793,2348,1617,3791,2345,1613,99,100,0,500,3796;
@400000005e57746d023300b0 #d,-,18,3788,2348,1615,102,0,242247,15019,3791,2348,1617,3788,2346,1613,99,100,0,500,3798;
@400000005e57746f023a6f61 #d,-,18,3786,2349,1642,103,0,242521,15036,3788,2349,1642,3786,2346,1614,99,100,0,500,3796;
@400000005e57746f023db76e #d,-,18,3788,2349,1614,104,0,242774,15052,3788,2349,1642,3786,2347,1609,99,100,0,500,3821;
@400000005e577471024a5188 #d,-,18,3785,2351,1195,105,0,242833,15055,3788,2351,1615,3785,2347,1195,99,100,0,500,3794;
@400000005e5774710255a3cf #d,-,18,2965,2350,1143,106,0,242431,15030,3785,2351,1216,2965,2349,1143,95,100,0,500,3089;
@400000005e577473026655a6 #d,-,18,2574,2350,1159,106,0,241875,14996,2965,2352,1159,2574,2349,1035,97,100,0,500,2646;
@400000005e5774730270f074 #d,-,18,2645,2350,1190,107,0,241465,14970,2645,2352,1190,2574,2349,1143,99,100,0,500,2662;
@400000005e577475027ecaee #d,-,18,2746,2350,1166,108,0,241082,14947,2746,2351,1212,2645,2349,1165,98,100,0,500,2776;
@400000005e57747502891fe3 #d,-,18,2741,2349,1170,108,0,240684,14922,2746,2351,1171,2741,2349,1163,99,100,0,500,2746;
@400000005e5774770297d17f #d,-,18,2738,2349,1168,109,0,240297,14898,2741,2351,1172,2738,2349,1167,99,100,0,500,2753;
@400000005e57747702a28fb1 #d,-,18,2735,2348,1168,110,0,239915,14874,2738,2351,1169,2735,2348,1166,99,100,0,500,2751;
@400000005e57747902b1cdef #d,-,18,2733,2349,1188,111,0,239544,14851,2735,2350,1188,2733,2348,1167,99,100,0,500,2751;
@400000005e57747902bc5ca2 #d,-,18,2734,2348,1169,111,0,239183,14829,2734,2351,1197,2733,2348,1160,98,100,0,500,2778;
@400000005e57747b02cc3b10 #d,-,18,2732,2350,1167,112,0,238819,14806,2734,2350,1169,2732,2348,1167,99,100,0,500,2746;
@400000005e57747b02d69c20 #d,-,18,2729,2350,1167,113,0,238461,14784,2732,2351,1168,2729,2348,1167,99,100,0,500,2749;
@400000005e57747d02e72231 #d,-,18,2727,2349,1167,114,0,238108,14762,2729,2350,1168,2727,2348,1166,99,100,0,500,2749;
@400000005e57747d02f16ec4 #d,-,18,2726,2349,1176,114,0,237762,14741,2727,2351,1176,2726,2348,1165,99,100,0,500,2748;
@400000005e57747f03013d5d #d,-,18,2728,2351,1167,115,0,237621,14732,2728,2351,1194,2726,2348,1161,98,100,0,500,2776;
@400000005e57747f030c74a1 #d,-,18,2726,2351,1167,116,0,237097,14700,2728,2351,1169,2726,2349,1166,99,100,0,500,2748;
@400000005e577481031d4534 #d,-,18,2724,2349,1167,117,0,236766,14679,2726,2351,1168,2724,2349,1165,99,100,0,500,2749;
@400000005e5774810327bd8d #d,-,18,2723,2352,1166,117,0,236439,14659,2724,2352,1167,2723,2349,1165,99,100,0,500,2748;
@400000005e5774830338722f #d,-,18,2722,2352,1166,118,0,236117,14639,2723,2352,1167,2722,2350,1165,99,100,0,500,2749;
@400000005e5774830342ee41 #d,-,18,2724,2352,1163,119,0,235814,14620,2724,2352,1193,2722,2350,1160,98,100,0,500,2769;
@400000005e577485035393fc #d,-,18,2722,2351,1166,120,0,235679,14612,2724,2352,1168,2722,2350,1163,98,100,0,500,2751;
@400000005e577485035ddcd6 #d,-,18,2721,2353,1165,120,0,235194,14582,2722,2353,1167,2721,2351,1165,99,100,0,500,2746;
@400000005e577487036da042 #d,-,18,2720,2352,1164,121,0,234889,14563,2721,2354,1166,2720,2352,1164,98,100,0,500,2748;
@400000005e57748703782b3b #d,-,18,2718,2354,1164,122,0,234589,14544,2720,2355,1165,2718,2352,1163,99,100,0,500,2744;
@400000005e57748903891f31 #d,-,18,2720,2354,1161,123,0,234479,14537,2720,2355,1193,2718,2351,1160,98,100,0,500,2764;
@400000005e57748903937337 #d,-,18,2720,2353,1165,123,0,234017,14509,2720,2355,1166,2720,2352,1161,98,100,0,500,2755;
@400000005e57748b03a3ee1c #d,-,18,2718,2354,1164,124,0,233730,14491,2720,2356,1166,2718,2352,1164,98,100,0,500,2746;
@400000005e57748b03ae88ea #d,-,18,2718,2353,1165,125,0,233449,14473,2718,2355,1165,2718,2352,1164,98,100,0,500,2748;
@400000005e57748d03bf1b16 #d,-,18,2717,2354,1165,126,0,233170,14456,2718,2354,1166,2717,2351,1164,98,100,0,500,2748;
@400000005e57748d03c9700b #d,-,18,2718,2353,1160,126,0,232911,14440,2718,2354,1193,2717,2351,1160,98,100,0,500,2758;
@400000005e57748f03d96208 #d,-,18,2719,2353,1165,127,0,232640,14423,2719,2353,1167,2718,2351,1159,98,100,0,500,2762;
@400000005e57748f03e46613 #d,-,18,2718,2352,1166,128,0,232374,14407,2719,2354,1166,2718,2352,1165,98,100,0,500,2748;
@400000005e57749103f4c14d #d,-,18,2718,2352,1166,129,0,232111,14390,2718,2354,1166,2718,2352,1164,98,100,0,500,2748;
@400000005e57749103fff892 #d,-,18,2717,2353,1165,129,0,232011,14384,2718,2354,1166,2717,2352,1163,98,100,0,500,2748;
@400000005e57749304109a93 #d,-,18,2717,2354,1164,130,0,231610,14359,2717,2354,1192,2717,2351,1164,98,100,0,500,2753;
@400000005e577493041b21d3 #d,-,18,2718,2352,1165,131,0,231356,14344,2718,2354,1167,2717,2352,1158,98,100,0,500,2765;
@400000005e577495042bb7b9 #d,-,18,2718,2352,1165,132,0,231108,14328,2718,2354,1165,2718,2351,1164,98,100,0,500,2749;
@400000005e57749504364ece #d,-,18,2717,2353,1164,132,0,230862,14313,2718,2354,1166,2717,2352,1164,98,100,0,500,2748;
@400000005e57749704462982 #d,-,18,2716,2354,1165,133,0,230620,14298,2717,2354,1165,2716,2352,1163,98,100,0,500,2748;
@400000005e577497045079ce #d,-,18,2716,2355,1175,134,0,230546,14293,2716,2355,1192,2716,2353,1164,98,100,0,500,2748;
@400000005e5774990460e124 #d,-,18,2718,2354,1164,135,0,230156,14269,2718,2355,1175,2716,2351,1158,98,100,0,500,2769;
@400000005e577499046bca2d #d,-,18,2718,2354,1165,135,0,229923,14255,2718,2354,1165,2718,2352,1163,98,100,0,500,2748;
@400000005e57749b047b7650 #d,-,18,2717,2353,1165,136,0,229692,14240,2718,2354,1165,2717,2352,1164,98,100,0,500,2748;
@400000005e57749b048559a6 #d,-,18,2716,2352,1164,137,0,229464,14226,2717,2354,1166,2716,2351,1163,98,100,0,500,2746;
@400000005e57749d04937640 #d,-,18,2871,2349,1557,138,0,229533,14231,2871,2353,1588,2716,2349,1164,100,100,0,500,2871;
@400000005e57749d049bee5e #d,-,18,3713,2349,1615,139,0,229787,14246,3713,2351,1626,2871,2348,1547,100,100,0,500,3713;
@400000005e57749f04a9968e #d,-,18,3778,2349,1617,140,0,230050,14263,3778,2350,1621,3713,2348,1615,99,100,0,500,3805;
@400000005e57749f04b20291 #d,-,18,3778,2349,1617,141,0,230309,14279,3778,2350,1618,3778,2348,1615,99,100,0,500,3803;
@400000005e5774a104bf7875 #d,-,18,3778,2348,1629,142,0,230568,14295,3778,2350,1629,3778,2347,1616,99,100,0,500,3805;
@400000005e5774a104c7c4ce #d,-,18,3781,2350,1646,143,0,230836,14311,3781,2350,1646,3778,2347,1622,99,100,0,500,3819;
@400000005e5774a304d555b5 #d,-,18,3784,2348,1623,144,0,231092,14327,3784,2350,1647,3781,2347,1616,98,100,0,500,3839;
@400000005e5774a304dde162 #d,-,18,3786,2349,1630,145,0,231345,14343,3786,2350,1630,3784,2347,1619,99,100,0,500,3815;
@400000005e5774a504eb1439 #d,-,18,3788,2349,1619,146,0,231595,14358,3788,2350,1632,3786,2348,1616,98,100,0,500,3828;
@400000005e5774a504f4dc8c #d,-,18,3788,2350,1624,147,0,231983,14382,3788,2352,1625,3788,2349,1619,99,100,0,500,3814;
@400000005e5774a705034761 #d,-,18,3789,2351,1655,148,0,232235,14398,3789,2351,1656,3788,2348,1620,99,100,0,500,3821;
@400000005e5774a7050bc339 #d,-,18,3794,2350,1626,149,0,232343,14405,3794,2351,1655,3789,2349,1621,98,100,0,500,3853;
@400000005e5774a90518e63b #d,-,18,3796,2350,1625,150,0,232584,14420,3796,2351,1630,3794,2350,1623,99,100,0,500,3824;
@400000005e5774a90521cff8 #d,-,18,3797,2351,1632,152,0,232823,14435,3797,2352,1632,3796,2349,1623,99,100,0,500,3830;
@400000005e5774ab0530282d #d,-,18,3797,2351,1641,153,0,233062,14449,3797,2351,1641,3797,2349,1624,99,100,0,500,3828;
@400000005e5774ab0539962a #d,-,18,3800,2352,1648,154,0,233304,14464,3800,2352,1648,3797,2349,1627,98,100,0,500,3844;
@400000005e5774ad0546e402 #d,-,18,3806,2351,1630,155,0,233682,14488,3806,2352,1656,3800,2348,1627,98,100,0,500,3862;
@400000005e5774ad054fb589 #d,-,18,3806,2351,1630,156,0,233778,14494,3806,2351,1633,3806,2348,1628,99,100,0,500,3837;
@400000005e5774af055df675 #d,-,18,3807,2350,1632,157,0,234007,14508,3807,2351,1632,3806,2348,1629,99,100,0,500,3837;
@400000005e5774af05669109 #d,-,18,3808,2347,1629,158,0,234233,14522,3808,2350,1634,3807,2347,1627,99,100,0,500,3839;
@400000005e5774b10573e744 #d,-,18,3809,2348,1659,159,0,234462,14536,3809,2349,1659,3808,2346,1629,99,100,0,500,3835;
@400000005e5774b1057cd101 #d,-,18,3862,2346,1632,160,0,234697,14551,3862,2349,1668,3809,2345,1629,99,100,0,500,3881;
@400000005e5774b3058b6b55 #d,-,18,3856,2347,1637,161,1,234920,14565,3862,2348,1640,3856,2345,1632,100,100,0,500,3856;
@400000005e5774b30593cfe5 #d,-,18,3851,2347,1637,162,1,235139,14578,3856,2349,1641,3851,2346,1629,100,100,0,500,3851;
@400000005e5774b505a0f2e6 #d,-,18,3848,2346,1638,163,1,235357,14592,3851,2348,1638,3848,2346,1633,99,100,0,500,3849;
@400000005e5774b505a9d088 #d,-,18,3845,2347,1640,164,1,235562,14604,3848,2348,1640,3845,2346,1588,99,100,0,500,3847;
@400000005e5774b705b77c72 #d,-,18,3844,2347,1635,165,1,235788,14618,3845,2347,1673,3844,2345,1630,99,100,0,500,3851;
@400000005e5774b705bfd12c #d,-,18,3841,2346,1639,166,1,236130,14640,3844,2347,1643,3841,2344,1635,99,100,0,500,3849;
@400000005e5774b905cd9cbf #d,-,18,3839,2344,1647,167,1,236212,14645,3841,2347,1647,3839,2344,1638,99,100,0,500,3853;
@400000005e5774b905d6a539 #d,-,18,3840,2344,1633,169,1,236425,14658,3840,2346,1658,3839,2344,1633,99,100,0,500,3867;
@400000005e5774bb05e3dbc9 #d,-,18,3839,2345,1643,170,1,236635,14671,3840,2345,1647,3839,2343,1632,99,100,0,500,3855;
@400000005e5774bb05ec2cca #d,-,18,3842,2342,1639,171,1,236851,14684,3842,2345,1678,3839,2342,1636,99,100,0,500,3879;
@400000005e5774bd05f9cc97 #d,-,18,3841,2342,1645,172,1,237056,14697,3842,2344,1650,3841,2342,1639,99,100,0,500,3869;
@400000005e5774bd0602486f #d,-,18,3841,2345,1646,173,1,237260,14710,3841,2345,1646,3841,2342,1644,99,100,0,500,3862;
@400000005e5774bf0610b433 #d,-,18,3841,2343,1645,174,1,237462,14722,3841,2345,1648,3841,2343,1645,99,100,0,500,3862;
@400000005e5774bf0619acd7 #d,-,18,3841,2345,1646,175,1,237786,14742,3841,2346,1649,3841,2343,1641,99,100,0,500,3863;
@400000005e5774c106270f2d #d,-,18,3843,2346,1640,176,1,237869,14747,3843,2346,1674,3841,2344,1640,99,100,0,500,3878;
@400000005e5774c106301b60 #d,-,18,3844,2345,1641,177,1,238064,14759,3844,2347,1647,3843,2345,1639,99,100,0,500,3878;
@400000005e5774c3063da02b #d,-,18,3844,2344,1644,178,1,238256,14771,3844,2346,1647,3844,2343,1641,99,100,0,500,3862;
@400000005e5774c306462bd9 #d,-,18,3843,2343,1643,179,1,238446,14783,3844,2345,1646,3843,2343,1641,99,100,0,500,3860;
@400000005e5774c506535294 #d,-,18,3844,2344,1644,180,1,238763,14803,3844,2345,1664,3843,2343,1643,99,100,0,500,3872;
@400000005e5774c5065c0cd2 #d,-,18,3845,2346,1648,181,1,238842,14808,3845,2346,1681,3844,2342,1640,99,100,0,500,3872;
@400000005e5774c70669efae #d,-,18,3848,2346,1648,182,1,239029,14819,3848,2346,1652,3845,2344,1640,98,100,0,500,3894;
@400000005e5774c7067359f1 #d,-,18,3848,2345,1647,183,1,239214,14831,3848,2347,1650,3848,2344,1643,99,100,0,500,3869;
@400000005e5774c9068182a6 #d,-,18,3847,2346,1648,184,1,239398,14842,3848,2347,1649,3847,2345,1644,99,100,0,500,3869;
@400000005e5774c9068aa356 #d,-,18,3847,2345,1643,186,1,239579,14853,3847,2347,1649,3847,2345,1643,99,100,0,500,3871;
@400000005e5774cb06987a17 #d,-,18,3847,2347,1658,187,1,239889,14873,3847,2347,1677,3847,2345,1642,99,100,0,500,3869;
@400000005e5774cb06a274b5 #d,-,18,3850,2347,1647,188,1,240065,14884,3850,2347,1658,3847,2344,1634,98,100,0,500,3892;
@400000005e5774cd06b0d0a3 #d,-,18,3849,2345,1646,189,1,240124,14887,3850,2347,1649,3849,2345,1644,99,100,0,500,3872;
@400000005e5774cd06ba9cb0 #d,-,18,3849,2347,1641,190,1,240298,14898,3849,2348,1649,3849,2344,1641,99,100,0,500,3867;
@400000005e5774cf06c8d8f4 #d,-,18,3848,2347,1645,191,1,240471,14909,3849,2349,1648,3848,2346,1641,99,100,0,500,3867;
@400000005e5774cf06d1d552 #d,-,18,3848,2348,1670,192,1,240653,14920,3848,2349,1673,3848,2347,1641,99,100,0,500,3871;
@400000005e5774d106e2b973 #d,-,18,3851,2348,1644,193,1,240820,14930,3851,2348,1670,3848,2346,1639,98,100,0,500,3894;
@400000005e5774d106ef25eb #d,-,18,3847,2346,1645,194,1,240982,14940,3851,2349,1654,3847,2346,1606,100,100,0,500,3847;
@400000005e5774d106f69c0f #d,-,18,3847,2347,1646,195,1,241148,14951,3847,2349,1647,3847,2346,1643,99,100,0,500,3869;
@400000005e5774d30703a40f #d,-,18,3847,2348,1645,196,1,241313,14961,3847,2348,1648,3847,2346,1643,99,100,0,500,3871;
@400000005e5774d507128083 #d,-,18,3847,2347,1674,197,1,241485,14972,3847,2348,1674,3847,2345,1645,99,100,0,500,3871;
@400000005e5774d5071aec86 #d,-,18,3849,2346,1646,198,1,241646,14982,3849,2348,1674,3847,2346,1633,98,100,0,500,3888;
@400000005e5774d70729d15b #d,-,18,3848,2347,1646,199,1,241805,14991,3849,2347,1647,3848,2345,1640,99,100,0,500,3865;
@400000005e5774d70733a895 #d,-,18,3848,2346,1645,201,1,241964,15001,3848,2348,1649,3848,2345,1643,99,100,0,500,3869;
@400000005e5774d7073b3e64 #d,-,18,3848,2347,1643,202,1,242120,15011,3848,2347,1648,3848,2345,1641,99,100,0,500,3867;
@400000005e5774d907486166 #d,-,18,3847,2346,1680,203,1,242392,15028,3848,2348,1680,3847,2345,1639,99,100,0,500,3865;
@400000005e5774d90750cd69 #d,-,18,3850,2349,1643,204,1,242548,15038,3850,2349,1681,3847,2346,1636,98,100,0,500,3894;
@400000005e5774db075f6403 #d,-,18,3849,2348,1645,205,1,242589,15040,3850,2349,1647,3849,2347,1640,99,100,0,500,3862;
@400000005e5774db07696e76 #d,-,18,3848,2347,1555,206,1,242728,15049,3849,2349,1645,3848,2346,1555,99,100,0,500,3865;
@400000005e5774dd07715dad #d,-,18,3609,2349,1511,207,1,242761,15051,3848,2349,1555,3609,2347,1467,98,100,0,500,3666;
@400000005e5774dd0774c0bd #d,-,18,3604,2349,1453,208,1,242825,15055,3609,2349,1556,3604,2347,1453,100,100,0,500,3604;
@400000005e5774df07842d8c #d,-,18,3147,2349,1169,209,1,242625,15042,3604,2350,1453,3147,2348,1157,96,100,0,500,3262;
@400000005e5774df078eebbe #d,-,18,2689,2347,1151,209,1,242502,15035,3147,2350,1183,2689,2347,1088,98,100,0,500,2723;
@400000005e5774e1079c41f8 #d,-,18,2692,2350,1171,210,1,242189,15015,2692,2350,1191,2689,2347,1151,97,100,0,500,2751;
@400000005e5774e107a6ae36 #d,-,18,2697,2348,1174,211,1,241982,15002,2697,2350,1174,2692,2348,1170,97,100,0,500,2767;
@400000005e5774e307b309ea #d,-,18,2701,2349,1185,212,1,241779,14990,2701,2350,1185,2697,2348,1173,97,100,0,500,2762;
@400000005e5774e307bdf6ad #d,-,18,2758,2348,1172,212,1,241584,14978,2758,2349,1202,2701,2347,1166,98,100,0,500,2790;
@400000005e5774e507cadff0 #d,-,18,2753,2347,1174,213,1,241382,14965,2758,2350,1174,2753,2347,1172,99,100,0,500,2758;
@400000005e5774e507d54012 #d,-,18,2750,2348,1173,214,1,241183,14953,2753,2349,1174,2750,2347,1172,99,100,0,500,2762;
@400000005e5774e707e4897d #d,-,18,2747,2347,1173,215,1,240985,14941,2750,2348,1175,2747,2347,1172,99,100,0,500,2760;
@400000005e5774e707ef99a4 #d,-,18,2744,2348,1173,215,1,240892,14935,2747,2349,1173,2744,2347,1172,99,100,0,500,2760;
@400000005e5774e907ff8f5a #d,-,18,2745,2347,1169,216,1,240705,14923,2745,2348,1201,2744,2346,1165,98,100,0,500,2785;
@400000005e5774e9080a22b5 #d,-,18,2742,2347,1172,217,1,240409,14905,2745,2349,1173,2742,2347,1169,99,100,0,500,2760;
@400000005e5774eb0818a207 #d,-,18,2740,2348,1172,218,1,240216,14893,2742,2348,1173,2740,2346,1170,99,100,0,500,2757;
@400000005e5774eb0822fe6f #d,-,18,2738,2348,1170,218,1,240025,14881,2740,2349,1172,2738,2347,1170,99,100,0,500,2757;
@400000005e5774ed08327759 #d,-,18,2736,2349,1171,219,1,239837,14869,2738,2350,1172,2736,2347,1170,99,100,0,500,2758;
@400000005e5774ed083d92ad #d,-,18,2737,2349,1165,220,1,239657,14858,2737,2350,1200,2736,2347,1164,98,100,0,500,2776;
@400000005e5774ef084e2d3b #d,-,18,2736,2348,1171,221,1,239471,14847,2737,2350,1173,2736,2347,1165,98,100,0,500,2764;
@400000005e5774ef0858c362 #d,-,18,2734,2347,1170,221,1,239386,14841,2736,2349,1172,2734,2347,1170,99,100,0,500,2757;
@400000005e5774f108698154 #d,-,18,2732,2350,1171,222,1,239103,14824,2734,2350,1172,2732,2347,1170,99,100,0,500,2757;
@400000005e5774f10873f05c #d,-,18,2731,2350,1171,223,1,238922,14813,2732,2350,1171,2731,2348,1169,99,100,0,500,2757;
@400000005e5774f30884b208 #d,-,18,2732,2349,1164,224,1,238750,14802,2732,2350,1198,2731,2348,1164,98,100,0,500,2767;
@400000005e5774f3088f5090 #d,-,18,2732,2349,1169,224,1,238570,14791,2732,2351,1173,2732,2348,1164,98,100,0,500,2769;
@400000005e5774f508a00267 #d,-,18,2730,2349,1170,225,1,238393,14780,2732,2351,1171,2730,2348,1169,99,100,0,500,2755;
@400000005e5774f508aa8145 #d,-,18,2729,2347,1171,226,1,238314,14775,2730,2350,1172,2729,2347,1170,98,100,0,500,2757;
@400000005e5774f708baf86f #d,-,18,2728,2348,1172,227,1,238043,14758,2729,2350,1172,2728,2347,1170,98,100,0,500,2757;
@400000005e5774f708c5f14d #d,-,18,2729,2349,1170,227,1,237879,14748,2729,2349,1199,2728,2346,1170,98,100,0,500,2764;
@400000005e5774f908d66feb #d,-,18,2730,2347,1171,228,1,237706,14737,2730,2350,1173,2729,2347,1164,98,100,0,500,2774;
@400000005e5774f908e0f371 #d,-,18,2729,2348,1171,229,1,237536,14727,2730,2349,1173,2729,2347,1170,98,100,0,500,2758;
@400000005e5774fb08f1cf31 #d,-,18,2728,2347,1171,230,1,237368,14716,2729,2349,1172,2728,2347,1170,98,100,0,500,2757;
@400000005e5774fb08fc6645 #d,-,18,2727,2349,1171,230,1,237200,14706,2728,2349,1172,2727,2347,1169,98,100,0,500,2757;
@400000005e5774fd090d3f3a #d,-,18,2727,2347,1180,231,1,237043,14696,2727,2349,1199,2727,2347,1170,98,100,0,500,2757;
@400000005e5774fd09178f86 #d,-,18,2729,2349,1169,232,1,236876,14686,2729,2349,1180,2727,2347,1163,98,100,0,500,2780;
@400000005e5774ff0927b876 #d,-,18,2728,2346,1171,233,1,236805,14681,2729,2349,1171,2728,2346,1169,99,100,0,500,2755;
@400000005e5774ff0932b066 #d,-,18,2727,2349,1160,233,1,236547,14665,2728,2349,1171,2727,2346,1160,98,100,0,500,2755;
@400000005e5775010943042c #d,-,18,2724,2347,1169,234,1,236383,14655,2727,2349,1170,2724,2347,1159,99,100,0,500,2739;
@400000005e577501094dbaeb #d,-,18,2723,2348,1189,235,1,236229,14646,2724,2349,1196,2723,2346,1166,99,100,0,500,2749;
@400000005e577503095eb655 #d,-,18,2724,2349,1168,236,1,236067,14636,2724,2349,1189,2723,2346,1161,98,100,0,500,2773;
@400000005e57750309694508 #d,-,18,2723,2348,1167,236,1,235908,14626,2724,2349,1168,2723,2347,1166,99,100,0,500,2748;
@400000005e577505097a1a42 #d,-,18,2722,2348,1167,237,1,235749,14616,2723,2349,1168,2722,2347,1166,99,100,0,500,2748;
@400000005e5775050984c03e #d,-,18,2721,2348,1168,238,1,235592,14606,2722,2349,1168,2721,2347,1166,99,100,0,500,2748;
@400000005e57750709953edb #d,-,18,2720,2348,1195,239,1,235531,14602,2721,2349,1196,2720,2346,1166,98,100,0,500,2748;
@400000005e577507099fbea7 #d,-,18,2722,2349,1166,239,1,235287,14587,2722,2349,1195,2720,2346,1160,98,100,0,500,2773;
@400000005e57750909afc079 #d,-,18,2720,2348,1159,240,1,235131,14578,2722,2349,1167,2720,2347,1159,99,100,0,500,2746;
@400000005e57750909bad45a #d,-,18,2717,2348,1166,241,1,234975,14568,2720,2350,1167,2717,2348,1159,99,100,0,500,2732;
@400000005e57750b09ca9b7f #d,-,18,2716,2350,1162,242,1,234821,14558,2717,2350,1166,2716,2347,1162,99,100,0,500,2742;
@400000005e57750b09d48648 #d,-,18,2715,2349,1581,243,1,234769,14555,2716,2351,1581,2715,2348,1162,99,100,0,500,2737;
@400000005e57750d09e2d261 #d,-,18,3532,2348,1590,244,1,234871,14562,3532,2351,1599,2715,2348,1511,100,100,0,500,3532;
@400000005e57750d09eb2362 #d,-,18,3707,2349,1586,245,1,235072,14574,3707,2350,1590,3532,2348,1578,99,100,0,500,3719;
@400000005e57750f09f84ec5 #d,-,18,3706,2350,1584,246,1,235184,14581,3707,2350,1587,3706,2347,1583,99,100,0,500,3728;
@400000005e57750f0a011c92 #d,-,18,3706,2348,1584,247,1,235210,14583,3706,2350,1586,3706,2348,1581,99,100,0,500,3726;
@400000005e5775110a0ee37d #d,-,18,3706,2348,1616,248,1,235329,14590,3706,2350,1616,3706,2348,1583,99,100,0,500,3728;
@400000005e5775110a17347e #d,-,18,3711,2349,1588,249,1,235444,14597,3711,2350,1619,3706,2348,1575,98,100,0,500,3774;
@400000005e5775130a2496d4 #d,-,18,3710,2350,1587,250,1,235558,14604,3711,2351,1591,3710,2348,1586,99,100,0,500,3728;
@400000005e5775130a2d1666 #d,-,18,3710,2351,1592,251,1,235673,14611,3710,2351,1603,3710,2348,1586,99,100,0,500,3735;
@400000005e5775150a3a4cf6 #d,-,18,3712,2350,1589,252,1,235869,14623,3712,2352,1592,3710,2349,1584,98,100,0,500,3750;
@400000005e5775150a431ac3 #d,-,18,3713,2350,1601,253,1,235897,14625,3713,2353,1601,3712,2349,1588,99,100,0,500,3742;
@400000005e5775170a5118a1 #d,-,18,3717,2351,1590,254,1,236013,14632,3717,2351,1619,3713,2348,1585,98,100,0,500,3771;
@400000005e5775170a59894c #d,-,18,3717,2352,1594,255,1,236125,14639,3717,2353,1596,3717,2349,1590,99,100,0,500,3742;
@400000005e5775190a66a4da #d,-,18,3719,2352,1590,256,1,236236,14646,3719,2353,1594,3717,2351,1590,99,100,0,500,3753;
@400000005e5775190a6f62d2 #d,-,18,3719,2351,1590,257,1,236345,14653,3719,2354,1592,3719,2351,1588,99,100,0,500,3748;
@400000005e57751b0a7d4968 #d,-,18,3720,2350,1594,258,1,236456,14660,3720,2353,1596,3719,2350,1590,99,100,0,500,3748;
@400000005e57751b0a85b56b #d,-,18,3725,2352,1589,259,1,236570,14667,3725,2353,1620,3720,2350,1584,98,100,0,500,3776;
@400000005e57751d0a92fcbe #d,-,18,3724,2353,1599,260,1,236683,14674,3725,2353,1610,3724,2350,1589,99,100,0,500,3751;
@400000005e57751d0a9ba727 #d,-,18,3727,2350,1595,261,1,236792,14681,3727,2353,1599,3724,2350,1591,98,100,0,500,3767;
@400000005e57751f0aa96a59 #d,-,18,3728,2352,1595,262,1,236901,14687,3728,2353,1601,3727,2350,1594,99,100,0,500,3762;
@400000005e57751f0ab1db04 #d,-,18,3729,2353,1597,263,1,237010,14694,3729,2353,1597,3728,2352,1594,99,100,0,500,3760;
@400000005e5775210abf3c6c #d,-,18,3733,2352,1592,264,1,237124,14701,3733,2354,1623,3729,2352,1591,98,100,0,500,3782;
@400000005e5775210ac83156 #d,-,18,3734,2351,1598,265,1,237232,14708,3734,2354,1598,3733,2351,1592,99,100,0,500,3769;
@400000005e5775230ad60816 #d,-,18,3735,2354,1598,266,1,237421,14720,3735,2354,1601,3734,2351,1595,99,100,0,500,3764;
@400000005e5775230ade7508 #d,-,18,3736,2354,1612,267,1,237448,14721,3736,2354,1613,3735,2352,1595,99,100,0,500,3766;
@400000005e5775250aec24ab #d,-,18,3738,2353,1600,268,1,237555,14728,3738,2354,1612,3736,2352,1595,98,100,0,500,3780;
@400000005e5775250af4a7f6 #d,-,18,3741,2353,1594,269,1,237669,14735,3741,2354,1629,3738,2352,1594,98,100,0,500,3780;
@400000005e5775270b02b1ef #d,-,18,3743,2353,1600,270,1,237775,14742,3743,2354,1602,3741,2353,1594,98,100,0,500,3785;
@400000005e5775270b0b0e1d #d,-,18,3744,2353,1599,271,1,237960,14753,3744,2354,1604,3743,2352,1599,99,100,0,500,3773;
@400000005e5775290b188048 #d,-,18,3744,2354,1601,272,1,238065,14760,3744,2354,1603,3744,2351,1599,99,100,0,500,3773;
@400000005e5775290b212e6b #d,-,18,3745,2353,1601,274,1,238091,14761,3745,2354,1605,3744,2351,1601,99,100,0,500,3776;
@400000005e57752b0b2e6d5d #d,-,18,3747,2353,1601,275,1,238201,14768,3747,2354,1633,3745,2351,1599,99,100,0,500,3780;
@400000005e57752b0b373b2a #d,-,18,3750,2352,1621,276,1,238307,14775,3750,2353,1622,3747,2351,1595,98,100,0,500,3796;
@400000005e57752d0b44f32e #d,-,18,3753,2353,1604,277,1,238412,14781,3753,2354,1621,3750,2351,1602,98,100,0,500,3796;
@400000005e57752d0b4d2bf8 #d,-,18,3754,2352,1605,278,1,238597,14793,3754,2355,1611,3753,2352,1604,99,100,0,500,3783;
@400000005e57752f0b5af3d2 #d,-,18,3755,2353,1606,279,1,238621,14794,3755,2354,1608,3754,2352,1603,99,100,0,500,3785;
@400000005e57752f0b63ba2c #d,-,18,3756,2353,1615,280,1,238731,14801,3756,2355,1634,3755,2353,1605,99,100,0,500,3789;
@400000005e5775310b71616d #d,-,18,3759,2353,1608,281,1,238832,14807,3759,2354,1615,3756,2352,1600,98,100,0,500,3808;
@400000005e5775310b79b26d #d,-,18,3760,2352,1603,282,1,238934,14813,3760,2355,1609,3759,2352,1603,99,100,0,500,3787;
@400000005e5775330b8714c3 #d,-,18,3759,2351,1609,283,1,239034,14820,3760,2354,1609,3759,2351,1601,99,100,0,500,3780;
@400000005e5775330b8fd675 #d,-,18,3760,2351,1608,284,1,239212,14831,3760,2352,1609,3759,2349,1606,99,100,0,500,3787;
@400000005e5775350b9dfb70 #d,-,18,3760,2351,1633,285,1,239242,14833,3760,2351,1638,3760,2349,1607,99,100,0,500,3787;
@400000005e5775350ba64144 #d,-,18,3763,2350,1606,286,1,239340,14839,3763,2351,1633,3760,2350,1601,98,100,0,500,3812;
@400000005e5775370bb3a2ac #d,-,18,3763,2350,1609,287,1,239439,14845,3763,2352,1610,3763,2350,1606,99,100,0,500,3787;
@400000005e5775370bbc7079 #d,-,18,3763,2351,1606,288,1,239536,14851,3763,2352,1609,3763,2349,1605,99,100,0,500,3787;
@400000005e5775390bc9e65d #d,-,18,3763,2351,1608,289,1,239634,14857,3763,2352,1612,3763,2349,1605,99,100,0,500,3785;
@400000005e5775390bd25260 #d,-,18,3763,2352,1636,290,1,239813,14868,3763,2352,1638,3763,2349,1606,99,100,0,500,3789;
@400000005e57753b0be00a65 #d,-,18,3766,2352,1610,291,1,239833,14869,3766,2353,1636,3763,2350,1599,98,100,0,500,3810;
@400000005e57753b0be89524 #d,-,18,3766,2350,1605,292,1,240004,14880,3766,2353,1610,3766,2350,1605,99,100,0,500,3787;
@400000005e57753d0bf77db3 #d,-,18,3765,2351,1605,293,1,240022,14881,3766,2352,1609,3765,2350,1604,99,100,0,500,3787;
@400000005e57753d0bffe243 #d,-,18,3765,2351,1609,294,1,240116,14887,3765,2351,1610,3765,2348,1605,99,100,0,500,3785;
@400000005e57753f0c0d6355 #d,-,18,3765,2348,1637,295,1,240214,14893,3765,2351,1637,3765,2347,1609,99,100,0,500,3789;
@400000005e57753f0c15bbc9 #d,-,18,3767,2349,1613,297,1,240309,14899,3767,2350,1638,3765,2346,1601,98,100,0,500,3810;
@400000005e5775410c239377 #d,-,18,3767,2350,1617,298,1,240480,14909,3767,2350,1627,3767,2348,1606,99,100,0,500,3787;
@400000005e5775410c2be832 #d,-,18,3769,2350,1613,299,1,240573,14915,3769,2351,1617,3767,2347,1609,99,100,0,500,3805;
@400000005e5775430c3970b7 #d,-,18,3769,2348,1615,300,1,240592,14916,3769,2351,1616,3769,2348,1613,99,100,0,500,3794;
@400000005e5775430c41e51c #d,-,18,3770,2348,1636,301,1,240688,14922,3770,2350,1636,3769,2348,1612,99,100,0,500,3799;
@400000005e5775450c4f2f3b #d,-,18,3774,2349,1612,302,1,240783,14928,3774,2349,1643,3770,2347,1607,98,100,0,500,3824;
@400000005e5775450c57b72f #d,-,18,3773,2348,1614,303,1,240875,14934,3774,2350,1615,3773,2348,1612,99,100,0,500,3791;
@400000005e5775470c658a35 #d,-,18,3773,2350,1614,304,1,240966,14939,3773,2350,1615,3773,2347,1613,99,100,0,500,3798;
@400000005e5775470c6e09c7 #d,-,18,3773,2350,1614,305,1,241058,14945,3773,2350,1616,3773,2348,1612,99,100,0,500,3798;
@400000005e5775490c7b47cb #d,-,18,3772,2348,1629,306,1,241146,14951,3773,2351,1629,3772,2348,1586,99,100,0,500,3789;
@400000005e5775490c83df93 #d,-,18,3776,2349,1614,307,1,241313,14961,3776,2351,1641,3772,2348,1606,98,100,0,500,3823;
@400000005e57754b0c91e4e4 #d,-,18,3775,2350,1613,308,1,241329,14962,3776,2350,1616,3775,2348,1612,99,100,0,500,3794;
@400000005e57754b0c9a5949 #d,-,18,3775,2349,1613,309,1,241418,14967,3775,2350,1615,3775,2348,1613,99,100,0,500,3796;
@400000005e57754d0ca774d7 #d,-,18,3774,2348,1613,310,1,241506,14973,3775,2350,1614,3774,2348,1613,99,100,0,500,3796;
@400000005e57754d0cb075dd #d,-,18,3774,2348,1615,311,1,241593,14978,3774,2350,1615,3774,2347,1612,99,100,0,500,3796;
@400000005e57754f0cbe30ad #d,-,18,3777,2347,1613,312,1,241757,14988,3777,2349,1641,3774,2347,1607,98,100,0,500,3819;
@400000005e57754f0cc67df4 #d,-,18,3776,2349,1610,313,1,241842,14994,3777,2350,1615,3776,2347,1609,99,100,0,500,3794;
@400000005e5775510cd4226a #d,-,18,3775,2350,1613,314,1,241856,14995,3776,2350,1614,3775,2348,1609,99,100,0,500,3792;
@400000005e5775510cdc9a88 #d,-,18,3774,2349,1612,315,1,241941,15000,3775,2351,1615,3774,2348,1611,99,100,0,500,3792;
@400000005e5775530ce4b0dd #d,-,18,3774,2349,1612,316,1,242025,15005,3774,2351,1613,3774,2348,1611,99,100,0,500,3794;
@400000005e5775530ce85253 #d,-,18,3777,2351,1411,317,1,242097,15010,3777,2351,1642,3774,2348,1411,99,100,0,500,3812;
@400000005e5775550cf713c4 #d,-,18,3206,2349,1216,318,1,241983,15002,3777,2352,1411,3206,2349,1192,96,100,0,500,3337;
@400000005e5775550d022f18 #d,-,18,2785,2351,1190,319,1,241853,14994,3206,2351,1216,2785,2349,1153,98,100,0,500,2821;
@400000005e5775570d12cd60 #d,-,18,2783,2349,1190,320,1,241727,14987,2785,2351,1192,2783,2349,1189,99,100,0,500,2810;
@400000005e5775570d1d7bbd #d,-,18,2782,2352,1184,320,1,241601,14979,2783,2352,1190,2782,2349,1184,99,100,0,500,2805;
@400000005e5775590d2dbbf5 #d,-,18,2780,2352,1182,321,1,241478,14971,2782,2353,1210,2780,2352,1178,99,100,0,500,2801;
@400000005e5775590d3861f0 #d,-,18,2780,2351,1184,322,1,241353,14963,2780,2352,1189,2780,2350,1182,98,100,0,500,2812;
@400000005e57755b0d47c74c #d,-,18,2777,2352,1185,323,2,241228,14956,2780,2352,1187,2777,2350,1184,99,100,0,500,2796;
@400000005e57755b0d5223b4 #d,-,18,2775,2350,1186,323,2,241104,14948,2777,2353,1187,2775,2350,1184,99,100,0,500,2794;
@400000005e57755d0d60ba4e #d,-,18,2773,2350,1185,324,2,240981,14940,2775,2351,1187,2773,2350,1185,99,100,0,500,2797;
@400000005e57755d0d6bde04 #d,-,18,2773,2351,1178,325,2,240863,14933,2773,2352,1213,2773,2350,1178,99,100,0,500,2801;
@400000005e57755f0d7b9db6 #d,-,18,2771,2350,1184,326,2,240737,14925,2773,2351,1184,2771,2349,1170,98,100,0,500,2799;
@400000005e57755f0d868217 #d,-,18,2769,2352,1180,327,2,240613,14918,2771,2352,1184,2769,2350,1179,99,100,0,500,2785;
@400000005e5775610d9668e7 #d,-,18,2767,2352,1181,327,2,240490,14910,2769,2352,1182,2767,2350,1180,99,100,0,500,2783;
@400000005e5775610da0e7c4 #d,-,18,2764,2349,1178,328,2,240367,14902,2767,2352,1181,2764,2348,1178,99,100,0,500,2783;
@400000005e5775630db17e99 #d,-,18,2761,2351,1185,329,2,240247,14895,2764,2351,1201,2761,2349,1170,99,100,0,500,2773;
@400000005e5775630dbbfd77 #d,-,18,2761,2352,1175,330,2,240123,14887,2761,2352,1185,2761,2350,1174,98,100,0,500,2794;
@400000005e5775650dcc3daf #d,-,18,2758,2351,1175,330,2,240000,14880,2761,2352,1177,2758,2350,1175,99,100,0,500,2773;
@400000005e5775650dd74dd5 #d,-,18,2755,2350,1176,331,2,239878,14872,2758,2352,1177,2755,2350,1175,99,100,0,500,2771;
@400000005e5775670de83e12 #d,-,18,2752,2351,1173,332,2,239753,14864,2755,2352,1176,2752,2350,1165,99,100,0,500,2764;
@400000005e5775670df30fd3 #d,-,18,2749,2352,1192,333,2,239703,14861,2752,2352,1200,2749,2350,1172,99,100,0,500,2762;
@400000005e5775690e02f5b4 #d,-,18,2749,2351,1172,333,2,239581,14854,2749,2353,1192,2749,2350,1164,98,100,0,500,2785;
@400000005e5775690e0d6d1f #d,-,18,2746,2351,1171,334,2,239392,14842,2749,2353,1172,2746,2351,1170,99,100,0,500,2764;
@400000005e57756b0e1e4613 #d,-,18,2744,2353,1171,335,2,239272,14834,2746,2353,1172,2744,2350,1170,99,100,0,500,2762;
@400000005e57756b0e28868b #d,-,18,2741,2351,1168,336,2,239150,14827,2744,2353,1171,2741,2351,1164,99,100,0,500,2757;
@400000005e57756d0e38d698 #d,-,18,2738,2353,1196,336,2,239034,14820,2741,2353,1197,2738,2351,1167,99,100,0,500,2753;
@400000005e57756d0e440a22 #d,-,18,2739,2350,1170,337,2,238914,14812,2739,2353,1196,2738,2350,1163,98,100,0,500,2781;
@400000005e57756f0e544e14 #d,-,18,2737,2350,1170,338,2,238795,14805,2739,2353,1170,2737,2350,1169,99,100,0,500,2757;
@400000005e57756f0e5f8558 #d,-,18,2736,2349,1170,339,2,238677,14797,2737,2350,1172,2736,2348,1169,99,100,0,500,2758;
@400000005e5775710e7080c2 #d,-,18,2734,2350,1170,339,2,238559,14790,2736,2350,1171,2734,2348,1169,99,100,0,500,2757;
@400000005e5775710e7b0802 #d,-,18,2732,2349,1197,340,2,238509,14787,2734,2350,1197,2732,2349,1169,99,100,0,500,2757;
@400000005e5775730e8bf83f #d,-,18,2734,2348,1167,341,2,238327,14776,2734,2350,1198,2732,2347,1155,98,100,0,500,2778;
@400000005e5775730e9696c6 #d,-,18,2731,2349,1167,342,2,238210,14769,2734,2350,1170,2731,2348,1166,99,100,0,500,2744;
@400000005e5775750ea795ea #d,-,18,2729,2348,1167,342,2,238093,14761,2731,2350,1168,2729,2348,1165,99,100,0,500,2748;
@400000005e5775750eb21970 #d,-,18,2727,2349,1166,343,2,237976,14754,2729,2349,1167,2727,2347,1165,99,100,0,500,2748;
@400000005e5775770ec32868 #d,-,18,2725,2345,1188,344,2,237862,14747,2727,2349,1188,2725,2345,1166,99,100,0,500,2746;
@400000005e5775770ecd90ec #d,-,18,2726,2347,1169,345,2,237750,14740,2726,2347,1196,2725,2345,1161,98,100,0,500,2774;
@400000005e5775790edd509e #d,-,18,2725,2346,1168,345,2,237635,14733,2726,2347,1170,2725,2345,1167,99,100,0,500,2744;
@400000005e5775790ee7eb6c #d,-,18,2723,2346,1168,346,2,237521,14726,2725,2347,1169,2723,2344,1167,99,100,0,500,2748;
@400000005e57757b0ef8850c #d,-,18,2722,2346,1168,347,2,237408,14719,2723,2347,1170,2722,2344,1168,99,100,0,500,2748;
@400000005e57757b0f02eca1 #d,-,18,2721,2346,1180,348,2,237296,14712,2722,2347,1180,2721,2344,1166,99,100,0,500,2746;
@400000005e57757d0f13e8fa #d,-,18,2723,2344,1169,348,2,237187,14705,2723,2346,1196,2721,2344,1160,98,100,0,500,2776;
@400000005e57757d0f1e9b10 #d,-,18,2721,2346,1161,349,2,237073,14698,2723,2346,1169,2721,2343,1160,99,100,0,500,2741;
@400000005e57757f0f2e6236 #d,-,18,2718,2345,1164,350,2,236961,14691,2721,2347,1168,2718,2344,1161,99,100,0,500,2732;
@400000005e57757f0f38741c #d,-,18,2717,2343,1580,351,2,236930,14689,2718,2347,1580,2717,2342,1163,99,100,0,500,2741;
@400000005e5775810f468589 #d,-,18,3606,2346,1617,352,2,237007,14694,3606,2346,1635,2717,2343,1544,100,100,0,500,3606;
@400000005e5775810f4efda7 #d,-,18,3817,2346,1609,353,2,237099,14700,3817,2347,1647,3606,2345,1609,99,100,0,500,3826;
@400000005e5775830f5cd821 #d,-,18,3811,2346,1616,354,2,237187,14705,3817,2348,1621,3811,2346,1609,100,100,0,500,3811;
@400000005e5775830f6563cf #d,-,18,3807,2348,1613,355,2,237274,14711,3811,2348,1620,3807,2345,1613,100,100,0,500,3807;
@400000005e5775850f7361ac #d,-,18,3801,2345,1627,356,2,237419,14720,3807,2348,1628,3801,2345,1574,100,100,0,500,3801;
@400000005e5775850f7c3421 #d,-,18,3798,2348,1619,357,2,237506,14725,3801,2348,1627,3798,2345,1614,100,100,0,500,3798;
@400000005e5775870f8a1255 #d,-,18,3799,2346,1615,358,2,237597,14731,3799,2348,1644,3798,2346,1614,99,100,0,500,3823;
@400000005e5775870f9276e5 #d,-,18,3797,2344,1632,359,2,237625,14732,3799,2346,1634,3797,2343,1615,99,100,0,500,3810;
@400000005e5775890fa04632 #d,-,18,3797,2345,1618,360,2,237711,14738,3797,2346,1632,3797,2344,1617,99,100,0,500,3819;
@400000005e5775890fa8c20a #d,-,18,3795,2345,1617,361,2,237797,14743,3797,2345,1626,3795,2344,1617,99,100,0,500,3808;
@400000005e57758b0fb5d625 #d,-,18,3794,2343,1636,362,2,237886,14748,3795,2345,1641,3794,2343,1614,99,100,0,500,3808;
@400000005e57758b0fbea038 #d,-,18,3798,2345,1612,363,2,237975,14754,3798,2345,1654,3794,2342,1609,98,100,0,500,3842;
@400000005e57758d0fcc3c4c #d,-,18,3798,2345,1628,364,2,238063,14759,3798,2345,1632,3798,2344,1612,99,100,0,500,3824;
@400000005e57758d0fd4a0db #d,-,18,3798,2344,1627,365,2,238150,14765,3798,2345,1629,3798,2344,1624,99,100,0,500,3821;
@400000005e57758f0fe1e387 #d,-,18,3798,2346,1632,366,2,238238,14770,3798,2346,1633,3798,2344,1625,99,100,0,500,3824;
@400000005e57758f0febc6dd #d,-,18,3800,2345,1628,368,2,238325,14776,3800,2346,1632,3798,2344,1627,99,100,0,500,3831;
@400000005e5775910ff981ad #d,-,18,3802,2347,1626,369,2,238417,14781,3802,2347,1657,3800,2344,1626,99,100,0,500,3835;
@400000005e5775911001dec9 #d,-,18,3803,2346,1629,370,2,238503,14787,3803,2347,1632,3802,2346,1618,98,100,0,500,3842;
@400000005e577593100f2ca2 #d,-,18,3804,2345,1647,371,2,238651,14796,3804,2346,1649,3803,2345,1626,99,100,0,500,3831;
@400000005e57759310180dfd #d,-,18,3807,2347,1632,372,2,238736,14801,3807,2347,1647,3804,2345,1628,98,100,0,500,3847;
@400000005e5775951025bad5 #d,-,18,3808,2346,1631,373,2,238765,14803,3808,2347,1639,3807,2345,1630,99,100,0,500,3839;
@400000005e577595102e1349 #d,-,18,3810,2348,1638,374,2,238856,14809,3810,2348,1661,3808,2346,1631,99,100,0,500,3839;
@400000005e577597103c9a0e #d,-,18,3813,2348,1632,375,2,238942,14814,3813,2348,1638,3810,2346,1623,98,100,0,500,3860;
@400000005e57759710469fda #d,-,18,3814,2347,1649,376,2,239030,14819,3814,2349,1651,3813,2347,1632,99,100,0,500,3844;
@400000005e5775991055d2ea #d,-,18,3816,2345,1639,377,2,239116,14825,3816,2347,1649,3814,2345,1630,98,100,0,500,3858;
@400000005e577599105e2b5f #d,-,18,3818,2345,1639,378,2,239204,14830,3818,2346,1643,3816,2343,1639,99,100,0,500,3847;
@400000005e57759b106b71c4 #d,-,18,3819,2345,1664,379,2,239296,14836,3819,2345,1672,3818,2344,1638,99,100,0,500,3853;
@400000005e57759b107430aa #d,-,18,3824,2343,1641,380,2,239382,14841,3824,2345,1664,3819,2343,1632,98,100,0,500,3879;
@400000005e57759d1081e04d #d,-,18,3824,2346,1638,381,2,239468,14847,3824,2346,1643,3824,2343,1636,99,100,0,500,3853;
@400000005e57759d108a2179 #d,-,18,3825,2345,1641,382,2,239610,14855,3825,2346,1641,3824,2345,1636,99,100,0,500,3849;
@400000005e57759f10972d32 #d,-,18,3825,2345,1638,383,2,239695,14861,3825,2346,1641,3825,2344,1636,99,100,0,500,3851;
@400000005e57759f109fe3b6 #d,-,18,3826,2347,1664,384,2,239783,14866,3826,2347,1669,3825,2344,1636,99,100,0,500,3849;
@400000005e5775a110ad8be6 #d,-,18,3829,2347,1654,386,2,239812,14868,3829,2348,1664,3826,2347,1633,98,100,0,500,3879;
@400000005e5775a110b5e0a0 #d,-,18,3832,2347,1642,387,2,239898,14873,3832,2348,1656,3829,2346,1639,98,100,0,500,3871;
@400000005e5775a310c3cea9 #d,-,18,3832,2351,1642,388,2,239983,14878,3832,2351,1644,3832,2347,1638,99,100,0,500,3860;
@400000005e5775a310cc6672 #d,-,18,3834,2351,1641,389,2,240068,14884,3834,2351,1642,3832,2349,1637,99,100,0,500,3862;
@400000005e5775a510da0285 #d,-,18,3834,2352,1670,390,2,240156,14889,3834,2353,1670,3834,2350,1638,99,100,0,500,3863;
@400000005e5775a510e2635b #d,-,18,3839,2351,1641,391,2,240241,14894,3839,2352,1671,3834,2350,1633,98,100,0,500,3894;
@400000005e5775a710eff7fc #d,-,18,3839,2352,1640,392,2,240325,14900,3839,2353,1642,3839,2350,1637,99,100,0,500,3858;
@400000005e5775a710f867b9 #d,-,18,3839,2351,1639,393,2,240408,14905,3839,2352,1641,3839,2351,1638,99,100,0,500,3863;
@400000005e5775a91105cdc8 #d,-,18,3839,2351,1641,394,2,240547,14913,3839,2353,1641,3839,2351,1635,99,100,0,500,3862;
@400000005e5775a9110e8f7a #d,-,18,3839,2353,1661,395,2,240575,14915,3839,2353,1661,3839,2350,1637,99,100,0,500,3863;
@400000005e5775ab111c01a5 #d,-,18,3842,2351,1642,396,2,240659,14920,3842,2354,1666,3839,2351,1630,98,100,0,500,3892;
@400000005e5775ab112451b7 #d,-,18,3842,2352,1650,397,2,240743,14926,3842,2352,1655,3842,2351,1638,99,100,0,500,3862;
@400000005e5775ad11315e5f #d,-,18,3844,2353,1643,398,2,240826,14931,3844,2354,1650,3842,2352,1638,99,100,0,500,3881;
@400000005e5775ad113a4ea1 #d,-,18,3845,2352,1644,399,2,240909,14936,3845,2353,1646,3844,2351,1641,99,100,0,500,3872;
@400000005e5775af1147cbf9 #d,-,18,3845,2353,1657,401,2,240991,14941,3845,2353,1657,3845,2351,1637,99,100,0,500,3872;
@400000005e5775af11502ccf #d,-,18,3850,2353,1645,402,2,241077,14946,3850,2354,1674,3845,2353,1639,98,100,0,500,3903;
@400000005e5775b1115d4fd1 #d,-,18,3850,2353,1642,403,2,241159,14951,3850,2353,1647,3850,2352,1640,99,100,0,500,3876;
@400000005e5775b111662600 #d,-,18,3849,2353,1643,404,2,241239,14956,3850,2354,1644,3849,2352,1636,99,100,0,500,3869;
@400000005e5775b31173b23e #d,-,18,3849,2352,1649,405,2,241319,14961,3849,2354,1649,3849,2351,1639,99,100,0,500,3872;
@400000005e5775b3117c1314 #d,-,18,3849,2353,1640,406,2,241399,14966,3849,2354,1649,3849,2352,1639,99,100,0,500,3872;
@400000005e5775b511896d09 #d,-,18,3853,2351,1643,407,2,241483,14971,3853,2353,1674,3849,2350,1638,98,100,0,500,3896;
@400000005e5775b51191e16d #d,-,18,3852,2353,1644,408,2,241617,14980,3853,2354,1647,3852,2351,1639,99,100,0,500,3874;
@400000005e5775b7119f84f5 #d,-,18,3852,2352,1645,409,2,241642,14981,3852,2354,1645,3852,2351,1642,99,100,0,500,3872;
@400000005e5775b711a7d5f5 #d,-,18,3851,2353,1647,410,2,241720,14986,3852,2354,1647,3851,2351,1639,99,100,0,500,3872;
@400000005e5775b911b576b1 #d,-,18,3851,2353,1643,411,2,241799,14991,3851,2354,1647,3851,2353,1641,99,100,0,500,3874;
@400000005e5775b911bde66e #d,-,18,3854,2352,1635,412,2,241881,14996,3854,2354,1671,3851,2352,1635,99,100,0,500,3892;
@400000005e5775bb11cafa89 #d,-,18,3853,2353,1640,413,2,241958,15001,3854,2354,1644,3853,2352,1635,99,100,0,500,3879;
@400000005e5775bb11d3df9e #d,-,18,3853,2355,1639,414,2,242035,15006,3853,2355,1643,3853,2353,1638,99,100,0,500,3869;
@400000005e5775bd11e1743f #d,-,18,3852,2354,1641,415,2,242112,15010,3853,2356,1643,3852,2354,1639,99,100,0,500,3871;
@400000005e5775bd11e9a94f #d,-,18,3852,2354,1634,417,2,242188,15015,3852,2355,1643,3852,2353,1634,99,100,0,500,3874;
@400000005e5775bf11f7f1af #d,-,18,3853,2356,1628,418,2,242267,15020,3853,2356,1670,3852,2354,1628,99,100,0,500,3876;
@400000005e5775bf120134d4 #d,-,18,3848,2354,1594,419,2,242327,15024,3853,2356,1632,3848,2354,1580,99,100,0,500,3856;
@400000005e5775c11208976a #d,-,18,3719,2356,1592,420,2,242439,15031,3848,2356,1612,3719,2354,1568,99,100,0,500,3746;
@400000005e5775c1120bfa7a #d,-,18,3721,2355,1497,421,2,242435,15031,3721,2356,1598,3719,2354,1497,98,100,0,500,3764;
@400000005e5775c31219d228 #d,-,18,3232,2357,1192,421,2,242346,15025,3721,2359,1497,3232,2355,1176,96,100,0,500,3349;
@400000005e5775c3122439bd #d,-,18,2639,2355,1161,422,2,242212,15017,3232,2358,1192,2639,2354,1037,97,100,0,500,2705;
@400000005e5775c51233aeee #d,-,18,2642,2358,1177,423,2,242106,15010,2642,2359,1178,2639,2355,1144,98,100,0,500,2685;
@400000005e5775c5123f14c3 #d,-,18,2744,2356,1168,424,2,242007,15004,2744,2358,1201,2642,2356,1163,98,100,0,500,2773;
@400000005e5775c7124f266a #d,-,18,2742,2357,1173,425,2,241907,14998,2744,2357,1177,2742,2356,1168,99,100,0,500,2765;
@400000005e5775c71259adaa #d,-,18,2741,2356,1175,425,2,241807,14992,2742,2357,1175,2741,2355,1172,98,100,0,500,2773;
@400000005e5775c9126a3c1d #d,-,18,2741,2357,1181,426,2,241712,14986,2741,2357,1202,2741,2355,1174,98,100,0,500,2776;
@400000005e5775c91274beb4 #d,-,18,2744,2356,1173,427,2,241612,14979,2744,2357,1181,2741,2355,1166,98,100,0,500,2796;
@400000005e5775cb1285841a #d,-,18,2743,2354,1172,428,2,241514,14973,2744,2356,1174,2743,2354,1172,98,100,0,500,2773;
@400000005e5775cb128fe082 #d,-,18,2742,2355,1175,428,2,241415,14967,2743,2355,1175,2742,2354,1172,98,100,0,500,2771;
@400000005e5775cd129e7e90 #d,-,18,2741,2357,1174,429,2,241370,14964,2742,2357,1175,2741,2355,1172,98,100,0,500,2773;
@400000005e5775cd12a973b4 #d,-,18,2741,2355,1196,430,2,241277,14959,2741,2358,1202,2741,2354,1173,98,100,0,500,2774;
@400000005e5775cf12ba6f1e #d,-,18,2744,2357,1174,431,2,241180,14953,2744,2357,1196,2741,2354,1168,98,100,0,500,2799;
@400000005e5775cf12c4cf40 #d,-,18,2744,2355,1173,431,2,241031,14943,2744,2357,1175,2744,2354,1172,98,100,0,500,2774;
@400000005e5775d112d584d1 #d,-,18,2743,2356,1174,432,2,240934,14937,2744,2356,1174,2743,2354,1173,98,100,0,500,2771;
@400000005e5775d112e03aa1 #d,-,18,2742,2354,1174,433,2,240839,14932,2743,2357,1175,2742,2354,1173,98,100,0,500,2771;
@400000005e5775d312f08aae #d,-,18,2741,2354,1203,434,2,240747,14926,2742,2354,1204,2741,2353,1174,98,100,0,500,2774;
@400000005e5775d312faee89 #d,-,18,2744,2354,1175,434,2,240653,14920,2744,2355,1203,2741,2353,1169,98,100,0,500,2799;
@400000005e5775d5130b03ea #d,-,18,2744,2352,1174,435,2,240558,14914,2744,2354,1176,2744,2352,1174,98,100,0,500,2774;
@400000005e5775d51316465b #d,-,18,2743,2352,1176,436,2,240464,14908,2744,2353,1176,2743,2351,1174,98,100,0,500,2773;
@400000005e5775d713274a27 #d,-,18,2742,2354,1174,437,2,240370,14902,2743,2354,1176,2742,2352,1174,98,100,0,500,2773;
@400000005e5775d71331cdad #d,-,18,2742,2354,1199,437,2,240279,14897,2742,2354,1199,2742,2353,1174,98,100,0,500,2773;
@400000005e5775d9134296cc #d,-,18,2743,2353,1175,438,2,240185,14891,2743,2354,1199,2742,2353,1158,98,100,0,500,2789;
@400000005e5775d9134d11f0 #d,-,18,2741,2352,1170,439,2,240091,14885,2743,2353,1175,2741,2351,1170,99,100,0,500,2762;
@400000005e5775db135dd756 #d,-,18,2739,2351,1170,440,2,239997,14879,2741,2352,1171,2739,2350,1169,99,100,0,500,2760;
@400000005e5775db13683eeb #d,-,18,2738,2353,1170,440,2,239903,14874,2739,2354,1172,2738,2351,1169,99,100,0,500,2762;
@400000005e5775dd13790450 #d,-,18,2736,2353,1190,441,2,239862,14871,2738,2353,1190,2736,2352,1170,99,100,0,500,2762;
@400000005e5775dd13836472 #d,-,18,2738,2350,1170,442,2,239721,14862,2738,2353,1199,2736,2350,1165,98,100,0,500,2790;
@400000005e5775df139336c4 #d,-,18,2736,2350,1170,443,2,239628,14856,2738,2351,1171,2736,2350,1165,99,100,0,500,2753;
@400000005e5775df139df13d #d,-,18,2734,2350,1170,443,2,239585,14854,2736,2351,1171,2734,2350,1168,99,100,0,500,2758;
@400000005e5775e113aec943 #d,-,18,2733,2353,1169,444,2,239444,14845,2734,2353,1171,2733,2350,1169,99,100,0,500,2757;
@400000005e5775e113b95c9e #d,-,18,2732,2355,1178,445,2,239402,14842,2733,2355,1178,2732,2353,1168,99,100,0,500,2758;
@400000005e5775e313ca2d30 #d,-,18,2734,2353,1169,446,2,239264,14834,2734,2355,1197,2732,2352,1162,98,100,0,500,2787;
@400000005e5775e313d4d41a #d,-,18,2732,2355,1167,446,2,239173,14828,2734,2355,1169,2732,2353,1165,99,100,0,500,2755;
@400000005e5775e513e5e6cc #d,-,18,2731,2355,1166,447,2,239082,14823,2732,2356,1168,2731,2355,1166,99,100,0,500,2755;
@400000005e5775e513f06698 #d,-,18,2729,2354,1163,448,2,238989,14817,2731,2355,1166,2729,2353,1156,99,100,0,500,2751;
@400000005e5775e71400aa8a #d,-,18,2726,2354,1165,449,2,238898,14811,2729,2356,1167,2726,2353,1163,99,100,0,500,2744;
@400000005e5775e7140bd1f9 #d,-,18,2728,2354,1161,449,2,238811,14806,2728,2355,1192,2726,2352,1158,98,100,0,500,2773;
@400000005e5775e9141c2d33 #d,-,18,2726,2356,1163,450,2,238720,14800,2728,2357,1165,2726,2354,1161,99,100,0,500,2749;
@400000005e5775e914274975 #d,-,18,2724,2355,1163,451,2,238630,14795,2726,2357,1165,2724,2355,1161,99,100,0,500,2748;
@400000005e5775eb14383151 #d,-,18,2723,2356,1162,452,2,238540,14789,2724,2356,1164,2723,2353,1162,99,100,0,500,2748;
@400000005e5775eb14428db9 #d,-,18,2721,2354,1163,452,2,238451,14783,2723,2356,1165,2721,2353,1161,99,100,0,500,2746;
@400000005e5775ed1452414f #d,-,18,2723,2354,1158,453,2,238413,14781,2723,2355,1194,2721,2350,1157,98,100,0,500,2765;
@400000005e5775ed145bf614 #d,-,18,2723,2350,1589,454,2,238390,14780,2723,2355,1589,2723,2350,1158,98,100,0,500,2755;
@400000005e5775ef1469a1fd #d,-,18,3651,2352,1612,455,2,238401,14780,3651,2352,1617,2723,2350,1562,100,100,0,500,3651;
@400000005e5775ef14725882 #d,-,18,3779,2350,1606,456,2,238466,14784,3779,2353,1615,3651,2350,1606,99,100,0,500,3796;
@400000005e5775f1147fed22 #d,-,18,3778,2350,1616,457,2,238532,14789,3779,2351,1616,3778,2350,1606,99,100,0,500,3796;
@400000005e5775f114883d35 #d,-,18,3780,2351,1606,458,2,238600,14793,3780,2352,1640,3778,2350,1606,99,100,0,500,3812;
@400000005e5775f314955509 #d,-,18,3781,2351,1614,459,2,238666,14797,3781,2353,1617,3780,2351,1606,99,100,0,500,3815;
@400000005e5775f3149e3ec7 #d,-,18,3780,2351,1612,460,2,238731,14801,3781,2351,1615,3780,2350,1612,99,100,0,500,3799;
@400000005e5775f514abd367 #d,-,18,3780,2352,1612,461,2,238796,14805,3780,2352,1619,3780,2350,1612,99,100,0,500,3805;
@400000005e5775f514b42bdb #d,-,18,3780,2351,1617,462,2,238862,14809,3780,2352,1627,3780,2351,1612,99,100,0,500,3805;
@400000005e5775f714c195a5 #d,-,18,3783,2350,1617,463,2,238931,14813,3783,2351,1643,3780,2349,1616,98,100,0,500,3824;
@400000005e5775f714c9f58c #d,-,18,3785,2348,1617,465,2,238996,14817,3785,2350,1619,3783,2348,1613,98,100,0,500,3826;
@400000005e5775f914d76b71 #d,-,18,3786,2350,1620,466,2,239062,14821,3786,2350,1637,3785,2348,1616,99,100,0,500,3810;
@400000005e5775f914dfac9d #d,-,18,3787,2348,1619,467,2,239175,14828,3787,2350,1624,3786,2348,1616,99,100,0,500,3823;
@400000005e5775fb14ed2193 #d,-,18,3788,2348,1624,468,2,239194,14830,3788,2349,1626,3787,2348,1618,99,100,0,500,3819;
@400000005e5775fb14f589dc #d,-,18,3790,2345,1637,469,2,239264,14834,3790,2348,1655,3788,2344,1620,99,100,0,500,3821;
@400000005e5775fd1502c515 #d,-,18,3792,2344,1639,470,2,239326,14838,3792,2346,1639,3790,2344,1587,98,100,0,500,3842;
@400000005e5775fd150bade4 #d,-,18,3793,2346,1625,471,2,239439,14845,3793,2346,1639,3792,2343,1625,99,100,0,500,3815;
@400000005e5775ff15195e75 #d,-,18,3794,2346,1628,472,2,239505,14849,3794,2346,1630,3793,2346,1625,99,100,0,500,3824;
@400000005e5775ff1521ce32 #d,-,18,3796,2345,1627,473,2,239570,14853,3796,2347,1631,3794,2345,1627,99,100,0,500,3826;
@400000005e577601152f0108 #d,-,18,3797,2343,1659,474,2,239642,14857,3797,2345,1671,3796,2343,1627,99,100,0,500,3828;
@400000005e577601153805c8 #d,-,18,3803,2344,1633,475,2,239660,14858,3803,2344,1659,3797,2343,1622,98,100,0,500,3869;
@400000005e5776031545b56b #d,-,18,3805,2346,1633,476,2,239726,14863,3805,2346,1639,3803,2344,1630,99,100,0,500,3839;
@400000005e577603154e1641 #d,-,18,3806,2344,1629,477,2,239792,14867,3806,2346,1636,3805,2344,1629,99,100,0,500,3835;
@400000005e577605155b15de #d,-,18,3807,2344,1635,478,2,239858,14871,3807,2345,1637,3806,2343,1629,99,100,0,500,3837;
@400000005e5776051563965e #d,-,18,3808,2344,1665,479,2,239927,14875,3808,2344,1666,3807,2343,1631,99,100,0,500,3839;
@400000005e57760715715990 #d,-,18,3812,2343,1644,480,2,239995,14879,3812,2344,1665,3808,2343,1627,98,100,0,500,3867;
@400000005e5776071579c94d #d,-,18,3815,2342,1641,481,2,240061,14883,3815,2343,1644,3812,2341,1634,99,100,0,500,3853;
@400000005e57760915887730 #d,-,18,3816,2343,1637,482,2,240127,14887,3816,2344,1641,3815,2342,1637,99,100,0,500,3851;
@400000005e5776091591ddb9 #d,-,18,3818,2345,1640,483,3,240194,14892,3818,2345,1641,3816,2342,1636,99,100,0,500,3849;
@400000005e57760b159f7d87 #d,-,18,3819,2344,1667,485,3,240262,14896,3819,2346,1667,3818,2344,1637,99,100,0,500,3851;
@400000005e57760b15a7fe07 #d,-,18,3823,2343,1638,486,3,240329,14900,3823,2344,1669,3819,2342,1629,98,100,0,500,3876;
@400000005e57760d15b54be0 #d,-,18,3824,2345,1639,487,3,240394,14904,3824,2345,1641,3823,2343,1636,99,100,0,500,3847;
@400000005e57760d15bdd78d #d,-,18,3824,2344,1650,488,3,240461,14908,3824,2345,1657,3824,2344,1637,99,100,0,500,3847;
@400000005e57760f15cbba69 #d,-,18,3827,2343,1646,489,3,240527,14912,3827,2344,1650,3824,2342,1639,98,100,0,500,3867;
@400000005e57760f15d40f23 #d,-,18,3828,2344,1668,490,3,240595,14916,3828,2344,1668,3827,2342,1644,99,100,0,500,3862;
@400000005e57761115e1c639 #d,-,18,3833,2344,1645,491,3,240663,14921,3833,2344,1673,3828,2344,1635,98,100,0,500,3890;
@400000005e57761115ea270f #d,-,18,3833,2343,1643,492,3,240728,14925,3833,2344,1646,3833,2343,1639,99,100,0,500,3855;
@400000005e57761315f77990 #d,-,18,3834,2343,1646,493,3,240839,14932,3834,2344,1646,3833,2342,1642,99,100,0,500,3860;
@400000005e57761316003b42 #d,-,18,3835,2345,1643,494,3,240904,14936,3835,2345,1647,3834,2342,1639,99,100,0,500,3863;
@400000005e577615160de371 #d,-,18,3835,2343,1658,495,3,240969,14940,3835,2345,1658,3835,2341,1641,99,100,0,500,3856;
@400000005e57761516163cd4 #d,-,18,3839,2342,1643,496,3,240992,14941,3839,2344,1672,3835,2340,1638,98,100,0,500,3888;
@400000005e57761716237e91 #d,-,18,3838,2342,1644,497,3,241056,14945,3839,2343,1648,3838,2341,1642,99,100,0,500,3858;
@400000005e577617162c7824 #d,-,18,3838,2344,1638,498,3,241120,14949,3838,2344,1646,3838,2342,1638,99,100,0,500,3862;
@400000005e577619163ac43d #d,-,18,3838,2346,1644,500,3,241184,14953,3838,2346,1648,3838,2343,1637,99,100,0,500,3860;
@400000005e5776191643f3d3 #d,-,18,3838,2344,1644,501,3,241248,14957,3838,2347,1647,3838,2340,1635,99,100,0,500,3860;
@400000005e57761b16517c59 #d,-,18,3842,2344,1641,502,3,241314,14961,3842,2344,1671,3838,2343,1637,98,100,0,500,3881;
@400000005e57761b165a6528 #d,-,18,3841,2343,1645,503,3,241378,14965,3842,2345,1645,3841,2343,1641,99,100,0,500,3863;
@400000005e57761d16682d01 #d,-,18,3840,2346,1642,504,3,241440,14969,3841,2346,1645,3840,2343,1639,99,100,0,500,3862;
@400000005e57761d16707e02 #d,-,18,3840,2346,1644,505,3,241503,14973,3840,2346,1646,3840,2345,1642,99,100,0,500,3860;
@400000005e57761f167d89bb #d,-,18,3840,2345,1656,506,3,241567,14977,3840,2346,1657,3840,2344,1642,99,100,0,500,3863;
@400000005e57761f168653ce #d,-,18,3845,2344,1638,507,3,241634,14981,3845,2345,1671,3840,2344,1637,98,100,0,500,3897;
@400000005e577621169426d5 #d,-,18,3845,2347,1647,508,3,241697,14985,3845,2347,1649,3845,2344,1638,99,100,0,500,3872;
@400000005e577621169ca667 #d,-,18,3845,2346,1643,509,3,241759,14989,3845,2347,1648,3845,2346,1641,99,100,0,500,3867;
@400000005e57762316aa427b #d,-,18,3845,2345,1644,510,3,241822,14993,3845,2346,1649,3845,2343,1642,99,100,0,500,3867;
@400000005e57762316b29bdd #d,-,18,3845,2345,1645,511,3,241884,14996,3845,2345,1647,3845,2344,1642,99,100,0,500,3869;
@400000005e57762516c06682 #d,-,18,3848,2344,1642,512,3,241951,15000,3848,2345,1676,3845,2344,1642,99,100,0,500,3883;
@400000005e57762516c8ac56 #d,-,18,3849,2347,1648,513,3,242013,15004,3849,2347,1649,3848,2344,1642,99,100,0,500,3885;
@400000005e57762716d6486a #d,-,18,3849,2347,1648,514,3,242075,15008,3849,2347,1649,3849,2346,1644,99,100,0,500,3871;
@400000005e57762716deb46d #d,-,18,3848,2344,1646,515,3,242180,15015,3849,2347,1649,3848,2344,1642,99,100,0,500,3869;
@400000005e57762916ec1e36 #d,-,18,3848,2344,1648,517,3,242241,15018,3848,2344,1649,3848,2342,1643,99,100,0,500,3869;
@400000005e57762916f4e490 #d,-,18,3849,2343,1645,518,3,242306,15023,3849,2344,1676,3848,2342,1645,99,100,0,500,3878;
@400000005e57762b17028906 #d,-,18,3851,2344,1647,519,3,242323,15024,3851,2345,1649,3849,2342,1640,99,100,0,500,3887;
@400000005e57762b170aca31 #d,-,18,3850,2345,1644,520,3,242427,15030,3851,2345,1651,3850,2344,1644,99,100,0,500,3872;
@400000005e57762d1718911c #d,-,18,3850,2342,1645,521,3,242443,15031,3850,2345,1650,3850,2342,1643,99,100,0,500,3867;
@400000005e57762d17219996 #d,-,18,3785,2343,1601,522,3,242489,15034,3850,2344,1645,3785,2342,1589,99,100,0,500,3821;
@400000005e57762f17295df5 #d,-,18,3779,2344,1612,523,3,242539,15037,3785,2344,1632,3779,2343,1597,100,100,0,500,3779;
@400000005e57762f172ca9bd #d,-,18,3776,2347,1367,524,3,242569,15039,3779,2347,1612,3776,2343,1367,99,100,0,500,3783;
@400000005e577631173bc93f #d,-,18,3122,2346,1188,525,3,242493,15034,3776,2348,1367,3122,2346,1172,96,100,0,500,3242;
@400000005e57763117462d1a #d,-,18,2663,2346,1165,525,3,242399,15028,3122,2347,1221,2663,2345,1037,98,100,0,500,2712;
@400000005e5776331754deb7 #d,-,18,2750,2347,1186,526,3,242318,15023,2750,2347,1198,2663,2345,1155,98,100,0,500,2778;
@400000005e577633176009e0 #d,-,18,2750,2346,1206,527,3,242240,15018,2750,2348,1210,2750,2346,1176,98,100,0,500,2792;
@400000005e577635176c9c87 #d,-,18,2753,2346,1182,528,3,242160,15013,2753,2347,1206,2750,2345,1177,98,100,0,500,2805;
@400000005e5776351777200c #d,-,18,2752,2346,1183,528,3,242080,15009,2753,2346,1183,2752,2344,1181,98,100,0,500,2781;
@400000005e5776371787e572 #d,-,18,2752,2346,1181,529,3,242000,15004,2752,2346,1183,2752,2346,1181,98,100,0,500,2780;
@400000005e5776371792644f #d,-,18,2751,2345,1182,530,3,241921,14999,2752,2346,1184,2751,2345,1181,98,100,0,500,2781;
@400000005e57763917a29d14 #d,-,18,2750,2346,1210,531,3,241845,14994,2751,2346,1210,2750,2344,1181,98,100,0,500,2780;
@400000005e57763917adc0ca #d,-,18,2753,2346,1181,531,3,241808,14992,2753,2347,1210,2750,2346,1174,98,100,0,500,2806;
@400000005e57763b17bdcdc8 #d,-,18,2752,2345,1181,532,3,241729,14987,2753,2346,1182,2752,2344,1180,99,100,0,500,2778;
@400000005e57763b17c85d69 #d,-,18,2751,2347,1180,533,3,241609,14979,2752,2347,1183,2751,2344,1180,99,100,0,500,2778;
@400000005e57763d17d8d84e #d,-,18,2750,2344,1181,534,3,241530,14974,2751,2347,1182,2750,2344,1180,98,100,0,500,2778;
@400000005e57763d17e35372 #d,-,18,2749,2345,1209,534,3,241454,14970,2750,2345,1209,2749,2344,1181,98,100,0,500,2780;
@400000005e57763f17f3e59e #d,-,18,2752,2345,1182,535,3,241378,14965,2752,2345,1210,2749,2344,1174,98,100,0,500,2805;
@400000005e57763f17fe497a #d,-,18,2751,2342,1182,536,3,241300,14960,2752,2345,1183,2751,2342,1180,99,100,0,500,2774;
@400000005e577641180e9987 #d,-,18,2750,2343,1181,537,3,241223,14955,2751,2344,1182,2750,2342,1181,98,100,0,500,2778;
@400000005e5776411819c0f6 #d,-,18,2749,2344,1181,538,3,241145,14951,2750,2344,1183,2749,2342,1180,98,100,0,500,2778;
@400000005e57764318297c00 #d,-,18,2748,2345,1192,538,3,241069,14946,2749,2346,1192,2748,2343,1178,98,100,0,500,2778;
@400000005e5776431834da62 #d,-,18,2749,2345,1191,539,3,240993,14941,2749,2346,1198,2748,2345,1168,98,100,0,500,2789;
@400000005e5776451846054b #d,-,18,2748,2345,1155,540,3,240915,14936,2749,2346,1192,2748,2344,1155,99,100,0,500,2774;
@400000005e577645185088d1 #d,-,18,2695,2345,1170,541,3,240834,14931,2748,2346,1173,2695,2345,1154,98,100,0,500,2733;
@400000005e577647186145d5 #d,-,18,2697,2346,1166,541,3,240753,14926,2697,2347,1170,2695,2345,1162,98,100,0,500,2744;
@400000005e577647186bf432 #d,-,18,2698,2345,1177,542,3,240673,14921,2698,2347,1177,2697,2344,1165,98,100,0,500,2741;
@400000005e577649187cb4ef #d,-,18,2702,2346,1165,543,3,240596,14917,2702,2346,1194,2698,2344,1158,97,100,0,500,2769;
@400000005e57764918871511 #d,-,18,2702,2344,1166,544,3,240558,14914,2702,2346,1168,2702,2344,1165,98,100,0,500,2739;
@400000005e57764b18971329 #d,-,18,2703,2344,1167,544,3,240479,14909,2703,2344,1167,2702,2343,1165,98,100,0,500,2742;
@400000005e57764b18a246b4 #d,-,18,2704,2347,1166,545,3,240400,14904,2704,2347,1167,2703,2344,1165,98,100,0,500,2742;
@400000005e57764d18b31eba #d,-,18,2704,2345,1167,546,3,240281,14897,2704,2347,1167,2704,2345,1165,98,100,0,500,2744;
@400000005e57764d18bda5f9 #d,-,18,2708,2347,1164,547,3,240206,14892,2708,2347,1195,2704,2345,1159,97,100,0,500,2765;
@400000005e57764f18ceb99a #d,-,18,2708,2349,1166,547,3,240128,14887,2708,2349,1167,2708,2346,1164,98,100,0,500,2746;
@400000005e57764f18d93878 #d,-,18,2708,2348,1164,548,3,240050,14883,2708,2350,1166,2708,2347,1163,98,100,0,500,2742;
@400000005e57765118e9ee08 #d,-,18,2708,2350,1164,549,3,239973,14878,2708,2350,1166,2708,2348,1164,98,100,0,500,2744;
@400000005e57765118f4c73c #d,-,18,2708,2348,1163,550,3,239896,14873,2708,2351,1165,2708,2348,1163,98,100,0,500,2742;
@400000005e5776531905905c #d,-,18,2711,2347,1160,550,3,239822,14868,2711,2349,1193,2708,2345,1159,98,100,0,500,2760;
@400000005e577653190fecc4 #d,-,18,2711,2348,1166,551,3,239745,14864,2711,2348,1167,2711,2345,1160,98,100,0,500,2749;
@400000005e577655191ff9c3 #d,-,18,2710,2349,1164,552,3,239669,14859,2711,2349,1166,2710,2348,1163,98,100,0,500,2744;
@400000005e577655192ae2cc #d,-,18,2710,2348,1166,553,3,239593,14854,2710,2349,1166,2710,2346,1164,98,100,0,500,2742;
@400000005e577657193b6524 #d,-,18,2710,2348,1164,553,3,239517,14850,2710,2349,1166,2710,2347,1164,98,100,0,500,2744;
@400000005e5776571945f10b #d,-,18,2712,2349,1158,554,3,239484,14848,2712,2350,1193,2710,2348,1158,98,100,0,500,2755;
@400000005e5776591956ae0f #d,-,18,2713,2348,1164,555,3,239369,14840,2713,2350,1166,2712,2347,1158,98,100,0,500,2757;
@400000005e57765919613195 #d,-,18,2712,2349,1164,555,3,239294,14836,2713,2349,1165,2712,2348,1163,98,100,0,500,2742;
@400000005e57765b1972099b #d,-,18,2711,2350,1164,556,3,239258,14834,2712,2351,1164,2711,2349,1163,98,100,0,500,2742;
@400000005e57765b197cb084 #d,-,18,2839,2347,1563,557,3,239211,14831,2839,2351,1566,2711,2347,1163,100,100,0,500,2839;
@400000005e57765d198d4dde #d,-,18,3674,2348,1611,558,3,239265,14834,3674,2348,1650,2839,2347,1551,100,100,0,500,3674;
@400000005e57765d1997f4c7 #d,-,18,3787,2347,1612,559,3,239316,14837,3787,2349,1619,3674,2346,1604,99,100,0,500,3815;
@400000005e57765f19a7a4a4 #d,-,18,3785,2347,1616,560,3,239368,14840,3787,2348,1617,3785,2346,1612,99,100,0,500,3798;
@400000005e57765f19b271bd #d,-,18,3784,2345,1616,561,3,239420,14844,3785,2347,1618,3784,2344,1614,99,100,0,500,3801;
@400000005e57766119c2e174 #d,-,18,3783,2345,1617,562,3,239472,14847,3784,2346,1617,3783,2345,1615,99,100,0,500,3798;
@400000005e57766119cd9eb8 #d,-,18,3782,2348,1634,563,3,239527,14850,3783,2348,1646,3782,2345,1612,99,100,0,500,3801;
@400000005e57766319dc4c9b #d,-,18,3787,2347,1617,565,3,239581,14854,3787,2348,1634,3782,2347,1617,98,100,0,500,3842;
@400000005e57766319e6e3af #d,-,18,3786,2346,1623,566,3,239633,14857,3787,2348,1624,3786,2345,1615,99,100,0,500,3807;
@400000005e57766519f825e1 #d,-,18,3786,2345,1621,567,3,239685,14860,3786,2346,1623,3786,2345,1619,99,100,0,500,3814;
@400000005e5776651a02c469 #d,-,18,3788,2347,1621,568,3,239739,14863,3788,2347,1636,3786,2344,1620,99,100,0,500,3821;
@400000005e5776671a12c63b #d,-,18,3789,2345,1648,569,3,239835,14869,3789,2348,1653,3788,2345,1620,99,100,0,500,3817;
@400000005e5776671a1db6b7 #d,-,18,3792,2345,1621,570,3,239848,14870,3792,2346,1648,3789,2345,1617,98,100,0,500,3844;
@400000005e5776691a2edde7 #d,-,18,3792,2346,1625,571,3,239900,14873,3792,2347,1628,3792,2344,1618,99,100,0,500,3814;
@400000005e5776691a39de39 #d,-,18,3793,2345,1627,572,3,239954,14877,3793,2346,1635,3792,2344,1625,99,100,0,500,3824;
@400000005e57766b1a4b1bc2 #d,-,18,3794,2345,1629,573,3,240007,14880,3794,2345,1630,3793,2343,1627,99,100,0,500,3824;
@400000005e57766b1a55ed83 #d,-,18,3795,2343,1663,574,3,240063,14883,3795,2346,1663,3794,2343,1625,99,100,0,500,3824;
@400000005e57766d1a668bcb #d,-,18,3801,2343,1631,575,3,240118,14887,3801,2344,1664,3795,2343,1628,98,100,0,500,3867;
@400000005e57766d1a715c9e #d,-,18,3802,2345,1637,576,3,240172,14890,3802,2345,1637,3801,2342,1630,99,100,0,500,3831;
@400000005e57766f1a7fc0ee #d,-,18,3804,2343,1634,577,3,240225,14894,3804,2345,1638,3802,2341,1632,99,100,0,500,3839;
@400000005e57766f1a8ad4ce #d,-,18,3805,2343,1638,578,3,240279,14897,3805,2344,1638,3804,2341,1633,99,100,0,500,3837;
@400000005e5776711a991d2e #d,-,18,3806,2342,1659,579,3,240334,14900,3806,2344,1659,3805,2341,1632,99,100,0,500,3840;
@400000005e5776711aa4310e #d,-,18,3810,2343,1634,580,3,240388,14904,3810,2343,1659,3806,2340,1628,98,100,0,500,3858;
@400000005e5776731ab46c9e #d,-,18,3812,2342,1634,581,3,240444,14907,3812,2344,1652,3810,2342,1634,99,100,0,500,3849;
@400000005e5776731abf4218 #d,-,18,3814,2344,1640,582,3,240536,14913,3814,2345,1641,3812,2342,1633,99,100,0,500,3846;
@400000005e5776751ad120c0 #d,-,18,3814,2343,1644,583,3,240587,14916,3814,2344,1644,3814,2342,1593,99,100,0,500,3846;
@400000005e5776751adbd691 #d,-,18,3813,2344,1660,585,3,240604,14917,3814,2344,1660,3813,2342,1637,99,100,0,500,3826;
@400000005e5776771aed3c26 #d,-,18,3818,2341,1642,586,3,240660,14920,3818,2344,1667,3813,2341,1634,98,100,0,500,3874;
@400000005e5776771af7ea83 #d,-,18,3819,2342,1642,587,3,240714,14924,3819,2343,1642,3818,2341,1635,99,100,0,500,3847;
@400000005e5776791b087cb0 #d,-,18,3820,2341,1638,588,3,240767,14927,3820,2343,1642,3819,2341,1638,99,100,0,500,3847;
@400000005e5776791b1380bb #d,-,18,3822,2339,1641,589,3,240822,14931,3822,2341,1662,3820,2339,1635,99,100,0,500,3858;
@400000005e57767b1b247c25 #d,-,18,3824,2340,1658,590,3,240877,14934,3824,2341,1658,3822,2338,1639,99,100,0,500,3856;
@400000005e57767b1b2f5a02 #d,-,18,3829,2337,1639,591,3,240932,14937,3829,2340,1679,3824,2336,1630,98,100,0,500,3890;
@400000005e57767d1b409fed #d,-,18,3828,2338,1647,592,3,240986,14941,3829,2338,1652,3828,2336,1639,99,100,0,500,3847;
@400000005e57767d1b4b88f6 #d,-,18,3829,2336,1652,593,3,241078,14946,3829,2338,1653,3828,2336,1646,99,100,0,500,3856;
@400000005e57767f1b5ce271 #d,-,18,3830,2336,1650,594,3,241094,14947,3830,2336,1652,3829,2335,1641,99,100,0,500,3858;
@400000005e57767f1b67cf34 #d,-,18,3831,2338,1650,595,3,241147,14951,3831,2339,1650,3830,2336,1647,99,100,0,500,3858;
@400000005e5776811b7c39c9 #d,-,18,3835,2337,1644,596,3,241203,14954,3835,2338,1677,3831,2336,1640,98,100,0,500,3883;
@400000005e5776811b8758d6 #d,-,18,3835,2338,1651,597,3,241257,14957,3835,2339,1651,3835,2337,1644,99,100,0,500,3860;
@400000005e5776831b98c5df #d,-,18,3835,2337,1645,598,3,241310,14961,3835,2338,1651,3835,2336,1645,99,100,0,500,3860;
@400000005e5776831ba3bb04 #d,-,18,3835,2339,1647,599,3,241362,14964,3835,2340,1647,3835,2336,1643,99,100,0,500,3855;
@400000005e5776851bb51838 #d,-,18,3835,2340,1645,601,3,241414,14967,3835,2340,1649,3835,2338,1643,99,100,0,500,3856;
@400000005e5776851bbfba79 #d,-,18,3838,2338,1657,602,3,241471,14971,3838,2340,1678,3835,2338,1645,99,100,0,500,3874;
@400000005e5776871bd13757 #d,-,18,3840,2339,1646,603,3,241524,14974,3840,2340,1657,3838,2338,1645,98,100,0,500,3887;
@400000005e5776871bdbbe97 #d,-,18,3841,2337,1653,604,3,241578,14977,3841,2339,1654,3840,2336,1646,99,100,0,500,3863;
@400000005e5776891bebb093 #d,-,18,3841,2339,1652,605,3,241668,14983,3841,2339,1654,3841,2337,1651,99,100,0,500,3871;
@400000005e5776891bf75889 #d,-,18,3842,2337,1650,606,3,241684,14984,3842,2339,1655,3841,2337,1648,99,100,0,500,3871;
@400000005e57768b1c08ddc8 #d,-,18,3845,2339,1647,607,3,241740,14987,3845,2339,1684,3842,2336,1647,99,100,0,500,3881;
@400000005e57768b1c13ca8b #d,-,18,3847,2336,1653,608,3,241793,14991,3847,2339,1657,3845,2336,1645,98,100,0,500,3887;
@400000005e57768d1c2542c1 #d,-,18,3847,2337,1655,609,3,241845,14994,3847,2337,1655,3847,2336,1647,99,100,0,500,3871;
@400000005e57768d1c301faf #d,-,18,3847,2339,1651,610,3,241898,14997,3847,2339,1655,3847,2335,1650,99,100,0,500,3867;
@400000005e57768f1c4198d4 #d,-,18,3847,2338,1650,611,3,241950,15000,3847,2340,1655,3847,2338,1650,99,100,0,500,3869;
@400000005e57768f1c4c7208 #d,-,18,3848,2340,1645,612,3,242005,15004,3848,2340,1678,3847,2338,1645,99,100,0,500,3872;
@400000005e5776911c5df2a0 #d,-,18,3850,2341,1648,613,3,242056,15007,3850,2342,1656,3848,2339,1641,99,100,0,500,3888;
@400000005e5776911c68b0d2 #d,-,18,3849,2342,1652,614,3,242108,15010,3850,2342,1652,3849,2339,1648,99,100,0,500,3867;
@400000005e5776931c7b2748 #d,-,18,3848,2339,1651,615,3,242159,15013,3849,2342,1655,3848,2339,1641,99,100,0,500,3865;
@400000005e5776931c85c98a #d,-,18,3848,2342,1651,617,3,242211,15017,3848,2342,1652,3848,2339,1648,99,100,0,500,3872;
@400000005e5776951c966418 #d,-,18,3848,2340,1665,618,3,242265,15020,3848,2342,1683,3848,2339,1646,99,100,0,500,3867;
@400000005e5776951ca1e8a9 #d,-,18,3851,2342,1648,619,3,242316,15023,3851,2342,1665,3848,2340,1639,98,100,0,500,3892;
@400000005e5776971cb32e95 #d,-,18,3850,2341,1644,620,3,242366,15026,3851,2343,1652,3850,2340,1643,99,100,0,500,3872;
@400000005e5776971cbe471d #d,-,18,3850,2342,1649,621,3,242417,15029,3850,2342,1652,3850,2340,1644,99,100,0,500,3867;
@400000005e5776991ccfb7e0 #d,-,18,3849,2341,1653,622,3,242468,15033,3850,2342,1654,3849,2340,1648,99,100,0,500,3869;
@400000005e5776991cda84f9 #d,-,18,3849,2339,1670,623,3,242521,15036,3849,2342,1677,3849,2339,1649,99,100,0,500,3872;
@400000005e57769b1cec403d #d,-,18,3851,2339,1652,624,3,242571,15039,3851,2340,1670,3849,2338,1643,99,100,0,500,3888;
@400000005e57769b1cf721d3 #d,-,18,3847,2340,1607,625,3,242611,15041,3851,2340,1652,3847,2338,1590,99,100,0,500,3851;
@400000005e57769d1d083bf9 #d,-,18,3731,2342,1604,626,3,242649,15044,3847,2342,1607,3731,2340,1594,99,100,0,500,3751;
@400000005e57769d1d12cb9a #d,-,18,3731,2344,1215,627,3,242661,15045,3731,2344,1607,3731,2342,1215,99,100,0,500,3760;
@400000005e57769f1d23f1db #d,-,18,3008,2342,1190,628,3,242597,15041,3731,2344,1223,3008,2341,1175,96,100,0,500,3125;
@400000005e57769f1d2e3ab4 #d,-,18,2789,2342,1195,629,3,242533,15037,3008,2343,1209,2789,2342,1190,98,100,0,500,2828;
@400000005e5776a11d3f5982 #d,-,18,2786,2342,1193,629,3,242468,15033,2789,2342,1195,2786,2341,1193,99,100,0,500,2805;
@400000005e5776a11d49c5bf #d,-,18,2784,2342,1192,630,3,242402,15028,2786,2342,1194,2784,2341,1192,99,100,0,500,2805;
@400000005e5776a31d59b049 #d,-,18,2783,2342,1193,631,3,242337,15024,2784,2342,1194,2783,2341,1191,99,100,0,500,2803;
@400000005e5776a31d651264 #d,-,18,2781,2341,1220,632,3,242274,15021,2783,2342,1220,2781,2341,1191,99,100,0,500,2801;
@400000005e5776a51d7634ec #d,-,18,2782,2342,1194,632,3,242211,15017,2782,2342,1221,2781,2341,1186,98,100,0,500,2829;
@400000005e5776a51d80b010 #d,-,18,2781,2342,1194,633,3,242146,15013,2782,2343,1194,2781,2341,1191,99,100,0,500,2801;
@400000005e5776a71d9198d9 #d,-,18,2779,2342,1193,634,3,242082,15009,2781,2343,1194,2779,2341,1191,99,100,0,500,2799;
@400000005e5776a71d9c17b7 #d,-,18,2777,2344,1191,635,3,242017,15005,2779,2344,1193,2777,2341,1190,99,100,0,500,2801;
@400000005e5776a91dacf81f #d,-,18,2776,2343,1211,635,3,241989,15003,2777,2344,1211,2776,2343,1190,99,100,0,500,2797;
@400000005e5776a91db7486b #d,-,18,2776,2341,1191,636,3,241890,14997,2776,2343,1215,2776,2341,1173,98,100,0,500,2817;
@400000005e5776ab1dc892ff #d,-,18,2773,2344,1185,637,3,241825,14993,2776,2344,1191,2773,2341,1185,99,100,0,500,2783;
@400000005e5776ab1dd31a3e #d,-,18,2770,2343,1185,638,3,241795,14991,2773,2344,1187,2770,2343,1184,99,100,0,500,2785;
@400000005e5776ad1de30ff5 #d,-,18,2767,2342,1182,639,3,241693,14984,2770,2343,1185,2767,2341,1175,99,100,0,500,2776;
@400000005e5776ad1dee7984 #d,-,18,2763,2340,1192,639,3,241627,14980,2767,2342,1192,2763,2340,1181,99,100,0,500,2774;
@400000005e5776af1dffc329 #d,-,18,2765,2343,1180,640,3,241564,14977,2765,2343,1212,2763,2340,1175,98,100,0,500,2803;
@400000005e5776af1e0a3b81 #d,-,18,2760,2344,1179,641,3,241497,14972,2765,2344,1180,2760,2342,1171,99,100,0,500,2765;
@400000005e5776b11e1b657c #d,-,18,2757,2345,1175,642,3,241431,14968,2760,2345,1181,2757,2344,1175,99,100,0,500,2765;
@400000005e5776b11e25c1e4 #d,-,18,2753,2343,1176,642,3,241365,14964,2757,2345,1178,2753,2342,1175,99,100,0,500,2765;
@400000005e5776b31e37277a #d,-,18,2751,2343,1178,643,3,241299,14960,2753,2343,1178,2751,2342,1176,99,100,0,500,2765;
@400000005e5776b31e41b273 #d,-,18,2752,2345,1173,644,3,241236,14956,2752,2345,1205,2751,2343,1170,98,100,0,500,2790;
@400000005e5776b51e530bed #d,-,18,2747,2343,1176,645,3,241169,14952,2752,2345,1176,2747,2343,1166,99,100,0,500,2758;
@400000005e5776b51e5d5ff4 #d,-,18,2744,2342,1173,645,4,241102,14948,2747,2344,1176,2744,2342,1170,99,100,0,500,2755;
@400000005e5776b71e6d7db6 #d,-,18,2741,2344,1172,646,4,241036,14944,2744,2344,1173,2741,2342,1171,99,100,0,500,2753;
@400000005e5776b71e792d1e #d,-,18,2739,2342,1174,647,4,240970,14940,2741,2344,1174,2739,2342,1172,99,100,0,500,2755;
@400000005e5776b91e8a40bf #d,-,18,2739,2340,1169,648,4,240906,14936,2739,2343,1202,2739,2340,1167,98,100,0,500,2773;
@400000005e5776b91e94c7ff #d,-,18,2737,2343,1172,648,4,240841,14932,2739,2343,1175,2737,2340,1169,99,100,0,500,2764;
@400000005e5776bb1ea5c722 #d,-,18,2735,2341,1172,649,4,240775,14928,2737,2343,1172,2735,2341,1168,99,100,0,500,2751;
@400000005e5776bb1eb03bc1 #d,-,18,2733,2341,1181,650,4,240710,14924,2735,2341,1182,2733,2340,1170,99,100,0,500,2751;
@400000005e5776bd1ec13371 #d,-,18,2732,2341,1174,651,4,240680,14922,2733,2341,1181,2732,2340,1174,98,100,0,500,2764;
@400000005e5776bd1ecb9ec0 #d,-,18,2732,2344,1160,651,4,240581,14916,2732,2344,1190,2732,2340,1160,98,100,0,500,2760;
@400000005e5776bf1edc6f53 #d,-,18,2729,2344,1162,652,4,240514,14911,2732,2345,1169,2729,2344,1160,99,100,0,500,2751;
@400000005e5776bf1ee6db90 #d,-,18,2725,2343,1161,653,4,240447,14907,2729,2344,1163,2725,2342,1161,99,100,0,500,2730;
@400000005e5776c11ef6d5ef #d,-,18,2721,2343,1163,654,4,240380,14903,2725,2343,1163,2721,2342,1161,99,100,0,500,2732;
@400000005e5776c11f020118 #d,-,18,2719,2344,1165,654,4,240314,14899,2721,2344,1166,2719,2342,1163,99,100,0,500,2735;
@400000005e5776c31f1313ca #d,-,18,2718,2344,1164,655,4,240251,14895,2719,2345,1194,2718,2344,1164,99,100,0,500,2742;
@400000005e5776c31f1d8fdc #d,-,18,2718,2344,1164,656,4,240185,14891,2718,2345,1167,2718,2344,1159,98,100,0,500,2758;
@400000005e5776c51f2eb61d #d,-,18,2716,2343,1164,657,4,240120,14887,2718,2344,1166,2716,2342,1164,99,100,0,500,2737;
@400000005e5776c51f391286 #d,-,18,2714,2344,1165,657,4,240054,14883,2716,2344,1166,2714,2342,1163,99,100,0,500,2739;
@400000005e5776c71f4a067c #d,-,18,2713,2345,1164,658,4,239989,14879,2714,2345,1166,2713,2344,1163,99,100,0,500,2737;
@400000005e5776c71f545f2b #d,-,18,2712,2343,1176,659,4,239927,14875,2713,2345,1193,2712,2342,1164,99,100,0,500,2737;
@400000005e5776c91f657597 #d,-,18,2713,2343,1164,660,4,239862,14871,2713,2344,1176,2712,2343,1157,98,100,0,500,2762;
@400000005e5776c91f703782 #d,-,18,2938,2343,1546,661,4,239866,14871,2938,2344,1561,2713,2342,1164,100,100,0,500,2938;
@400000005e5776cb1f80d5ca #d,-,18,3704,2342,1620,662,4,239910,14874,3704,2343,1637,2938,2341,1546,100,100,0,500,3704;
@400000005e5776cb1f8bd61c #d,-,18,3776,2342,1616,663,4,239954,14877,3776,2342,1624,3704,2341,1615,99,100,0,500,3799;
@400000005e5776cd1f9c6c03 #d,-,18,3776,2341,1642,664,4,240034,14882,3776,2343,1647,3776,2340,1616,99,100,0,500,3803;
@400000005e5776cd1fa73dc3 #d,-,18,3779,2342,1621,665,4,240076,14884,3779,2343,1642,3776,2340,1612,98,100,0,500,3824;
@400000005e5776cf1fb858d8 #d,-,18,3779,2342,1620,666,4,240086,14885,3779,2342,1622,3779,2340,1617,99,100,0,500,3801;
@400000005e5776cf1fc377e5 #d,-,18,3780,2342,1623,667,4,240131,14888,3780,2343,1634,3779,2341,1619,99,100,0,500,3807;
@400000005e5776d11fd4a688 #d,-,18,3780,2341,1621,668,4,240174,14890,3780,2342,1625,3780,2340,1618,99,100,0,500,3810;
@400000005e5776d11fdf881e #d,-,18,3781,2342,1651,669,4,240220,14893,3781,2342,1651,3780,2340,1621,99,100,0,500,3808;
@400000005e5776d31ff2ed00 #d,-,18,3785,2342,1625,670,4,240265,14896,3785,2343,1652,3781,2341,1622,98,100,0,500,3839;
@400000005e5776d31ffdf87e #d,-,18,3787,2340,1628,671,4,240310,14899,3787,2342,1629,3785,2339,1624,99,100,0,500,3824;
@400000005e5776d5200f333d #d,-,18,3788,2341,1628,672,4,240354,14901,3788,2341,1631,3787,2340,1627,99,100,0,500,3819;
@400000005e5776d52019be36 #d,-,18,3789,2340,1621,673,4,240398,14904,3789,2341,1631,3788,2340,1620,99,100,0,500,3819;
@400000005e5776d7202b84a7 #d,-,18,3790,2341,1665,674,4,240445,14907,3790,2342,1665,3789,2340,1621,99,100,0,500,3819;
@400000005e5776d720361bbb #d,-,18,3796,2342,1632,675,4,240491,14910,3796,2342,1666,3790,2340,1627,98,100,0,500,3863;
@400000005e5776d92046f4b0 #d,-,18,3797,2341,1633,676,4,240535,14913,3797,2342,1635,3796,2341,1628,99,100,0,500,3824;
@400000005e5776d920529178 #d,-,18,3799,2340,1636,677,4,240582,14916,3799,2341,1654,3797,2339,1632,99,100,0,500,3837;
@400000005e5776db20640d68 #d,-,18,3802,2340,1638,678,4,240627,14918,3802,2341,1638,3799,2339,1631,98,100,0,500,3846;
@400000005e5776db206f1262 #d,-,18,3804,2342,1660,679,4,240674,14921,3804,2343,1660,3802,2340,1638,99,100,0,500,3840;
@400000005e5776dd2080aa42 #d,-,18,3809,2341,1635,681,4,240754,14926,3809,2343,1666,3804,2341,1630,98,100,0,500,3872;
@400000005e5776dd208bb97a #d,-,18,3810,2343,1636,682,4,240799,14929,3810,2343,1638,3809,2340,1633,99,100,0,500,3837;
@400000005e5776df209d1b56 #d,-,18,3811,2343,1636,683,4,240812,14930,3811,2344,1639,3810,2342,1636,99,100,0,500,3839;
@400000005e5776df20a82b7d #d,-,18,3811,2344,1642,684,4,240858,14933,3811,2344,1650,3811,2342,1634,99,100,0,500,3842;
@400000005e5776e120b9a3b3 #d,-,18,3814,2343,1650,685,4,240903,14936,3814,2345,1650,3811,2343,1636,98,100,0,500,3853;
@400000005e5776e120c4659f #d,-,18,3819,2345,1639,686,4,240951,14939,3819,2345,1671,3814,2343,1631,98,100,0,500,3879;
@400000005e5776e320d5edaa #d,-,18,3820,2343,1637,687,4,240997,14941,3820,2345,1642,3819,2343,1637,99,100,0,500,3847;
@400000005e5776e320e0984d #d,-,18,3820,2344,1640,688,4,241042,14944,3820,2345,1642,3820,2342,1636,99,100,0,500,3847;
@400000005e5776e520f2acfa #d,-,18,3821,2344,1637,689,4,241088,14947,3821,2345,1643,3820,2344,1637,99,100,0,500,3851;
@400000005e5776e520fd8e90 #d,-,18,3822,2346,1637,690,4,241133,14950,3822,2346,1641,3821,2344,1635,99,100,0,500,3853;
@400000005e5776e7210e5307 #d,-,18,3827,2343,1658,691,4,241215,14955,3827,2346,1671,3822,2342,1637,98,100,0,500,3876;
@400000005e5776e72119cd59 #d,-,18,3830,2344,1641,692,4,241261,14958,3830,2345,1658,3827,2342,1638,98,100,0,500,3878;
@400000005e5776e9212a6340 #d,-,18,3830,2342,1646,693,4,241275,14959,3830,2344,1650,3830,2342,1641,99,100,0,500,3858;
@400000005e5776e92135ae13 #d,-,18,3831,2343,1643,694,4,241320,14961,3831,2343,1648,3830,2341,1636,99,100,0,500,3858;
@400000005e5776eb2147783e #d,-,18,3832,2344,1642,695,4,241366,14964,3832,2345,1649,3831,2343,1642,99,100,0,500,3860;
@400000005e5776eb21528865 #d,-,18,3836,2343,1636,696,4,241414,14967,3836,2345,1678,3832,2342,1635,98,100,0,500,3879;
@400000005e5776ed2163f56e #d,-,18,3836,2344,1653,697,4,241458,14970,3836,2345,1653,3836,2342,1600,99,100,0,500,3872;
@400000005e5776ed216ef206 #d,-,18,3834,2343,1644,699,4,241503,14973,3836,2345,1654,3834,2342,1643,99,100,0,500,3842;
@400000005e5776ef2180cc06 #d,-,18,3835,2346,1642,700,4,241548,14976,3835,2346,1646,3834,2342,1641,99,100,0,500,3862;
@400000005e5776ef218bd4b9 #d,-,18,3835,2345,1641,701,4,241593,14978,3835,2346,1645,3835,2345,1641,99,100,0,500,3860;
@400000005e5776f1219d4cef #d,-,18,3839,2346,1638,702,4,241643,14981,3839,2346,1684,3835,2343,1638,98,100,0,500,3881;
@400000005e5776f121a8323f #d,-,18,3840,2343,1644,703,4,241720,14986,3840,2346,1649,3839,2343,1637,98,100,0,500,3883;
@400000005e5776f321b9782a #d,-,18,3841,2346,1643,704,4,241765,14989,3841,2347,1652,3840,2343,1643,99,100,0,500,3871;
@400000005e5776f321c431b4 #d,-,18,3842,2344,1641,705,4,241778,14990,3842,2346,1650,3841,2343,1641,99,100,0,500,3867;
@400000005e5776f521d5121c #d,-,18,3842,2347,1645,706,4,241823,14993,3842,2347,1652,3842,2343,1641,99,100,0,500,3867;
@400000005e5776f521e0a771 #d,-,18,3843,2346,1640,707,4,241871,14996,3843,2347,1679,3842,2345,1640,99,100,0,500,3874;
@400000005e5776f721f1c9f9 #d,-,18,3845,2346,1645,708,4,241916,14998,3845,2346,1653,3843,2345,1629,99,100,0,500,3883;
@400000005e5776f721fca6e6 #d,-,18,3846,2345,1646,709,4,241961,15001,3846,2347,1648,3845,2345,1645,99,100,0,500,3872;
@400000005e5776f9220e3b0d #d,-,18,3846,2347,1644,710,4,242005,15004,3846,2347,1649,3846,2345,1643,99,100,0,500,3871;
@400000005e5776f9221917fb #d,-,18,3846,2345,1645,711,4,242050,15007,3846,2348,1650,3846,2345,1644,99,100,0,500,3867;
@400000005e5776fb222aa4ae #d,-,18,3846,2347,1657,712,4,242098,15010,3846,2347,1677,3846,2345,1643,99,100,0,500,3871;
@400000005e5776fb2235819c #d,-,18,3849,2344,1640,714,4,242141,15012,3849,2347,1657,3846,2344,1638,98,100,0,500,3896;
@400000005e5776fd22469183 #d,-,18,3848,2347,1645,715,4,242186,15015,3849,2347,1649,3848,2344,1640,99,100,0,500,3865;
@400000005e5776fd22515e9c #d,-,18,3847,2346,1640,716,4,242261,15020,3848,2347,1648,3847,2345,1639,99,100,0,500,3867;
@400000005e5776ff2262d318 #d,-,18,3846,2347,1650,717,4,242273,15020,3847,2347,1651,3846,2345,1638,99,100,0,500,3862;
@400000005e5776ff226d99ac #d,-,18,3847,2344,1672,718,4,242320,15023,3847,2347,1677,3846,2344,1645,99,100,0,500,3871;
@400000005e577701227fc1e7 #d,-,18,3850,2345,1644,719,4,242363,15026,3850,2345,1672,3847,2343,1643,98,100,0,500,3899;
@400000005e577701228a77b7 #d,-,18,3849,2343,1648,720,4,242407,15029,3850,2346,1650,3849,2343,1644,99,100,0,500,3867;
@400000005e577703229b484a #d,-,18,3849,2345,1648,721,4,242451,15031,3849,2345,1650,3849,2343,1646,99,100,0,500,3869;
@400000005e57770322a6dd9f #d,-,18,3849,2344,1647,722,4,242494,15034,3849,2346,1652,3849,2343,1645,99,100,0,500,3874;
@400000005e57770522b6b3ab #d,-,18,3849,2346,1669,723,4,242540,15037,3849,2346,1672,3849,2343,1647,99,100,0,500,3869;
@400000005e57770522c1a8d0 #d,-,18,3851,2344,1646,724,4,242583,15040,3851,2346,1669,3849,2344,1642,98,100,0,500,3894;
@400000005e57770722d2f275 #d,-,18,3850,2346,1650,725,4,242658,15044,3851,2347,1651,3850,2344,1643,99,100,0,500,3867;
@400000005e57770722ddf2c7 #d,-,18,3850,2345,1643,726,4,242669,15045,3850,2347,1650,3850,2345,1640,99,100,0,500,3869;
@400000005e57770922ef5fd0 #d,-,18,3849,2346,1646,727,4,242711,15048,3850,2347,1648,3849,2345,1638,99,100,0,500,3863;
@400000005e57770922fa3904 #d,-,18,3844,2345,1630,728,4,242748,15050,3849,2347,1646,3844,2344,1586,99,100,0,500,3847;
@400000005e57770b230b0e3f #d,-,18,3756,2344,1599,729,4,242781,15052,3844,2345,1631,3756,2342,1594,99,100,0,500,3780;
@400000005e57770b231575d4 #d,-,18,3750,2342,1178,730,4,242770,15051,3756,2344,1604,3750,2342,1167,99,100,0,500,3751;
Lost connection at /opt/powertools/bin/wattsup1 line 220.
	main::failure('Lost connection') called at /opt/powertools/bin/wattsup1 line 271
	main::recv_msg() called at /opt/powertools/bin/wattsup1 line 504
