@400000005e71d3f81dbb05d2 #v,-,8,2,261786,5,2,4,57,200810261703,0;
@400000005e71d3f90c0b15ce #h,-,18,W,V,A,WH,Cost,WH/Mo,Cost/Mo,Wmax,Vmax,Amax,Wmin,Vmin,Amin,PF,DC,PC,Hz,VA;
@400000005e71d3f912190adb #f,-,48,73,436,1,4775,0,0,65533,0,199,810,237,17949,177,311,4753,4,92217,151,32123,69906,40,694,17008,0,93,1,4659,0,0,65533,0,199,822,242,18484,171,318,5362,2,92206,150,32190,70407,42,536,17029,0,92;
@400000005e71d3fb122b1814 #d,-,18,2429,2371,1128,0,0,174611,10825,2429,2372,1128,2428,2371,1124,89,100,0,500,2715;
@400000005e71d3fd12392d3a #d,-,18,2429,2373,1125,1,0,174556,10822,2429,2373,1130,2429,2371,1123,89,100,0,500,2713;
@400000005e71d3fd1241d7a3 #d,-,18,2430,2372,1129,2,0,174532,10820,2430,2373,1132,2429,2371,1122,89,100,0,500,2713;
@400000005e71d3ff124f785f #d,-,18,2430,2372,1128,2,0,178460,11064,2430,2373,1132,2430,2371,1124,89,100,0,500,2718;
@400000005e71d3ff125807c6 #d,-,18,2430,2371,1125,3,0,174560,10822,2430,2372,1130,2430,2370,1124,89,100,0,500,2720;
@400000005e71d401126561ba #d,-,18,2431,2373,1127,4,0,177254,10989,2431,2373,1132,2430,2370,1122,89,100,0,500,2713;
@400000005e71d401126ddd92 #d,-,18,2431,2372,1122,4,0,174536,10821,2431,2373,1128,2431,2372,1122,89,100,0,500,2715;
@400000005e71d403127b4b15 #d,-,18,2431,2372,1126,5,0,174561,10822,2431,2374,1131,2431,2371,1122,89,100,0,500,2715;
@400000005e71d4031283fde0 #d,-,18,2431,2374,1125,6,0,174537,10821,2431,2374,1130,2431,2372,1122,89,100,0,500,2713;
@400000005e71d40512910137 #d,-,18,2431,2372,1125,6,0,174517,10820,2431,2374,1130,2431,2371,1122,89,100,0,500,2718;
@400000005e71d4051299eaf5 #d,-,18,2431,2372,1127,7,0,174488,10818,2431,2372,1128,2431,2371,1121,89,100,0,500,2711;
@400000005e71d40712a711b0 #d,-,18,2431,2372,1128,8,0,174486,10818,2431,2373,1129,2431,2371,1123,89,100,0,500,2715;
@400000005e71d40712afbd08 #d,-,18,2430,2373,1127,8,0,174463,10816,2431,2373,1129,2430,2371,1122,89,100,0,500,2713;
@400000005e71d40912b8a21d #d,-,18,2430,2374,1127,9,0,175647,10890,2430,2374,1128,2430,2373,1123,89,100,0,500,2715;
@400000005e71d40912bd51a8 #d,-,18,2645,2370,1544,10,0,180263,11176,2645,2374,1878,2430,2368,1124,94,100,0,500,2810;
@400000005e71d40b12c9fb97 #d,-,18,3673,2370,1916,11,0,183044,11348,3673,2374,1916,2645,2370,1191,94,100,0,500,3889;
@400000005e71d40b12d2b5d5 #d,-,18,3533,2372,1375,12,0,186811,11582,3673,2372,1944,3533,2369,1363,94,100,0,500,3756;
@400000005e71d40d12de84e8 #d,-,18,3369,2372,1557,13,0,190659,11820,3533,2373,2293,3369,2368,1158,92,100,0,500,3628;
@400000005e71d40d12e6591d #d,-,18,3465,2371,1715,14,0,193705,12009,3465,2372,1720,3369,2370,1266,88,100,0,500,3901;
@400000005e71d40f12f4d00d #d,-,18,3583,2373,1133,15,0,195513,12121,3583,2373,1728,3465,2371,1133,94,100,0,500,3782;
@400000005e71d40f12fdec15 #d,-,18,2667,2374,1146,15,0,193940,12024,3583,2375,1151,2667,2373,971,88,100,0,500,3016;
@400000005e71d411130b2b07 #d,-,18,2365,2372,1131,16,0,193103,11972,2667,2374,1146,2365,2371,1123,89,100,0,500,2633;
@400000005e71d4111314101d #d,-,18,2433,2369,1128,17,0,192320,11923,2433,2373,1135,2365,2369,1124,89,100,0,500,2718;
@400000005e71d413132189bb #d,-,18,2433,2372,1128,18,0,192382,11927,2433,2372,1132,2433,2369,1126,89,100,0,500,2720;
@400000005e71d413132a5788 #d,-,18,2433,2370,1126,18,0,190936,11838,2433,2373,1131,2433,2370,1124,89,100,0,500,2718;
@400000005e71d415133786a5 #d,-,18,2433,2371,1129,19,0,190323,11800,2433,2371,1129,2433,2369,1124,89,100,0,500,2715;
@400000005e71d415133fe68d #d,-,18,2433,2369,1133,20,0,189779,11766,2433,2372,1138,2433,2369,1126,89,100,0,500,2713;
@400000005e71d417134cdafd #d,-,18,2435,2371,1134,20,0,189294,11736,2435,2371,1136,2433,2369,1132,89,100,0,500,2730;
@400000005e71d41713558a0e #d,-,18,2437,2370,1135,21,0,188842,11708,2437,2371,1137,2435,2369,1131,89,100,0,500,2730;
@400000005e71d41913629981 #d,-,18,2439,2371,1132,22,0,188410,11681,2439,2372,1136,2437,2369,1131,89,100,0,500,2732;
@400000005e71d419136b8ab2 #d,-,18,2440,2370,1127,22,0,188000,11656,2440,2373,1135,2439,2370,1127,89,100,0,500,2730;
@400000005e71d41b13793efd #d,-,18,2440,2371,1129,23,0,187594,11630,2440,2371,1130,2440,2369,1125,89,100,0,500,2723;
@400000005e71d41b13820910 #d,-,18,2439,2368,1126,24,0,187199,11606,2440,2371,1130,2439,2368,1125,89,100,0,500,2713;
@400000005e71d41d138f2fcb #d,-,18,2438,2372,1127,24,0,186835,11583,2439,2372,1131,2438,2368,1126,89,100,0,500,2718;
@400000005e71d41d139805fa #d,-,18,2437,2371,1123,25,0,186484,11562,2438,2372,1130,2437,2370,1123,89,100,0,500,2715;
@400000005e71d41f13a5ec8f #d,-,18,2436,2371,1127,26,0,186152,11541,2437,2372,1130,2436,2370,1122,89,100,0,500,2713;
@400000005e71d41f13ae8add #d,-,18,2435,2370,1124,26,0,185841,11522,2436,2372,1130,2435,2370,1123,89,100,0,500,2713;
@400000005e71d42113bcf2e6 #d,-,18,2435,2372,1126,27,0,185539,11503,2435,2372,1127,2435,2369,1123,89,100,0,500,2711;
@400000005e71d42113c6932e #d,-,18,2896,2370,1420,28,0,187223,11607,2896,2373,1874,2435,2368,1126,96,100,0,500,2993;
@400000005e71d42313d43030 #d,-,18,3469,2369,1904,29,0,188809,11706,3469,2373,1942,2896,2368,1183,91,100,0,500,3782;
@400000005e71d42313dcfa44 #d,-,18,3535,2371,1195,30,0,189964,11777,3535,2371,1904,3469,2368,1195,94,100,0,500,3739;
@400000005e71d42513e6c562 #d,-,18,3529,2370,1568,31,0,191783,11890,3535,2371,1885,3529,2367,1166,96,100,0,500,3659;
@400000005e71d42513ecffcf #d,-,18,3321,2368,1674,32,0,193659,12006,3529,2372,1830,3321,2367,1236,89,100,0,500,3694;
@400000005e71d42713fbbc99 #d,-,18,3699,2373,1111,33,0,194177,12039,3699,2373,1674,3321,2368,1102,96,100,0,500,3837;
@400000005e71d4271405134d #d,-,18,2597,2370,1125,33,0,193326,11986,3699,2373,1152,2597,2370,1081,87,100,0,500,2974;
@400000005e71d4291413f823 #d,-,18,2453,2371,1132,34,0,192946,11962,2597,2373,1134,2453,2370,1125,90,100,0,500,2720;
@400000005e71d429141d2f2d #d,-,18,2452,2373,1130,35,0,192579,11939,2453,2373,1133,2452,2371,1128,89,100,0,500,2727;
@400000005e71d42b142ba61d #d,-,18,2451,2372,1130,35,0,192230,11918,2452,2373,1133,2451,2372,1129,90,100,0,500,2723;
@400000005e71d42b1435439a #d,-,18,2450,2373,1132,36,0,191889,11897,2451,2374,1132,2450,2371,1130,89,100,0,500,2727;
@400000005e71d42d144374b1 #d,-,18,2450,2373,1132,37,0,191567,11877,2450,2373,1135,2450,2370,1130,89,100,0,500,2730;
@400000005e71d42d144cc6bd #d,-,18,2449,2371,1131,37,0,191258,11858,2450,2373,1134,2449,2370,1130,89,100,0,500,2725;
@400000005e71d42f145b5d57 #d,-,18,2449,2372,1131,38,0,191319,11861,2449,2373,1133,2449,2370,1129,89,100,0,500,2727;
@400000005e71d42f14651990 #d,-,18,2448,2371,1134,39,0,190672,11821,2449,2372,1136,2448,2370,1130,89,100,0,500,2727;
@400000005e71d4311473cee6 #d,-,18,2448,2371,1133,39,0,190391,11804,2448,2372,1135,2448,2370,1128,89,100,0,500,2727;
@400000005e71d431147cf350 #d,-,18,2448,2370,1132,40,0,190123,11787,2448,2372,1134,2448,2369,1127,89,100,0,500,2725;
@400000005e71d433148b7dcf #d,-,18,2447,2372,1127,41,0,189856,11771,2448,2372,1133,2447,2368,1127,89,100,0,500,2723;
@400000005e71d43314948a02 #d,-,18,2446,2370,1131,42,0,189602,11755,2447,2372,1133,2446,2370,1127,89,100,0,500,2723;
@400000005e71d43514a30d0e #d,-,18,2445,2372,1131,42,0,189356,11740,2446,2372,1132,2445,2370,1127,89,100,0,500,2723;
@400000005e71d43514ac6b35 #d,-,18,2445,2372,1129,43,0,189113,11725,2445,2372,1132,2445,2372,1128,89,100,0,500,2723;
@400000005e71d43714bb8256 #d,-,18,2444,2370,1129,44,0,188883,11710,2445,2372,1133,2444,2370,1129,89,100,0,500,2723;
@400000005e71d43714c4c935 #d,-,18,2444,2371,1129,44,0,188658,11696,2444,2371,1133,2444,2369,1128,89,100,0,500,2725;
@400000005e71d43914d3dc9c #d,-,18,2443,2369,1780,45,0,189129,11726,2444,2372,1780,2443,2369,1127,89,100,0,500,2723;
@400000005e71d43914dd9160 #d,-,18,3371,2369,1503,46,0,189893,11773,3371,2370,1876,2443,2367,1416,96,100,0,500,3507;
@400000005e71d43b14e9518c #d,-,18,3308,2367,1456,47,0,191141,11850,3371,2369,1878,3308,2366,1172,94,100,0,500,3509;
@400000005e71d43b14f1730e #d,-,18,3577,2368,1805,48,0,191994,11903,3577,2371,1932,3308,2367,1228,91,100,0,500,3919;
@400000005e71d43d14ffaf52 #d,-,18,3571,2370,1250,49,0,192738,11949,3577,2371,1805,3571,2368,1250,93,100,0,500,3829;
@400000005e71d43d15090aae #d,-,18,3451,2369,1486,50,0,193443,11993,3571,2370,1836,3451,2368,1210,95,100,0,500,3597;
@400000005e71d43f1516aa7c #d,-,18,3292,2372,1102,51,0,193420,11992,3451,2373,1596,3292,2368,1052,90,100,0,500,3654;
@400000005e71d43f151f6d1c #d,-,18,2395,2371,1139,51,0,193154,11975,3292,2373,1151,2395,2371,1071,89,100,0,500,2678;
@400000005e71d441152caed9 #d,-,18,2400,2371,1128,52,0,192889,11959,2400,2372,1139,2395,2370,1116,88,100,0,500,2720;
@400000005e71d4411535a00a #d,-,18,2404,2371,1129,53,0,192636,11943,2404,2373,1132,2400,2371,1126,88,100,0,500,2720;
@400000005e71d4431542d789 #d,-,18,2408,2371,1125,53,0,192386,11927,2408,2372,1131,2404,2370,1122,88,100,0,500,2715;
@400000005e71d443154b7a7f #d,-,18,2411,2370,1129,54,0,192148,11913,2411,2371,1131,2408,2370,1124,88,100,0,500,2718;
@400000005e71d445155906bd #d,-,18,2414,2372,1124,55,0,191909,11898,2414,2372,1129,2411,2370,1123,88,100,0,500,2713;
@400000005e71d4451561a9b3 #d,-,18,2416,2371,1128,55,0,191682,11884,2416,2372,1132,2414,2370,1124,88,100,0,500,2718;
@400000005e71d447156ec187 #d,-,18,2418,2370,1127,56,0,191457,11870,2418,2372,1131,2416,2370,1124,89,100,0,500,2715;
@400000005e71d4471577e503 #d,-,18,2420,2372,1129,57,0,191485,11872,2420,2373,1130,2418,2370,1125,89,100,0,500,2715;
@400000005e71d44915853b3d #d,-,18,2421,2369,1126,57,0,191267,11858,2421,2372,1130,2420,2369,1123,89,100,0,500,2715;
@400000005e71d449158dce5e #d,-,18,2422,2370,1123,58,0,191052,11845,2422,2371,1127,2421,2368,1121,89,100,0,500,2711;
@400000005e71d44b159ae633 #d,-,18,2423,2370,1123,59,0,190842,11832,2423,2371,1129,2422,2370,1122,89,100,0,500,2706;
@400000005e71d44b15a3c78e #d,-,18,2423,2367,1127,59,0,190639,11819,2423,2370,1128,2423,2367,1122,89,100,0,500,2708;
@400000005e71d44d15b13158 #d,-,18,2424,2367,1124,60,0,190211,11793,2424,2368,1132,2423,2367,1124,89,100,0,500,2713;
@400000005e71d44d15b9eb96 #d,-,18,2425,2369,1128,61,0,190021,11781,2425,2370,1129,2424,2367,1123,89,100,0,500,2713;
@400000005e71d44f15c87615 #d,-,18,2425,2369,1124,61,0,189839,11770,2425,2370,1131,2425,2369,1122,89,100,0,500,2711;
@400000005e71d44f15d1f3e7 #d,-,18,2426,2367,1128,62,0,189658,11758,2426,2369,1130,2425,2367,1121,89,100,0,500,2713;
@400000005e71d45115e558c8 #d,-,18,2427,2364,1594,63,0,190126,11787,2427,2367,1872,2426,2363,1124,89,100,0,500,2713;
@400000005e71d45115f2a6a1 #d,-,18,3633,2367,1240,64,0,190592,11816,3633,2368,1594,2427,2364,1187,96,100,0,500,3756;
@400000005e71d4531600e78d #d,-,18,3539,2367,1560,65,0,191490,11872,3633,2368,1949,3539,2364,1240,94,100,0,500,3751;
@400000005e71d45316096ad9 #d,-,18,3234,2366,1655,66,0,192192,11915,3539,2369,1848,3234,2364,1226,90,100,0,500,3573;
@400000005e71d45516177118 #d,-,18,3743,2365,1885,67,0,192750,11950,3743,2369,1885,3234,2365,1200,96,100,0,500,3898;
@400000005e71d4551620a0af #d,-,18,3511,2369,1324,68,0,193355,11988,3743,2369,1937,3511,2364,1324,93,100,0,500,3756;
@400000005e71d457162f4277 #d,-,18,2878,2370,1132,68,0,193148,11975,3511,2371,1324,2878,2368,1087,90,100,0,500,3192;
@400000005e71d457163881e3 #d,-,18,2453,2371,1134,69,0,192961,11963,2878,2372,1136,2453,2369,1129,89,100,0,500,2730;
@400000005e71d45916472764 #d,-,18,2452,2371,1131,70,0,192778,11952,2453,2372,1135,2452,2371,1128,89,100,0,500,2727;
@400000005e71d45916503485 #d,-,18,2451,2372,1133,70,0,192598,11941,2452,2372,1134,2451,2371,1128,89,100,0,500,2725;
@400000005e71d45b165e12b9 #d,-,18,2450,2374,1128,71,0,192419,11930,2451,2374,1134,2450,2371,1126,89,100,0,500,2730;
@400000005e71d45b16677cfc #d,-,18,2450,2373,1131,72,0,192247,11919,2450,2375,1133,2450,2373,1126,89,100,0,500,2725;
@400000005e71d45d16762725 #d,-,18,2449,2372,1129,73,0,192073,11908,2450,2373,1134,2449,2372,1127,89,100,0,500,2725;
@400000005e71d45d167f5a76 #d,-,18,2448,2374,1129,73,0,191905,11898,2449,2375,1133,2448,2372,1127,89,100,0,500,2725;
@400000005e71d45f168daa49 #d,-,18,2447,2375,1132,74,0,191737,11887,2448,2375,1133,2447,2373,1128,89,100,0,500,2727;
@400000005e71d45f169747c5 #d,-,18,2446,2373,1128,75,0,191574,11877,2447,2375,1133,2446,2373,1126,89,100,0,500,2727;
@400000005e71d46116a63f3b #d,-,18,2445,2374,1131,75,0,191414,11867,2446,2375,1134,2445,2372,1126,89,100,0,500,2725;
@400000005e71d46116af7ea7 #d,-,18,2445,2372,1127,76,0,191256,11857,2445,2375,1132,2445,2371,1125,89,100,0,500,2723;
@400000005e71d46316bd6d9e #d,-,18,2444,2374,1131,77,0,191101,11848,2445,2374,1133,2444,2372,1125,89,100,0,500,2723;
@400000005e71d46316c702b9 #d,-,18,2444,2372,1131,77,0,190948,11838,2444,2374,1133,2444,2372,1126,89,100,0,500,2723;
@400000005e71d46516d5d6cb #d,-,18,2443,2374,1129,78,0,190979,11840,2444,2374,1134,2443,2371,1127,89,100,0,500,2725;
@400000005e71d46516df1637 #d,-,18,2443,2372,1132,79,0,190656,11820,2443,2374,1134,2443,2371,1125,89,100,0,500,2725;
@400000005e71d46716ec0e61 #d,-,18,2442,2373,1127,79,0,190513,11811,2443,2373,1133,2442,2371,1124,89,100,0,500,2725;
@400000005e71d46716f41d42 #d,-,18,2443,2373,1132,80,0,190374,11803,2443,2374,1133,2442,2372,1126,89,100,0,500,2725;
@400000005e71d46917011ce0 #d,-,18,2964,2372,1444,81,0,190955,11839,2964,2373,1872,2443,2368,1132,96,100,0,500,3059;
@400000005e71d469170a1de6 #d,-,18,3405,2370,1825,82,0,191503,11873,3405,2374,1902,2964,2369,1182,91,100,0,500,3739;
@400000005e71d46b17198341 #d,-,18,3565,2373,1238,83,0,191875,11896,3565,2373,1825,3405,2370,1233,93,100,0,500,3820;
@400000005e71d46b17233bc0 #d,-,18,3479,2370,1531,84,0,192521,11936,3565,2373,1822,3479,2369,1238,95,100,0,500,3652;
@400000005e71d46d17325a53 #d,-,18,3240,2371,1563,85,0,193033,11968,3479,2373,1925,3240,2368,1184,90,100,0,500,3571;
@400000005e71d46d173b924c #d,-,18,3677,2371,1074,86,0,193202,11978,3677,2372,1563,3240,2369,1074,96,100,0,500,3806;
@400000005e71d46f1749a3b9 #d,-,18,2571,2372,1130,86,0,193212,11979,3677,2373,1146,2571,2371,1073,87,100,0,500,2938;
@400000005e71d46f17521f91 #d,-,18,2433,2370,1128,87,0,192891,11959,2571,2372,1132,2433,2369,1123,89,100,0,500,2718;
@400000005e71d471176015fb #d,-,18,2433,2370,1125,88,0,192736,11949,2433,2371,1133,2433,2369,1122,89,100,0,500,2715;
@400000005e71d4711768b537 #d,-,18,2433,2369,1128,88,0,192585,11940,2433,2371,1131,2433,2369,1123,89,100,0,500,2715;
@400000005e71d4731776c6a4 #d,-,18,2432,2368,1126,89,0,192434,11930,2433,2370,1133,2432,2368,1123,89,100,0,500,2713;
@400000005e71d473177f5251 #d,-,18,2432,2370,1131,90,0,192287,11921,2432,2371,1132,2432,2368,1125,89,100,0,500,2718;
@400000005e71d475178d0967 #d,-,18,2432,2370,1127,90,0,192141,11912,2432,2371,1131,2432,2369,1124,89,100,0,500,2715;
@400000005e71d4751795a130 #d,-,18,2432,2369,1127,91,0,191998,11903,2432,2371,1133,2432,2368,1123,89,100,0,500,2715;
@400000005e71d47717a2d7c0 #d,-,18,2431,2369,1125,92,0,191854,11894,2432,2370,1129,2431,2369,1119,89,100,0,500,2711;
@400000005e71d47717abbcd6 #d,-,18,2431,2371,1124,92,0,191715,11886,2431,2371,1130,2431,2369,1120,89,100,0,500,2711;
@400000005e71d47917b9bab4 #d,-,18,2431,2370,1127,93,0,191576,11877,2431,2371,1128,2431,2370,1120,89,100,0,500,2708;
@400000005e71d47917c26d7e #d,-,18,2431,2369,1126,94,0,191441,11869,2431,2370,1131,2431,2369,1120,89,100,0,500,2713;
@400000005e71d47b17d005d9 #d,-,18,2430,2370,1126,94,0,191308,11861,2431,2370,1130,2430,2368,1122,89,100,0,500,2711;
@400000005e71d47b17d8dfc1 #d,-,18,2430,2372,1128,95,0,191177,11853,2430,2372,1129,2430,2370,1122,89,100,0,500,2713;
@400000005e71d47d17e6af0e #d,-,18,2430,2369,1126,96,0,191049,11845,2430,2372,1131,2430,2368,1120,89,100,0,500,2713;
@400000005e71d47d17ef2ae6 #d,-,18,2430,2364,1132,96,0,190926,11837,2430,2369,1132,2430,2364,1122,89,100,0,500,2713;
@400000005e71d47f17ff2456 #d,-,18,2431,2365,1124,97,0,190801,11829,2431,2365,1133,2430,2363,1124,89,100,0,500,2713;
@400000005e71d47f180970e9 #d,-,18,2431,2362,1502,98,0,190762,11827,2431,2366,1502,2431,2362,1124,89,100,0,500,2711;
@400000005e71d48118186d07 #d,-,18,3248,2363,1573,99,0,191316,11861,3248,2364,1865,2431,2361,1490,95,100,0,500,3389;
@400000005e71d4811821a500 #d,-,18,3251,2363,1569,100,0,191786,11890,3251,2365,1926,3248,2361,1239,92,100,0,500,3519;
@400000005e71d483182c5716 #d,-,18,3705,2362,1943,101,0,192099,11910,3705,2364,1943,3251,2362,1186,95,100,0,500,3872;
@400000005e71d48318319e70 #d,-,18,3529,2365,1401,102,0,192563,11938,3705,2365,1943,3529,2362,1401,92,100,0,500,3803;
@400000005e71d4851841597a #d,-,18,3325,2364,1410,103,0,193020,11967,3529,2365,1831,3325,2362,1260,94,100,0,500,3528;
@400000005e71d485184afab0 #d,-,18,3523,2366,1143,103,0,193083,11971,3523,2367,1570,3325,2363,1095,92,100,0,500,3820;
@400000005e71d48718581db1 #d,-,18,2415,2367,1138,104,0,193086,11971,3523,2367,1149,2415,2366,1090,88,100,0,500,2737;
@400000005e71d4871860e7c5 #d,-,18,2418,2365,1131,105,0,192961,11963,2418,2367,1138,2415,2364,1130,88,100,0,500,2727;
@400000005e71d489187029bc #d,-,18,2421,2365,1133,105,0,192837,11955,2421,2365,1136,2418,2364,1129,88,100,0,500,2725;
@400000005e71d4891878d514 #d,-,18,2424,2367,1134,106,0,192580,11939,2424,2367,1134,2421,2364,1128,89,100,0,500,2720;
@400000005e71d48b1887adce #d,-,18,2426,2366,1130,107,0,192459,11932,2426,2367,1134,2424,2366,1127,89,100,0,500,2723;
@400000005e71d48b1890c9d6 #d,-,18,2428,2365,1133,107,0,192341,11925,2428,2366,1134,2426,2364,1128,89,100,0,500,2718;
@400000005e71d48d18a0142f #d,-,18,2430,2367,1130,108,0,192223,11917,2430,2367,1135,2428,2364,1129,89,100,0,500,2723;
@400000005e71d48d18a8ed29 #d,-,18,2431,2365,1134,109,0,192107,11910,2431,2367,1135,2430,2365,1130,89,100,0,500,2720;
@400000005e71d48f18b85ae6 #d,-,18,2432,2364,1136,109,0,191993,11903,2432,2366,1136,2431,2364,1128,89,100,0,500,2723;
@400000005e71d48f18c10909 #d,-,18,2433,2366,1133,110,0,191881,11896,2433,2366,1138,2432,2364,1129,89,100,0,500,2723;
@400000005e71d49118cfce34 #d,-,18,2434,2363,1135,111,0,191770,11889,2434,2366,1136,2433,2362,1128,89,100,0,500,2723;
@400000005e71d49118d8fdcb #d,-,18,2435,2364,1131,111,0,191661,11883,2435,2365,1136,2434,2363,1128,89,100,0,500,2720;
@400000005e71d49318e857fa #d,-,18,2436,2364,1136,112,0,191555,11876,2436,2366,1136,2435,2363,1128,89,100,0,500,2720;
@400000005e71d49318f10e7e #d,-,18,2437,2363,1132,113,0,191449,11869,2437,2365,1137,2436,2363,1130,89,100,0,500,2723;
@400000005e71d49518ff4e7c #d,-,18,2438,2364,1134,113,0,191347,11863,2438,2364,1137,2437,2362,1130,89,100,0,500,2725;
@400000005e71d49519087a59 #d,-,18,2439,2363,1134,114,0,191367,11864,2439,2364,1137,2438,2363,1130,89,100,0,500,2723;
@400000005e71d49719197209 #d,-,18,2440,2361,1134,115,0,191143,11850,2440,2363,1136,2439,2361,1130,89,100,0,500,2723;
@400000005e71d4971922c14a #d,-,18,2441,2359,1762,116,0,191352,11863,2441,2363,1884,2440,2359,1132,89,100,0,500,2723;
@400000005e71d49919331c84 #d,-,18,3541,2366,1206,117,0,191744,11888,3541,2366,1762,2441,2359,1206,96,100,0,500,3678;
@400000005e71d499193da00a #d,-,18,3536,2362,1526,118,0,192072,11908,3541,2366,1935,3536,2362,1200,97,100,0,500,3630;
@400000005e71d49b195369bb #d,-,18,3244,2363,1657,119,0,192458,11932,3536,2365,1974,3244,2361,1175,89,100,0,500,3611;
@400000005e71d49b195f1a12 #d,-,18,3725,2364,1898,120,0,192737,11949,3725,2366,1898,3244,2362,1169,97,100,0,500,3839;
@400000005e71d49d196e9a6f #d,-,18,3545,2365,1444,120,0,193137,11974,3725,2366,1915,3545,2363,1443,93,100,0,500,3796;
@400000005e71d49d19774981 #d,-,18,2940,2364,1129,121,0,193035,11968,3545,2366,1444,2940,2364,1121,88,100,0,500,3310;
@400000005e71d49f1985b544 #d,-,18,2481,2366,1126,122,0,192954,11963,2940,2366,1175,2481,2364,1126,90,100,0,500,2751;
@400000005e71d49f198e5391 #d,-,18,2475,2366,1130,123,0,192835,11955,2481,2366,1145,2475,2365,1084,90,100,0,500,2723;
@400000005e71d4a1199d8a5c #d,-,18,2470,2366,1131,123,0,192726,11949,2475,2366,1134,2470,2364,1126,90,100,0,500,2720;
@400000005e71d4a119a6396d #d,-,18,2465,2368,1128,124,0,192618,11942,2470,2368,1132,2465,2364,1125,90,100,0,500,2711;
@400000005e71d4a319b37c19 #d,-,18,2461,2367,1128,125,0,192511,11935,2465,2368,1132,2461,2367,1124,90,100,0,500,2715;
@400000005e71d4a319bb9d9a #d,-,18,2458,2365,1128,125,0,192404,11929,2461,2367,1131,2458,2365,1125,90,100,0,500,2713;
@400000005e71d4a519cb0b58 #d,-,18,2455,2367,1128,126,0,192299,11922,2458,2367,1132,2455,2365,1125,90,100,0,500,2715;
@400000005e71d4a519d3bd34 #d,-,18,2452,2366,1131,127,0,192197,11916,2455,2367,1133,2452,2366,1126,90,100,0,500,2715;
@400000005e71d4a719e28ac1 #d,-,18,2449,2365,1127,127,0,192206,11916,2452,2366,1132,2449,2364,1124,90,100,0,500,2713;
@400000005e71d4a719eba6c9 #d,-,18,2448,2367,1134,128,0,191996,11903,2449,2367,1134,2448,2365,1126,90,100,0,500,2715;
@400000005e71d4a919f94a51 #d,-,18,2446,2366,1130,129,0,192007,11904,2448,2367,1134,2446,2366,1126,90,100,0,500,2715;
@400000005e71d4a91a01e98d #d,-,18,2445,2365,1129,129,0,191800,11891,2446,2366,1132,2445,2364,1125,90,100,0,500,2715;
@400000005e71d4ab1a10aeb8 #d,-,18,2444,2367,1133,130,0,191703,11885,2445,2367,1133,2444,2365,1126,90,100,0,500,2715;
@400000005e71d4ab1a19ea6a #d,-,18,2443,2367,1127,131,0,191608,11879,2444,2368,1134,2443,2366,1126,89,100,0,500,2718;
@400000005e71d4ad1a2943aa #d,-,18,2442,2366,1130,131,0,191514,11873,2443,2367,1133,2442,2365,1125,89,100,0,500,2715;
@400000005e71d4ad1a31eb48 #d,-,18,2441,2367,1128,132,0,191422,11868,2442,2368,1133,2441,2364,1127,89,100,0,500,2715;
@400000005e71d4af1a414bfb #d,-,18,2441,2366,1130,133,0,191330,11862,2441,2368,1133,2441,2366,1126,89,100,0,500,2715;
@400000005e71d4af1a4b7619 #d,-,18,2495,2366,1566,134,0,191593,11878,2495,2367,1883,2441,2362,1127,91,100,0,500,2732;
@400000005e71d4b11a5de074 #d,-,18,3713,2364,1869,135,0,191848,11894,3713,2368,1869,2495,2364,1210,96,100,0,500,3848;
@400000005e71d4b11a688b17 #d,-,18,3543,2364,1454,136,0,192209,11917,3713,2365,1904,3543,2363,1454,93,100,0,500,3806;
@400000005e71d4b31a797b54 #d,-,18,3292,2365,1399,137,0,192543,11937,3543,2365,1833,3292,2361,1261,93,100,0,500,3526;
@400000005e71d4b31a82be7a #d,-,18,3557,2362,1880,137,0,192852,11956,3557,2366,1921,3292,2362,1209,93,100,0,500,3820;
@400000005e71d4b51a93a655 #d,-,18,3447,2363,1206,138,0,193051,11969,3557,2364,1880,3447,2361,1206,93,100,0,500,3687;
@400000005e71d4b51a9cfd09 #d,-,18,2739,2365,1111,139,0,192980,11964,3447,2366,1206,2739,2363,1018,89,100,0,500,3066;
@400000005e71d4b71aabc5ee #d,-,18,2345,2366,1130,140,0,192784,11952,2739,2368,1153,2345,2365,1111,89,100,0,500,2618;
@400000005e71d4b71ab4f585 #d,-,18,2437,2366,1126,140,0,192688,11946,2437,2366,1133,2345,2365,1126,89,100,0,500,2715;
@400000005e71d4b91ac466fc #d,-,18,2436,2365,1130,141,0,192594,11940,2437,2366,1132,2436,2364,1125,89,100,0,500,2711;
@400000005e71d4b91acd3c3d #d,-,18,2436,2363,1129,142,0,192500,11935,2436,2365,1133,2436,2363,1126,89,100,0,500,2713;
@400000005e71d4bb1adc9a25 #d,-,18,2436,2363,1131,142,0,192508,11935,2436,2364,1133,2436,2362,1127,89,100,0,500,2713;
@400000005e71d4bb1ae56438 #d,-,18,2436,2363,1131,143,0,192417,11929,2436,2364,1133,2436,2363,1127,89,100,0,500,2715;
@400000005e71d4bd1af430d7 #d,-,18,2436,2364,1131,144,0,192327,11924,2436,2364,1133,2436,2363,1129,89,100,0,500,2718;
@400000005e71d4bd1afcff92 #d,-,18,2436,2364,1132,144,0,192140,11912,2436,2364,1133,2436,2364,1129,89,100,0,500,2718;
@400000005e71d4bf1b0c7c36 #d,-,18,2436,2363,1130,145,0,192150,11913,2436,2365,1135,2436,2363,1129,89,100,0,500,2715;
@400000005e71d4bf1b1522e5 #d,-,18,2437,2365,1132,146,0,191965,11901,2437,2365,1133,2436,2363,1129,89,100,0,500,2718;
@400000005e71d4c11b23c867 #d,-,18,2437,2365,1130,146,0,191880,11896,2437,2366,1133,2437,2365,1128,89,100,0,500,2718;
@400000005e71d4c11b2ce46f #d,-,18,2437,2362,1132,147,0,191795,11891,2437,2365,1132,2437,2362,1128,89,100,0,500,2715;
@400000005e71d4c31b3c55e6 #d,-,18,2437,2364,1132,148,0,191711,11886,2437,2365,1133,2437,2362,1130,89,100,0,500,2718;
@400000005e71d4c31b44fc95 #d,-,18,2437,2366,1129,148,0,191627,11880,2437,2366,1132,2437,2364,1129,89,100,0,500,2718;
@400000005e71d4c51b523414 #d,-,18,2437,2364,1130,149,0,191546,11875,2437,2366,1132,2437,2364,1129,89,100,0,500,2718;
@400000005e71d4c51b5b0d0e #d,-,18,2437,2365,1128,150,0,191462,11870,2437,2365,1132,2437,2364,1127,89,100,0,500,2715;
@400000005e71d4c71b6cb4c3 #d,-,18,2437,2364,1128,150,0,191380,11865,2437,2365,1132,2437,2364,1127,89,100,0,500,2713;
@400000005e71d4c71b774bd7 #d,-,18,2731,2363,1476,151,0,191655,11882,2731,2364,1881,2437,2361,1128,95,100,0,500,2858;
@400000005e71d4c91b922324 #d,-,18,3589,2359,1950,152,0,191913,11898,3589,2363,1950,2731,2358,1177,93,100,0,500,3839;
@400000005e71d4c91ba12e29 #d,-,18,3505,2364,1264,153,0,192254,11919,3589,2364,1953,3505,2358,1264,93,100,0,500,3730;
@400000005e71d4cb1bac3e4f #d,-,18,3409,2360,1499,154,0,192570,11939,3505,2365,1876,3409,2357,1165,94,100,0,500,3592;
@400000005e71d4cb1bb17a7c #d,-,18,3335,2361,1712,155,0,192856,11957,3409,2364,1818,3335,2359,1206,89,100,0,500,3730;
@400000005e71d4cd1bc023b7 #d,-,18,3629,2363,1088,156,0,192988,11965,3629,2363,1712,3335,2361,1088,96,100,0,500,3761;
@400000005e71d4cd1bc9cc60 #d,-,18,2655,2361,1120,157,0,192894,11959,3629,2363,1146,2655,2361,1078,88,100,0,500,3014;
@400000005e71d4cf1bdb35af #d,-,18,2423,2361,1128,157,0,192715,11948,2655,2362,1132,2423,2361,1119,89,100,0,500,2697;
@400000005e71d4cf1be4ce83 #d,-,18,2423,2361,1126,158,0,192627,11942,2423,2362,1131,2423,2361,1122,89,100,0,500,2704;
@400000005e71d4d11bf600e0 #d,-,18,2423,2361,1129,159,0,192629,11943,2423,2362,1130,2423,2360,1121,89,100,0,500,2706;
@400000005e71d4d11bffae32 #d,-,18,2423,2361,1125,160,0,192454,11932,2423,2362,1133,2423,2361,1122,89,100,0,500,2701;
@400000005e71d4d31c1037fc #d,-,18,2424,2362,1130,160,0,192457,11932,2424,2362,1130,2423,2361,1123,89,100,0,500,2706;
@400000005e71d4d31c19a240 #d,-,18,2424,2364,1126,161,1,192373,11927,2424,2364,1130,2424,2362,1124,89,100,0,500,2704;
@400000005e71d4d51c2ac881 #d,-,18,2424,2363,1129,162,1,192202,11916,2424,2364,1131,2424,2363,1124,89,100,0,500,2706;
@400000005e71d4d51c34ea3d #d,-,18,2424,2364,1124,162,1,192119,11911,2424,2364,1130,2424,2363,1124,89,100,0,500,2706;
@400000005e71d4d71c45bf77 #d,-,18,2425,2364,1129,163,1,192125,11911,2425,2365,1131,2424,2363,1123,89,100,0,500,2706;
@400000005e71d4d71c4fba16 #d,-,18,2425,2366,1127,164,1,191958,11901,2425,2366,1131,2425,2364,1123,89,100,0,500,2706;
@400000005e71d4d91c5ea2a5 #d,-,18,2337,2364,1139,164,1,191912,11898,2425,2366,1139,2337,2359,1016,88,100,0,500,2649;
@400000005e71d4d91c676810 #d,-,18,2340,2363,1130,165,1,191836,11893,2340,2365,1154,2337,2363,1120,89,100,0,500,2625;
@400000005e71d4db1c765901 #d,-,18,2435,2363,1129,166,1,191674,11883,2435,2364,1132,2340,2362,1127,89,100,0,500,2713;
@400000005e71d4db1c7f7c7d #d,-,18,2434,2365,1128,166,1,191598,11879,2435,2365,1131,2434,2363,1126,89,100,0,500,2713;
@400000005e71d4dd1c8dbd69 #d,-,18,2434,2365,1129,167,1,191523,11874,2434,2367,1130,2434,2365,1128,89,100,0,500,2713;
@400000005e71d4dd1c96868d #d,-,18,2434,2363,1128,168,1,191449,11869,2434,2365,1132,2434,2362,1127,89,100,0,500,2713;
@400000005e71d4df1ca607d9 #d,-,18,2434,2364,1131,168,1,191374,11865,2434,2365,1132,2434,2362,1126,89,100,0,500,2711;
@400000005e71d4df1caf69bb #d,-,18,3014,2361,1634,169,1,191700,11885,3014,2364,1859,2434,2361,1130,95,100,0,500,3154;
@400000005e71d4e11cc0cb97 #d,-,18,3495,2364,1457,170,1,192001,11904,3495,2364,1968,3014,2359,1341,92,100,0,500,3791;
@400000005e71d4e11ccc0a4f #d,-,18,3715,2360,1811,171,1,192300,11922,3715,2365,1851,3495,2360,1264,92,100,0,500,4024;
@400000005e71d4e31cdbc912 #d,-,18,3714,2360,1872,172,1,192577,11939,3715,2363,1872,3714,2359,1303,94,100,0,500,3929;
@400000005e71d4e31ce55300 #d,-,18,3619,2366,1041,173,1,192848,11956,3714,2366,1895,3619,2359,1041,93,100,0,500,3879;
@400000005e71d4e51cf4ef4e #d,-,18,2623,2362,1134,174,1,192636,11943,3619,2366,1134,2623,2362,993,87,100,0,500,2986;
@400000005e71d4e51cfe7c07 #d,-,18,2353,2362,1123,174,1,192640,11943,2623,2363,1147,2353,2362,1118,89,100,0,500,2625;
@400000005e71d4e71d0db2d1 #d,-,18,2433,2365,1130,175,1,192480,11933,2433,2365,1130,2353,2362,1123,89,100,0,500,2713;
@400000005e71d4e71d176b50 #d,-,18,2432,2364,1127,176,1,192484,11934,2433,2366,1130,2432,2364,1122,89,100,0,500,2706;
@400000005e71d4e91d294550 #d,-,18,2431,2363,1128,176,1,192326,11924,2432,2364,1129,2431,2363,1126,89,100,0,500,2708;
@400000005e71d4e91d32de24 #d,-,18,2430,2363,1127,177,1,192250,11919,2431,2364,1128,2430,2363,1123,89,100,0,500,2708;
@400000005e71d4eb1d4495ae #d,-,18,2430,2365,1127,178,1,192174,11914,2430,2365,1128,2430,2363,1122,89,100,0,500,2704;
@400000005e71d4eb1d4e2e83 #d,-,18,2429,2364,1125,179,1,192100,11910,2430,2365,1129,2429,2363,1123,89,100,0,500,2704;
@400000005e71d4ed1d5e0cf0 #d,-,18,2429,2364,1126,179,1,192026,11905,2429,2364,1129,2429,2363,1125,89,100,0,500,2706;
@400000005e71d4ed1d6796de #d,-,18,2429,2363,1124,180,1,191952,11901,2429,2364,1130,2429,2363,1123,89,100,0,500,2704;
@400000005e71d4ef1d777905 #d,-,18,2428,2363,1127,181,1,191880,11896,2429,2363,1130,2428,2363,1123,89,100,0,500,2706;
@400000005e71d4ef1d813184 #d,-,18,2428,2363,1128,181,1,191807,11892,2428,2363,1128,2428,2363,1123,89,100,0,500,2706;
@400000005e71d4f11d90f8a9 #d,-,18,2428,2363,1126,182,1,191735,11887,2428,2363,1130,2428,2363,1123,89,100,0,500,2704;
@400000005e71d4f11d9a9537 #d,-,18,2427,2363,1125,183,1,191664,11883,2428,2363,1128,2427,2362,1122,89,100,0,500,2704;
@400000005e71d4f31dac6b7d #d,-,18,2427,2362,1124,183,1,191592,11878,2427,2363,1127,2427,2362,1123,89,100,0,500,2701;
@400000005e71d4f31db5f925 #d,-,18,2426,2361,1126,184,1,191521,11874,2427,2362,1129,2426,2361,1123,89,100,0,500,2701;
@400000005e71d4f51dc8a68e #d,-,18,2426,2361,1125,185,1,191450,11869,2426,2362,1128,2426,2360,1123,89,100,0,500,2704;
@400000005e71d4f51dd5c98f #d,-,18,2425,2359,1127,185,1,191378,11865,2426,2361,1129,2425,2358,1123,89,100,0,500,2701;
@400000005e71d4f71de6d4ce #d,-,18,3008,2357,1482,186,1,191720,11886,3008,2359,1877,2425,2354,1127,96,100,0,500,3107;
@400000005e71d4f71df04ee7 #d,-,18,3363,2356,1782,187,1,191891,11897,3363,2359,1950,3008,2355,1202,91,100,0,500,3692;
@400000005e71d4f91e0028ac #d,-,18,3587,2360,1216,188,1,192111,11910,3587,2361,1782,3363,2356,1166,95,100,0,500,3756;
@400000005e71d4f91e0a79e7 #d,-,18,3583,2358,1523,189,1,192346,11925,3587,2360,1906,3583,2357,1216,95,100,0,500,3761;
@400000005e71d4fb1e1a34f1 #d,-,18,3258,2357,1609,190,1,192662,11945,3583,2359,1829,3258,2356,1260,91,100,0,500,3547;
@400000005e71d4fb1e23c299 #d,-,18,3691,2360,1149,191,1,192722,11948,3691,2360,1609,3258,2357,1126,95,100,0,500,3865;
@400000005e71d4fd1e31c430 #d,-,18,2477,2362,1135,192,1,192651,11944,3691,2362,1149,2477,2360,1086,86,100,0,500,2853;
@400000005e71d4fd1e3ac536 #d,-,18,2473,2359,1132,192,1,192510,11935,2477,2362,1136,2473,2359,1132,90,100,0,500,2725;
@400000005e71d4ff1e4a1349 #d,-,18,2469,2358,1133,193,1,192443,11931,2473,2359,1134,2469,2357,1131,90,100,0,500,2715;
@400000005e71d4ff1e52c16c #d,-,18,2466,2359,1130,194,1,192376,11927,2469,2359,1134,2466,2358,1129,90,100,0,500,2715;
@400000005e71d5011e620452 #d,-,18,2462,2363,1130,194,1,192310,11923,2466,2363,1134,2462,2359,1129,90,100,0,500,2713;
@400000005e71d5011e6a9b2c #d,-,18,2460,2361,1132,195,1,192245,11919,2462,2363,1132,2460,2361,1128,90,100,0,500,2713;
@400000005e71d5031e798002 #d,-,18,2457,2363,1130,196,1,192179,11915,2460,2363,1133,2457,2360,1129,90,100,0,500,2715;
@400000005e71d5031e82c239 #d,-,18,2454,2363,1135,196,1,192114,11911,2457,2363,1135,2454,2362,1128,90,100,0,500,2713;
@400000005e71d5051e905b82 #d,-,18,2452,2361,1132,197,1,192049,11907,2454,2363,1135,2452,2361,1130,90,100,0,500,2718;
@400000005e71d5051e990d5e #d,-,18,2450,2361,1128,198,1,191984,11903,2452,2362,1133,2450,2361,1128,90,100,0,500,2715;
@400000005e71d5071ea62179 #d,-,18,2448,2361,1132,198,1,191920,11899,2450,2361,1133,2448,2361,1128,90,100,0,500,2713;
@400000005e71d5071eaef2ff #d,-,18,2446,2362,1129,199,1,191856,11895,2448,2362,1133,2446,2361,1127,90,100,0,500,2711;
@400000005e71d5091ebe585b #d,-,18,2445,2362,1132,200,1,191793,11891,2446,2363,1132,2445,2361,1128,90,100,0,500,2713;
@400000005e71d5091ec71299 #d,-,18,2443,2363,1130,200,1,191730,11887,2445,2363,1133,2443,2362,1128,90,100,0,500,2713;
@400000005e71d50b1ed4f575 #d,-,18,2442,2363,1132,201,1,191668,11883,2443,2363,1133,2442,2362,1129,89,100,0,500,2715;
@400000005e71d50b1ede0650 #d,-,18,2442,2363,1132,202,1,191606,11879,2442,2363,1133,2442,2363,1130,89,100,0,500,2715;
Lost connection at /opt/powertools/bin/wattsup1 line 220.
	main::failure('Lost connection') called at /opt/powertools/bin/wattsup1 line 271
	main::recv_msg() called at /opt/powertools/bin/wattsup1 line 504
