@400000005e255b3d062ebb56 #v,-,8,1,65178,5,2,4,57,200810261703,0;
@400000005e255b3d3017e353 #h,-,18,W,V,A,WH,Cost,WH/Mo,Cost/Mo,Wmax,Vmax,Amax,Wmin,Vmin,Amin,PF,DC,PC,Hz,VA;
@400000005e255b3d362690c7 #f,-,48,77,436,1,4803,0,0,65535,0,150,1177,177,10481,276,203,3340,13,121719,86,50084,105837,25,2629,11458,0,64,1,4686,0,0,65535,0,150,1030,182,11055,266,212,3240,13,121394,92,49362,104176,24,2613,13005,0,71;
@400000005e255b3f363c5a77 #d,-,18,2730,2362,1185,1,0,192679,11946,2738,2363,1185,2730,2361,1156,99,100,0,500,2742;
@400000005e255b41364db038 #d,-,18,2731,2364,1158,1,0,193474,11995,2731,2364,1187,2730,2362,1151,98,100,0,500,2773;
@400000005e255b413657ecf6 #d,-,18,2728,2362,1157,2,0,193622,12004,2731,2364,1158,2728,2362,1156,99,100,0,500,2741;
@400000005e255b433667c037 #d,-,18,2725,2365,1157,3,0,193709,12009,2728,2365,1157,2725,2362,1155,99,100,0,500,2742;
@400000005e255b433671ce64 #d,-,18,2723,2364,1158,4,0,193747,12012,2725,2365,1158,2723,2364,1155,99,100,0,500,2742;
@400000005e255b4536805c9c #d,-,18,2720,2364,1174,4,0,193838,12017,2723,2364,1174,2720,2364,1154,99,100,0,500,2739;
@400000005e255b45368b1e88 #d,-,18,2722,2364,1158,5,0,194016,12029,2722,2364,1184,2720,2363,1151,98,100,0,500,2769;
@400000005e255b4736982687 #d,-,18,2720,2363,1156,6,0,193994,12027,2722,2364,1159,2720,2362,1155,99,100,0,500,2739;
@400000005e255b4736a234b4 #d,-,18,2718,2361,1158,7,0,193987,12027,2720,2363,1158,2718,2360,1156,99,100,0,500,2741;
@400000005e255b4936b0f26d #d,-,18,2716,2362,1156,7,0,193982,12026,2718,2362,1159,2716,2361,1155,99,100,0,500,2739;
@400000005e255b4936bb8981 #d,-,18,2715,2359,1164,8,0,193987,12027,2716,2362,1164,2715,2359,1154,99,100,0,500,2742;
@400000005e255b4b36ca1f2d #d,-,18,2717,2359,1157,9,0,194109,12034,2717,2360,1186,2715,2358,1151,98,100,0,500,2765;
@400000005e255b4b36d48f24 #d,-,18,2715,2359,1158,10,0,194088,12033,2717,2359,1160,2715,2358,1156,99,100,0,500,2739;
@400000005e255b4d36e1f534 #d,-,18,2714,2358,1157,10,0,194070,12032,2715,2359,1159,2714,2358,1157,99,100,0,500,2739;
@400000005e255b4d36ec1e63 #d,-,18,2712,2357,1159,11,0,194055,12031,2714,2358,1159,2712,2357,1156,99,100,0,500,2739;
@400000005e255b4f36fbe942 #d,-,18,2711,2359,1157,12,0,194034,12030,2712,2359,1159,2711,2357,1156,98,100,0,500,2739;
@400000005e255b4f370678e3 #d,-,18,2714,2357,1155,13,0,194114,12035,2714,2359,1185,2711,2357,1151,98,100,0,500,2760;
@400000005e255b5137164008 #d,-,18,2712,2359,1156,13,0,194110,12034,2714,2360,1161,2712,2356,1155,98,100,0,500,2744;
@400000005e255b513720f992 #d,-,18,2711,2359,1157,14,0,194090,12033,2712,2361,1157,2711,2359,1155,98,100,0,500,2739;
@400000005e255b5337313257 #d,-,18,2710,2360,1157,15,0,194077,12032,2711,2361,1158,2710,2358,1156,98,100,0,500,2739;
@400000005e255b53373b7eea #d,-,18,2709,2361,1156,16,0,194060,12031,2710,2361,1158,2709,2360,1155,98,100,0,500,2737;
@400000005e255b55374b0f1c #d,-,18,2711,2359,1151,16,0,194121,12035,2711,2361,1185,2709,2358,1150,98,100,0,500,2753;
@400000005e255b5537554cc9 #d,-,18,2711,2358,1157,17,0,194104,12034,2711,2359,1159,2711,2358,1151,98,100,0,500,2748;
@400000005e255b5737648ec0 #d,-,18,2710,2357,1155,18,0,194088,12033,2711,2358,1158,2710,2357,1155,98,100,0,500,2739;
@400000005e255b57376f92cc #d,-,18,2707,2358,1157,19,0,194027,12029,2710,2358,1157,2707,2357,1146,99,100,0,500,2728;
@400000005e255b59377fafa0 #d,-,18,2706,2360,1152,20,0,193991,12027,2707,2362,1157,2706,2357,1150,99,100,0,500,2728;
@400000005e255b593789e130 #d,-,18,2706,2359,1154,20,0,194063,12031,2706,2360,1188,2706,2359,1152,98,100,0,500,2739;
@400000005e255b5b37998138 #d,-,18,2708,2360,1158,21,0,194058,12031,2708,2360,1160,2706,2359,1153,98,100,0,500,2762;
@400000005e255b5b37a3b683 #d,-,18,2708,2360,1158,22,0,194054,12031,2708,2361,1159,2708,2360,1157,98,100,0,500,2742;
@400000005e255b5d37b342fc #d,-,18,2707,2359,1154,23,0,194018,12029,2708,2360,1158,2707,2359,1150,98,100,0,500,2739;
@400000005e255b5d37be2c05 #d,-,18,2705,2362,1152,23,0,193988,12027,2707,2362,1154,2705,2359,1151,99,100,0,500,2728;
@400000005e255b5f37cd5a6e #d,-,18,2704,2362,1151,24,0,194020,12029,2705,2362,1182,2704,2361,1151,99,100,0,500,2730;
@400000005e255b5f37d818a0 #d,-,18,2705,2361,1145,25,0,193963,12025,2705,2362,1152,2704,2361,1144,98,100,0,500,2749;
@400000005e255b6137e7b8a8 #d,-,18,2704,2359,1188,26,0,194058,12031,2705,2361,1189,2704,2359,1145,99,100,0,500,2726;
@400000005e255b6137f1e67f #d,-,18,2773,2359,1170,26,0,194154,12037,2773,2360,1189,2704,2358,1170,98,100,0,500,2808;
@400000005e255b633800e29d #d,-,18,2769,2360,1161,27,0,194210,12041,2773,2361,1181,2769,2359,1161,99,100,0,500,2778;
@400000005e255b63380b7150 #d,-,18,2764,2360,1174,28,0,194291,12046,2769,2361,1192,2764,2360,1161,99,100,0,500,2767;
@400000005e255b65381b76db #d,-,18,2761,2361,1149,29,0,194282,12045,2764,2361,1174,2761,2360,1149,99,100,0,500,2781;
@400000005e255b653825f2ed #d,-,18,2696,2361,1147,29,0,194249,12043,2761,2362,1153,2696,2361,1147,98,100,0,500,2735;
@400000005e255b67383678ff #d,-,18,2694,2361,1143,30,0,194175,12038,2696,2362,1147,2694,2361,1140,99,100,0,500,2716;
@400000005e255b673840d567 #d,-,18,2691,2363,1143,31,0,194109,12034,2694,2363,1143,2691,2361,1142,99,100,0,500,2708;
@400000005e255b6938513902 #d,-,18,2688,2365,1165,32,0,194100,12034,2691,2365,1171,2688,2363,1142,99,100,0,500,2707;
@400000005e255b69385b6232 #d,-,18,2690,2364,1142,32,0,194037,12030,2690,2365,1165,2688,2364,1136,98,100,0,500,2733;
@400000005e255b6b386b259d #d,-,18,2688,2364,1142,33,0,194413,12053,2690,2365,1143,2688,2364,1141,99,100,0,500,2708;
@400000005e255b6b3875eefc #d,-,18,2685,2362,1142,34,0,194348,12049,2688,2365,1143,2685,2362,1140,99,100,0,500,2707;
@400000005e255b6d38856073 #d,-,18,2683,2361,1143,34,0,193870,12019,2685,2363,1143,2683,2361,1140,99,100,0,500,2707;
@400000005e255b6d388fad06 #d,-,18,2682,2362,1169,35,0,194264,12044,2683,2363,1170,2682,2361,1141,99,100,0,500,2707;
@400000005e255b6f38a02ba4 #d,-,18,2684,2363,1143,36,0,193813,12016,2684,2363,1169,2682,2362,1136,98,100,0,500,2735;
@400000005e255b6f38aa7bf1 #d,-,18,2683,2364,1143,37,0,194155,12037,2684,2365,1144,2683,2362,1140,99,100,0,500,2707;
@400000005e255b7138bad371 #d,-,18,2681,2363,1143,37,0,194106,12034,2683,2365,1144,2681,2363,1142,99,100,0,500,2708;
@400000005e255b7138c50502 #d,-,18,2680,2363,1142,38,0,194056,12031,2681,2364,1144,2680,2363,1142,98,100,0,500,2708;
@400000005e255b7338d4ac7d #d,-,18,2679,2364,1169,39,0,193666,12007,2680,2364,1169,2679,2362,1142,98,100,0,500,2708;
@400000005e255b7338dfb177 #d,-,18,2682,2363,1143,40,0,193636,12005,2682,2364,1170,2679,2363,1135,97,100,0,500,2737;
@400000005e255b7538f043a3 #d,-,18,2680,2364,1141,40,0,193598,12003,2682,2364,1143,2680,2362,1141,99,100,0,500,2705;
@400000005e255b7538faaef2 #d,-,18,2679,2365,1140,41,0,193560,12000,2680,2365,1143,2679,2363,1140,98,100,0,500,2708;
@400000005e255b77390b8ba0 #d,-,18,2678,2364,1142,42,0,193524,11998,2679,2365,1142,2678,2364,1140,98,100,0,500,2707;
@400000005e255b773915d833 #d,-,18,2678,2364,1166,43,0,193503,11997,2678,2365,1166,2678,2364,1141,98,100,0,500,2707;
@400000005e255b7939262bfa #d,-,18,2680,2365,1143,43,0,193488,11996,2680,2365,1171,2678,2364,1135,97,100,0,500,2737;
@400000005e255b793930516f #d,-,18,2679,2363,1142,44,0,193456,11994,2680,2365,1144,2679,2363,1141,98,100,0,500,2707;
@400000005e255b7b3942a570 #d,-,18,2679,2362,1143,45,0,193426,11992,2679,2363,1145,2679,2362,1142,98,100,0,500,2708;
@400000005e255b7b395016ad #d,-,18,2678,2362,1142,46,0,193394,11990,2679,2363,1144,2678,2361,1142,98,100,0,500,2708;
@400000005e255b7d395d7814 #d,-,18,2947,2360,1512,46,0,194192,12039,2947,2363,1512,2678,2360,1142,100,100,0,500,2947;
@400000005e255b7d39683a00 #d,-,18,3603,2360,1649,47,0,195415,12115,3603,2361,1664,2947,2359,1512,99,100,0,500,3611;
@400000005e255b7f3977c679 #d,-,18,3883,2355,1660,49,0,196689,12194,3883,2361,1661,3603,2355,1636,99,100,0,500,3892;
@400000005e255b7f3982b7e4 #d,-,18,3880,2362,1654,50,0,197911,12270,3883,2362,1661,3880,2355,1622,99,100,0,500,3887;
@400000005e255b813991e293 #d,-,18,3878,2360,1637,51,0,199098,12344,3880,2362,1658,3878,2358,1626,99,100,0,500,3890;
@400000005e255b81399c59fe #d,-,18,3877,2360,1644,52,0,200261,12416,3878,2361,1662,3877,2360,1631,99,100,0,500,3888;
@400000005e255b8339aae47d #d,-,18,3879,2357,1660,53,0,201417,12487,3879,2360,1678,3877,2357,1626,99,100,0,500,3915;
@400000005e255b8339b61f7b #d,-,18,3879,2356,1655,54,0,202514,12555,3879,2357,1664,3879,2356,1634,99,100,0,500,3896;
@400000005e255b8539c6cd98 #d,-,18,3877,2355,1642,55,0,203573,12621,3879,2357,1662,3877,2355,1633,99,100,0,500,3896;
@400000005e255b8539d22b0c #d,-,18,3878,2356,1645,56,0,204622,12686,3878,2356,1675,3877,2354,1639,99,100,0,500,3903;
@400000005e255b8739e313d5 #d,-,18,3877,2356,1659,57,0,205637,12749,3878,2357,1667,3877,2355,1634,99,100,0,500,3896;
@400000005e255b8739ed9ece #d,-,18,3881,2355,1664,58,0,206652,12812,3881,2356,1697,3877,2354,1642,99,100,0,500,3920;
@400000005e255b8939fdabcd #d,-,18,3883,2351,1655,59,0,207624,12872,3883,2355,1678,3881,2351,1644,98,100,0,500,3924;
@400000005e255b893a08628c #d,-,18,3883,2352,1646,60,0,208561,12930,3883,2352,1673,3883,2351,1645,99,100,0,500,3908;
@400000005e255b8b3a19ac31 #d,-,18,3883,2351,1662,61,0,209480,12987,3883,2352,1673,3883,2351,1644,99,100,0,500,3906;
@400000005e255b8b3a24100c #d,-,18,3885,2351,1670,63,0,210394,13044,3885,2352,1683,3883,2348,1648,99,100,0,500,3920;
@400000005e255b8d3a349352 #d,-,18,3889,2353,1660,64,0,211298,13100,3889,2353,1703,3885,2351,1650,98,100,0,500,3931;
@400000005e255b8d3a3f67de #d,-,18,3891,2353,1645,65,0,212149,13153,3891,2353,1678,3889,2352,1644,98,100,0,500,3936;
@400000005e255b8f3a4fc407 #d,-,18,3891,2352,1665,66,0,212988,13205,3891,2353,1676,3891,2351,1645,99,100,0,500,3913;
@400000005e255b8f3a5aad10 #d,-,18,3894,2351,1673,67,0,213820,13256,3894,2352,1693,3891,2351,1648,99,100,0,500,3933;
@400000005e255b913a6a548b #d,-,18,3895,2352,1676,68,0,214626,13306,3895,2353,1680,3894,2351,1651,99,100,0,500,3928;
@400000005e255b913a74fb75 #d,-,18,3898,2352,1653,69,0,215432,13356,3898,2353,1700,3895,2350,1650,99,100,0,500,3936;
@400000005e255b933a862dd1 #d,-,18,3900,2352,1658,70,0,216194,13404,3900,2352,1680,3898,2351,1646,98,100,0,500,3947;
@400000005e255b933a90c03e #d,-,18,3902,2351,1675,71,0,216953,13451,3902,2352,1686,3900,2351,1654,99,100,0,500,3931;
@400000005e255b953aa068a7 #d,-,18,3904,2351,1681,72,0,217689,13496,3904,2351,1681,3902,2350,1654,99,100,0,500,3933;
@400000005e255b953aab0ea2 #d,-,18,3904,2352,1665,73,0,218405,13541,3904,2353,1681,3904,2351,1654,99,100,0,500,3935;
@400000005e255b973abae1e3 #d,-,18,3906,2351,1661,75,0,219130,13586,3906,2352,1711,3904,2350,1655,99,100,0,500,3936;
@400000005e255b973ac63070 #d,-,18,3909,2350,1675,76,0,219816,13628,3909,2352,1684,3906,2350,1654,98,100,0,500,3956;
@400000005e255b993ad6c656 #d,-,18,3912,2351,1683,77,0,220504,13671,3912,2352,1696,3909,2350,1657,99,100,0,500,3951;
@400000005e255b993ae15d6b #d,-,18,3913,2351,1678,78,0,221169,13712,3913,2351,1689,3912,2350,1657,99,100,0,500,3942;
@400000005e255b9b3af162f6 #d,-,18,3914,2350,1662,79,0,221813,13752,3914,2351,1688,3913,2350,1660,99,100,0,500,3947;
@400000005e255b9b3afcadca #d,-,18,3914,2351,1689,80,0,222712,13808,3914,2351,1713,3914,2350,1661,99,100,0,500,3942;
@400000005e255b9d3b0c26b4 #d,-,18,3919,2349,1684,81,0,223332,13846,3919,2351,1689,3914,2349,1656,98,100,0,500,3967;
@400000005e255b9d3b166ae5 #d,-,18,3919,2348,1683,82,0,223705,13869,3919,2349,1687,3919,2347,1659,99,100,0,500,3944;
@400000005e255b9f3b25fc06 #d,-,18,3919,2347,1664,83,0,224530,13920,3919,2348,1688,3919,2346,1662,99,100,0,500,3947;
@400000005e255b9f3b30b94a #d,-,18,3919,2350,1669,84,0,224883,13942,3919,2350,1688,3919,2346,1662,99,100,0,500,3940;
@400000005e255ba13b403e4f #d,-,18,3920,2350,1712,85,0,225478,13979,3920,2350,1712,3919,2349,1663,99,100,0,500,3942;
@400000005e255ba13b4ac1d5 #d,-,18,3924,2350,1683,86,0,226041,14014,3924,2351,1712,3920,2350,1658,98,100,0,500,3974;
@400000005e255ba33b5a4e4e #d,-,18,3924,2348,1670,87,0,226600,14049,3924,2350,1700,3924,2347,1661,99,100,0,500,3951;
@400000005e255ba33b64e91c #d,-,18,3925,2348,1670,89,0,227141,14082,3925,2349,1692,3924,2348,1664,99,100,0,500,3956;
@400000005e255ba53b73ae48 #d,-,18,3925,2349,1685,90,0,227679,14116,3925,2349,1693,3925,2347,1667,99,100,0,500,3949;
@400000005e255ba53b7e4cd0 #d,-,18,3927,2349,1723,91,0,228222,14149,3927,2350,1723,3925,2348,1666,99,100,0,500,3954;
@400000005e255ba73b8f73ff #d,-,18,3931,2348,1679,92,0,228740,14181,3931,2349,1723,3927,2347,1665,98,100,0,500,3986;
@400000005e255ba73b9a4d33 #d,-,18,3931,2346,1669,93,0,229242,14213,3931,2348,1693,3931,2346,1665,99,100,0,500,3952;
@400000005e255baa00103062 #d,-,18,3930,2346,1683,94,0,229739,14243,3931,2348,1693,3930,2345,1668,99,100,0,500,3951;
@400000005e255baa001abb5b #d,-,18,3931,2346,1695,95,0,230230,14274,3931,2346,1696,3930,2345,1670,99,100,0,500,3952;
@400000005e255bac002bfd8d #d,-,18,3932,2346,1708,96,0,230719,14304,3932,2347,1713,3931,2345,1670,99,100,0,500,3958;
@400000005e255bac003684cc #d,-,18,3935,2345,1670,97,0,231193,14334,3935,2346,1708,3932,2345,1663,98,100,0,500,3984;
@400000005e255bae00478125 #d,-,18,3934,2347,1681,98,0,231655,14362,3935,2348,1693,3934,2345,1669,99,100,0,500,3949;
@400000005e255bae00520c1e #d,-,18,3934,2348,1692,100,0,232110,14390,3934,2348,1694,3934,2347,1670,99,100,0,500,3954;
@400000005e255bb00062dcb0 #d,-,18,3934,2347,1684,101,0,232555,14418,3934,2348,1693,3934,2346,1669,99,100,0,500,3956;
@400000005e255bb0006dfcac #d,-,18,3934,2348,1698,102,0,233008,14446,3934,2349,1714,3934,2347,1669,99,100,0,500,3956;
@400000005e255bb2007f26a7 #d,-,18,3936,2349,1591,103,0,233545,14479,3936,2349,1724,3934,2347,1553,98,100,0,500,3990;
@400000005e255bb2008b1564 #d,-,18,3695,2347,1603,104,0,233843,14498,3936,2349,1612,3695,2346,1580,99,100,0,500,3718;
@400000005e255bb4009c5f09 #d,-,18,3699,2349,1606,105,0,234134,14516,3699,2349,1607,3695,2346,1578,98,100,0,500,3751;
@400000005e255bb400a74bcc #d,-,18,3703,2350,1594,106,0,234421,14534,3703,2350,1608,3699,2348,1582,98,100,0,500,3760;
@400000005e255bb600b86f42 #d,-,18,3707,2351,1587,107,0,234504,14539,3707,2351,1607,3703,2349,1580,98,100,0,500,3757;
@400000005e255bb600c396b2 #d,-,18,3759,2353,1591,108,0,234797,14557,3759,2353,1633,3707,2351,1577,99,100,0,500,3780;
@400000005e255bb800d51ebd #d,-,18,3755,2354,1602,109,0,235075,14574,3759,2354,1607,3755,2352,1579,99,100,0,500,3757;
@400000005e255bb800dfdcef #d,-,18,3753,2352,1603,110,0,235346,14591,3755,2354,1605,3753,2352,1577,99,100,0,500,3758;
@400000005e255bba00f0b13b #d,-,18,3750,2353,1691,111,0,235616,14608,3753,2355,1691,3750,2352,1534,99,100,0,500,3758;
@400000005e255bba00fb4fc3 #d,-,18,3750,2351,1613,112,0,235880,14624,3750,2353,1699,3750,2351,1566,99,100,0,500,3778;
@400000005e255bbc010be1f0 #d,-,18,3751,2351,1590,113,0,236148,14641,3751,2352,1628,3750,2349,1584,99,100,0,500,3773;
@400000005e255bbc0117095f #d,-,18,3748,2353,1580,114,0,236398,14656,3751,2353,1605,3748,2351,1578,99,100,0,500,3758;
@400000005e255bbe0127f99c #d,-,18,3745,2351,1591,115,0,236647,14672,3748,2353,1604,3745,2350,1579,99,100,0,500,3753;
@400000005e255bbe0133349a #d,-,18,3744,2352,1602,116,0,237078,14698,3745,2353,1605,3744,2350,1580,99,100,0,500,3755;
@400000005e255bc001445f83 #d,-,18,3743,2351,1604,117,0,237319,14713,3744,2352,1605,3743,2350,1580,99,100,0,500,3758;
@400000005e255bc0014f771e #d,-,18,3745,2353,1589,118,0,237569,14729,3745,2353,1633,3743,2350,1588,99,100,0,500,3776;
@400000005e255bc20160ff29 #d,-,18,3744,2353,1580,119,0,237798,14743,3745,2354,1604,3744,2353,1577,99,100,0,500,3767;
@400000005e255bc2016c1f25 #d,-,18,3742,2352,1590,120,0,237848,14746,3744,2354,1603,3742,2351,1579,99,100,0,500,3755;
@400000005e255bc4017d4cd9 #d,-,18,3741,2353,1600,121,0,238076,14760,3742,2353,1604,3741,2352,1578,99,100,0,500,3758;
@400000005e255bc40188841e #d,-,18,3740,2352,1605,122,0,238301,14774,3741,2353,1605,3740,2352,1579,99,100,0,500,3757;
@400000005e255bc601998f5d #d,-,18,3742,2352,1592,123,0,238535,14789,3742,2353,1628,3740,2351,1581,99,100,0,500,3769;
@400000005e255bc601a44262 #d,-,18,3742,2351,1580,124,0,238748,14802,3742,2352,1603,3742,2351,1574,99,100,0,500,3774;
@400000005e255bc801b5875f #d,-,18,3740,2353,1587,126,0,238961,14815,3742,2354,1604,3740,2351,1579,99,100,0,500,3755;
@400000005e255bc801c0889f #d,-,18,3739,2351,1599,127,0,239173,14828,3740,2354,1604,3739,2351,1578,99,100,0,500,3755;
@400000005e255bca01d0b548 #d,-,18,3739,2351,1604,128,0,239382,14841,3739,2352,1605,3739,2351,1581,99,100,0,500,3757;
@400000005e255bca01dbf046 #d,-,18,3740,2352,1599,129,0,239602,14855,3740,2353,1624,3739,2350,1582,99,100,0,500,3766;
@400000005e255bcc01ed22a3 #d,-,18,3741,2351,1585,130,0,239801,14867,3741,2353,1607,3740,2350,1574,98,100,0,500,3782;
@400000005e255bcc01f83a3d #d,-,18,3740,2350,1588,131,0,239999,14879,3741,2351,1607,3740,2349,1580,99,100,0,500,3755;
@400000005e255bce020950a9 #d,-,18,3739,2350,1602,132,0,240196,14892,3740,2351,1605,3739,2349,1580,99,100,0,500,3757;
@400000005e255bce021445ce #d,-,18,3738,2350,1606,133,0,240557,14914,3739,2351,1607,3738,2350,1579,99,100,0,500,3757;
@400000005e255bd00225af1d #d,-,18,3738,2351,1612,134,0,240594,14916,3738,2351,1629,3738,2349,1580,99,100,0,500,3758;
@400000005e255bd002306c61 #d,-,18,3740,2354,1583,135,0,240942,14938,3740,2354,1612,3738,2351,1575,98,100,0,500,3782;
@400000005e255bd202419ebd #d,-,18,3739,2351,1581,136,0,241123,14949,3740,2354,1605,3739,2351,1577,99,100,0,500,3755;
@400000005e255bd2024cc62d #d,-,18,3738,2351,1598,137,0,241141,14950,3739,2352,1606,3738,2350,1579,99,100,0,500,3753;
@400000005e255bd4025e2bc2 #d,-,18,3738,2352,1604,138,0,241322,14961,3738,2353,1605,3738,2351,1578,99,100,0,500,3757;
@400000005e255bd40268fd83 #d,-,18,3737,2351,1625,139,0,241513,14973,3738,2353,1632,3737,2351,1579,99,100,0,500,3758;
@400000005e255bd60279169d #d,-,18,3740,2351,1588,140,0,241685,14984,3740,2351,1625,3737,2350,1580,98,100,0,500,3785;
@400000005e255bd602845555 #d,-,18,3738,2352,1580,141,0,241857,14995,3740,2353,1606,3738,2351,1579,99,100,0,500,3755;
@400000005e255bd80294b08f #d,-,18,3738,2351,1596,142,0,242028,15005,3738,2352,1605,3738,2351,1579,99,100,0,500,3755;
@400000005e255bd8029fc0b6 #d,-,18,3737,2351,1603,143,0,242197,15016,3738,2352,1605,3737,2350,1580,99,100,0,500,3755;
@400000005e255bda02afe144 #d,-,18,3737,2352,1632,144,0,242376,15027,3737,2353,1634,3737,2351,1579,99,100,0,500,3758;
@400000005e255bda02bab305 #d,-,18,3740,2352,1590,145,0,242538,15037,3740,2353,1632,3737,2351,1576,98,100,0,500,3785;
@400000005e255bdc02cb7008 #d,-,18,3738,2352,1578,146,0,242697,15047,3740,2354,1603,3738,2351,1577,99,100,0,500,3753;
@400000005e255bdc02d631f4 #d,-,18,3737,2351,1593,147,0,243011,15066,3738,2353,1605,3737,2350,1578,99,100,0,500,3753;
@400000005e255bde02e777e0 #d,-,18,3736,2353,1602,148,0,243016,15066,3737,2353,1604,3736,2350,1578,99,100,0,500,3753;
@400000005e255bde02f13c79 #d,-,18,3736,2352,1632,149,0,243332,15086,3736,2354,1632,3736,2352,1578,99,100,0,500,3757;
@400000005e255be0030076fe #d,-,18,3739,2352,1595,150,0,243336,15086,3739,2354,1632,3736,2352,1572,98,100,0,500,3787;
@400000005e255be0030b774f #d,-,18,3738,2354,1578,151,0,243485,15096,3739,2355,1604,3738,2352,1578,99,100,0,500,3753;
@400000005e255be2031ccc22 #d,-,18,3736,2354,1589,152,0,243635,15105,3738,2354,1603,3736,2352,1578,99,100,0,500,3753;
@400000005e255be203290560 #d,-,18,3736,2352,1604,153,0,243784,15114,3736,2355,1604,3736,2352,1577,99,100,0,500,3753;
@400000005e255be4033977e2 #d,-,18,3736,2352,1626,155,0,243935,15123,3736,2353,1626,3736,2351,1577,99,100,0,500,3757;
@400000005e255be4034572bb #d,-,18,3739,2354,1595,156,0,244085,15133,3739,2355,1626,3736,2352,1572,98,100,0,500,3787;
@400000005e255be60357418e #d,-,18,3737,2353,1579,157,0,244225,15141,3739,2354,1603,3737,2352,1577,99,100,0,500,3753;
@400000005e255be603624599 #d,-,18,3736,2354,1586,158,0,244366,15150,3737,2354,1603,3736,2352,1577,99,100,0,500,3751;
@400000005e255be80373e133 #d,-,18,3736,2353,1600,159,0,244506,15159,3736,2354,1605,3736,2352,1578,99,100,0,500,3755;
@400000005e255be8037e9bab #d,-,18,3735,2352,1617,160,0,244791,15177,3736,2353,1617,3735,2352,1578,99,100,0,500,3757;
@400000005e255bea038e89ee #d,-,18,3739,2353,1597,161,1,244934,15185,3739,2355,1626,3735,2351,1571,98,100,0,500,3787;
@400000005e255bea03994bda #d,-,18,3737,2351,1583,162,1,244924,15185,3739,2354,1605,3737,2351,1579,99,100,0,500,3755;
@400000005e255bec03aa2c42 #d,-,18,3736,2354,1584,163,1,245055,15193,3737,2354,1604,3736,2350,1579,99,100,0,500,3755;
@400000005e255bec03b54f09 #d,-,18,3736,2353,1598,164,1,245188,15201,3736,2355,1604,3736,2353,1577,99,100,0,500,3753;
@400000005e255bee03c6a4ca #d,-,18,3736,2353,1605,165,1,245319,15209,3736,2354,1605,3736,2351,1577,99,100,0,500,3757;
@400000005e255bee03d1b137 #d,-,18,3739,2354,1597,166,1,245457,15218,3739,2355,1628,3736,2352,1575,98,100,0,500,3780;
@400000005e255bf003e2fe96 #d,-,18,3738,2354,1583,167,1,245581,15226,3739,2355,1603,3738,2353,1575,99,100,0,500,3760;
@400000005e255bf003edf3ba #d,-,18,3736,2355,1578,168,1,245705,15233,3738,2356,1604,3736,2353,1577,99,100,0,500,3753;
@400000005e255bf203fdd5e2 #d,-,18,3735,2355,1596,169,1,245831,15241,3736,2355,1603,3735,2355,1577,99,100,0,500,3753;
@400000005e255bf20408b68a #d,-,18,3735,2354,1602,170,1,246091,15257,3735,2355,1604,3735,2353,1575,99,100,0,500,3755;
@400000005e255bf40418341c #d,-,18,3739,2356,1595,171,1,246222,15265,3739,2356,1631,3735,2353,1581,98,100,0,500,3778;
@400000005e255bf404213c95 #d,-,18,3738,2356,1586,172,1,246340,15273,3739,2356,1603,3738,2355,1576,99,100,0,500,3764;
@400000005e255bf6042bbb73 #d,-,18,3736,2353,1564,173,1,246455,15280,3738,2356,1603,3736,2352,1564,99,100,0,500,3757;
@400000005e255bf60431746b #d,-,18,3742,2353,1180,174,1,246386,15275,3742,2354,1675,3736,2346,1180,98,100,0,500,3789;
@400000005e255bf8043d66e2 #d,-,18,3093,2354,1191,175,1,246265,15268,3742,2355,1208,3093,2352,1162,95,100,0,500,3241;
@400000005e255bf80444ecdb #d,-,18,2791,2353,1182,176,1,245887,15244,3093,2354,1219,2791,2352,1182,98,100,0,500,2821;
@400000005e255bfa04510670 #d,-,18,2792,2353,1063,176,1,245570,15225,2792,2353,1334,2791,2351,1018,97,100,0,500,2860;
@400000005e255bfa045bd0bd #d,-,18,2487,2354,1143,177,1,245268,15206,2792,2355,1173,2487,2351,1056,98,100,0,500,2534;
@400000005e255bfc046adbc2 #d,-,18,2722,2354,1163,178,1,245017,15191,2722,2355,1214,2487,2353,1143,99,100,0,500,2749;
@400000005e255bfc04754446 #d,-,18,2723,2353,1178,179,1,244754,15174,2723,2354,1178,2722,2352,1161,98,100,0,500,2778;
@400000005e255bfe0484fb96 #d,-,18,2726,2355,1166,179,1,244506,15159,2726,2355,1197,2723,2352,1166,98,100,0,500,2771;
@400000005e255bfe048f4be2 #d,-,18,2727,2354,1170,180,1,244250,15143,2727,2355,1174,2726,2353,1162,98,100,0,500,2778;
@400000005e255c00049f49fb #d,-,18,2727,2353,1169,181,1,243997,15127,2727,2354,1171,2727,2353,1168,98,100,0,500,2764;
@400000005e255c0004aa0385 #d,-,18,2727,2354,1168,182,1,243745,15112,2727,2355,1171,2727,2353,1168,98,100,0,500,2760;
@400000005e255c0204ba2147 #d,-,18,2727,2355,1168,182,1,243497,15096,2727,2355,1171,2727,2353,1168,98,100,0,500,2762;
@400000005e255c0204c4bc15 #d,-,18,2727,2356,1171,183,1,243261,15082,2727,2356,1198,2727,2355,1168,98,100,0,500,2762;
@400000005e255c0404d56cfd #d,-,18,2729,2354,1167,184,1,243016,15067,2729,2356,1171,2727,2354,1161,98,100,0,500,2780;
@400000005e255c0404dfd1c7 #d,-,18,2729,2352,1169,185,1,242775,15052,2729,2355,1170,2729,2352,1167,98,100,0,500,2758;
@400000005e255c0604f0a9cd #d,-,18,2728,2354,1169,185,1,242536,15037,2729,2355,1170,2728,2352,1168,98,100,0,500,2760;
@400000005e255c0604fadf18 #d,-,18,2728,2355,1167,186,1,242300,15022,2728,2356,1170,2728,2354,1167,98,100,0,500,2760;
@400000005e255c08050a9a22 #d,-,18,2727,2356,1185,187,1,242197,15016,2728,2356,1197,2727,2355,1167,98,100,0,500,2760;
@400000005e255c080515ba1e #d,-,18,2730,2353,1167,188,1,241843,14994,2730,2357,1185,2727,2353,1160,98,100,0,500,2783;
@400000005e255c0a05261db9 #d,-,18,2729,2352,1169,189,1,241732,14987,2730,2353,1170,2729,2352,1166,98,100,0,500,2758;
@400000005e255c0a0530d743 #d,-,18,2729,2353,1168,189,1,241386,14965,2729,2354,1171,2729,2351,1167,98,100,0,500,2760;
@400000005e255c0c05414253 #d,-,18,2728,2356,1168,190,1,241160,14951,2729,2356,1169,2728,2353,1167,98,100,0,500,2758;
@400000005e255c0c054ba363 #d,-,18,2727,2353,1194,191,1,241063,14945,2728,2356,1197,2727,2353,1166,98,100,0,500,2757;
@400000005e255c0e055c2201 #d,-,18,2729,2355,1171,192,1,240724,14924,2729,2355,1194,2727,2353,1161,98,100,0,500,2781;
@400000005e255c0e05666e94 #d,-,18,2730,2353,1174,192,1,240510,14911,2730,2355,1176,2729,2353,1171,98,100,0,500,2765;
@400000005e255c1005771809 #d,-,18,2731,2351,1171,193,1,240298,14898,2731,2354,1176,2730,2351,1171,98,100,0,500,2771;
@400000005e255c100581af1d #d,-,18,2730,2353,1168,194,1,240081,14885,2731,2353,1171,2730,2351,1167,98,100,0,500,2764;
@400000005e255c120591dbc6 #d,-,18,2729,2353,1196,195,1,239875,14872,2730,2354,1197,2729,2353,1167,99,100,0,500,2755;
@400000005e255c12059d06ef #d,-,18,2731,2351,1169,195,1,239665,14859,2731,2353,1197,2729,2351,1161,98,100,0,500,2781;
@400000005e255c1405add3c8 #d,-,18,2730,2352,1168,196,1,239455,14846,2731,2353,1169,2730,2351,1167,99,100,0,500,2753;
@400000005e255c1405b85b08 #d,-,18,2727,2352,1164,197,1,239241,14832,2730,2353,1168,2727,2352,1156,99,100,0,500,2749;
@400000005e255c1605c7c7d6 #d,-,18,2725,2351,1164,198,1,239032,14820,2727,2352,1167,2725,2351,1164,99,100,0,500,2742;
@400000005e255c1605d295dd #d,-,18,2723,2351,1189,198,1,238829,14807,2725,2352,1189,2723,2351,1161,99,100,0,500,2744;
@400000005e255c1805e29b69 #d,-,18,2725,2350,1165,199,1,238627,14794,2725,2351,1192,2723,2350,1156,98,100,0,500,2773;
@400000005e255c1805ece442 #d,-,18,2723,2351,1164,200,1,238423,14782,2725,2352,1165,2723,2349,1163,99,100,0,500,2741;
@400000005e255c1a05fa6cc7 #d,-,18,2721,2352,1164,201,1,238222,14769,2723,2352,1165,2721,2351,1163,99,100,0,500,2744;
@400000005e255c1a06038516 #d,-,18,2720,2352,1164,201,1,238130,14764,2721,2353,1165,2720,2351,1163,99,100,0,500,2744;
@400000005e255c1c0614e603 #d,-,18,2718,2347,1182,202,1,237931,14751,2720,2352,1182,2718,2347,1159,99,100,0,500,2742;
@400000005e255c1c061fb7c4 #d,-,18,2720,2348,1164,203,1,237630,14733,2720,2349,1191,2718,2347,1156,98,100,0,500,2765;
@400000005e255c1e063130e9 #d,-,18,2717,2353,1162,204,1,237541,14727,2720,2353,1164,2717,2348,1161,99,100,0,500,2737;
@400000005e255c1e063bd32a #d,-,18,2715,2352,1161,204,1,237239,14708,2717,2353,1162,2715,2352,1159,99,100,0,500,2737;
@400000005e255c20064cea85 #d,-,18,2714,2353,1160,205,1,237046,14696,2715,2353,1161,2714,2352,1160,99,100,0,500,2739;
@400000005e255c2006582583 #d,-,18,2713,2354,1167,206,1,236854,14684,2714,2354,1167,2713,2352,1159,99,100,0,500,2737;
@400000005e255c2206689805 #d,-,18,2715,2352,1160,207,1,236671,14673,2715,2355,1187,2713,2352,1152,98,100,0,500,2762;
@400000005e255c220674ade0 #d,-,18,2713,2354,1161,207,1,236483,14661,2715,2354,1162,2713,2351,1159,99,100,0,500,2735;
@400000005e255c240684f58b #d,-,18,2711,2352,1154,208,1,236290,14650,2713,2354,1161,2711,2352,1150,99,100,0,500,2735;
@400000005e255c24068fcfad #d,-,18,2708,2353,1158,209,1,236104,14638,2711,2353,1159,2708,2352,1154,99,100,0,500,2723;
@400000005e255c2606a0ee7b #d,-,18,2707,2353,1157,209,1,235917,14626,2708,2353,1158,2707,2352,1156,99,100,0,500,2732;
@400000005e255c2606ab5257 #d,-,18,2709,2350,1155,210,1,235741,14615,2709,2354,1186,2707,2350,1152,98,100,0,500,2751;
@400000005e255c2806bae289 #d,-,18,2707,2350,1159,211,1,235558,14604,2709,2351,1160,2707,2350,1155,99,100,0,500,2733;
@400000005e255c2806c532d6 #d,-,18,2705,2352,1157,212,1,235377,14593,2707,2352,1159,2705,2350,1157,99,100,0,500,2732;
@400000005e255c2a06d5bd8f #d,-,18,2704,2354,1157,212,1,235298,14588,2705,2354,1158,2704,2352,1157,99,100,0,500,2730;
@400000005e255c2a06e0163e #d,-,18,2703,2352,1156,213,1,235018,14571,2704,2355,1157,2703,2352,1155,99,100,0,500,2728;
@400000005e255c2c06efe4d7 #d,-,18,2704,2353,1151,214,1,234849,14560,2704,2353,1184,2703,2352,1150,98,100,0,500,2744;
@400000005e255c2c06fae16f #d,-,18,2703,2355,1157,215,1,234674,14549,2704,2356,1157,2703,2353,1151,98,100,0,500,2741;
@400000005e255c2e070b450a #d,-,18,2702,2353,1156,215,1,234500,14539,2703,2355,1157,2702,2353,1155,98,100,0,500,2730;
@400000005e255c2e0715cc4a #d,-,18,2701,2356,1156,216,1,234327,14528,2702,2356,1158,2701,2353,1155,98,100,0,500,2730;
@400000005e255c3007260420 #d,-,18,2701,2354,1157,217,1,234157,14517,2701,2356,1160,2701,2354,1155,98,100,0,500,2730;
@400000005e255c3007304cf9 #d,-,18,2702,2353,1150,218,1,233995,14507,2702,2354,1185,2701,2352,1150,98,100,0,500,2739;
@400000005e255c320741125f #d,-,18,2702,2355,1148,218,1,233823,14497,2702,2355,1156,2702,2353,1147,98,100,0,500,2744;
@400000005e255c32074b62ab #d,-,18,2699,2353,1154,219,1,233654,14486,2702,2355,1156,2699,2353,1148,99,100,0,500,2716;
@400000005e255c34075b6bf1 #d,-,18,2698,2354,1152,220,1,233486,14476,2699,2354,1154,2698,2353,1152,99,100,0,500,2723;
@400000005e255c3407666889 #d,-,18,2696,2354,1152,221,1,233318,14465,2698,2355,1153,2696,2353,1151,99,100,0,500,2721;
@400000005e255c360777258c #d,-,18,2696,2353,1152,221,1,233161,14456,2696,2355,1181,2696,2353,1151,99,100,0,500,2723;
@400000005e255c360781b174 #d,-,18,2697,2353,1152,222,1,232996,14445,2697,2353,1155,2696,2351,1147,98,100,0,500,2742;
@400000005e255c380791f91f #d,-,18,2695,2352,1154,223,1,232833,14435,2697,2354,1155,2695,2351,1152,99,100,0,500,2721;
@400000005e255c38079c655c #d,-,18,2694,2352,1154,224,1,232765,14431,2695,2353,1155,2694,2351,1153,98,100,0,500,2723;
@400000005e255c3a07a7dec1 #d,-,18,2693,2349,1154,224,1,232512,14415,2694,2352,1155,2693,2349,1154,98,100,0,500,2721;
@400000005e255c3a07b2cf3d #d,-,18,2865,2348,1534,225,1,232631,14423,2865,2349,1541,2693,2346,1154,100,100,0,500,2865;
@400000005e255c3c07c0e90c #d,-,18,3584,2348,1653,226,1,232769,14431,3584,2349,1688,2865,2347,1515,99,100,0,500,3604;
@400000005e255c3c07cbe5a4 #d,-,18,3848,2344,1643,227,1,232847,14436,3848,2348,1662,3584,2343,1631,100,100,0,500,3848;
@400000005e255c3e07dd5dda #d,-,18,3849,2346,1662,229,1,233021,14447,3849,2346,1670,3848,2343,1631,99,100,0,500,3879;
@400000005e255c3e07e8237f #d,-,18,3850,2345,1654,230,1,233190,14457,3850,2346,1664,3849,2345,1632,99,100,0,500,3876;
@400000005e255c4007f49edd #d,-,18,3850,2343,1661,231,1,233368,14468,3850,2345,1701,3850,2343,1634,99,100,0,500,3874;
@400000005e255c4007ffab4b #d,-,18,3854,2343,1654,232,1,233538,14479,3854,2344,1674,3850,2342,1633,98,100,0,500,3908;
@400000005e255c42080f1819 #d,-,18,3856,2348,1665,233,1,233708,14489,3856,2348,1669,3854,2343,1638,99,100,0,500,3887;
@400000005e255c420819ced8 #d,-,18,3858,2350,1658,234,1,233880,14500,3858,2350,1674,3856,2348,1637,99,100,0,500,3890;
@400000005e255c44082ad1b5 #d,-,18,3859,2349,1638,235,1,234045,14510,3859,2350,1666,3858,2349,1637,98,100,0,500,3899;
@400000005e255c440835b705 #d,-,18,3860,2350,1678,236,1,234220,14521,3860,2351,1689,3859,2348,1638,99,100,0,500,3887;
@400000005e255c4608462214 #d,-,18,3865,2350,1666,237,1,234387,14532,3865,2351,1687,3860,2350,1633,98,100,0,500,3922;
@400000005e255c460850a59a #d,-,18,3867,2351,1665,238,1,234557,14542,3867,2351,1678,3865,2348,1639,99,100,0,500,3897;
@400000005e255c480861762c #d,-,18,3869,2350,1644,239,1,234809,14558,3869,2351,1672,3867,2349,1641,98,100,0,500,3912;
@400000005e255c48086c829a #d,-,18,3870,2352,1647,240,1,234973,14568,3870,2352,1673,3869,2349,1639,99,100,0,500,3897;
@400000005e255c4a087bef68 #d,-,18,3871,2351,1702,241,1,235057,14573,3871,2352,1702,3870,2351,1644,99,100,0,500,3901;
@400000005e255c4a0886b9b6 #d,-,18,3925,2350,1669,242,1,235223,14583,3925,2351,1706,3871,2349,1643,99,100,0,500,3945;
@400000005e255c4c0897ffa1 #d,-,18,3920,2351,1647,244,1,235385,14593,3925,2351,1679,3920,2349,1645,100,100,0,500,3920;
@400000005e255c4c08a2f791 #d,-,18,3915,2350,1652,245,1,235547,14603,3920,2352,1676,3915,2350,1644,100,100,0,500,3915;
@400000005e255c4e08b3ef42 #d,-,18,3912,2351,1675,246,1,235714,14614,3915,2351,1690,3912,2349,1649,100,100,0,500,3912;
@400000005e255c4e08bea9ba #d,-,18,3912,2351,1698,247,1,235878,14624,3912,2352,1699,3912,2350,1647,99,100,0,500,3931;
@400000005e255c5008cf954f #d,-,18,3913,2351,1655,248,1,236042,14634,3913,2352,1698,3912,2351,1646,99,100,0,500,3949;
@400000005e255c5008da387f #d,-,18,3910,2350,1657,249,1,236201,14644,3913,2351,1679,3910,2349,1650,99,100,0,500,3915;
@400000005e255c5208eacaab #d,-,18,3909,2351,1677,250,1,236365,14654,3910,2351,1698,3909,2349,1651,99,100,0,500,3919;
@400000005e255c5208f597c4 #d,-,18,3910,2352,1678,251,1,236524,14664,3910,2352,1681,3909,2351,1653,99,100,0,500,3938;
@400000005e255c5409060b35 #d,-,18,3910,2350,1672,252,1,236683,14674,3910,2352,1682,3910,2349,1654,99,100,0,500,3931;
@400000005e255c5409110413 #d,-,18,3912,2351,1658,253,1,236930,14689,3912,2351,1712,3910,2349,1653,98,100,0,500,3956;
@400000005e255c560921dc19 #d,-,18,3911,2348,1679,254,1,237004,14694,3912,2351,1690,3911,2348,1654,99,100,0,500,3924;
@400000005e255c56092ce4cd #d,-,18,3912,2351,1682,255,1,237161,14704,3912,2351,1686,3911,2348,1657,99,100,0,500,3938;
@400000005e255c58093de7aa #d,-,18,3912,2351,1661,257,1,237315,14713,3912,2352,1685,3912,2350,1654,99,100,0,500,3936;
@400000005e255c580948c0de #d,-,18,3911,2352,1663,258,1,237469,14723,3912,2352,1686,3911,2350,1655,99,100,0,500,3933;
@400000005e255c5a0959a500 #d,-,18,3915,2351,1676,259,1,237630,14733,3915,2352,1707,3911,2351,1652,98,100,0,500,3956;
@400000005e255c5a096424cc #d,-,18,3915,2350,1682,260,1,237783,14742,3915,2351,1685,3915,2349,1657,99,100,0,500,3940;
@400000005e255c5c097566fe #d,-,18,3915,2352,1661,261,1,237933,14751,3915,2352,1684,3915,2350,1657,99,100,0,500,3936;
@400000005e255c5c09801cce #d,-,18,3914,2350,1670,262,1,238087,14761,3915,2352,1699,3914,2350,1656,99,100,0,500,3933;
@400000005e255c5e09908c85 #d,-,18,3916,2350,1683,263,1,238238,14770,3916,2351,1686,3914,2350,1658,99,100,0,500,3949;
@400000005e255c5e099b70e6 #d,-,18,3920,2352,1681,264,1,238396,14780,3920,2352,1719,3916,2349,1661,98,100,0,500,3963;
@400000005e255c6009ac8bfa #d,-,18,3921,2351,1662,265,1,238544,14789,3921,2352,1688,3920,2350,1661,99,100,0,500,3956;
@400000005e255c6009b778bd #d,-,18,3920,2351,1666,266,1,238693,14798,3921,2352,1689,3920,2350,1659,99,100,0,500,3944;
@400000005e255c6209c85925 #d,-,18,3921,2354,1682,267,1,238923,14813,3921,2354,1688,3920,2351,1658,99,100,0,500,3944;
@400000005e255c6209d31b11 #d,-,18,3921,2351,1682,269,1,238988,14817,3921,2354,1688,3921,2350,1661,99,100,0,500,3945;
@400000005e255c6409e44241 #d,-,18,3924,2353,1658,270,1,239139,14826,3924,2353,1711,3921,2350,1658,99,100,0,500,3960;
@400000005e255c6409ef32bd #d,-,18,3924,2351,1682,271,1,239286,14835,3924,2354,1698,3924,2351,1656,99,100,0,500,3956;
@400000005e255c660a0022fa #d,-,18,3927,2350,1690,272,1,239433,14844,3927,2352,1698,3924,2350,1663,99,100,0,500,3963;
@400000005e255c660a0aa1d8 #d,-,18,3928,2352,1685,273,1,239579,14853,3928,2352,1692,3927,2349,1665,99,100,0,500,3956;
@400000005e255c680a1b6384 #d,-,18,3928,2352,1667,274,1,239721,14862,3928,2352,1692,3928,2351,1663,99,100,0,500,3956;
@400000005e255c680a26d840 #d,-,18,3930,2348,1674,275,1,239871,14872,3930,2352,1720,3928,2348,1666,99,100,0,500,3960;
@400000005e255c6a0a3511b8 #d,-,18,3932,2349,1693,276,1,240015,14880,3932,2349,1694,3930,2348,1667,98,100,0,500,3976;
@400000005e255c6a0a3e414f #d,-,18,3933,2351,1682,277,1,240156,14889,3933,2352,1693,3932,2349,1666,99,100,0,500,3958;
@400000005e255c6c0a4d639d #d,-,18,3933,2352,1665,278,1,240295,14898,3933,2352,1693,3933,2350,1665,99,100,0,500,3958;
@400000005e255c6c0a565d2f #d,-,18,3932,2351,1676,279,1,240434,14906,3933,2352,1693,3932,2350,1665,99,100,0,500,3952;
@400000005e255c6e0a669505 #d,-,18,3933,2351,1697,280,1,240581,14916,3933,2352,1718,3932,2350,1666,99,100,0,500,3956;
@400000005e255c6e0a71f721 #d,-,18,3936,2351,1563,281,1,240690,14922,3936,2352,1697,3933,2350,1563,98,100,0,500,3981;
@400000005e255c700a840f87 #d,-,18,3707,2352,1575,283,1,240772,14927,3936,2353,1599,3707,2350,1551,98,100,0,500,3755;
@400000005e255c700a8efd38 #d,-,18,3707,2351,1583,284,1,240857,14933,3707,2353,1601,3707,2350,1574,99,100,0,500,3735;
@400000005e255c720aa0d37f #d,-,18,3709,2353,1598,285,1,241022,14943,3709,2354,1599,3707,2351,1574,99,100,0,500,3744;
@400000005e255c720aabf28c #d,-,18,3711,2350,1619,286,1,241115,14949,3711,2354,1625,3709,2350,1574,99,100,0,500,3746;
@400000005e255c740abdbda6 #d,-,18,3716,2350,1595,287,1,241120,14949,3716,2351,1619,3711,2350,1569,98,100,0,500,3774;
@400000005e255c740ac8b1dc #d,-,18,3716,2352,1577,288,1,241202,14954,3716,2353,1601,3716,2350,1575,99,100,0,500,3748;
@400000005e255c760ada70da #d,-,18,3717,2351,1583,289,1,241286,14959,3717,2353,1601,3716,2351,1575,99,100,0,500,3744;
@400000005e255c760ae5429b #d,-,18,3715,2353,1586,290,1,241377,14965,3717,2353,1700,3715,2350,1535,99,100,0,500,3739;
@400000005e255c780af7388b #d,-,18,3720,2352,1608,291,1,241461,14970,3720,2354,1631,3715,2352,1558,98,100,0,500,3773;
@400000005e255c780b0238dd #d,-,18,3724,2351,1598,292,1,241543,14975,3724,2352,1613,3720,2350,1567,98,100,0,500,3769;
@400000005e255c7a0b11a1f2 #d,-,18,3724,2352,1600,293,1,241625,14980,3724,2353,1602,3724,2351,1575,99,100,0,500,3748;
@400000005e255c7a0b1a8bb0 #d,-,18,3724,2352,1594,294,1,241706,14985,3724,2353,1600,3724,2352,1576,99,100,0,500,3751;
@400000005e255c7c0b33e347 #d,-,18,3724,2350,1578,295,1,241786,14990,3724,2352,1601,3724,2349,1576,99,100,0,500,3748;
@400000005e255c7c0b3ead95 #d,-,18,3723,2351,1611,296,1,241870,14995,3724,2353,1612,3723,2349,1576,99,100,0,500,3744;
@400000005e255c7e0b506431 #d,-,18,3727,2354,1598,297,1,241952,15001,3727,2354,1624,3723,2351,1571,98,100,0,500,3774;
@400000005e255c7e0b5b261d #d,-,18,3727,2354,1598,298,1,242107,15010,3727,2355,1600,3727,2354,1573,99,100,0,500,3748;
@400000005e255c800b6cba43 #d,-,18,3727,2352,1591,299,1,242186,15015,3727,2354,1600,3727,2352,1575,99,100,0,500,3751;
@400000005e255c800b77a34d #d,-,18,3726,2355,1575,300,1,242263,15020,3727,2355,1600,3726,2352,1575,99,100,0,500,3750;
@400000005e255c820b882e06 #d,-,18,3725,2353,1610,301,1,242268,15020,3726,2355,1610,3725,2353,1574,99,100,0,500,3746;
@400000005e255c820b93aedd #d,-,18,3729,2352,1599,302,1,242349,15025,3729,2353,1628,3725,2351,1575,98,100,0,500,3774;
@400000005e255c840ba4cdab #d,-,18,3728,2354,1598,303,1,242426,15030,3729,2354,1601,3728,2351,1576,99,100,0,500,3748;
@400000005e255c840bafaf41 #d,-,18,3728,2353,1592,304,1,242502,15035,3728,2354,1599,3728,2353,1575,99,100,0,500,3750;
@400000005e255c860bc18cfb #d,-,18,3727,2352,1578,305,1,242577,15039,3728,2353,1599,3727,2352,1575,99,100,0,500,3748;
@400000005e255c860bccbccc #d,-,18,3726,2352,1597,306,1,242653,15044,3727,2353,1600,3726,2351,1576,99,100,0,500,3746;
@400000005e255c880bde7810 #d,-,18,3730,2353,1597,307,1,242733,15049,3730,2353,1629,3726,2351,1574,98,100,0,500,3774;
@400000005e255c880be96c46 #d,-,18,3729,2353,1599,308,1,242807,15054,3730,2353,1601,3729,2352,1574,99,100,0,500,3744;
@400000005e255c8a0bfadd09 #d,-,18,3728,2354,1596,309,1,242881,15058,3729,2354,1600,3728,2353,1576,99,100,0,500,3750;
@400000005e255c8a0c05c259 #d,-,18,3727,2352,1580,310,1,242954,15063,3728,2354,1601,3727,2352,1574,99,100,0,500,3750;
@400000005e255c8c0c17c376 #d,-,18,3726,2352,1583,311,1,243026,15067,3727,2353,1600,3726,2351,1573,99,100,0,500,3746;
@400000005e255c8c0c225e44 #d,-,18,3730,2352,1592,312,1,243104,15072,3730,2352,1626,3726,2351,1570,98,100,0,500,3773;
@400000005e255c8e0c33bb78 #d,-,18,3729,2353,1599,314,1,243177,15077,3730,2354,1601,3729,2351,1574,99,100,0,500,3748;
@400000005e255c8e0c3e42b8 #d,-,18,3728,2351,1597,315,1,243249,15081,3729,2354,1601,3728,2351,1573,99,100,0,500,3746;
@400000005e255c900c4ed4e4 #d,-,18,3727,2352,1579,316,1,243318,15085,3728,2353,1600,3727,2351,1573,99,100,0,500,3748;
@400000005e255c900c5a5a64 #d,-,18,3726,2353,1575,317,1,243387,15090,3727,2354,1601,3726,2352,1573,99,100,0,500,3744;
@400000005e255c920c6bc76d #d,-,18,3728,2352,1588,318,1,243535,15099,3728,2353,1621,3726,2352,1566,99,100,0,500,3764;
@400000005e255c920c76d3da #d,-,18,3728,2354,1599,319,1,243605,15103,3728,2354,1599,3728,2351,1573,99,100,0,500,3750;
@400000005e255c940c883881 #d,-,18,3727,2353,1599,320,1,243674,15107,3728,2354,1602,3727,2353,1572,99,100,0,500,3748;
@400000005e255c940c93165e #d,-,18,3726,2352,1582,321,1,243671,15107,3727,2353,1600,3726,2351,1574,99,100,0,500,3746;
@400000005e255c960ca463bc #d,-,18,3725,2354,1574,322,1,243738,15111,3726,2355,1599,3725,2351,1573,99,100,0,500,3746;
@400000005e255c960caf7f10 #d,-,18,3727,2352,1585,323,2,243812,15116,3727,2354,1625,3725,2352,1569,99,100,0,500,3757;
@400000005e255c980cc07307 #d,-,18,3727,2353,1599,324,2,243880,15120,3727,2354,1600,3727,2351,1574,99,100,0,500,3757;
@400000005e255c980ccb0662 #d,-,18,3727,2351,1597,325,2,243947,15124,3727,2353,1600,3727,2351,1574,99,100,0,500,3746;
@400000005e255c9a0cdc4c4d #d,-,18,3726,2353,1582,326,2,244013,15128,3727,2353,1600,3726,2350,1573,99,100,0,500,3746;
@400000005e255c9a0ce6f6f0 #d,-,18,3725,2353,1575,327,2,244078,15132,3726,2353,1601,3725,2352,1574,99,100,0,500,3746;
@400000005e255c9c0cf7a066 #d,-,18,3726,2352,1585,328,2,244150,15137,3726,2353,1629,3725,2351,1575,99,100,0,500,3750;
@400000005e255c9c0d036bbf #d,-,18,3727,2353,1600,329,2,244216,15141,3727,2354,1601,3726,2351,1573,99,100,0,500,3762;
@400000005e255c9e0d13f678 #d,-,18,3727,2351,1598,330,2,244351,15149,3727,2353,1601,3727,2351,1572,99,100,0,500,3748;
@400000005e255c9e0d1edf81 #d,-,18,3726,2352,1583,331,2,244415,15153,3727,2353,1600,3726,2351,1574,99,100,0,500,3746;
@400000005e255ca00d30b981 #d,-,18,3725,2354,1573,332,2,244479,15157,3726,2355,1598,3725,2352,1573,99,100,0,500,3746;
@400000005e255ca00d3b9a29 #d,-,18,3725,2353,1590,333,2,244549,15162,3725,2354,1629,3725,2352,1573,99,100,0,500,3746;
@400000005e255ca20d4cc8cc #d,-,18,3727,2353,1597,334,2,244544,15161,3727,2354,1601,3725,2352,1570,98,100,0,500,3767;
@400000005e255ca20d578ab7 #d,-,18,3727,2354,1597,335,2,244607,15165,3727,2354,1599,3727,2352,1572,99,100,0,500,3746;
@400000005e255ca40d690f09 #d,-,18,3726,2354,1585,336,2,244669,15169,3727,2355,1599,3726,2354,1572,99,100,0,500,3746;
@400000005e255ca40d73e0ca #d,-,18,3725,2353,1573,337,2,244731,15173,3726,2354,1599,3725,2352,1573,99,100,0,500,3744;
@400000005e255ca60d8541b7 #d,-,18,3724,2353,1600,338,2,244799,15177,3725,2354,1625,3724,2352,1573,99,100,0,500,3742;
@400000005e255ca60d8ff4bc #d,-,18,3727,2354,1597,339,2,244861,15181,3727,2355,1601,3724,2353,1568,98,100,0,500,3769;
@400000005e255ca80da12719 #d,-,18,3726,2354,1597,340,2,244923,15185,3727,2355,1599,3726,2354,1572,99,100,0,500,3746;
@400000005e255ca80dabd930 #d,-,18,3726,2352,1584,341,2,244984,15189,3726,2355,1600,3726,2352,1573,99,100,0,500,3748;
@400000005e255caa0dbb9bad #d,-,18,3725,2353,1572,342,2,245044,15192,3726,2353,1599,3725,2351,1572,99,100,0,500,3744;
@400000005e255caa0dc6ea3a #d,-,18,3724,2354,1612,343,2,245110,15196,3725,2355,1620,3724,2352,1572,99,100,0,500,3742;
@400000005e255cac0dd83887 #d,-,18,3727,2354,1599,344,2,245171,15200,3727,2355,1614,3724,2354,1567,98,100,0,500,3769;
@400000005e255cac0de301e6 #d,-,18,3727,2351,1598,346,2,245231,15204,3727,2354,1600,3727,2350,1572,99,100,0,500,3748;
@400000005e255cae0df4677c #d,-,18,3726,2351,1586,347,2,245289,15207,3727,2351,1600,3726,2350,1574,99,100,0,500,3746;
@400000005e255cae0dff384e #d,-,18,3725,2350,1573,348,2,245414,15215,3726,2352,1602,3725,2350,1573,99,100,0,500,3744;
@400000005e255cb00e10c148 #d,-,18,3724,2348,1619,349,2,245478,15219,3725,2351,1619,3724,2348,1573,99,100,0,500,3741;
@400000005e255cb00e1b8aa7 #d,-,18,3727,2350,1602,350,2,245537,15223,3727,2351,1627,3724,2348,1571,98,100,0,500,3771;
@400000005e255cb20e2621bb #d,-,18,3727,2351,1601,351,2,245529,15222,3727,2351,1602,3727,2349,1573,99,100,0,500,3746;
@400000005e255cb20e2c191a #d,-,18,3726,2352,1667,352,2,245591,15226,3727,2352,1667,3726,2349,1552,99,100,0,500,3748;
@400000005e255cb40e35f054 #d,-,18,3782,2353,1203,353,2,245550,15224,3782,2355,1676,3726,2351,1117,98,100,0,500,3831;
@400000005e255cb40e3bf3ce #d,-,18,2758,2353,1078,353,2,245411,15215,3782,2353,1238,2758,2352,1078,96,100,0,500,2867;
@400000005e255cb60e459415 #d,-,18,2614,2353,1164,354,2,245272,15206,2758,2354,1187,2614,2352,1076,98,100,0,500,2660;
@400000005e255cb60e4b8047 #d,-,18,2726,2351,1196,355,2,245137,15198,2726,2353,1344,2614,2351,1026,97,100,0,500,2808;
@400000005e255cb80e55208e #d,-,18,2723,2353,1169,356,2,245006,15190,2726,2353,1196,2723,2350,1168,100,100,0,500,2723;
@400000005e255cb80e5af0cf #d,-,18,2725,2350,1173,356,2,244878,15182,2725,2353,1187,2723,2349,1168,98,100,0,500,2774;
@400000005e255cba0e64a94e #d,-,18,2727,2349,1197,357,2,244752,15174,2727,2351,1197,2725,2349,1173,98,100,0,500,2776;
@400000005e255cba0e6a9939 #d,-,18,2732,2351,1178,358,2,244628,15166,2732,2351,1207,2727,2349,1170,97,100,0,500,2803;
@400000005e255cbc0e74dd6a #d,-,18,2733,2352,1175,359,2,244565,15163,2733,2352,1178,2732,2350,1175,98,100,0,500,2769;
@400000005e255cbc0e7b3ef4 #d,-,18,2733,2348,1176,359,2,244438,15155,2733,2352,1177,2733,2348,1174,98,100,0,500,2773;
@400000005e255cbe0e862356 #d,-,18,2734,2348,1175,360,2,244312,15147,2734,2350,1178,2733,2348,1175,98,100,0,500,2771;
@400000005e255cbe0e8c5560 #d,-,18,2734,2351,1184,361,2,244123,15135,2734,2352,1184,2734,2348,1174,98,100,0,500,2771;
@400000005e255cc00e983caa #d,-,18,2738,2349,1174,362,2,244003,15128,2738,2351,1205,2734,2349,1169,97,100,0,500,2797;
@400000005e255cc00e9eeb81 #d,-,18,2737,2350,1174,362,2,243878,15120,2738,2350,1177,2737,2349,1173,98,100,0,500,2767;
@400000005e255cc20eab5350 #d,-,18,2737,2353,1173,363,2,243754,15112,2737,2353,1175,2737,2349,1172,98,100,0,500,2767;
@400000005e255cc20eb267ab #d,-,18,2736,2351,1174,364,2,243631,15105,2737,2353,1175,2736,2350,1173,98,100,0,500,2767;
@400000005e255cc40ebe5ddb #d,-,18,2735,2352,1174,365,2,243508,15097,2736,2353,1175,2735,2350,1173,98,100,0,500,2767;
@400000005e255cc40ec67076 #d,-,18,2739,2350,1172,365,2,243390,15090,2739,2352,1202,2735,2349,1166,98,100,0,500,2790;
@400000005e255cc60ed491b8 #d,-,18,2738,2352,1173,366,2,243269,15082,2739,2352,1176,2738,2350,1172,98,100,0,500,2769;
@400000005e255cc60edd34ad #d,-,18,2737,2349,1173,367,2,243148,15075,2738,2352,1176,2737,2349,1173,98,100,0,500,2767;
@400000005e255cc80eeb1b43 #d,-,18,2737,2352,1173,368,2,243028,15067,2737,2352,1175,2737,2349,1173,98,100,0,500,2767;
@400000005e255cc80ef481cc #d,-,18,2736,2351,1174,368,2,242970,15064,2737,2352,1176,2736,2350,1172,98,100,0,500,2767;
@400000005e255cca0f04a25a #d,-,18,2808,2346,1212,369,2,242813,15054,2808,2351,1258,2736,2345,1174,99,100,0,500,2824;
@400000005e255cca0f0f1251 #d,-,18,2811,2347,1198,370,2,242770,15051,2811,2348,1221,2808,2346,1198,97,100,0,500,2878;
@400000005e255ccc0f200647 #d,-,18,2810,2348,1178,371,2,242661,15045,2811,2350,1216,2810,2347,1178,99,100,0,500,2833;
@400000005e255ccc0f2a47ad #d,-,18,2743,2348,1168,372,2,242480,15033,2810,2350,1180,2743,2348,1163,98,100,0,500,2787;
@400000005e255cce0f3a29d5 #d,-,18,2739,2348,1161,372,2,242359,15026,2743,2349,1169,2739,2348,1161,99,100,0,500,2748;
@400000005e255cce0f4558b8 #d,-,18,2735,2348,1150,373,2,242239,15018,2739,2349,1185,2735,2347,1150,99,100,0,500,2742;
@400000005e255cd00f5667b0 #d,-,18,2730,2348,1156,374,2,242115,15011,2735,2348,1159,2730,2346,1150,99,100,0,500,2737;
@400000005e255cd00f60fec5 #d,-,18,2725,2350,1155,375,2,241992,15003,2730,2350,1157,2725,2347,1155,100,100,0,500,2725;
@400000005e255cd20f71e78e #d,-,18,2720,2348,1155,375,2,241869,14995,2725,2350,1158,2720,2348,1155,99,100,0,500,2721;
@400000005e255cd20f7c62b2 #d,-,18,2716,2348,1156,376,2,241747,14988,2720,2350,1157,2716,2348,1155,99,100,0,500,2721;
@400000005e255cd40f8d46d4 #d,-,18,2714,2350,1152,377,2,241631,14981,2716,2350,1184,2714,2348,1152,99,100,0,500,2728;
@400000005e255cd40f97883a #d,-,18,2712,2347,1155,378,2,241569,14977,2714,2350,1160,2712,2346,1147,98,100,0,500,2741;
@400000005e255cd60fa883a4 #d,-,18,2709,2348,1155,378,2,241448,14969,2712,2350,1157,2709,2347,1155,99,100,0,500,2721;
@400000005e255cd60fb2d037 #d,-,18,2706,2350,1156,379,2,241269,14958,2709,2350,1157,2706,2348,1155,99,100,0,500,2723;
@400000005e255cd80fc35af0 #d,-,18,2704,2348,1155,380,2,241150,14951,2706,2351,1156,2704,2348,1155,99,100,0,500,2721;
@400000005e255cd80fce47b3 #d,-,18,2702,2347,1165,380,2,241037,14944,2704,2349,1186,2702,2347,1155,99,100,0,500,2724;
@400000005e255cda0fde2d94 #d,-,18,2703,2347,1156,381,2,240919,14937,2703,2348,1165,2702,2346,1152,98,100,0,500,2748;
@400000005e255cda0fe6e419 #d,-,18,2702,2348,1157,382,2,240802,14929,2703,2348,1159,2702,2346,1156,99,100,0,500,2724;
@400000005e255cdc0ff59a5d #d,-,18,2700,2348,1156,383,2,240685,14922,2702,2349,1158,2700,2348,1155,99,100,0,500,2723;
@400000005e255cdc0ffe3138 #d,-,18,2699,2348,1155,383,2,240570,14915,2700,2349,1159,2699,2348,1155,99,100,0,500,2723;
@400000005e255cde100d160d #d,-,18,2697,2347,1176,384,2,240459,14908,2699,2348,1184,2697,2347,1155,99,100,0,500,2724;
@400000005e255cde10179d4d #d,-,18,2699,2349,1156,385,2,240343,14901,2699,2349,1176,2697,2347,1150,98,100,0,500,2748;
@400000005e255ce010287553 #d,-,18,2698,2348,1157,386,2,240229,14894,2699,2350,1157,2698,2348,1154,99,100,0,500,2723;
@400000005e255ce01032e190 #d,-,18,2696,2348,1156,386,2,240172,14890,2698,2348,1157,2696,2347,1155,99,100,0,500,2721;
@400000005e255ce21043c1f8 #d,-,18,2695,2350,1157,387,2,240059,14883,2696,2351,1157,2695,2348,1155,98,100,0,500,2723;
@400000005e255ce2104e3d1c #d,-,18,2694,2349,1184,388,2,239893,14873,2695,2350,1185,2694,2348,1156,98,100,0,500,2723;
@400000005e255ce4105f3974 #d,-,18,2697,2348,1157,389,2,239781,14866,2697,2350,1184,2694,2348,1152,98,100,0,500,2751;
@400000005e255ce4106989c1 #d,-,18,2696,2347,1155,389,2,239670,14859,2697,2350,1158,2696,2347,1155,99,100,0,500,2723;
@400000005e255ce610794973 #d,-,18,2695,2349,1155,390,2,239558,14852,2696,2350,1158,2695,2346,1155,98,100,0,500,2723;
@400000005e255ce61083df99 #d,-,18,2694,2349,1156,391,2,239448,14845,2695,2350,1157,2694,2347,1155,98,100,0,500,2723;
@400000005e255ce8109456c3 #d,-,18,2693,2349,1183,392,2,239341,14839,2694,2350,1183,2693,2346,1156,98,100,0,500,2723;
@400000005e255ce8109eb32b #d,-,18,2695,2348,1157,392,2,239232,14832,2695,2350,1184,2693,2348,1149,98,100,0,500,2749;
@400000005e255cea10af9ec0 #d,-,18,2694,2350,1156,393,2,239122,14825,2695,2350,1157,2694,2348,1155,99,100,0,500,2717;
@400000005e255cea10b9fb28 #d,-,18,2693,2349,1156,394,2,239014,14818,2694,2350,1158,2693,2347,1154,98,100,0,500,2721;
@400000005e255cec10cac448 #d,-,18,2692,2349,1155,395,2,238905,14812,2693,2350,1157,2692,2348,1154,98,100,0,500,2723;
@400000005e255cec10d505ae #d,-,18,2692,2349,1180,395,2,238800,14805,2692,2349,1180,2692,2347,1155,98,100,0,500,2723;
@400000005e255cee10e4d800 #d,-,18,2695,2350,1157,396,2,238695,14799,2695,2350,1185,2692,2349,1150,97,100,0,500,2751;
@400000005e255cee10f012fe #d,-,18,2694,2347,1157,397,2,238589,14792,2695,2350,1157,2694,2347,1156,99,100,0,500,2721;
@400000005e255cf011010e68 #d,-,18,2693,2346,1156,398,2,238483,14785,2694,2348,1157,2693,2346,1156,98,100,0,500,2723;
@400000005e255cf0110b6f78 #d,-,18,2692,2350,1156,398,2,238432,14782,2693,2350,1157,2692,2346,1156,98,100,0,500,2723;
@400000005e255cf2111c400b #d,-,18,2692,2348,1169,399,2,238328,14776,2692,2350,1169,2692,2348,1155,98,100,0,500,2724;
@400000005e255cf211269c73 #d,-,18,2695,2350,1156,400,2,238226,14770,2695,2350,1184,2692,2347,1150,98,100,0,500,2749;
@400000005e255cf4113770bf #d,-,18,2694,2349,1156,401,2,238067,14760,2695,2350,1157,2694,2349,1155,99,100,0,500,2721;
@400000005e255cf41141ad7d #d,-,18,2693,2349,1154,401,2,237963,14753,2694,2350,1157,2693,2348,1154,98,100,0,500,2723;
@400000005e255cf61154dc5a #d,-,18,2692,2352,1155,402,2,237860,14747,2693,2352,1156,2692,2349,1154,98,100,0,500,2723;
@400000005e255cf61162c2f0 #d,-,18,2691,2351,1158,403,2,237758,14741,2692,2352,1158,2691,2350,1154,98,100,0,500,2723;
@400000005e255cf8116e0cd5 #d,-,18,2826,2350,1518,404,2,237752,14740,2826,2352,1524,2691,2350,1158,100,100,0,500,2826;
@400000005e255cf8117898bc #d,-,18,3581,2348,1676,405,2,237817,14744,3581,2350,1689,2826,2347,1518,99,100,0,500,3593;
@400000005e255cfa1189694f #d,-,18,3826,2350,1644,406,2,237903,14750,3826,2350,1676,3581,2347,1628,99,100,0,500,3830;
@400000005e255cfa11943a21 #d,-,18,3830,2349,1648,407,2,237992,14755,3830,2350,1674,3826,2348,1629,98,100,0,500,3883;
@400000005e255cfc11a51316 #d,-,18,3833,2349,1664,408,2,238133,14764,3833,2350,1666,3830,2347,1633,98,100,0,500,3878;
@400000005e255cfc11afd8bb #d,-,18,3884,2349,1642,409,2,238170,14766,3884,2349,1693,3833,2347,1642,99,100,0,500,3899;
@400000005e255cfe11c09205 #d,-,18,3879,2347,1639,410,2,238257,14771,3884,2350,1674,3879,2346,1631,99,100,0,500,3887;
@400000005e255cfe11cb308d #d,-,18,3877,2348,1659,411,2,238345,14777,3879,2350,1672,3877,2346,1635,99,100,0,500,3885;
@400000005e255d0011dc2484 #d,-,18,3877,2350,1668,412,2,238433,14782,3877,2350,1671,3877,2347,1636,99,100,0,500,3892;
@400000005e255d0011e6cf27 #d,-,18,3876,2350,1660,413,2,238521,14788,3877,2350,1674,3876,2348,1638,99,100,0,500,3888;
@400000005e255d0211f3f6d1 #d,-,18,3877,2349,1632,414,2,238611,14793,3877,2350,1691,3876,2348,1632,99,100,0,500,3910;
@400000005e255d0211ff0e6b #d,-,18,3877,2348,1663,415,2,238753,14802,3877,2351,1677,3877,2348,1632,99,100,0,500,3904;
@400000005e255d04120e8b0f #d,-,18,3879,2352,1669,417,2,238788,14804,3879,2352,1677,3877,2348,1641,99,100,0,500,3908;
@400000005e255d041219396c #d,-,18,3879,2349,1661,418,2,238928,14813,3879,2352,1673,3879,2349,1641,99,100,0,500,3899;
@400000005e255d06122aade8 #d,-,18,3879,2351,1655,419,2,238964,14815,3879,2351,1689,3879,2349,1642,99,100,0,500,3906;
@400000005e255d0612354d5e #d,-,18,3881,2351,1649,420,2,239055,14821,3881,2352,1701,3879,2351,1646,99,100,0,500,3920;
@400000005e255d0812455a5d #d,-,18,3884,2351,1665,421,2,239142,14826,3884,2351,1680,3881,2350,1639,99,100,0,500,3922;
@400000005e255d0812503bf3 #d,-,18,3884,2351,1674,422,2,239230,14832,3884,2351,1678,3884,2349,1640,99,100,0,500,3910;
@400000005e255d0a1260fcb1 #d,-,18,3884,2352,1655,423,2,239317,14837,3884,2352,1690,3884,2350,1645,99,100,0,500,3912;
@400000005e255d0a126bc9c9 #d,-,18,3886,2350,1650,424,2,239404,14843,3886,2353,1683,3884,2350,1644,99,100,0,500,3924;
@400000005e255d0c127bc7e1 #d,-,18,3887,2350,1676,425,2,239496,14848,3887,2351,1710,3886,2349,1649,99,100,0,500,3910;
@400000005e255d0c12867285 #d,-,18,3891,2351,1680,426,2,239582,14854,3891,2352,1683,3887,2348,1641,98,100,0,500,3940;
@400000005e255d0e129756a6 #d,-,18,3892,2349,1667,427,2,239670,14859,3892,2351,1695,3891,2348,1646,99,100,0,500,3920;
@400000005e255d0e12a1f174 #d,-,18,3893,2355,1649,428,2,239807,14868,3893,2355,1682,3892,2349,1646,98,100,0,500,3933;
@400000005e255d1012b3faf4 #d,-,18,3894,2352,1665,429,2,239843,14870,3894,2355,1684,3893,2352,1647,99,100,0,500,3919;
@400000005e255d1012be85ed #d,-,18,3896,2353,1702,431,2,239986,14879,3896,2355,1703,3894,2352,1652,99,100,0,500,3926;
@400000005e255d1212cf2435 #d,-,18,3899,2354,1673,432,2,240020,14881,3899,2354,1702,3896,2352,1643,98,100,0,500,3951;
@400000005e255d1212da4f5e #d,-,18,3900,2354,1647,433,2,240106,14886,3900,2354,1686,3899,2351,1647,99,100,0,500,3929;
@400000005e255d1412eaddd1 #d,-,18,3900,2352,1661,434,2,240191,14891,3900,2354,1687,3900,2352,1645,99,100,0,500,3926;
@400000005e255d1412f5aaea #d,-,18,3901,2351,1683,435,2,240278,14897,3901,2353,1686,3900,2351,1650,99,100,0,500,3924;
@400000005e255d16130692c5 #d,-,18,3902,2351,1704,436,2,240367,14902,3902,2351,1717,3901,2349,1653,99,100,0,500,3931;
@400000005e255d1613116ce7 #d,-,18,3906,2350,1668,437,2,240453,14908,3906,2352,1704,3902,2349,1645,98,100,0,500,3960;
@400000005e255d1813222da5 #d,-,18,3907,2353,1659,438,2,240538,14913,3907,2353,1693,3906,2350,1649,99,100,0,500,3942;
@400000005e255d18132cc873 #d,-,18,3908,2353,1682,439,2,240625,14918,3908,2354,1693,3907,2351,1653,99,100,0,500,3931;
@400000005e255d1a133d954c #d,-,18,3910,2355,1680,440,2,240711,14924,3910,2355,1689,3908,2352,1656,99,100,0,500,3945;
@400000005e255d1a13482c60 #d,-,18,3911,2355,1685,441,2,240798,14929,3911,2356,1707,3910,2354,1653,99,100,0,500,3944;
@400000005e255d1c1358be8d #d,-,18,3915,2354,1662,443,2,240884,14934,3915,2355,1701,3911,2353,1649,98,100,0,500,3967;
@400000005e255d1c1363904e #d,-,18,3915,2357,1683,444,2,240969,14940,3915,2357,1689,3915,2353,1654,99,100,0,500,3935;
@400000005e255d1e1374746f #d,-,18,3916,2357,1680,445,2,241054,14945,3916,2358,1688,3915,2357,1651,99,100,0,500,3944;
@400000005e255d1e137f64ec #d,-,18,3917,2356,1658,446,2,241137,14950,3917,2358,1685,3916,2355,1656,99,100,0,500,3947;
@400000005e255d20139031c5 #d,-,18,3917,2357,1689,447,2,241223,14955,3917,2358,1689,3917,2355,1656,99,100,0,500,3940;
@400000005e255d20139adc68 #d,-,18,3921,2356,1684,448,2,241310,14961,3921,2357,1712,3917,2356,1657,98,100,0,500,3972;
@400000005e255d2213ac19f2 #d,-,18,3921,2354,1693,449,2,241394,14966,3921,2356,1698,3921,2354,1658,99,100,0,500,3944;
@400000005e255d2213b70b5d #d,-,18,3923,2357,1662,450,2,241478,14971,3923,2357,1693,3921,2354,1657,98,100,0,500,3963;
@400000005e255d2413c7cfd4 #d,-,18,3923,2356,1669,451,2,241562,14976,3923,2357,1688,3923,2355,1660,99,100,0,500,3947;
@400000005e255d2413d2535a #d,-,18,3924,2358,1702,452,2,241696,14985,3924,2358,1702,3923,2355,1656,99,100,0,500,3951;
@400000005e255d2613e3b448 #d,-,18,3929,2357,1680,453,2,241782,14990,3929,2358,1709,3924,2356,1655,98,100,0,500,3983;
@400000005e255d2613ee6ec0 #d,-,18,3929,2359,1662,455,2,241815,14992,3929,2359,1687,3929,2356,1662,99,100,0,500,3954;
@400000005e255d2813ff37df #d,-,18,3929,2358,1672,456,2,241898,14997,3929,2359,1686,3929,2356,1661,99,100,0,500,3951;
@400000005e255d28140a5f4f #d,-,18,3929,2357,1686,457,2,241981,15002,3929,2360,1687,3929,2356,1660,99,100,0,500,3952;
@400000005e255d2a141b5ab9 #d,-,18,3930,2358,1678,458,2,242063,15007,3930,2358,1687,3929,2356,1661,99,100,0,500,3958;
@400000005e255d2a142637a6 #d,-,18,3934,2357,1660,459,2,242148,15013,3934,2358,1716,3930,2356,1660,98,100,0,500,3979;
@400000005e255d2c143737b8 #d,-,18,3933,2356,1578,460,2,242270,15020,3934,2358,1687,3933,2355,1578,99,100,0,500,3952;
@400000005e255d2c144204d1 #d,-,18,3752,2359,1593,461,2,242316,15023,3933,2359,1595,3752,2356,1547,98,100,0,500,3792;
@400000005e255d2e14532c01 #d,-,18,3747,2358,1593,462,2,242317,15023,3752,2359,1596,3747,2356,1569,100,100,0,500,3747;
@400000005e255d2e145e23f1 #d,-,18,3744,2356,1577,463,2,242367,15026,3747,2359,1596,3744,2356,1572,99,100,0,500,3746;
@400000005e255d30146f6623 #d,-,18,3744,2358,1569,464,2,242420,15030,3744,2358,1622,3744,2356,1566,99,100,0,500,3766;
@400000005e255d30147a2bc8 #d,-,18,3741,2357,1590,465,2,242470,15033,3744,2358,1599,3741,2357,1569,99,100,0,500,3751;
@400000005e255d3214a95dd4 #d,-,18,3739,2355,1595,466,2,242520,15036,3741,2357,1598,3739,2355,1572,99,100,0,500,3746;
@400000005e255d3214ce012e #d,-,18,3737,2357,1594,467,2,242569,15039,3739,2358,1597,3737,2355,1571,99,100,0,500,3750;
@400000005e255d3414e54231 #d,-,18,3735,2359,1690,468,2,242621,15042,3737,2359,1690,3735,2357,1529,99,100,0,500,3750;
@400000005e255d3414eec003 #d,-,18,3738,2358,1592,469,2,242673,15045,3738,2360,1692,3735,2358,1574,98,100,0,500,3780;
@400000005e255d3614fdd724 #d,-,18,3737,2359,1580,470,2,242721,15048,3738,2359,1597,3737,2356,1569,99,100,0,500,3755;
@400000005e255d3615079acf #d,-,18,3734,2357,1574,471,2,242818,15054,3737,2359,1596,3734,2357,1571,99,100,0,500,3746;
@400000005e255d3815159d55 #d,-,18,3733,2358,1589,472,2,242866,15057,3734,2359,1596,3733,2356,1571,99,100,0,500,3744;
@400000005e255d38151e342f #d,-,18,3732,2357,1596,473,2,242866,15057,3733,2359,1596,3732,2357,1571,99,100,0,500,3744;
@400000005e255d3a152d154b #d,-,18,3732,2358,1589,474,2,242918,15060,3732,2358,1622,3732,2356,1573,99,100,0,500,3755;
@400000005e255d3a15368abc #d,-,18,3733,2356,1581,475,2,242965,15063,3733,2358,1598,3732,2356,1567,99,100,0,500,3767;
@400000005e255d3c1545153b #d,-,18,3731,2358,1573,476,2,243013,15066,3733,2358,1597,3731,2356,1572,99,100,0,500,3748;
@400000005e255d3c154ddb94 #d,-,18,3730,2356,1590,477,2,243061,15069,3731,2358,1598,3730,2356,1572,99,100,0,500,3746;
@400000005e255d3e155b41a4 #d,-,18,3729,2357,1596,478,2,243108,15072,3730,2357,1598,3729,2355,1572,99,100,0,500,3746;
@400000005e255d3e1564e5a5 #d,-,18,3729,2353,1602,480,2,243159,15075,3729,2357,1621,3729,2352,1574,99,100,0,500,3751;
@400000005e255d40157466f1 #d,-,18,3732,2355,1583,481,2,243253,15081,3732,2355,1602,3729,2353,1570,98,100,0,500,3774;
@400000005e255d40157ddc61 #d,-,18,3730,2352,1575,482,2,243299,15084,3732,2355,1598,3730,2352,1574,99,100,0,500,3748;
@400000005e255d42158bdee7 #d,-,18,3729,2354,1589,483,2,243298,15084,3730,2355,1598,3729,2351,1575,99,100,0,500,3742;
@400000005e255d421595220d #d,-,18,3728,2353,1596,484,3,243345,15087,3729,2354,1598,3728,2352,1574,99,100,0,500,3746;
@400000005e255d4415a3f266 #d,-,18,3728,2352,1612,485,3,243395,15090,3728,2354,1624,3728,2352,1574,99,100,0,500,3746;
@400000005e255d4415ad68c4 #d,-,18,3730,2354,1587,486,3,243440,15093,3730,2354,1612,3728,2351,1571,98,100,0,500,3773;
@400000005e255d4615bb62e8 #d,-,18,3729,2354,1573,487,3,243485,15096,3730,2355,1600,3729,2353,1573,99,100,0,500,3748;
@400000005e255d4615c4a60e #d,-,18,3727,2355,1584,488,3,243531,15098,3729,2355,1599,3727,2353,1573,99,100,0,500,3744;
@400000005e255d4815d28442 #d,-,18,3727,2353,1596,489,3,243576,15101,3727,2355,1599,3727,2353,1575,99,100,0,500,3742;
@400000005e255d4815db659e #d,-,18,3726,2354,1625,490,3,243626,15104,3727,2355,1627,3726,2352,1573,99,100,0,500,3746;
@400000005e255d4a15ea5e02 #d,-,18,3729,2353,1589,491,3,243717,15110,3729,2355,1625,3726,2353,1575,98,100,0,500,3776;
@400000005e255d4a15f3a89b #d,-,18,3728,2351,1575,492,3,243715,15110,3729,2353,1600,3728,2351,1574,99,100,0,500,3748;
@400000005e255d4c16020843 #d,-,18,3727,2353,1581,493,3,243759,15113,3728,2354,1599,3727,2351,1572,99,100,0,500,3744;
@400000005e255d4c160ae22b #d,-,18,3726,2353,1595,494,3,243804,15115,3727,2355,1599,3726,2353,1572,99,100,0,500,3744;
@400000005e255d4e1619a39d #d,-,18,3726,2353,1629,495,3,243851,15118,3726,2354,1629,3726,2352,1573,99,100,0,500,3744;
@400000005e255d4e1622ea7c #d,-,18,3729,2352,1593,496,3,243896,15121,3729,2355,1629,3726,2352,1572,98,100,0,500,3776;
@400000005e255d501630f0bc #d,-,18,3728,2354,1577,497,3,243939,15124,3729,2354,1601,3728,2350,1575,99,100,0,500,3746;
@400000005e255d50163a3b55 #d,-,18,3727,2353,1579,498,3,243983,15126,3728,2355,1600,3727,2353,1573,99,100,0,500,3744;
@400000005e255d52164840a6 #d,-,18,3726,2353,1594,499,3,244027,15129,3727,2354,1600,3726,2352,1573,99,100,0,500,3744;
@400000005e255d521650a9de #d,-,18,3726,2352,1627,500,3,244073,15132,3726,2354,1627,3726,2352,1575,99,100,0,500,3746;
@400000005e255d54165f3bd0 #d,-,18,3729,2351,1599,501,3,244117,15135,3729,2353,1628,3726,2350,1570,98,100,0,500,3774;
@400000005e255d541668c978 #d,-,18,3728,2349,1578,502,3,244205,15140,3729,2352,1601,3728,2348,1577,99,100,0,500,3744;
@400000005e255d5616779616 #d,-,18,3726,2352,1576,503,3,244202,15140,3728,2352,1602,3726,2349,1573,99,100,0,500,3744;
@400000005e255d561680a249 #d,-,18,3725,2350,1595,504,3,244245,15143,3726,2352,1600,3725,2348,1574,99,100,0,500,3741;
@400000005e255d58168f4146 #d,-,18,3725,2347,1620,505,3,244289,15145,3725,2350,1620,3725,2346,1576,99,100,0,500,3744;
@400000005e255d58169908ab #d,-,18,3728,2348,1599,506,3,244333,15148,3728,2349,1626,3725,2347,1571,98,100,0,500,3776;
@400000005e255d5a16a79f45 #d,-,18,3727,2347,1585,507,3,244375,15151,3728,2348,1603,3727,2346,1577,99,100,0,500,3741;
@400000005e255d5a16b0ab78 #d,-,18,3726,2348,1580,508,3,244417,15153,3727,2348,1603,3726,2345,1578,99,100,0,500,3744;
@400000005e255d5c16be1cb5 #d,-,18,3725,2346,1597,509,3,244459,15156,3726,2348,1604,3725,2346,1578,99,100,0,500,3742;
@400000005e255d5c16c6fe11 #d,-,18,3725,2348,1610,511,3,244501,15159,3725,2348,1610,3725,2345,1578,99,100,0,500,3746;
@400000005e255d5e16d5db73 #d,-,18,3728,2349,1596,512,3,244546,15161,3728,2350,1626,3725,2347,1573,98,100,0,500,3773;
@400000005e255d5e16df7801 #d,-,18,3727,2348,1585,513,3,244632,15167,3728,2349,1602,3727,2347,1575,99,100,0,500,3746;
@400000005e255d6016ee40e6 #d,-,18,3726,2348,1576,514,3,244628,15166,3727,2350,1603,3726,2347,1575,99,100,0,500,3744;
@400000005e255d6016f73217 #d,-,18,3725,2349,1592,515,3,244669,15169,3726,2349,1601,3725,2347,1576,99,100,0,500,3741;
@400000005e255d6217059a20 #d,-,18,3724,2347,1602,516,3,244710,15172,3725,2349,1603,3724,2346,1576,99,100,0,500,3742;
@400000005e255d62170ec50f #d,-,18,3727,2347,1597,517,3,244754,15174,3727,2349,1630,3724,2346,1575,98,100,0,500,3767;
@400000005e255d64171dec05 #d,-,18,3727,2348,1588,518,3,244794,15177,3727,2348,1604,3727,2346,1576,99,100,0,500,3750;
@400000005e255d6417272f2a #d,-,18,3725,2348,1578,519,3,244879,15182,3727,2349,1602,3725,2346,1578,99,100,0,500,3742;
@400000005e255d661734891f #d,-,18,3724,2349,1590,520,3,244875,15182,3725,2350,1602,3724,2347,1576,99,100,0,500,3741;
@400000005e255d66173d7a4f #d,-,18,3723,2351,1599,521,3,244915,15184,3724,2351,1602,3723,2348,1575,99,100,0,500,3741;
@400000005e255d68174c7de1 #d,-,18,3726,2351,1593,522,3,244959,15187,3726,2351,1629,3723,2349,1583,99,100,0,500,3758;
@400000005e255d681755c968 #d,-,18,3726,2351,1589,523,3,244998,15189,3726,2352,1601,3726,2349,1575,99,100,0,500,3755;
@400000005e255d6a1763d71b #d,-,18,3724,2350,1574,524,3,245037,15192,3726,2352,1601,3724,2349,1573,99,100,0,500,3742;
@400000005e255d6a176d256e #d,-,18,3723,2351,1584,525,3,245076,15194,3724,2353,1599,3723,2350,1574,99,100,0,500,3739;
@400000005e255d6c177bee53 #d,-,18,3723,2351,1598,526,3,245115,15197,3723,2353,1600,3723,2350,1572,99,100,0,500,3741;
@400000005e255d6c1784e33e #d,-,18,3724,2351,1594,527,3,245158,15199,3724,2353,1628,3723,2350,1581,99,100,0,500,3751;
@400000005e255d6e17939982 #d,-,18,3725,2352,1590,528,3,245197,15202,3725,2352,1600,3724,2349,1572,99,100,0,500,3760;
@400000005e255d6e179de9cf #d,-,18,3724,2350,1577,529,3,245235,15204,3725,2352,1600,3724,2349,1574,99,100,0,500,3744;
@400000005e255d7017ac45bd #d,-,18,3723,2351,1554,530,3,245316,15209,3724,2351,1602,3723,2347,1554,99,100,0,500,3742;
@400000005e255d7017b71b38 #d,-,18,3782,2353,1092,531,3,245331,15210,3782,2353,1677,3723,2349,1092,99,100,0,500,3783;
@400000005e255d7217c38e34 #d,-,18,2973,2356,1051,532,3,245186,15201,3782,2356,1232,2973,2352,1048,95,100,0,500,3120;
@400000005e255d7217ca5cb5 #d,-,18,2620,2355,1180,532,3,245098,15196,2973,2356,1215,2620,2354,1050,98,100,0,500,2662;
@400000005e255d7417d4fb3d #d,-,18,2788,2356,1039,533,3,245017,15191,2788,2356,1431,2620,2351,1039,99,100,0,500,2810;
@400000005e255d7417df53ec #d,-,18,2607,2353,1150,534,3,244912,15184,2788,2356,1184,2607,2353,1024,96,100,0,500,2701;
@400000005e255d7617e82dd4 #d,-,18,2702,2354,1217,535,3,244828,15179,2702,2355,1223,2607,2352,1141,99,100,0,500,2724;
@400000005e255d7617f1ca62 #d,-,18,2782,2353,1185,535,3,244745,15174,2782,2354,1217,2702,2352,1167,98,100,0,500,2813;
@400000005e255d7818018dce #d,-,18,2779,2353,1180,536,3,244661,15169,2782,2355,1186,2779,2353,1173,99,100,0,500,2790;
@400000005e255d78180bfa0b #d,-,18,2775,2355,1181,537,3,244579,15163,2779,2355,1183,2775,2352,1179,99,100,0,500,2789;
@400000005e255d7a181be3a6 #d,-,18,2773,2353,1181,538,3,244496,15158,2775,2355,1184,2773,2351,1181,99,100,0,500,2789;
@400000005e255d7a1826f3cd #d,-,18,2770,2353,1174,539,3,244412,15153,2773,2354,1181,2770,2352,1173,99,100,0,500,2787;
@400000005e255d7c1837bcec #d,-,18,2766,2353,1199,539,3,244332,15148,2770,2353,1203,2766,2351,1174,99,100,0,500,2771;
@400000005e255d7c18421954 #d,-,18,2765,2350,1175,540,3,244247,15143,2766,2353,1199,2765,2349,1168,98,100,0,500,2796;
@400000005e255d7e184a9172 #d,-,18,2762,2350,1175,541,3,244163,15138,2765,2352,1176,2762,2348,1174,99,100,0,500,2771;
@400000005e255d7e1852748e #d,-,18,2758,2350,1175,542,3,244079,15132,2762,2351,1176,2758,2348,1174,99,100,0,500,2767;
@400000005e255d8018631e03 #d,-,18,2755,2349,1175,542,3,243996,15127,2758,2351,1175,2755,2348,1174,99,100,0,500,2765;
@400000005e255d80186d8687 #d,-,18,2752,2347,1204,543,3,243958,15125,2755,2350,1205,2752,2347,1175,99,100,0,500,2767;
@400000005e255d8218760d8c #d,-,18,2753,2349,1175,544,3,243875,15120,2753,2350,1204,2752,2347,1169,98,100,0,500,2794;
@400000005e255d82187c7dfd #d,-,18,2751,2346,1176,545,3,243751,15112,2753,2349,1177,2751,2346,1175,99,100,0,500,2765;
@400000005e255d8418852d0e #d,-,18,2749,2347,1176,545,3,243668,15107,2751,2347,1178,2749,2345,1176,99,100,0,500,2767;
@400000005e255d84188ad631 #d,-,18,2746,2346,1176,546,3,243586,15102,2749,2347,1178,2746,2344,1176,99,100,0,500,2769;
@400000005e255d86189b7fa6 #d,-,18,2745,2348,1203,547,3,243506,15097,2746,2349,1203,2745,2346,1175,99,100,0,500,2767;
@400000005e255d8618a5c10c #d,-,18,2747,2346,1177,548,3,243426,15092,2747,2348,1204,2745,2346,1170,98,100,0,500,2796;
@400000005e255d8818af2f09 #d,-,18,2745,2347,1176,548,3,243345,15087,2747,2348,1177,2745,2345,1175,99,100,0,500,2765;
@400000005e255d8818ba7534 #d,-,18,2743,2345,1176,549,3,243264,15082,2745,2347,1177,2743,2344,1175,99,100,0,500,2765;
@400000005e255d8a18ca01ad #d,-,18,2742,2346,1176,550,3,243183,15077,2743,2346,1178,2742,2344,1174,99,100,0,500,2765;
@400000005e255d8a18d452e8 #d,-,18,2740,2343,1188,551,3,243102,15072,2742,2346,1188,2740,2343,1173,99,100,0,500,2764;
@400000005e255d8c18de22af #d,-,18,2741,2346,1176,551,3,243022,15067,2741,2346,1194,2740,2342,1165,98,100,0,500,2780;
@400000005e255d8c18e93e03 #d,-,18,2738,2346,1172,552,3,242941,15062,2741,2347,1176,2738,2345,1170,99,100,0,500,2753;
@400000005e255d8e18f1f841 #d,-,18,2736,2350,1160,553,3,242859,15057,2738,2350,1173,2736,2345,1160,99,100,0,500,2755;
@400000005e255d8e18f8a35f #d,-,18,2732,2352,1166,554,3,242777,15052,2736,2352,1168,2732,2350,1159,99,100,0,500,2739;
@400000005e255d9019019849 #d,-,18,2729,2353,1174,554,3,242695,15047,2732,2353,1174,2729,2350,1163,99,100,0,500,2748;
@400000005e255d90190c2ba4 #d,-,18,2731,2354,1163,555,3,242616,15042,2731,2354,1192,2729,2351,1157,98,100,0,500,2773;
@400000005e255d921918a702 #d,-,18,2728,2353,1162,556,3,242535,15037,2731,2355,1165,2728,2353,1161,99,100,0,500,2742;
@400000005e255d9219232a88 #d,-,18,2725,2355,1156,557,3,242453,15032,2728,2355,1163,2725,2353,1156,99,100,0,500,2742;
@400000005e255d941933897b #d,-,18,2722,2353,1161,557,3,242371,15027,2725,2355,1162,2722,2353,1155,99,100,0,500,2735;
@400000005e255d94193de5e4 #d,-,18,2720,2355,1159,558,3,242330,15024,2722,2355,1162,2720,2352,1159,99,100,0,500,2739;
@400000005e255d96194d6ae9 #d,-,18,2721,2352,1158,559,3,242252,15019,2721,2355,1189,2720,2351,1154,98,100,0,500,2760;
@400000005e255d96195853f2 #d,-,18,2718,2355,1159,560,3,242172,15014,2721,2355,1161,2718,2351,1158,99,100,0,500,2741;
@400000005e255d981969186a #d,-,18,2717,2353,1160,560,3,242051,15007,2718,2355,1164,2717,2353,1159,99,100,0,500,2741;
@400000005e255d9819739fa9 #d,-,18,2715,2354,1160,561,3,241970,15002,2717,2355,1161,2715,2353,1159,99,100,0,500,2737;
@400000005e255d9a19806589 #d,-,18,2713,2354,1160,562,3,241890,14997,2715,2355,1161,2713,2353,1159,99,100,0,500,2737;
@400000005e255d9a198a971a #d,-,18,2715,2354,1150,563,3,241813,14992,2715,2356,1188,2713,2354,1150,98,100,0,500,2755;
@400000005e255d9c199a80b4 #d,-,18,2712,2355,1158,563,3,241732,14987,2715,2355,1158,2712,2353,1150,99,100,0,500,2735;
@400000005e255d9c19a58d22 #d,-,18,2709,2355,1153,564,3,241651,14982,2712,2356,1158,2709,2354,1153,99,100,0,500,2728;
@400000005e255d9e19b4f637 #d,-,18,2707,2356,1154,565,3,241571,14977,2709,2356,1156,2707,2354,1153,99,100,0,500,2726;
@400000005e255d9e19bf6274 #d,-,18,2705,2353,1156,566,3,241531,14974,2707,2356,1156,2705,2353,1154,99,100,0,500,2726;
@400000005e255da019ce7221 #d,-,18,2706,2356,1150,566,3,241455,14970,2706,2356,1184,2705,2352,1150,98,100,0,500,2739;
@400000005e255da019d8d5fc #d,-,18,2705,2355,1155,567,3,241335,14962,2706,2356,1158,2705,2354,1150,98,100,0,500,2742;
@400000005e255da219e8c43f #d,-,18,2704,2354,1155,568,3,241256,14957,2705,2356,1157,2704,2354,1154,99,100,0,500,2728;
@400000005e255da219f320a7 #d,-,18,2702,2354,1156,569,3,241178,14953,2704,2356,1158,2702,2353,1155,99,100,0,500,2728;
@400000005e255da419ff9fbf #d,-,18,2701,2355,1157,569,3,241099,14948,2702,2355,1157,2701,2353,1155,99,100,0,500,2728;
@400000005e255da41a0ab75a #d,-,18,2701,2354,1152,570,3,241024,14943,2701,2356,1185,2701,2354,1152,98,100,0,500,2733;
@400000005e255da61a18adc4 #d,-,18,2702,2355,1154,571,3,240985,14941,2702,2355,1158,2701,2354,1149,98,100,0,500,2748;
@400000005e255da61a22f69d #d,-,18,2701,2355,1151,572,3,240907,14936,2702,2356,1156,2701,2353,1151,99,100,0,500,2728;
@400000005e255da81a320291 #d,-,18,2699,2353,1152,572,3,240827,14931,2701,2355,1152,2699,2353,1147,99,100,0,500,2717;
@400000005e255da81a3d0a56 #d,-,18,2697,2351,1154,573,3,240710,14924,2699,2354,1156,2697,2351,1152,99,100,0,500,2721;
@400000005e255daa1a4bdb9d #d,-,18,2696,2354,1161,574,3,240636,14919,2697,2354,1182,2696,2351,1153,99,100,0,500,2721;
@400000005e255daa1a566a4f #d,-,18,2697,2354,1153,575,3,240558,14914,2697,2355,1161,2696,2354,1147,98,100,0,500,2746;
@400000005e255dac1a66e8ed #d,-,18,2696,2352,1153,575,3,240480,14909,2697,2354,1154,2696,2352,1152,99,100,0,500,2723;
@400000005e255dac1a714db7 #d,-,18,2695,2354,1153,576,3,240403,14905,2696,2355,1154,2695,2352,1152,99,100,0,500,2721;
@400000005e255dae1a7f2beb #d,-,18,2694,2353,1153,577,3,240326,14900,2695,2354,1154,2694,2352,1152,99,100,0,500,2721;
@400000005e255dae1a8a18ae #d,-,18,2692,2355,1174,578,3,240253,14895,2694,2356,1182,2692,2352,1152,98,100,0,500,2721;
@400000005e255db01a9a4557 #d,-,18,2695,2356,1152,578,3,240214,14893,2695,2356,1174,2692,2354,1146,98,100,0,500,2744;
@400000005e255db01aa4bdaf #d,-,18,2693,2354,1151,579,3,240137,14888,2695,2356,1153,2693,2353,1150,99,100,0,500,2717;
@400000005e255db21ab1bd4d #d,-,18,2692,2355,1152,580,3,240023,14881,2693,2355,1153,2692,2352,1151,99,100,0,500,2717;
@400000005e255db21abc026d #d,-,18,2691,2354,1154,581,3,239947,14876,2692,2355,1154,2691,2353,1151,98,100,0,500,2719;
@400000005e255db41acb8b2c #d,-,18,2690,2353,1181,581,3,239874,14872,2691,2355,1181,2690,2353,1151,98,100,0,500,2719;
@400000005e255db41ad6f101 #d,-,18,2693,2351,1526,582,3,239850,14870,2693,2356,1534,2690,2351,1144,98,100,0,500,2744;
@400000005e255db61ae6e2fe #d,-,18,3540,2351,1672,583,3,239921,14875,3540,2353,1672,2693,2351,1502,100,100,0,500,3540;
@400000005e255db61af1fa98 #d,-,18,3781,2350,1661,584,3,239943,14876,3781,2352,1677,3540,2350,1637,100,100,0,500,3781;
@400000005e255db81afe5292 #d,-,18,3869,2351,1627,585,3,240000,14880,3869,2351,1661,3781,2349,1627,99,100,0,500,3894;
@400000005e255db81b08d25e #d,-,18,3866,2352,1671,586,3,240060,14883,3869,2352,1671,3866,2349,1627,99,100,0,500,3872;
@400000005e255dba1b16e785 #d,-,18,3868,2350,1660,588,3,240118,14887,3868,2352,1690,3866,2349,1627,99,100,0,500,3903;
@400000005e255dba1b222ae5 #d,-,18,3866,2352,1655,589,3,240176,14890,3868,2352,1663,3866,2349,1628,99,100,0,500,3874;
@400000005e255dbc1b2e5808 #d,-,18,3864,2350,1633,590,3,240232,14894,3866,2352,1662,3864,2349,1630,99,100,0,500,3876;
@400000005e255dbc1b38eb62 #d,-,18,3863,2350,1642,591,3,240328,14900,3864,2350,1673,3863,2349,1632,99,100,0,500,3883;
@400000005e255dbe1b49ea86 #d,-,18,3864,2352,1685,592,3,240351,14901,3864,2353,1685,3863,2349,1637,99,100,0,500,3888;
@400000005e255dbe1b54a056 #d,-,18,3868,2351,1660,593,3,240411,14905,3868,2352,1690,3864,2350,1631,98,100,0,500,3919;
@400000005e255dc01b627805 #d,-,18,3868,2351,1635,594,3,240468,14909,3868,2353,1666,3868,2351,1635,99,100,0,500,3888;
@400000005e255dc01b6d2dd5 #d,-,18,3867,2350,1648,595,3,240526,14912,3868,2351,1673,3867,2347,1635,99,100,0,500,3888;
@400000005e255dc21b7e21cc #d,-,18,3868,2348,1667,596,3,240585,14916,3868,2350,1670,3867,2348,1638,99,100,0,500,3892;
@400000005e255dc21b8931f3 #d,-,18,3870,2348,1676,597,3,240645,14920,3870,2350,1682,3868,2348,1645,99,100,0,500,3901;
@400000005e255dc41b962663 #d,-,18,3874,2347,1645,598,3,240742,14926,3874,2350,1697,3870,2347,1639,98,100,0,500,3931;
@400000005e255dc41ba0a541 #d,-,18,3873,2349,1650,599,3,240763,14927,3874,2350,1674,3873,2347,1641,99,100,0,500,3896;
@400000005e255dc61baee9e7 #d,-,18,3875,2349,1670,600,3,240823,14931,3875,2350,1679,3873,2347,1642,99,100,0,500,3904;
@400000005e255dc61bba289e #d,-,18,3877,2348,1672,602,3,240882,14934,3877,2350,1678,3875,2348,1644,99,100,0,500,3906;
@400000005e255dc81bcaee04 #d,-,18,3878,2349,1652,603,3,240940,14938,3878,2349,1677,3877,2347,1646,99,100,0,500,3912;
@400000005e255dc81bd5b3aa #d,-,18,3883,2348,1651,604,3,241003,14942,3883,2349,1719,3878,2347,1643,98,100,0,500,3942;
@400000005e255dca1be6af13 #d,-,18,3884,2346,1678,605,3,241062,14945,3884,2348,1681,3883,2346,1651,99,100,0,500,3913;
@400000005e255dca1bf1b40d #d,-,18,3886,2347,1678,606,3,241121,14949,3886,2348,1683,3884,2346,1650,99,100,0,500,3919;
@400000005e255dcc1bff8ace #d,-,18,3887,2345,1653,607,3,241217,14955,3887,2348,1682,3886,2345,1650,99,100,0,500,3922;
@400000005e255dcc1c0a15c7 #d,-,18,3889,2348,1655,608,3,241277,14959,3889,2348,1696,3887,2345,1648,99,100,0,500,3924;
@400000005e255dce1c1aabad #d,-,18,3893,2348,1672,609,3,241302,14960,3893,2348,1702,3889,2346,1647,98,100,0,500,3936;
@400000005e255dce1c25bbd4 #d,-,18,3895,2345,1682,610,3,241361,14964,3895,2348,1685,3893,2345,1653,99,100,0,500,3931;
@400000005e255dd01c36618f #d,-,18,3895,2344,1661,611,3,241419,14968,3895,2346,1686,3895,2344,1655,99,100,0,500,3926;
@400000005e255dd01c412735 #d,-,18,3896,2345,1661,612,3,241478,14971,3896,2346,1689,3895,2343,1656,99,100,0,500,3924;
@400000005e255dd21c523274 #d,-,18,3896,2344,1679,613,3,241537,14975,3896,2345,1688,3896,2342,1657,99,100,0,500,3920;
@400000005e255dd21c5d1b7d #d,-,18,3900,2343,1680,614,3,241600,14979,3900,2344,1722,3896,2342,1670,98,100,0,500,3940;
@400000005e255dd41c6df82b #d,-,18,3903,2343,1666,615,3,241658,14982,3903,2344,1691,3900,2342,1658,98,100,0,500,3951;
@400000005e255dd41c78a688 #d,-,18,3903,2344,1662,617,3,241716,14986,3903,2344,1691,3903,2342,1659,99,100,0,500,3928;
@400000005e255dd61c8a8ca4 #d,-,18,3903,2344,1681,618,3,241775,14990,3903,2345,1691,3903,2342,1660,99,100,0,500,3926;
@400000005e255dd61c944c95 #d,-,18,3904,2342,1685,619,3,241834,14993,3904,2344,1689,3903,2342,1661,99,100,0,500,3929;
@400000005e255dd81ca3d19b #d,-,18,3908,2343,1665,620,3,241897,14997,3908,2344,1724,3904,2341,1665,98,100,0,500,3949;
@400000005e255dd81cae8b25 #d,-,18,3909,2343,1672,621,3,241955,15001,3909,2345,1692,3908,2343,1656,98,100,0,500,3956;
@400000005e255dda1cbfb255 #d,-,18,3911,2344,1687,622,3,242014,15004,3911,2345,1693,3909,2343,1664,99,100,0,500,3940;
@400000005e255dda1ccaba1a #d,-,18,3912,2344,1688,623,3,242073,15008,3912,2345,1693,3911,2343,1664,99,100,0,500,3940;
@400000005e255ddc1cdb8aac #d,-,18,3913,2344,1668,624,3,242131,15012,3913,2346,1693,3912,2344,1664,99,100,0,500,3945;
@400000005e255ddc1ce658b4 #d,-,18,3914,2345,1677,625,3,242193,15016,3914,2346,1719,3913,2344,1664,99,100,0,500,3942;
@400000005e255dde1cf7a9cc #d,-,18,3917,2344,1688,626,3,242288,15021,3917,2345,1691,3914,2343,1664,98,100,0,500,3965;
@400000005e255dde1d02c60e #d,-,18,3918,2344,1688,627,3,242346,15025,3918,2346,1693,3917,2343,1664,99,100,0,500,3942;
@400000005e255de01d13d8c1 #d,-,18,3918,2344,1668,629,3,242367,15026,3918,2345,1692,3918,2343,1665,99,100,0,500,3945;
@400000005e255de01d1e5c46 #d,-,18,3918,2343,1675,630,3,242425,15030,3918,2345,1692,3918,2343,1665,99,100,0,500,3940;
@400000005e255de21d2fa5eb #d,-,18,3919,2342,1710,631,3,242487,15034,3919,2343,1710,3918,2342,1667,99,100,0,500,3942;
@400000005e255de21d3a7f20 #d,-,18,3922,2344,1685,632,3,242544,15037,3922,2344,1710,3919,2341,1659,98,100,0,500,3970;
@400000005e255de41d4b1d68 #d,-,18,3924,2342,1667,633,3,242602,15041,3924,2345,1705,3922,2341,1667,99,100,0,500,3954;
@400000005e255de41d568b9f #d,-,18,3923,2343,1682,634,3,242661,15044,3924,2344,1699,3923,2341,1666,99,100,0,500,3949;
@400000005e255de61d67e42b #d,-,18,3925,2344,1695,635,3,242719,15048,3925,2345,1695,3923,2343,1670,99,100,0,500,3952;
@400000005e255de61d72c207 #d,-,18,3926,2343,1715,636,3,242816,15054,3926,2346,1727,3925,2343,1671,99,100,0,500,3954;
@400000005e255de81d84131f #d,-,18,3929,2345,1672,637,3,242837,15055,3929,2345,1715,3926,2341,1667,98,100,0,500,3981;
@400000005e255de81d8f0844 #d,-,18,3929,2347,1610,638,3,242890,15059,3929,2347,1697,3929,2344,1596,99,100,0,500,3947;
@400000005e255dea1da0affa #d,-,18,3773,2344,1605,639,3,242923,15061,3929,2347,1625,3773,2344,1557,98,100,0,500,3817;
@400000005e255dea1daba7ea #d,-,18,3711,2344,1601,640,3,242958,15063,3773,2346,1605,3711,2344,1576,99,100,0,500,3730;
@400000005e255dec1dbd1139 #d,-,18,3711,2344,1616,641,3,242995,15065,3711,2346,1629,3711,2342,1579,99,100,0,500,3744;
@400000005e255dec1dc7f689 #d,-,18,3715,2345,1579,642,3,243030,15067,3715,2346,1619,3711,2342,1572,98,100,0,500,3769;
@400000005e255dee1dd8a3b7 #d,-,18,3715,2346,1596,643,3,243064,15070,3715,2346,1605,3715,2343,1578,99,100,0,500,3735;
@400000005e255dee1de37932 #d,-,18,3716,2346,1603,645,3,243099,15072,3716,2347,1607,3715,2343,1578,99,100,0,500,3741;
@400000005e255df01df1f022 #d,-,18,3716,2346,1602,646,4,243134,15074,3716,2347,1606,3716,2345,1576,99,100,0,500,3748;
@400000005e255df01dfb853d #d,-,18,3716,2345,1725,647,4,243207,15078,3716,2348,1725,3716,2345,1535,99,100,0,500,3742;
@400000005e255df21e0a27f3 #d,-,18,3722,2347,1607,648,4,243207,15078,3722,2349,1725,3716,2345,1564,98,100,0,500,3794;
@400000005e255df21e130d08 #d,-,18,3721,2349,1585,649,4,243240,15080,3722,2349,1607,3721,2346,1576,99,100,0,500,3734;
@400000005e255df41e20a1a9 #d,-,18,3720,2348,1578,650,4,243274,15083,3721,2350,1602,3720,2347,1577,99,100,0,500,3741;
@400000005e255df41e299a4d #d,-,18,3720,2350,1595,651,4,243308,15085,3720,2350,1602,3720,2347,1577,99,100,0,500,3739;
@400000005e255df61e38966b #d,-,18,3720,2350,1614,652,4,243343,15087,3720,2350,1614,3720,2347,1577,99,100,0,500,3742;
@400000005e255df61e4227cc #d,-,18,3723,2348,1597,653,4,243379,15089,3723,2350,1621,3720,2346,1570,98,100,0,500,3773;
@400000005e255df81e50543b #d,-,18,3722,2346,1588,654,4,243412,15091,3723,2348,1603,3722,2346,1577,99,100,0,500,3741;
@400000005e255df81e598c33 #d,-,18,3721,2346,1580,655,4,243445,15093,3722,2348,1603,3721,2345,1579,99,100,0,500,3742;
@400000005e255dfa1e6858d2 #d,-,18,3721,2345,1595,656,4,243514,15097,3721,2348,1603,3721,2345,1579,99,100,0,500,3741;
@400000005e255dfa1e72150a #d,-,18,3721,2347,1605,657,4,243513,15097,3721,2348,1605,3721,2345,1579,99,100,0,500,3744;
@400000005e255dfc1e80b318 #d,-,18,3725,2347,1599,658,4,243549,15100,3725,2348,1628,3721,2346,1574,98,100,0,500,3769;
@400000005e255dfc1e899474 #d,-,18,3724,2348,1589,659,4,243582,15102,3725,2348,1602,3724,2346,1578,99,100,0,500,3746;
@400000005e255dfe1e9763c1 #d,-,18,3723,2346,1579,660,4,243615,15104,3724,2348,1603,3723,2346,1578,99,100,0,500,3742;
@400000005e255dfe1e9fef6e #d,-,18,3721,2346,1593,661,4,243683,15108,3723,2346,1605,3721,2344,1579,99,100,0,500,3741;
@400000005e255e001eaf02d5 #d,-,18,3722,2347,1601,662,4,243716,15110,3722,2348,1604,3721,2344,1577,99,100,0,500,3744;
@400000005e255e001eb85989 #d,-,18,3724,2347,1597,663,4,243717,15110,3724,2347,1632,3722,2344,1581,99,100,0,500,3760;
@400000005e255e021ec64ff4 #d,-,18,3724,2347,1594,664,4,243750,15112,3724,2347,1604,3724,2345,1577,99,100,0,500,3751;
@400000005e255e021ecf9e46 #d,-,18,3723,2346,1578,665,4,243782,15114,3724,2348,1602,3723,2345,1578,99,100,0,500,3742;
@400000005e255e041edeb567 #d,-,18,3722,2345,1590,666,4,243849,15118,3723,2348,1603,3722,2345,1578,99,100,0,500,3741;
@400000005e255e041ee8280c #d,-,18,3722,2345,1602,667,4,243882,15120,3722,2347,1604,3722,2345,1578,99,100,0,500,3741;
@400000005e255e061ef73310 #d,-,18,3724,2346,1597,668,4,243883,15120,3724,2347,1632,3722,2345,1590,99,100,0,500,3757;
@400000005e255e061f00e41b #d,-,18,3724,2347,1592,669,4,243915,15122,3724,2348,1606,3724,2346,1576,99,100,0,500,3758;
@400000005e255e081f0ed998 #d,-,18,3723,2348,1577,670,4,243947,15124,3724,2349,1602,3723,2347,1577,99,100,0,500,3744;
@400000005e255e081f1778d4 #d,-,18,3722,2349,1586,671,4,243979,15126,3723,2349,1602,3722,2347,1576,99,100,0,500,3741;
@400000005e255e0a1f25f46c #d,-,18,3722,2349,1599,672,4,244011,15128,3722,2350,1602,3722,2348,1576,99,100,0,500,3741;
@400000005e255e0a1f2fc7ed #d,-,18,3723,2349,1599,673,4,244046,15130,3723,2349,1629,3722,2346,1579,99,100,0,500,3748;
Lost connection at /opt/powertools/bin/wattsup1 line 220.
	main::failure('Lost connection') called at /opt/powertools/bin/wattsup1 line 271
	main::recv_msg() called at /opt/powertools/bin/wattsup1 line 504
