@400000005e6f2f3c118ab122 #v,-,8,1,65178,5,2,4,57,200810261703,0;
@400000005e6f2f3c3b88a938 #h,-,18,W,V,A,WH,Cost,WH/Mo,Cost/Mo,Wmax,Vmax,Amax,Wmin,Vmin,Amin,PF,DC,PC,Hz,VA;
@400000005e6f2f3d0602c182 #f,-,48,133,436,1,4803,0,0,65535,0,150,1177,177,10481,276,203,3340,13,121719,86,50084,105837,25,2629,11458,0,64,1,4686,0,0,65535,0,150,1030,182,11055,266,212,3240,13,121394,92,49362,104176,24,2613,13005,0,71;
@400000005e6f2f3f0619acd7 #d,-,18,2689,2394,1172,1,0,188768,11703,2689,2394,1175,2681,2391,1143,98,100,0,500,2741;
@400000005e6f2f41062b548c #d,-,18,2694,2394,1143,1,0,190573,11815,2694,2394,1172,2689,2392,1136,97,100,0,500,2771;
@400000005e6f2f410635b868 #d,-,18,2696,2392,1144,2,0,191457,11870,2696,2394,1144,2694,2391,1142,98,100,0,500,2742;
@400000005e6f2f4306461c03 #d,-,18,2697,2394,1144,3,0,191994,11903,2697,2395,1144,2696,2391,1142,98,100,0,500,2744;
@400000005e6f2f4306509bcf #d,-,18,2698,2395,1143,4,0,192309,11923,2698,2395,1145,2697,2393,1142,98,100,0,500,2744;
@400000005e6f2f4506608a12 #d,-,18,2699,2395,1173,4,0,192802,11953,2699,2395,1173,2698,2393,1142,98,100,0,500,2741;
@400000005e6f2f45066aa726 #d,-,18,2704,2394,1145,5,0,195509,12121,2704,2395,1173,2699,2393,1136,97,100,0,500,2773;
@400000005e6f2f47067aec06 #d,-,18,2704,2394,1144,6,0,193108,11972,2704,2394,1145,2704,2392,1142,98,100,0,500,2741;
@400000005e6f2f47068518ef #d,-,18,2704,2395,1143,7,0,193192,11977,2704,2395,1144,2704,2392,1142,98,100,0,500,2744;
@400000005e6f2f490694c06a #d,-,18,2704,2394,1143,7,0,193260,11982,2704,2395,1144,2704,2393,1142,98,100,0,500,2742;
@400000005e6f2f49069f8ab7 #d,-,18,2705,2394,1171,8,0,193418,11991,2705,2394,1171,2704,2392,1142,98,100,0,500,2742;
@400000005e6f2f4b06b08621 #d,-,18,2708,2394,1162,9,0,193627,12004,2708,2394,1173,2705,2390,1141,97,100,0,500,2771;
@400000005e6f2f4b06bae643 #d,-,18,2714,2394,1185,10,0,194096,12033,2714,2394,1194,2708,2391,1157,97,100,0,500,2780;
@400000005e6f2f4d06cb8845 #d,-,18,2814,2393,1186,10,0,194582,12064,2814,2394,1188,2714,2391,1183,98,100,0,500,2847;
@400000005e6f2f4d06d5adba #d,-,18,2813,2392,1187,11,0,195007,12090,2814,2393,1188,2813,2390,1184,98,100,0,500,2844;
@400000005e6f2f4f06e643a1 #d,-,18,2812,2392,1206,12,0,195414,12115,2813,2393,1206,2812,2390,1184,98,100,0,500,2842;
@400000005e6f2f4f06f09122 #d,-,18,2815,2389,1173,13,0,196838,12203,2815,2392,1216,2812,2389,1150,98,100,0,500,2872;
@400000005e6f2f5106ff9c27 #d,-,18,2812,2391,1177,14,0,195999,12151,2815,2393,1194,2812,2389,1173,99,100,0,500,2822;
@400000005e6f2f51070a2bc8 #d,-,18,2740,2392,1138,14,0,195856,12143,2812,2392,1177,2740,2388,1128,98,100,0,500,2789;
@400000005e6f2f53071abdf5 #d,-,18,2689,2392,1133,15,0,195680,12132,2740,2394,1138,2689,2391,1132,98,100,0,500,2724;
@400000005e6f2f5307253cd2 #d,-,18,2689,2391,1160,16,0,195654,12130,2689,2393,1160,2689,2391,1133,98,100,0,500,2726;
@400000005e6f2f550735c3d2 #d,-,18,2791,2388,1179,17,0,196774,12200,2791,2393,1213,2689,2387,1160,99,100,0,500,2819;
@400000005e6f2f5507400449 #d,-,18,2789,2391,1177,17,0,196074,12156,2791,2394,1181,2789,2388,1173,98,100,0,500,2819;
@400000005e6f2f570750b267 #d,-,18,2789,2392,1175,18,0,196223,12165,2789,2393,1178,2789,2391,1175,98,100,0,500,2821;
@400000005e6f2f57075b4119 #d,-,18,2788,2392,1174,19,0,196344,12173,2789,2394,1176,2788,2391,1170,98,100,0,500,2821;
@400000005e6f2f59076aaed6 #d,-,18,2785,2392,1189,20,0,196415,12177,2788,2394,1190,2785,2391,1136,99,100,0,500,2808;
@400000005e6f2f59077539cf #d,-,18,2789,2393,1140,21,0,197277,12231,2789,2393,1206,2785,2390,1140,98,100,0,500,2835;
@400000005e6f2f5b0785c489 #d,-,18,2710,2393,1135,21,0,196416,12177,2789,2394,1140,2710,2391,1126,98,100,0,500,2764;
@400000005e6f2f5b07902c1e #d,-,18,2707,2392,1152,22,0,196300,12170,2710,2394,1152,2707,2390,1135,99,100,0,500,2724;
@400000005e6f2f5d07a0ecdb #d,-,18,2713,2392,1177,23,0,196427,12178,2713,2393,1188,2707,2390,1152,97,100,0,500,2778;
@400000005e6f2f5d07ab0724 #d,-,18,2786,2391,1176,24,0,196535,12185,2786,2392,1179,2713,2390,1176,98,100,0,500,2822;
@400000005e6f2f5f07bbf761 #d,-,18,2789,2391,1169,24,0,196690,12194,2789,2392,1207,2786,2390,1168,98,100,0,500,2840;
@400000005e6f2f5f07c67285 #d,-,18,2788,2391,1177,25,0,196775,12200,2789,2393,1177,2788,2390,1169,98,100,0,500,2829;
@400000005e6f2f6107d6683b #d,-,18,2788,2391,1170,26,0,196855,12205,2788,2393,1178,2788,2390,1170,98,100,0,500,2819;
@400000005e6f2f6107e17862 #d,-,18,2786,2390,1178,27,0,196916,12208,2788,2392,1186,2786,2390,1148,99,100,0,500,2806;
@400000005e6f2f6307f1e371 #d,-,18,2785,2391,1149,27,0,196879,12206,2786,2392,1178,2785,2389,1128,98,100,0,500,2822;
@400000005e6f2f6307fc5368 #d,-,18,2719,2390,1134,28,0,197377,12237,2785,2391,1171,2719,2389,1134,98,100,0,500,2751;
@400000005e6f2f65080cca92 #d,-,18,2717,2390,1177,29,0,197325,12234,2719,2390,1177,2717,2385,1133,98,100,0,500,2746;
@400000005e6f2f65081736d0 #d,-,18,2723,2390,1172,30,0,196861,12205,2723,2390,1177,2717,2388,1170,97,100,0,500,2796;
@400000005e6f2f670827a952 #d,-,18,2728,2389,1171,30,0,196900,12207,2728,2390,1172,2723,2388,1169,97,100,0,500,2803;
@400000005e6f2f670831d729 #d,-,18,2733,2389,1169,31,0,196935,12210,2733,2391,1171,2728,2388,1169,97,100,0,500,2803;
@400000005e6f2f6908420b45 #d,-,18,2739,2389,1175,32,0,197037,12216,2739,2391,1207,2733,2387,1169,97,100,0,500,2810;
@400000005e6f2f69084ce0c0 #d,-,18,2803,2387,1169,33,0,197102,12220,2803,2390,1198,2739,2387,1167,98,100,0,500,2840;
@400000005e6f2f6b085d4bcf #d,-,18,2802,2389,1180,33,0,197172,12224,2803,2390,1187,2802,2387,1169,98,100,0,500,2833;
@400000005e6f2f6b0867df2a #d,-,18,2746,2387,1143,34,0,197098,12220,2802,2391,1180,2746,2387,1130,98,100,0,500,2794;
@400000005e6f2f6d087851ac #d,-,18,2695,2389,1139,35,0,197008,12214,2746,2392,1143,2695,2387,1137,98,100,0,500,2728;
@400000005e6f2f6d0882b676 #d,-,18,2694,2390,1023,36,0,196866,12205,2695,2391,1166,2694,2389,1023,98,100,0,500,2728;
@400000005e6f2f6f08923e47 #d,-,18,2577,2390,1131,36,0,197088,12219,2694,2392,1173,2577,2390,979,98,100,0,500,2614;
@400000005e6f2f6f089c5c49 #d,-,18,2702,2387,1168,37,0,196674,12193,2702,2392,1180,2577,2387,1131,98,100,0,500,2742;
@400000005e6f2f7108ac0c26 #d,-,18,2706,2391,1143,38,0,196610,12189,2706,2392,1168,2702,2387,1139,97,100,0,500,2778;
@400000005e6f2f7108b7005c #d,-,18,2707,2390,1146,39,0,196575,12187,2707,2392,1154,2706,2389,1143,98,100,0,500,2744;
@400000005e6f2f7308c6cfe4 #d,-,18,2707,2390,1174,40,0,196578,12187,2707,2392,1177,2707,2390,1145,98,100,0,500,2749;
@400000005e6f2f7308d123ea #d,-,18,2712,2390,1148,40,0,196537,12185,2712,2392,1174,2707,2388,1140,97,100,0,500,2778;
@400000005e6f2f7508e1e0ee #d,-,18,2712,2390,1149,41,0,196501,12183,2712,2392,1150,2712,2390,1145,98,100,0,500,2749;
@400000005e6f2f7508ec29c7 #d,-,18,2712,2389,1148,42,0,196468,12181,2712,2391,1149,2712,2389,1148,98,100,0,500,2753;
@400000005e6f2f7708fccf83 #d,-,18,2713,2390,1148,43,0,196433,12178,2713,2392,1149,2712,2389,1147,98,100,0,500,2751;
@400000005e6f2f7709070d2f #d,-,18,2713,2390,1179,43,0,196433,12178,2713,2390,1179,2713,2388,1147,98,100,0,500,2751;
@400000005e6f2f790916f6ca #d,-,18,2716,2391,1148,44,0,196407,12177,2716,2391,1179,2713,2388,1142,97,100,0,500,2780;
@400000005e6f2f790921e835 #d,-,18,2716,2389,1149,45,0,196378,12175,2716,2391,1149,2716,2388,1148,98,100,0,500,2751;
@400000005e6f2f7b0931af5a #d,-,18,2716,2392,1147,46,0,196349,12173,2716,2392,1149,2716,2388,1146,98,100,0,500,2751;
@400000005e6f2f7b093bfbed #d,-,18,2716,2392,1147,46,0,196322,12171,2716,2392,1149,2716,2390,1147,98,100,0,500,2753;
@400000005e6f2f7d094c7229 #d,-,18,2716,2390,1200,47,0,196322,12171,2716,2392,1200,2716,2390,1146,98,100,0,500,2749;
@400000005e6f2f7d0956a000 #d,-,18,2812,2390,1190,48,0,196430,12178,2812,2392,1227,2716,2389,1181,99,100,0,500,2840;
@400000005e6f2f7f0967322d #d,-,18,2812,2390,1189,49,0,196514,12183,2812,2392,1191,2812,2390,1188,98,100,0,500,2847;
@400000005e6f2f7f09717ec0 #d,-,18,2812,2390,1187,49,0,196890,12207,2812,2392,1189,2812,2390,1187,98,100,0,500,2849;
@400000005e6f2f810981d9fa #d,-,18,2812,2392,1187,50,0,196961,12211,2812,2393,1188,2812,2390,1187,98,100,0,500,2847;
@400000005e6f2f81098c7970 #d,-,18,2812,2392,1190,51,0,196741,12197,2812,2394,1194,2812,2391,1186,98,100,0,500,2846;
@400000005e6f2f83099cfbc8 #d,-,18,2814,2391,1177,52,0,196817,12202,2814,2394,1210,2812,2391,1177,98,100,0,500,2862;
@400000005e6f2f8309a7aa25 #d,-,18,2809,2392,1141,52,0,196794,12201,2814,2394,1178,2809,2391,1131,99,100,0,500,2822;
@400000005e6f2f8509b8214f #d,-,18,2693,2390,1132,53,0,196740,12197,2809,2393,1142,2693,2390,1131,98,100,0,500,2732;
@400000005e6f2f8509c27db7 #d,-,18,2691,2389,1187,54,0,196725,12196,2693,2393,1187,2691,2389,1130,98,100,0,500,2719;
@400000005e6f2f8709d243ee #d,-,18,2785,2390,1185,55,0,196773,12199,2785,2391,1188,2691,2388,1176,99,100,0,500,2813;
@400000005e6f2f8709dc757f #d,-,18,2789,2392,1177,55,0,196834,12203,2789,2392,1206,2785,2390,1169,97,100,0,500,2851;
@400000005e6f2f8909ecbe19 #d,-,18,2788,2392,1174,56,0,196870,12205,2789,2393,1179,2788,2390,1173,98,100,0,500,2817;
@400000005e6f2f8909f75085 #d,-,18,2787,2391,1176,57,0,197166,12224,2788,2393,1177,2787,2391,1174,98,100,0,500,2819;
@400000005e6f2f8b0a07c3f6 #d,-,18,2786,2392,1179,58,0,196926,12209,2787,2393,1179,2786,2387,1152,98,100,0,500,2819;
@400000005e6f2f8b0a12205e #d,-,18,2785,2392,1165,59,0,196963,12211,2786,2393,1185,2785,2390,1165,99,100,0,500,2810;
@400000005e6f2f8d0a21e2db #d,-,18,2781,2391,1133,59,0,196927,12209,2785,2392,1165,2781,2390,1130,99,100,0,500,2796;
@400000005e6f2f8d0a2c093f #d,-,18,2684,2389,1155,60,0,196879,12206,2781,2392,1155,2684,2388,1133,98,100,0,500,2726;
@400000005e6f2f8f0a3cc643 #d,-,18,2753,2388,1179,61,0,197168,12224,2753,2392,1189,2684,2388,1155,99,100,0,500,2780;
@400000005e6f2f8f0a470f1c #d,-,18,2757,2390,1176,62,0,197199,12226,2757,2391,1179,2753,2388,1176,97,100,0,500,2824;
@400000005e6f2f910a570c46 #d,-,18,2760,2389,1186,62,0,196995,12213,2760,2391,1186,2757,2389,1175,97,100,0,500,2819;
@400000005e6f2f910a61abbc #d,-,18,2821,2391,1170,63,0,197054,12217,2821,2391,1211,2760,2386,1169,98,100,0,500,2851;
@400000005e6f2f930a72605e #d,-,18,2816,2391,1174,64,0,197087,12219,2821,2391,1181,2816,2388,1170,99,100,0,500,2829;
@400000005e6f2f930a7ce02a #d,-,18,2811,2391,1181,65,0,197113,12221,2816,2391,1190,2811,2389,1145,100,100,0,500,2811;
@400000005e6f2f950a8d79ca #d,-,18,2808,2392,1137,65,0,197096,12219,2811,2392,1181,2808,2389,1129,99,100,0,500,2831;
@400000005e6f2f950a97d632 #d,-,18,2687,2391,1139,66,0,197051,12217,2808,2392,1141,2687,2390,1137,98,100,0,500,2730;
@400000005e6f2f970aa854d0 #d,-,18,2690,2392,1179,67,0,197079,12218,2690,2392,1212,2687,2389,1138,98,100,0,500,2741;
@400000005e6f2f970ab29636 #d,-,18,2811,2392,1179,68,0,197112,12220,2811,2392,1182,2690,2390,1173,98,100,0,500,2846;
@400000005e6f2f990ac2dde1 #d,-,18,2808,2392,1177,69,0,197361,12236,2811,2392,1180,2808,2390,1176,99,100,0,500,2828;
@400000005e6f2f990acdcaa4 #d,-,18,2806,2392,1178,69,0,197175,12224,2808,2392,1180,2806,2390,1177,99,100,0,500,2824;
@400000005e6f2f9b0ade8c50 #d,-,18,2803,2391,1178,70,0,197203,12226,2806,2392,1179,2803,2390,1176,99,100,0,500,2824;
@400000005e6f2f9b0ae90774 #d,-,18,2803,2392,1182,71,0,197240,12228,2803,2393,1199,2803,2390,1172,99,100,0,500,2826;
@400000005e6f2f9d0af995e7 #d,-,18,2801,2393,1176,72,0,197270,12230,2803,2393,1182,2801,2390,1176,98,100,0,500,2831;
@400000005e6f2f9d0b03f609 #d,-,18,2738,2393,1139,72,0,197431,12240,2801,2393,1176,2738,2391,1129,98,100,0,500,2783;
@400000005e6f2f9f0b14697a #d,-,18,2732,2393,1137,73,0,197382,12237,2738,2393,1139,2732,2390,1136,100,100,0,500,2732;
@400000005e6f2f9f0b1e82d4 #d,-,18,2726,2392,1038,74,0,197029,12215,2732,2394,1139,2726,2391,977,99,100,0,500,2728;
@400000005e6f2fa10b2e5d88 #d,-,18,2573,2390,1161,75,0,197023,12215,2726,2392,1168,2573,2390,1038,98,100,0,500,2611;
@400000005e6f2fa10b393302 #d,-,18,2749,2392,1139,75,0,197008,12214,2749,2393,1169,2573,2390,1138,98,100,0,500,2780;
@400000005e6f2fa30b49ade7 #d,-,18,2696,2392,1148,76,0,197170,12224,2749,2394,1148,2696,2392,1137,98,100,0,500,2739;
@400000005e6f2fa30b5401ed #d,-,18,2697,2392,1143,77,0,197139,12222,2697,2394,1148,2696,2391,1141,98,100,0,500,2746;
@400000005e6f2fa50b63dca1 #d,-,18,2698,2394,1144,78,0,196916,12208,2698,2395,1145,2697,2390,1142,98,100,0,500,2742;
@400000005e6f2fa50b6e3196 #d,-,18,2699,2394,1170,78,0,196908,12208,2699,2394,1175,2698,2392,1142,98,100,0,500,2741;
@400000005e6f2fa70b7f30ba #d,-,18,2703,2393,1143,79,0,196879,12206,2703,2394,1170,2699,2392,1136,97,100,0,500,2771;
@400000005e6f2fa70b89571d #d,-,18,2704,2393,1143,80,0,196852,12204,2704,2395,1145,2703,2392,1142,98,100,0,500,2744;
@400000005e6f2fa90b990e6e #d,-,18,2704,2395,1142,81,0,197009,12214,2704,2395,1144,2704,2393,1141,98,100,0,500,2742;
@400000005e6f2fa90ba3d7cd #d,-,18,2704,2395,1142,81,0,196982,12212,2704,2395,1144,2704,2392,1142,98,100,0,500,2744;
@400000005e6f2fab0bb44695 #d,-,18,2704,2391,1174,82,0,196789,12200,2704,2395,1174,2704,2391,1141,98,100,0,500,2742;
@400000005e6f2fab0bbebeee #d,-,18,2708,2393,1145,83,0,196765,12199,2708,2396,1174,2704,2391,1136,97,100,0,500,2773;
@400000005e6f2fad0bcf5c48 #d,-,18,2708,2394,1142,84,0,196740,12197,2708,2395,1145,2708,2393,1141,98,100,0,500,2742;
@400000005e6f2fad0bd9bc6a #d,-,18,2708,2395,1142,84,0,196715,12196,2708,2395,1144,2708,2393,1140,98,100,0,500,2744;
@400000005e6f2faf0bea8589 #d,-,18,2707,2395,1158,85,0,196694,12195,2708,2396,1158,2707,2391,1141,98,100,0,500,2739;
@400000005e6f2faf0bf4b71a #d,-,18,2767,2396,1213,86,0,196919,12208,2767,2396,1213,2707,2393,1158,99,100,0,500,2792;
@400000005e6f2fb10c04b08a #d,-,18,2838,2396,1185,87,0,196792,12201,2838,2396,1216,2767,2393,1178,98,100,0,500,2874;
@400000005e6f2fb10c0fb0db #d,-,18,2834,2396,1184,87,0,196831,12203,2838,2396,1185,2834,2394,1183,99,100,0,500,2840;
@400000005e6f2fb30c2010be #d,-,18,2830,2395,1184,88,0,196867,12205,2834,2396,1185,2830,2393,1181,99,100,0,500,2842;
@400000005e6f2fb30c2aab8c #d,-,18,2827,2394,1172,89,0,196899,12207,2830,2396,1184,2827,2392,1172,99,100,0,500,2838;
@400000005e6f2fb50c3b2de3 #d,-,18,2824,2394,1201,90,0,196941,12210,2827,2395,1201,2824,2392,1171,99,100,0,500,2835;
@400000005e6f2fb50c461333 #d,-,18,2822,2394,1141,90,0,196934,12209,2824,2395,1208,2822,2392,1124,98,100,0,500,2854;
@400000005e6f2fb70c5676cf #d,-,18,2690,2394,1132,91,0,196901,12207,2822,2395,1142,2690,2392,1132,98,100,0,500,2726;
@400000005e6f2fb70c60a771 #d,-,18,2689,2392,1180,92,0,196898,12207,2690,2395,1181,2689,2392,1130,98,100,0,500,2723;
@400000005e6f2fb90c71691d #d,-,18,2792,2392,1174,93,0,196923,12209,2792,2395,1181,2689,2392,1173,98,100,0,500,2822;
@400000005e6f2fb90c7ba994 #d,-,18,2790,2394,1184,93,0,197105,12220,2792,2394,1184,2790,2392,1172,99,100,0,500,2817;
@400000005e6f2fbb0c8c1d05 #d,-,18,2794,2394,1173,94,0,197140,12222,2794,2394,1207,2790,2391,1168,97,100,0,500,2853;
@400000005e6f2fbb0c96abb8 #d,-,18,2792,2393,1174,95,0,197003,12214,2794,2394,1177,2792,2392,1173,99,100,0,500,2815;
@400000005e6f2fbd0ca7269c #d,-,18,2791,2395,1183,96,0,197020,12215,2792,2395,1183,2791,2393,1157,99,100,0,500,2819;
@400000005e6f2fbd0cb1b9f7 #d,-,18,2790,2395,1141,97,0,197034,12216,2791,2395,1183,2790,2392,1141,99,100,0,500,2817;
@400000005e6f2fbf0cc2486a #d,-,18,2714,2393,1135,97,0,196997,12213,2790,2395,1141,2714,2392,1126,98,100,0,500,2760;
@400000005e6f2fbf0cccc748 #d,-,18,2714,2392,1165,98,0,196986,12213,2714,2394,1166,2714,2392,1129,98,100,0,500,2749;
@400000005e6f2fc10cdd88f4 #d,-,18,2720,2391,1177,99,0,197013,12214,2720,2394,1190,2714,2391,1165,97,100,0,500,2790;
@400000005e6f2fc10ce7c5b1 #d,-,18,2789,2393,1175,100,0,197035,12216,2789,2394,1179,2720,2389,1175,98,100,0,500,2822;
@400000005e6f2fc30cf7e285 #d,-,18,2788,2393,1184,100,0,197056,12217,2789,2394,1184,2788,2392,1174,98,100,0,500,2821;
@400000005e6f2fc30d02df1d #d,-,18,2789,2393,1176,101,0,197079,12218,2789,2394,1187,2788,2389,1176,98,100,0,500,2831;
@400000005e6f2fc50d1378bd #d,-,18,2792,2392,1154,102,0,197112,12220,2792,2393,1209,2789,2390,1154,98,100,0,500,2838;
@400000005e6f2fc50d1e1fa7 #d,-,18,2790,2391,1177,103,0,197131,12222,2792,2392,1191,2790,2389,1140,99,100,0,500,2817;
@400000005e6f2fc70d2e9229 #d,-,18,2789,2391,1139,103,0,197117,12221,2790,2392,1179,2789,2390,1128,98,100,0,500,2824;
@400000005e6f2fc70d3973bf #d,-,18,2686,2391,1138,104,0,197230,12228,2789,2392,1140,2686,2390,1136,98,100,0,500,2726;
@400000005e6f2fc90d4a15c1 #d,-,18,2687,2390,1181,105,0,197092,12219,2687,2392,1189,2686,2390,1137,98,100,0,500,2732;
@400000005e6f2fc90d549d00 #d,-,18,2820,2390,1174,106,0,197130,12222,2820,2390,1214,2687,2388,1174,99,100,0,500,2844;
@400000005e6f2fcb0d658122 #d,-,18,2817,2388,1181,107,0,197151,12223,2820,2391,1182,2817,2388,1173,99,100,0,500,2844;
@400000005e6f2fcb0d6fd16f #d,-,18,2814,2391,1177,107,0,197171,12224,2817,2391,1182,2814,2388,1177,99,100,0,500,2828;
@400000005e6f2fcd0d807370 #d,-,18,2811,2392,1178,108,0,197191,12225,2814,2392,1179,2811,2389,1177,99,100,0,500,2822;
@400000005e6f2fcd0d8b7fde #d,-,18,2808,2390,1189,109,0,197199,12226,2811,2392,1189,2808,2388,1143,99,100,0,500,2824;
@400000005e6f2fcf0d9c3928 #d,-,18,2805,2391,1168,110,0,197235,12228,2808,2392,1211,2805,2389,1168,99,100,0,500,2815;
@400000005e6f2fcf0da6b092 #d,-,18,2747,2391,1139,110,0,197201,12226,2805,2391,1168,2747,2389,1126,98,100,0,500,2797;
@400000005e6f2fd10db775f8 #d,-,18,2693,2392,1139,111,0,197172,12224,2747,2392,1140,2693,2389,1137,98,100,0,500,2732;
@400000005e6f2fd10dc1d9d3 #d,-,18,2629,2393,1042,112,0,197033,12216,2693,2393,1139,2629,2390,976,97,100,0,500,2696;
@400000005e6f2fd30dd25c2b #d,-,18,2535,2390,1130,113,0,197002,12214,2629,2393,1158,2535,2390,1042,99,100,0,500,2548;
@400000005e6f2fd30ddca504 #d,-,18,2698,2391,1164,113,0,197015,12214,2698,2392,1206,2535,2390,1130,98,100,0,500,2726;
@400000005e6f2fd50decc592 #d,-,18,2749,2390,1141,114,0,196987,12213,2749,2392,1164,2698,2389,1130,98,100,0,500,2792;
@400000005e6f2fd50df7bab6 #d,-,18,2743,2391,1142,115,0,196968,12212,2749,2392,1149,2743,2389,1141,100,100,0,500,2743;
@400000005e6f2fd70e0819aa #d,-,18,2738,2391,1144,116,0,196947,12210,2743,2391,1146,2738,2388,1142,99,100,0,500,2742;
@400000005e6f2fd70e12ad05 #d,-,18,2734,2390,1145,116,0,196929,12209,2738,2391,1146,2734,2389,1143,99,100,0,500,2742;
@400000005e6f2fd90e233f31 #d,-,18,2731,2389,1171,117,0,196924,12209,2734,2393,1176,2731,2389,1143,99,100,0,500,2742;
@400000005e6f2fd90e2e1866 #d,-,18,2731,2391,1144,118,0,196905,12208,2731,2391,1171,2731,2389,1139,98,100,0,500,2773;
@400000005e6f2fdb0e3eaf3a #d,-,18,2728,2389,1149,118,0,196887,12207,2731,2391,1149,2728,2389,1144,99,100,0,500,2742;
@400000005e6f2fdb0e48ebf8 #d,-,18,2726,2388,1150,119,0,196874,12206,2728,2391,1150,2726,2388,1147,99,100,0,500,2749;
@400000005e6f2fdd0e59acb6 #d,-,18,2725,2390,1143,120,0,196857,12205,2726,2390,1150,2725,2388,1143,98,100,0,500,2753;
@400000005e6f2fdd0e63fdf1 #d,-,18,2722,2388,1174,121,0,196848,12204,2725,2391,1174,2722,2388,1141,99,100,0,500,2741;
@400000005e6f2fdf0e749f04 #d,-,18,2723,2391,1143,121,0,196829,12203,2723,2391,1174,2722,2388,1133,98,100,0,500,2765;
@400000005e6f2fdf0e7f12b5 #d,-,18,2720,2389,1142,122,0,196931,12209,2723,2391,1146,2720,2388,1140,99,100,0,500,2735;
@400000005e6f2fe10e8fe7ef #d,-,18,2718,2389,1144,123,0,196791,12201,2720,2391,1145,2718,2389,1142,99,100,0,500,2742;
@400000005e6f2fe10e9a5f5a #d,-,18,2718,2388,1192,124,0,196804,12201,2718,2390,1194,2718,2388,1144,98,100,0,500,2751;
@400000005e6f2fe30eaafda2 #d,-,18,2814,2389,1217,125,0,196840,12204,2814,2390,1217,2718,2387,1186,98,100,0,500,2844;
@400000005e6f2fe30eb56d99 #d,-,18,2817,2389,1187,125,0,196871,12206,2817,2390,1219,2814,2388,1178,98,100,0,500,2874;
@400000005e6f2fe50ec56ac2 #d,-,18,2815,2388,1186,126,0,196897,12207,2817,2390,1188,2815,2388,1185,99,100,0,500,2840;
@400000005e6f2fe50ecfcf8c #d,-,18,2814,2390,1186,127,0,196922,12209,2815,2391,1186,2814,2388,1183,99,100,0,500,2840;
@400000005e6f2fe70ee003a9 #d,-,18,2812,2388,1190,128,0,197064,12217,2814,2390,1192,2812,2388,1173,99,100,0,500,2835;
@400000005e6f2fe70eeae450 #d,-,18,2812,2391,1149,128,0,197073,12218,2812,2392,1190,2812,2388,1144,98,100,0,500,2844;
@400000005e6f2fe90efbb98b #d,-,18,2732,2390,1135,129,0,196939,12210,2812,2391,1166,2732,2387,1130,98,100,0,500,2780;
@400000005e6f2fe90f06642e #d,-,18,2726,2389,1148,130,0,196917,12208,2732,2391,1148,2726,2389,1134,100,100,0,500,2726;
@400000005e6f2feb0f1734c1 #d,-,18,2724,2391,1185,131,0,196917,12208,2726,2391,1185,2724,2389,1148,99,100,0,500,2742;
@400000005e6f2feb0f21d702 #d,-,18,2785,2387,1181,132,0,196935,12209,2785,2391,1186,2724,2387,1176,98,100,0,500,2815;
@400000005e6f2fed0f32d26c #d,-,18,2785,2391,1188,132,0,196953,12211,2785,2392,1188,2785,2387,1176,98,100,0,500,2822;
@400000005e6f2fed0f3d1019 #d,-,18,2789,2390,1176,133,0,196979,12212,2789,2391,1209,2785,2389,1169,97,100,0,500,2853;
@400000005e6f2fef0f4dd849 #d,-,18,2788,2391,1159,134,0,197103,12220,2789,2392,1179,2788,2390,1159,98,100,0,500,2819;
@400000005e6f2fef0f5830f8 #d,-,18,2786,2390,1176,135,0,197116,12221,2788,2392,1188,2786,2389,1142,99,100,0,500,2803;
@400000005e6f2ff10f68f65e #d,-,18,2785,2392,1136,135,0,196993,12213,2786,2392,1178,2785,2389,1127,98,100,0,500,2822;
@400000005e6f2ff10f737181 #d,-,18,2681,2390,1136,136,0,196969,12212,2785,2392,1138,2681,2390,1135,98,100,0,500,2721;
@400000005e6f2ff30f8403ae #d,-,18,2685,2392,1150,137,0,196964,12211,2685,2392,1169,2681,2390,1136,97,100,0,500,2749;
@400000005e6f2ff30f8eae51 #d,-,18,2738,2392,1177,138,0,196975,12212,2738,2392,1184,2685,2390,1150,98,100,0,500,2773;
@400000005e6f2ff50f9f57c6 #d,-,18,2794,2391,1181,138,0,196995,12213,2794,2392,1187,2738,2390,1177,98,100,0,500,2828;
@400000005e6f2ff50fa9e768 #d,-,18,2794,2392,1177,139,0,197011,12214,2794,2393,1181,2794,2390,1176,98,100,0,500,2831;
@400000005e6f2ff70fbb1162 #d,-,18,2793,2391,1179,140,0,197027,12215,2794,2392,1180,2793,2390,1175,98,100,0,500,2824;
@400000005e6f2ff70fc54f0f #d,-,18,2796,2393,1157,141,0,197152,12223,2796,2393,1209,2793,2390,1139,98,100,0,500,2846;
@400000005e6f2ff90fd57f71 #d,-,18,2794,2391,1179,141,0,197065,12218,2796,2393,1190,2794,2390,1157,99,100,0,500,2821;
@400000005e6f2ff90fe058a6 #d,-,18,2788,2392,1138,142,0,197150,12223,2794,2393,1179,2788,2390,1128,99,100,0,500,2792;
@400000005e6f2ffb0ff0d38a #d,-,18,2692,2391,1137,143,0,197024,12215,2788,2392,1139,2692,2391,1137,98,100,0,500,2728;
@400000005e6f2ffb0ffb75cb #d,-,18,2693,2391,1157,144,0,197015,12214,2693,2393,1157,2692,2390,1137,98,100,0,500,2739;
@400000005e6f2ffd100c465e #d,-,18,2785,2391,1173,144,0,197044,12216,2785,2391,1211,2693,2390,1157,99,100,0,500,2810;
@400000005e6f2ffd1016aee2 #d,-,18,2787,2392,1178,145,0,197061,12217,2787,2393,1181,2785,2391,1173,97,100,0,500,2844;
@400000005e6f2fff102786e8 #d,-,18,2787,2389,1180,146,0,197076,12218,2787,2392,1180,2787,2388,1177,98,100,0,500,2826;
@400000005e6f2fff103212cf #d,-,18,2788,2391,1179,147,0,197091,12219,2788,2392,1180,2787,2387,1176,98,100,0,500,2826;
@400000005e6f30011042c771 #d,-,18,2786,2389,1189,147,0,197098,12220,2788,2392,1189,2786,2389,1143,98,100,0,500,2819;
@400000005e6f3001104d14f3 #d,-,18,2788,2389,1145,148,0,197222,12227,2788,2391,1211,2786,2389,1145,98,100,0,500,2821;
@400000005e6f3003105d4555 #d,-,18,2735,2392,1138,149,0,197097,12220,2788,2392,1145,2735,2386,1121,98,100,0,500,2785;
@400000005e6f300310683d45 #d,-,18,2729,2391,1118,150,0,197173,12224,2735,2392,1140,2729,2390,1118,99,100,0,500,2730;
@400000005e6f30051078cf72 #d,-,18,2499,2393,1000,150,0,196926,12209,2729,2393,1118,2499,2391,975,97,100,0,500,2575;
@400000005e6f3005108347cb #d,-,18,2499,2391,1132,151,0,196893,12207,2499,2393,1154,2499,2390,1000,99,100,0,500,2506;
@400000005e6f30071093f4f9 #d,-,18,2687,2391,1185,152,0,196899,12207,2687,2392,1203,2499,2390,1132,98,100,0,500,2723;
@400000005e6f3007109e64f0 #d,-,18,2762,2393,1137,153,0,196881,12206,2762,2393,1185,2687,2390,1137,98,100,0,500,2801;
@400000005e6f300910ae3389 #d,-,18,2698,2393,1142,153,0,196867,12205,2762,2394,1147,2698,2392,1136,98,100,0,500,2733;
@400000005e6f300910b874ef #d,-,18,2699,2391,1144,154,0,196949,12210,2699,2394,1144,2698,2391,1141,98,100,0,500,2744;
@400000005e6f300b10c85f78 #d,-,18,2699,2394,1144,155,0,196934,12209,2699,2394,1145,2699,2390,1141,98,100,0,500,2744;
@400000005e6f300b10d34020 #d,-,18,2700,2393,1167,156,0,196835,12203,2700,2395,1173,2699,2393,1142,98,100,0,500,2742;
@400000005e6f300d10e3d606 #d,-,18,2704,2394,1142,157,0,196820,12202,2704,2396,1167,2700,2393,1135,97,100,0,500,2771;
@400000005e6f300d10ee598c #d,-,18,2705,2395,1142,157,0,196806,12201,2705,2396,1144,2704,2393,1141,98,100,0,500,2744;
@400000005e6f300f10fe6eec #d,-,18,2705,2395,1142,158,0,196792,12201,2705,2396,1143,2705,2393,1141,98,100,0,500,2741;
@400000005e6f300f11098a40 #d,-,18,2705,2395,1143,159,0,196778,12200,2705,2395,1143,2705,2393,1141,98,100,0,500,2744;
@400000005e6f3011111a0d86 #d,-,18,2705,2394,1173,160,0,196867,12205,2705,2395,1173,2705,2392,1141,98,100,0,500,2741;
@400000005e6f301111245a19 #d,-,18,2708,2394,1141,160,0,196761,12199,2708,2395,1173,2705,2393,1135,97,100,0,500,2769;
@400000005e6f301311339857 #d,-,18,2708,2394,1142,161,1,196746,12198,2708,2395,1142,2708,2393,1140,98,100,0,500,2741;
@400000005e6f3013113e94ef #d,-,18,2707,2394,1144,162,1,196733,12197,2708,2396,1144,2707,2393,1140,98,100,0,500,2741;
@400000005e6f3015114f1eba #d,-,18,2713,2395,1184,163,1,196752,12198,2713,2396,1194,2707,2393,1144,97,100,0,500,2778;
@400000005e6f30151159c1ea #d,-,18,2808,2395,1215,163,1,196779,12200,2808,2396,1215,2713,2393,1183,98,100,0,500,2844;
@400000005e6f3017116a7eee #d,-,18,2811,2394,1184,164,1,196803,12201,2811,2396,1215,2808,2393,1175,97,100,0,500,2872;
@400000005e6f30171174e2c9 #d,-,18,2810,2394,1182,165,1,196912,12208,2811,2396,1185,2810,2393,1181,99,100,0,500,2837;
@400000005e6f30191185a0bc #d,-,18,2809,2394,1183,166,1,196840,12204,2810,2395,1183,2809,2393,1181,98,100,0,500,2838;
@400000005e6f3019118ff4c2 #d,-,18,2806,2396,1178,166,1,196855,12205,2809,2396,1193,2806,2394,1154,99,100,0,500,2822;
@400000005e6f301b119f813b #d,-,18,2805,2395,1161,167,1,196858,12205,2806,2396,1178,2805,2394,1134,98,100,0,500,2837;
@400000005e6f301b11aa62d1 #d,-,18,2731,2396,1129,168,1,196846,12204,2805,2396,1172,2731,2394,1129,98,100,0,500,2774;
@400000005e6f301d11ba5ffb #d,-,18,2672,2391,1156,169,1,196918,12208,2731,2396,1156,2672,2391,1126,98,100,0,500,2712;
@400000005e6f301d11c583b0 #d,-,18,2758,2394,1173,169,1,196843,12204,2758,2396,1185,2672,2391,1156,99,100,0,500,2785;
@400000005e6f301f11d67033 #d,-,18,2761,2395,1177,170,1,196857,12205,2761,2396,1177,2758,2394,1173,97,100,0,500,2821;
@400000005e6f301f11e0e3e4 #d,-,18,2764,2396,1187,171,1,196871,12206,2764,2396,1187,2761,2394,1173,97,100,0,500,2822;
@400000005e6f302111f1a4a2 #d,-,18,2815,2393,1176,172,1,196890,12207,2815,2396,1204,2764,2392,1167,98,100,0,500,2851;
@400000005e6f302111fc2be1 #d,-,18,2810,2394,1176,172,1,196902,12207,2815,2396,1177,2810,2393,1171,99,100,0,500,2817;
@400000005e6f3023120ce8e5 #d,-,18,2807,2395,1175,173,1,197001,12214,2810,2395,1178,2807,2392,1175,99,100,0,500,2822;
@400000005e6f302312173a20 #d,-,18,2737,2395,1136,174,1,196982,12212,2807,2395,1175,2737,2392,1126,98,100,0,500,2783;
@400000005e6f3025122766c9 #d,-,18,2730,2393,1137,175,1,196964,12211,2737,2395,1138,2730,2392,1133,100,100,0,500,2730;
@400000005e6f302512325eb9 #d,-,18,2735,2394,1173,175,1,196899,12207,2735,2394,1218,2730,2391,1137,97,100,0,500,2792;
@400000005e6f302712431bbd #d,-,18,2741,2392,1175,176,1,196912,12208,2741,2394,1178,2735,2392,1173,96,100,0,500,2826;
@400000005e6f3027124db68b #d,-,18,2747,2389,1178,177,1,196924,12209,2747,2393,1178,2741,2386,1173,97,100,0,500,2819;
@400000005e6f3029125e880c #d,-,18,2752,2392,1185,178,1,196937,12210,2752,2393,1185,2747,2389,1176,97,100,0,500,2822;
@400000005e6f302912691305 #d,-,18,2757,2392,1177,179,1,196950,12210,2757,2392,1185,2752,2390,1175,97,100,0,500,2829;
@400000005e6f302b1279c3ee #d,-,18,2760,2391,1178,179,1,196965,12211,2760,2392,1199,2757,2391,1164,98,100,0,500,2815;
@400000005e6f302b12843c46 #d,-,18,2766,2393,1128,180,1,196967,12211,2766,2393,1181,2760,2391,1128,97,100,0,500,2840;
@400000005e6f302d1293a55b #d,-,18,2701,2390,1138,181,1,197032,12216,2766,2393,1141,2701,2389,1128,98,100,0,500,2748;
@400000005e6f302d129e8603 #d,-,18,2700,2391,1192,182,1,197028,12215,2701,2391,1192,2700,2388,1138,98,100,0,500,2730;
@400000005e6f302f12ae3e42 #d,-,18,2786,2392,1180,182,1,196960,12211,2786,2392,1192,2700,2390,1178,98,100,0,500,2815;
@400000005e6f302f12b8c0d9 #d,-,18,2789,2391,1172,183,1,197064,12217,2789,2392,1210,2786,2390,1172,98,100,0,500,2842;
@400000005e6f303112c972b0 #d,-,18,2791,2392,1177,184,1,196995,12213,2791,2393,1179,2789,2390,1172,98,100,0,500,2842;
@400000005e6f303112d3ea1a #d,-,18,2790,2391,1178,185,1,197006,12214,2791,2393,1179,2790,2391,1176,98,100,0,500,2824;
@400000005e6f303312e4ca82 #d,-,18,2790,2392,1156,186,1,197012,12214,2790,2393,1179,2790,2391,1143,98,100,0,500,2826;
@400000005e6f303312ef135b #d,-,18,2788,2391,1179,186,1,197027,12215,2790,2393,1189,2788,2391,1156,99,100,0,500,2812;
@400000005e6f303512ffc178 #d,-,18,2785,2392,1138,187,1,197023,12215,2788,2393,1179,2785,2391,1138,99,100,0,500,2806;
@400000005e6f30351309f6c3 #d,-,18,2707,2393,1136,188,1,197006,12214,2785,2393,1139,2707,2391,1132,98,100,0,500,2748;
@400000005e6f3037131a3e6e #d,-,18,2705,2390,1137,189,1,197068,12218,2707,2393,1139,2705,2390,1136,99,100,0,500,2730;
@400000005e6f303713254279 #d,-,18,2703,2392,1170,189,1,196979,12212,2705,2392,1170,2703,2390,1137,99,100,0,500,2728;
@400000005e6f303913361b6e #d,-,18,2706,2391,1139,190,1,196968,12212,2706,2393,1170,2703,2391,1139,97,100,0,500,2764;
@400000005e6f30391340aa21 #d,-,18,2706,2392,1167,191,1,196968,12212,2706,2392,1183,2706,2391,1139,98,100,0,500,2739;
@400000005e6f303b1351214b #d,-,18,2711,2390,1144,192,1,196956,12211,2711,2393,1167,2706,2390,1142,97,100,0,500,2785;
@400000005e6f303b135b8d88 #d,-,18,2711,2392,1146,192,1,196948,12210,2711,2393,1151,2711,2388,1144,98,100,0,500,2748;
@400000005e6f303d136c4a8c #d,-,18,2711,2390,1148,193,1,196938,12210,2711,2392,1148,2711,2390,1146,98,100,0,500,2753;
@400000005e6f303d13768390 #d,-,18,2712,2391,1147,194,1,196929,12209,2712,2391,1149,2711,2390,1147,98,100,0,500,2751;
@400000005e6f303f1386891c #d,-,18,2712,2390,1174,195,1,196930,12209,2712,2392,1180,2712,2389,1147,98,100,0,500,2753;
@400000005e6f303f139181fa #d,-,18,2716,2390,1147,195,1,196920,12209,2716,2391,1174,2712,2390,1141,97,100,0,500,2781;
@400000005e6f304113a20bc5 #d,-,18,2716,2392,1147,196,1,196911,12208,2716,2392,1150,2716,2389,1146,98,100,0,500,2751;
@400000005e6f304113ac7449 #d,-,18,2716,2389,1148,197,1,196902,12207,2716,2392,1149,2716,2389,1147,98,100,0,500,2753;
@400000005e6f304313bd3506 #d,-,18,2716,2388,1148,198,1,196969,12212,2716,2389,1151,2716,2386,1146,98,100,0,500,2751;
@400000005e6f304313c7916e #d,-,18,2716,2390,1178,198,1,196892,12207,2716,2390,1179,2716,2387,1148,98,100,0,500,2753;
@400000005e6f304513d85a8e #d,-,18,2719,2390,1148,199,1,196883,12206,2719,2390,1178,2716,2390,1139,97,100,0,500,2778;
@400000005e6f304513e2be69 #d,-,18,2718,2388,1175,200,1,196878,12206,2719,2391,1175,2718,2386,1146,98,100,0,500,2749;
@400000005e6f304713f39ed1 #d,-,18,2786,2389,1190,201,1,196899,12207,2786,2390,1198,2718,2388,1175,99,100,0,500,2813;
@400000005e6f304713fdef1e #d,-,18,2789,2391,1188,201,1,196918,12208,2789,2391,1191,2786,2389,1188,97,100,0,500,2853;
@400000005e6f3049140de97c #d,-,18,2793,2389,1219,202,1,196941,12210,2793,2391,1219,2789,2388,1187,98,100,0,500,2849;
@400000005e6f304914193bc3 #d,-,18,2799,2389,1189,203,1,196961,12211,2799,2389,1220,2793,2388,1181,97,100,0,500,2878;
@400000005e6f304b142a2757 #d,-,18,2801,2391,1166,204,1,196975,12212,2801,2391,1190,2799,2389,1165,98,100,0,500,2846;
@400000005e6f304b14349fb0 #d,-,18,2801,2390,1175,204,1,196990,12213,2801,2391,1196,2801,2390,1166,98,100,0,500,2840;
@400000005e6f304d14457b70 #d,-,18,2796,2391,1144,205,1,196982,12212,2801,2391,1177,2796,2389,1137,99,100,0,500,2806;
@400000005e6f304d144ff00f #d,-,18,2698,2392,1154,206,1,196968,12212,2796,2392,1154,2698,2390,1129,98,100,0,500,2735;
@400000005e6f304f1460d430 #d,-,18,2701,2389,1182,207,1,196976,12212,2701,2392,1188,2698,2389,1154,98,100,0,500,2751;
@400000005e6f304f146b10ee #d,-,18,2794,2391,1176,207,1,196985,12213,2794,2391,1182,2701,2389,1174,98,100,0,500,2828;
@400000005e6f3051147b450a #d,-,18,2792,2389,1177,208,1,196995,12213,2794,2391,1178,2792,2389,1176,98,100,0,500,2822;
@400000005e6f305114862a5a #d,-,18,2792,2390,1176,209,1,197077,12218,2792,2391,1178,2792,2388,1176,98,100,0,500,2821;
@400000005e6f305314968594 #d,-,18,2791,2390,1185,210,1,197015,12214,2792,2391,1185,2791,2390,1175,98,100,0,500,2821;
@400000005e6f305314a185e6 #d,-,18,2792,2388,1182,211,1,197028,12215,2792,2390,1204,2791,2388,1157,98,100,0,500,2840;
@400000005e6f305514b289b1 #d,-,18,2790,2389,1144,211,1,197032,12215,2792,2390,1182,2790,2388,1144,99,100,0,500,2812;
@400000005e6f305514bd3455 #d,-,18,2713,2388,1137,212,1,197015,12214,2790,2390,1144,2713,2388,1129,98,100,0,500,2757;
@400000005e6f305714ce012e #d,-,18,2710,2390,1163,213,1,197002,12214,2713,2390,1163,2710,2388,1136,99,100,0,500,2726;
@400000005e6f305714d87c52 #d,-,18,2715,2389,1182,214,1,197012,12214,2715,2390,1182,2710,2389,1163,97,100,0,500,2778;
@400000005e6f305914e92e29 #d,-,18,2820,2387,1176,214,1,197029,12215,2820,2389,1210,2715,2385,1172,98,100,0,500,2851;
@400000005e6f305914f36ae6 #d,-,18,2815,2388,1178,215,1,197038,12216,2820,2389,1179,2815,2387,1176,99,100,0,500,2822;
@400000005e6f305b1502b8f9 #d,-,18,2811,2386,1178,216,1,197048,12216,2815,2389,1179,2811,2386,1175,99,100,0,500,2821;
@400000005e6f305b150de069 #d,-,18,2808,2388,1163,217,1,197056,12217,2811,2388,1180,2808,2384,1163,99,100,0,500,2821;
@400000005e6f305d151e9d6d #d,-,18,2803,2389,1178,217,1,197063,12217,2808,2390,1189,2803,2388,1142,100,100,0,500,2803;
@400000005e6f305d152920f2 #d,-,18,2804,2382,1136,218,1,197132,12222,2804,2389,1208,2803,2381,1128,98,100,0,500,2847;
@400000005e6f305f1539cf0f #d,-,18,2681,2386,1139,219,1,197049,12217,2804,2388,1141,2681,2382,1136,98,100,0,500,2728;
@400000005e6f305f15443f06 #d,-,18,2682,2388,1182,220,1,197050,12217,2682,2389,1191,2681,2386,1136,98,100,0,500,2728;
@400000005e6f30611554dc60 #d,-,18,2798,2387,1180,221,1,197127,12221,2798,2388,1182,2682,2386,1178,98,100,0,500,2828;
@400000005e6f3061155f2cad #d,-,18,2796,2387,1187,221,1,197071,12218,2798,2387,1191,2796,2384,1179,99,100,0,500,2824;
@400000005e6f3063156f5dfe #d,-,18,2799,2387,1171,222,1,197088,12219,2799,2388,1209,2796,2386,1171,98,100,0,500,2849;
@400000005e6f3063157a425f #d,-,18,2799,2388,1180,223,1,197098,12220,2799,2389,1182,2799,2386,1171,98,100,0,500,2835;
@400000005e6f3065158aa5fb #d,-,18,2797,2388,1188,224,1,197103,12220,2799,2389,1188,2797,2388,1143,98,100,0,500,2826;
@400000005e6f306515955458 #d,-,18,2795,2387,1171,224,1,197114,12221,2797,2388,1191,2795,2386,1171,99,100,0,500,2812;
@400000005e6f306715a640db #d,-,18,2732,2388,1141,225,1,197100,12220,2795,2388,1171,2732,2386,1130,98,100,0,500,2778;
@400000005e6f306715b0cf8e #d,-,18,2729,2389,1135,226,1,197093,12219,2732,2390,1171,2729,2388,1135,99,100,0,500,2741;
@400000005e6f306915c1718f #d,-,18,2726,2388,1148,227,1,197081,12219,2729,2389,1149,2726,2387,1133,99,100,0,500,2748;
@400000005e6f306915cc2fc1 #d,-,18,2723,2387,1159,227,1,197072,12218,2726,2388,1160,2723,2386,1140,99,100,0,500,2742;
@400000005e6f306b15dcf7f2 #d,-,18,2723,2389,1156,228,1,197064,12218,2723,2389,1159,2723,2386,1143,98,100,0,500,2755;
@400000005e6f306b15e7545a #d,-,18,2722,2390,1147,229,1,197121,12221,2723,2390,1156,2722,2389,1146,98,100,0,500,2757;
@400000005e6f306d15f6ecef #d,-,18,2722,2387,1152,230,1,197120,12221,2722,2391,1179,2722,2387,1146,98,100,0,500,2753;
@400000005e6f306d160192ea #d,-,18,2724,2388,1149,230,1,197112,12220,2724,2388,1152,2722,2387,1142,98,100,0,500,2776;
@400000005e6f306f16128a9a #d,-,18,2723,2389,1149,231,1,197039,12216,2724,2390,1149,2723,2387,1148,98,100,0,500,2751;
@400000005e6f306f161cef64 #d,-,18,2722,2387,1150,232,1,197096,12219,2723,2389,1150,2722,2387,1148,98,100,0,500,2753;
@400000005e6f3071162d7575 #d,-,18,2721,2388,1149,233,1,197023,12215,2722,2388,1150,2721,2387,1148,98,100,0,500,2751;
@400000005e6f30711637edce #d,-,18,2720,2389,1167,233,1,197023,12215,2721,2389,1179,2720,2387,1148,98,100,0,500,2751;
@400000005e6f307316489eb7 #d,-,18,2723,2388,1148,234,1,197014,12214,2723,2390,1167,2720,2388,1141,98,100,0,500,2778;
@400000005e6f30731652eb4a #d,-,18,2722,2389,1150,235,1,197006,12214,2723,2389,1150,2722,2386,1147,98,100,0,500,2753;
@400000005e6f30751662e1ee #d,-,18,2721,2390,1148,236,1,196998,12213,2722,2391,1150,2721,2389,1146,98,100,0,500,2751;
@400000005e6f3075166df5cf #d,-,18,2720,2389,1146,236,1,196990,12213,2721,2390,1149,2720,2388,1146,98,100,0,500,2751;
@400000005e6f3077167ea6b7 #d,-,18,2719,2387,1177,237,1,196989,12213,2720,2391,1178,2719,2387,1146,98,100,0,500,2749;
@400000005e6f3077168949e7 #d,-,18,2722,2379,1197,238,1,196989,12213,2722,2391,1197,2719,2379,1140,97,100,0,500,2778;
@400000005e6f3079169a507e #d,-,18,2806,2388,1190,239,1,197005,12214,2806,2390,1203,2722,2379,1187,99,100,0,500,2831;
@400000005e6f307916a4d404 #d,-,18,2807,2388,1189,240,1,197021,12215,2807,2390,1191,2806,2388,1189,98,100,0,500,2849;
@400000005e6f307b16b5a496 #d,-,18,2808,2386,1191,240,1,197098,12220,2808,2390,1191,2807,2385,1187,98,100,0,500,2849;
@400000005e6f307b16c01935 #d,-,18,2808,2387,1220,241,1,197055,12217,2808,2387,1220,2808,2386,1188,98,100,0,500,2847;
@400000005e6f307d16d12be8 #d,-,18,2812,2388,1190,242,1,197068,12218,2812,2389,1220,2808,2386,1167,97,100,0,500,2876;
@400000005e6f307d16db787b #d,-,18,2811,2388,1182,243,1,197142,12222,2812,2389,1195,2811,2386,1182,99,100,0,500,2837;
@400000005e6f307f16eb66be #d,-,18,2740,2387,1140,243,1,197067,12218,2811,2388,1182,2740,2387,1130,98,100,0,500,2787;
@400000005e6f307f16f69e02 #d,-,18,2733,2388,1132,244,1,197052,12217,2740,2388,1141,2733,2387,1132,100,100,0,500,2733;
@400000005e6f308117074777 #d,-,18,2729,2388,1212,245,1,197057,12217,2733,2389,1212,2729,2387,1132,99,100,0,500,2732;
@400000005e6f30811711ceb7 #d,-,18,2818,2386,1181,246,1,197068,12218,2818,2388,1213,2729,2386,1170,98,100,0,500,2849;
@400000005e6f30831722e169 #d,-,18,2813,2388,1180,246,1,197077,12218,2818,2388,1181,2813,2386,1177,99,100,0,500,2819;
@400000005e6f3083172d4279 #d,-,18,2810,2389,1176,247,1,197084,12219,2813,2389,1180,2810,2386,1176,99,100,0,500,2822;
@400000005e6f3085173e269b #d,-,18,2807,2387,1176,248,1,197091,12219,2810,2389,1179,2807,2387,1172,99,100,0,500,2817;
@400000005e6f308517487e5b #d,-,18,2804,2388,1200,249,1,197102,12220,2807,2389,1200,2804,2387,1175,99,100,0,500,2821;
@400000005e6f30871759574f #d,-,18,2806,2388,1133,249,1,197103,12220,2806,2389,1210,2804,2387,1127,98,100,0,500,2856;
@400000005e6f30871763a79c #d,-,18,2683,2387,1137,250,1,197090,12219,2806,2388,1140,2683,2387,1133,98,100,0,500,2730;
@400000005e6f30891773a5b4 #d,-,18,2683,2388,1189,251,1,197087,12219,2683,2389,1191,2683,2387,1136,98,100,0,500,2723;
@400000005e6f3089177ebd4e #d,-,18,2791,2386,1178,252,1,197096,12219,2791,2389,1189,2683,2386,1177,99,100,0,500,2819;
@400000005e6f308b178f8de1 #d,-,18,2790,2386,1187,252,1,197163,12224,2791,2387,1187,2790,2386,1177,98,100,0,500,2822;
@400000005e6f308b179a1d82 #d,-,18,2793,2388,1178,253,1,197177,12224,2793,2388,1209,2790,2385,1171,97,100,0,500,2851;
@400000005e6f308d17aad6cc #d,-,18,2792,2388,1177,254,1,197125,12221,2793,2388,1180,2792,2387,1177,99,100,0,500,2819;
@400000005e6f308d17b55e0c #d,-,18,2791,2385,1170,255,1,197128,12221,2792,2388,1179,2791,2385,1143,98,100,0,500,2821;
@400000005e6f308f17c6263d #d,-,18,2788,2386,1179,256,1,197138,12222,2791,2387,1190,2788,2385,1170,99,100,0,500,2808;
@400000005e6f308f17d07778 #d,-,18,2782,2386,1141,256,1,197125,12221,2788,2388,1179,2782,2385,1129,99,100,0,500,2785;
@400000005e6f309117e07d03 #d,-,18,2722,2386,1135,257,1,197118,12221,2782,2388,1169,2722,2385,1132,98,100,0,500,2751;
@400000005e6f309117eb42a8 #d,-,18,2723,2386,1178,258,1,197125,12221,2723,2386,1192,2722,2385,1135,98,100,0,500,2764;
@400000005e6f309317fb9a29 #d,-,18,2788,2385,1179,259,1,197133,12222,2788,2388,1181,2723,2385,1178,98,100,0,500,2826;
@400000005e6f309318064886 #d,-,18,2788,2384,1182,259,1,197143,12222,2788,2386,1189,2788,2384,1179,98,100,0,500,2824;
@400000005e6f309518173c7c #d,-,18,2788,2386,1179,260,1,197151,12223,2788,2386,1182,2788,2384,1178,98,100,0,500,2831;
@400000005e6f309518220a83 #d,-,18,2791,2387,1174,261,1,197165,12224,2791,2387,1211,2788,2385,1174,98,100,0,500,2840;
@400000005e6f30971832c787 #d,-,18,2789,2386,1184,262,1,197171,12224,2791,2387,1191,2789,2384,1148,99,100,0,500,2817;
@400000005e6f3097183d0bb9 #d,-,18,2790,2386,1131,263,1,197171,12224,2790,2387,1184,2789,2386,1131,98,100,0,500,2831;
@400000005e6f3099184dbd8f #d,-,18,2701,2386,1140,263,1,197159,12223,2790,2386,1143,2701,2385,1131,98,100,0,500,2748;
@400000005e6f309918580ddc #d,-,18,2699,2387,1139,264,1,197147,12223,2701,2388,1143,2699,2382,1139,98,100,0,500,2730;
@400000005e6f309b18679a55 #d,-,18,2701,2386,1136,265,1,197199,12226,2701,2387,1180,2699,2386,1136,98,100,0,500,2742;
@400000005e6f309b18728807 #d,-,18,2703,2385,1148,266,1,197192,12225,2703,2386,1161,2701,2384,1134,98,100,0,500,2757;
@400000005e6f309d1883317c #d,-,18,2704,2387,1148,266,1,197182,12225,2704,2387,1148,2703,2385,1142,98,100,0,500,2753;
@400000005e6f309d188d8582 #d,-,18,2705,2385,1146,267,1,197117,12221,2705,2387,1149,2704,2385,1145,98,100,0,500,2741;
@400000005e6f309f189e103b #d,-,18,2704,2385,1147,268,1,197108,12220,2705,2386,1147,2704,2385,1145,98,100,0,500,2744;
@400000005e6f309f18a86442 #d,-,18,2706,2386,1148,268,1,197106,12220,2706,2386,1178,2704,2384,1146,98,100,0,500,2748;
@400000005e6f30a118b8cf51 #d,-,18,2708,2385,1146,269,1,197096,12219,2708,2386,1149,2706,2385,1141,97,100,0,500,2765;
@400000005e6f30a118c3208c #d,-,18,2708,2385,1147,270,1,197088,12219,2708,2385,1148,2708,2384,1145,98,100,0,500,2746;
@400000005e6f30a318d39b70 #d,-,18,2708,2386,1146,271,1,197079,12218,2708,2386,1148,2708,2384,1145,98,100,0,500,2742;
@400000005e6f30a318de363e #d,-,18,2708,2386,1147,271,1,197071,12218,2708,2386,1147,2708,2385,1146,98,100,0,500,2744;
@400000005e6f30a518ee04d7 #d,-,18,2709,2385,1159,272,1,197069,12218,2709,2386,1176,2708,2384,1147,98,100,0,500,2746;
@400000005e6f30a518f88fd0 #d,-,18,2711,2384,1145,273,1,197060,12217,2711,2385,1159,2709,2384,1138,97,100,0,500,2767;
@400000005e6f30a719096062 #d,-,18,2711,2386,1146,274,1,197051,12217,2711,2386,1148,2711,2384,1145,98,100,0,500,2744;
@400000005e6f30a71913c173 #d,-,18,2710,2386,1145,274,1,197043,12216,2711,2386,1147,2710,2386,1144,98,100,0,500,2744;
@400000005e6f30a91923bae3 #d,-,18,2710,2384,1145,275,1,197034,12216,2710,2386,1148,2710,2384,1145,98,100,0,500,2742;
@400000005e6f30a9192e174b #d,-,18,2711,2384,1218,276,1,197046,12216,2711,2385,1228,2710,2383,1145,98,100,0,500,2751;
@400000005e6f30ab193e244a #d,-,18,2842,2386,1188,277,1,197057,12217,2842,2386,1218,2711,2384,1182,98,100,0,500,2872;
@400000005e6f30ab194920e2 #d,-,18,2837,2385,1188,278,1,197123,12221,2842,2386,1189,2837,2383,1187,99,100,0,500,2844;
@400000005e6f30ad1959fd90 #d,-,18,2834,2383,1186,278,1,197134,12222,2837,2386,1189,2834,2383,1186,99,100,0,500,2840;
@400000005e6f30ad19651170 #d,-,18,2830,2383,1186,279,1,197091,12219,2834,2384,1188,2830,2382,1185,99,100,0,500,2840;
@400000005e6f30af197583f3 #d,-,18,2825,2383,1224,280,1,197160,12223,2830,2385,1224,2825,2383,1171,99,100,0,500,2833;
@400000005e6f30af197ff3ea #d,-,18,2828,2386,1136,281,1,197110,12220,2828,2386,1224,2825,2383,1136,98,100,0,500,2874;
@400000005e6f30b11990bd09 #d,-,18,2708,2385,1134,281,1,197151,12223,2828,2386,1144,2708,2385,1133,98,100,0,500,2755;
@400000005e6f30b1199af9c7 #d,-,18,2704,2381,1159,282,1,197087,12219,2708,2386,1159,2704,2381,1133,99,100,0,500,2719;
@400000005e6f30b319ab1efd #d,-,18,2707,2384,1180,283,1,197144,12222,2707,2384,1185,2704,2381,1158,98,100,0,500,2755;
@400000005e6f30b319b60806 #d,-,18,2789,2383,1210,284,1,197155,12223,2789,2384,1210,2707,2383,1177,98,100,0,500,2824;
@400000005e6f30b519c66340 #d,-,18,2792,2382,1181,284,1,197111,12220,2792,2384,1211,2789,2382,1173,97,100,0,500,2854;
@400000005e6f30b519d11db8 #d,-,18,2791,2386,1180,285,1,197118,12221,2792,2386,1182,2791,2381,1177,99,100,0,500,2819;
@400000005e6f30b719e1cae7 #d,-,18,2791,2386,1166,286,1,197124,12221,2791,2387,1180,2791,2384,1166,98,100,0,500,2822;
@400000005e6f30b719ec3e97 #d,-,18,2789,2386,1180,287,1,197131,12222,2791,2386,1185,2789,2386,1165,99,100,0,500,2817;
@400000005e6f30b919fd03fd #d,-,18,2786,2386,1165,287,1,197125,12221,2789,2386,1181,2786,2385,1129,99,100,0,500,2810;
@400000005e6f30b91a07703a #d,-,18,2717,2384,1140,288,1,197117,12221,2786,2386,1172,2717,2384,1131,98,100,0,500,2753;
@400000005e6f30bb1a17fa05 #d,-,18,2715,2384,1176,289,1,197119,12221,2717,2385,1186,2715,2383,1139,99,100,0,500,2733;
@400000005e6f30bb1a223f25 #d,-,18,2791,2385,1179,290,1,197126,12221,2791,2385,1183,2715,2384,1176,98,100,0,500,2824;
@400000005e6f30bd1a3240f7 #d,-,18,2790,2386,1178,291,1,197132,12222,2791,2386,1180,2790,2384,1173,98,100,0,500,2824;
@400000005e6f30bd1a3d1de5 #d,-,18,2789,2386,1191,291,1,197140,12222,2790,2387,1191,2789,2386,1177,99,100,0,500,2817;
@400000005e6f30bf1a4e1595 #d,-,18,2793,2386,1184,292,1,197151,12223,2793,2387,1209,2789,2386,1171,97,100,0,500,2853;
@400000005e6f30bf1a588ded #d,-,18,2791,2386,1188,293,1,197157,12223,2793,2386,1190,2791,2385,1148,98,100,0,500,2821;
@400000005e6f30c11a69201a #d,-,18,2791,2387,1145,294,1,197162,12224,2791,2387,1188,2791,2385,1145,99,100,0,500,2817;
@400000005e6f30c11a73803c #d,-,18,2720,2386,1140,294,1,197150,12223,2791,2387,1145,2720,2386,1133,98,100,0,500,2765;
@400000005e6f30c31a843d40 #d,-,18,2716,2386,1179,295,1,197143,12222,2720,2386,1179,2716,2386,1140,99,100,0,500,2732;
@400000005e6f30c31a8e79fe #d,-,18,2800,2387,1181,296,1,197158,12223,2800,2387,1221,2716,2385,1175,99,100,0,500,2822;
@400000005e6f30c51a9e8f5e #d,-,18,2798,2385,1182,297,1,197166,12224,2800,2387,1184,2798,2384,1181,98,100,0,500,2829;
@400000005e6f30c51aa958bd #d,-,18,2798,2386,1180,297,1,197173,12224,2798,2386,1182,2798,2385,1180,98,100,0,500,2828;
@400000005e6f30c71ab9e730 #d,-,18,2797,2385,1180,298,1,197181,12225,2798,2386,1181,2797,2384,1179,98,100,0,500,2826;
@400000005e6f30c71ac491d3 #d,-,18,2796,2385,1163,299,1,197186,12225,2797,2385,1183,2796,2382,1163,98,100,0,500,2826;
@400000005e6f30c91ad46c88 #d,-,18,2796,2384,1175,300,1,197196,12226,2796,2386,1223,2796,2384,1146,99,100,0,500,2822;
@400000005e6f30c91aded41d #d,-,18,2795,2387,1139,301,1,197193,12225,2796,2387,1185,2795,2384,1131,98,100,0,500,2838;
@400000005e6f30cb1aef9982 #d,-,18,2686,2384,1152,301,1,197184,12225,2795,2387,1152,2686,2384,1139,98,100,0,500,2728;
@400000005e6f30cb1af9ed89 #d,-,18,2687,2387,1133,302,1,197221,12227,2687,2387,1152,2686,2384,1132,98,100,0,500,2737;
@400000005e6f30cd1b0a0b4b #d,-,18,2686,2384,1135,303,1,197208,12226,2687,2387,1137,2686,2384,1131,98,100,0,500,2714;
@400000005e6f30cd1b150f57 #d,-,18,2690,2382,1132,304,1,197206,12226,2690,2385,1193,2686,2381,1132,98,100,0,500,2744;
@400000005e6f30cf1b259a10 #d,-,18,2691,2384,1138,304,1,197194,12226,2691,2385,1139,2690,2381,1131,97,100,0,500,2751;
@400000005e6f30cf1b3043c5 #d,-,18,2691,2384,1142,305,1,197183,12225,2691,2384,1142,2691,2383,1138,98,100,0,500,2723;
@400000005e6f30d11b403e23 #d,-,18,2693,2385,1143,306,1,197178,12225,2693,2385,1161,2691,2384,1142,98,100,0,500,2744;
@400000005e6f30d11b4aa1ff #d,-,18,2695,2385,1147,306,1,197169,12224,2695,2385,1147,2693,2382,1143,98,100,0,500,2746;
@400000005e6f30d31b5b5b49 #d,-,18,2698,2384,1143,307,1,197119,12221,2698,2385,1178,2695,2384,1143,98,100,0,500,2751;
@400000005e6f30d31b65b7b1 #d,-,18,2701,2385,1146,308,1,197111,12220,2701,2385,1148,2698,2384,1139,97,100,0,500,2764;
@400000005e6f30d51b768bfd #d,-,18,2702,2386,1146,309,1,197103,12220,2702,2386,1146,2701,2385,1144,98,100,0,500,2744;
@400000005e6f30d51b811f58 #d,-,18,2703,2386,1147,309,1,197096,12219,2703,2386,1147,2702,2385,1145,98,100,0,500,2744;
@400000005e6f30d71b9118c8 #d,-,18,2703,2385,1146,310,1,197088,12219,2703,2386,1147,2703,2385,1144,98,100,0,500,2746;
@400000005e6f30d71b9bbfb2 #d,-,18,2705,2385,1153,311,1,197087,12219,2705,2385,1177,2703,2384,1146,98,100,0,500,2748;
@400000005e6f30d91bac8c8b #d,-,18,2708,2385,1146,312,1,197079,12218,2708,2385,1153,2705,2384,1139,97,100,0,500,2769;
@400000005e6f30d91bb7003b #d,-,18,2708,2383,1146,312,1,197071,12218,2708,2385,1147,2708,2383,1146,98,100,0,500,2744;
@400000005e6f30db1bc7a5f7 #d,-,18,2707,2383,1146,313,1,197111,12220,2708,2384,1147,2707,2383,1144,98,100,0,500,2742;
@400000005e6f30db1bd22209 #d,-,18,2710,2383,1190,314,1,197069,12218,2710,2384,1198,2707,2383,1145,98,100,0,500,2753;
@400000005e6f30dd1be3062a #d,-,18,2820,2383,1205,315,1,197085,12219,2820,2383,1219,2710,2382,1188,98,100,0,500,2851;
@400000005e6f30dd1bed6a06 #d,-,18,2821,2382,1188,316,1,197142,12222,2821,2383,1205,2820,2381,1183,98,100,0,500,2869;
@400000005e6f30df1bfdcda2 #d,-,18,2820,2384,1188,316,1,197152,12223,2821,2384,1189,2820,2382,1188,99,100,0,500,2844;
@400000005e6f30df1c088f8d #d,-,18,2818,2384,1189,317,1,197162,12224,2820,2384,1189,2818,2384,1187,99,100,0,500,2840;
@400000005e6f30e11c190210 #d,-,18,2815,2383,1194,318,1,197123,12221,2818,2384,1198,2815,2383,1164,99,100,0,500,2833;
@400000005e6f30e11c23f734 #d,-,18,2815,2383,1162,319,1,197131,12222,2815,2384,1196,2815,2383,1162,99,100,0,500,2842;
@400000005e6f30e31c34b438 #d,-,18,2731,2383,1140,319,1,197120,12221,2815,2383,1162,2731,2382,1134,98,100,0,500,2780;
@400000005e6f30e31c3f083f #d,-,18,2725,2382,1155,320,1,197111,12220,2731,2383,1155,2725,2380,1137,99,100,0,500,2726;
@400000005e6f30e51c4f162c #d,-,18,2728,2382,1182,321,1,197118,12221,2728,2382,1187,2725,2381,1155,98,100,0,500,2773;
@400000005e6f30e51c596a32 #d,-,18,2788,2381,1181,322,1,197124,12221,2788,2382,1182,2728,2381,1179,98,100,0,500,2824;
@400000005e6f30e71c6a2f98 #d,-,18,2787,2379,1215,323,2,197134,12222,2788,2382,1215,2787,2378,1179,98,100,0,500,2822;
@400000005e6f30e71c748c00 #d,-,18,2791,2383,1180,323,2,197141,12222,2791,2383,1215,2787,2379,1173,97,100,0,500,2853;
@400000005e6f30e91c847dfd #d,-,18,2790,2384,1165,324,2,197146,12223,2791,2384,1180,2790,2383,1165,98,100,0,500,2819;
@400000005e6f30e91c8f897b #d,-,18,2790,2380,1183,325,2,197153,12223,2790,2384,1186,2790,2380,1165,99,100,0,500,2817;
@400000005e6f30eb1c9f9b22 #d,-,18,2786,2384,1142,326,2,197146,12223,2790,2384,1183,2786,2380,1129,99,100,0,500,2808;
@400000005e6f30eb1caa03a6 #d,-,18,2687,2384,1168,326,2,197139,12222,2786,2384,1168,2687,2383,1138,98,100,0,500,2723;
@400000005e6f30ed1cba8d71 #d,-,18,2746,2383,1180,327,2,197144,12222,2746,2385,1186,2687,2383,1166,99,100,0,500,2773;
@400000005e6f30ed1cc4d290 #d,-,18,2752,2385,1179,328,2,197150,12223,2752,2385,1183,2746,2381,1177,97,100,0,500,2829;
@400000005e6f30ef1cd5a6dd #d,-,18,2756,2385,1183,329,2,197158,12223,2756,2386,1189,2752,2385,1179,97,100,0,500,2822;
@400000005e6f30ef1cdffbd1 #d,-,18,2761,2387,1180,329,2,197165,12224,2761,2387,1183,2756,2385,1178,97,100,0,500,2833;
@400000005e6f30f11cef3656 #d,-,18,2765,2385,1200,330,2,197173,12224,2765,2387,1200,2761,2385,1180,97,100,0,500,2824;
@400000005e6f30f11cfa3a61 #d,-,18,2769,2384,1193,331,2,197180,12225,2769,2387,1212,2765,2384,1143,97,100,0,500,2846;
@400000005e6f30f31d0b223c #d,-,18,2773,2386,1140,332,2,197184,12225,2773,2386,1193,2769,2384,1140,98,100,0,500,2822;
@400000005e6f30f31d159e4f #d,-,18,2716,2384,1143,332,2,197174,12224,2773,2386,1144,2716,2382,1132,98,100,0,500,2760;
@400000005e6f30f51d265b52 #d,-,18,2713,2385,1185,333,2,197213,12227,2716,2385,1185,2713,2384,1140,99,100,0,500,2732;
@400000005e6f30f51d30c790 #d,-,18,2774,2385,1191,334,2,197222,12227,2774,2385,1195,2713,2384,1181,99,100,0,500,2801;
@400000005e6f30f71d41b324 #d,-,18,2827,2385,1182,335,2,197233,12228,2827,2385,1215,2774,2385,1176,98,100,0,500,2860;
@400000005e6f30f71d4c0bd3 #d,-,18,2822,2385,1182,335,2,197195,12226,2827,2385,1183,2822,2384,1181,99,100,0,500,2828;
@400000005e6f30f91d5c301a #d,-,18,2818,2385,1182,336,2,197201,12226,2822,2385,1182,2818,2385,1179,99,100,0,500,2826;
@400000005e6f30f91d673c87 #d,-,18,2814,2385,1150,337,2,197250,12229,2818,2385,1183,2814,2385,1150,99,100,0,500,2824;
@400000005e6f30fb1d77fd45 #d,-,18,2809,2385,1182,338,2,197256,12229,2814,2385,1193,2809,2385,1142,100,100,0,500,2809;
@400000005e6f30fb1d829902 #d,-,18,2809,2383,1139,339,2,197212,12227,2809,2385,1211,2809,2383,1128,98,100,0,500,2849;
@400000005e6f30fd1d936d4e #d,-,18,2686,2383,1142,339,2,197247,12229,2809,2384,1144,2686,2383,1139,98,100,0,500,2730;
@400000005e6f30fd1d9df48d #d,-,18,2686,2384,1142,340,2,197193,12226,2686,2384,1142,2686,2383,1140,98,100,0,500,2730;
@400000005e6f30ff1daeb54b #d,-,18,2688,2383,1144,341,2,197186,12225,2688,2384,1151,2686,2383,1142,98,100,0,500,2739;
@400000005e6f30ff1db8ee4f #d,-,18,2694,2385,1144,342,2,197184,12225,2694,2385,1177,2688,2382,1144,97,100,0,500,2762;
@400000005e6f31011dc9940a #d,-,18,2698,2385,1147,342,2,197182,12225,2698,2386,1178,2694,2384,1143,97,100,0,500,2767;
@400000005e6f31011dd40401 #d,-,18,2701,2385,1149,343,2,197220,12227,2701,2385,1152,2698,2384,1147,97,100,0,500,2762;
@400000005e6f31031de4540e #d,-,18,2703,2383,1153,344,2,197171,12224,2703,2385,1153,2701,2382,1149,98,100,0,500,2751;
@400000005e6f31031def026b #d,-,18,2705,2385,1150,345,2,197209,12226,2705,2385,1153,2703,2383,1150,98,100,0,500,2751;
@400000005e6f31051dffe68d #d,-,18,2706,2385,1151,345,2,197203,12226,2706,2386,1152,2705,2385,1150,98,100,0,500,2753;
@400000005e6f31051e0a815b #d,-,18,2709,2382,1146,346,2,197159,12223,2709,2385,1182,2706,2381,1146,98,100,0,500,2764;
@400000005e6f31071e1a7357 #d,-,18,2712,2385,1150,347,2,197153,12223,2712,2385,1151,2709,2382,1145,97,100,0,500,2769;
@400000005e6f31071e251687 #d,-,18,2712,2384,1150,348,2,197148,12223,2712,2385,1151,2712,2383,1149,98,100,0,500,2751;
@400000005e6f31091e355e32 #d,-,18,2712,2383,1151,348,2,197142,12222,2712,2385,1151,2712,2383,1149,98,100,0,500,2753;
@400000005e6f31091e3f9af0 #d,-,18,2713,2384,1151,349,2,197137,12222,2713,2385,1153,2712,2381,1149,98,100,0,500,2751;
@400000005e6f310b1e4f4acd #d,-,18,2714,2385,1150,350,2,197137,12222,2714,2385,1182,2713,2384,1150,98,100,0,500,2757;
@400000005e6f310b1e5a3ff2 #d,-,18,2717,2386,1150,351,2,197131,12222,2717,2386,1152,2714,2384,1143,97,100,0,500,2774;
@400000005e6f310d1e6b5a18 #d,-,18,2716,2385,1161,351,2,197126,12221,2717,2386,1161,2716,2385,1148,98,100,0,500,2751;
@400000005e6f310d1e75b680 #d,-,18,2768,2385,1191,352,2,197136,12222,2768,2385,1198,2716,2385,1161,99,100,0,500,2794;
@400000005e6f310f1e865c3b #d,-,18,2774,2385,1192,353,2,197146,12223,2774,2385,1193,2768,2385,1191,97,100,0,500,2853;
@400000005e6f310f1e90dfc1 #d,-,18,2780,2385,1204,354,2,197161,12224,2780,2385,1222,2774,2385,1191,97,100,0,500,2853;
@400000005e6f31111ea1857c #d,-,18,2838,2384,1190,355,2,197170,12224,2838,2385,1204,2780,2383,1184,98,100,0,500,2876;
@400000005e6f31111eabca9c #d,-,18,2835,2384,1180,355,2,197179,12225,2838,2384,1191,2835,2383,1180,99,100,0,500,2847;
@400000005e6f31131ebb376b #d,-,18,2831,2384,1192,356,2,197189,12225,2835,2384,1200,2831,2383,1171,99,100,0,500,2840;
@400000005e6f31131ec643d8 #d,-,18,2826,2383,1137,357,2,197184,12225,2831,2384,1193,2826,2383,1127,99,100,0,500,2842;
@400000005e6f31151ed5eb53 #d,-,18,2680,2384,1160,358,2,197179,12225,2826,2384,1165,2680,2382,1137,98,100,0,500,2716;
@400000005e6f31151ee08621 #d,-,18,2684,2383,1187,358,2,197177,12225,2684,2384,1189,2680,2383,1131,97,100,0,500,2748;
@400000005e6f31171ef0d275 #d,-,18,2788,2383,1180,359,2,197183,12225,2788,2383,1187,2684,2382,1178,98,100,0,500,2819;
@400000005e6f31171efb49df #d,-,18,2788,2382,1181,360,2,197188,12225,2788,2383,1181,2788,2381,1179,98,100,0,500,2822;
@400000005e6f31191f0a5d45 #d,-,18,2787,2381,1181,361,2,197194,12226,2788,2383,1181,2787,2381,1179,98,100,0,500,2821;
@400000005e6f31191f131fe5 #d,-,18,2787,2382,1202,361,2,197202,12226,2787,2383,1203,2787,2381,1179,98,100,0,500,2821;
@400000005e6f311b1f222f92 #d,-,18,2789,2384,1158,362,2,197202,12226,2789,2385,1202,2787,2382,1146,98,100,0,500,2842;
@400000005e6f311b1f2cecd6 #d,-,18,2786,2384,1180,363,2,197208,12226,2789,2385,1189,2786,2381,1158,99,100,0,500,2790;
@400000005e6f311d1f3d1e27 #d,-,18,2780,2383,1148,364,2,197201,12226,2786,2384,1180,2780,2383,1139,99,100,0,500,2789;
@400000005e6f311d1f478203 #d,-,18,2696,2382,1158,364,2,197193,12225,2780,2384,1158,2696,2382,1138,98,100,0,500,2735;
@400000005e6f311f1f5817e9 #d,-,18,2755,2381,1214,365,2,197203,12226,2755,2382,1214,2696,2378,1158,99,100,0,500,2780;
@400000005e6f311f1f62497a #d,-,18,2818,2382,1181,366,2,197210,12227,2818,2383,1214,2755,2380,1174,98,100,0,500,2854;
@400000005e6f31211f711e7a #d,-,18,2814,2382,1179,367,2,197215,12227,2818,2383,1181,2814,2381,1179,99,100,0,500,2819;
@400000005e6f31211f7c1b12 #d,-,18,2810,2380,1182,368,2,197220,12227,2814,2383,1182,2810,2379,1179,99,100,0,500,2821;
@400000005e6f31231f8cb86c #d,-,18,2807,2384,1171,368,2,197225,12227,2810,2384,1182,2807,2380,1171,99,100,0,500,2819;
@400000005e6f31231f974f80 #d,-,18,2802,2384,1207,369,2,197231,12228,2807,2384,1207,2802,2383,1141,100,100,0,500,2802;
@400000005e6f31251fa7ddf3 #d,-,18,2805,2382,1143,370,2,197231,12228,2805,2385,1213,2802,2381,1128,97,100,0,500,2869;
@400000005e6f31251fb26ca6 #d,-,18,2687,2383,1142,371,2,197223,12227,2805,2384,1146,2687,2382,1141,98,100,0,500,2728;
@400000005e6f31271fc2994f #d,-,18,2688,2382,1189,371,2,197223,12227,2688,2383,1195,2687,2381,1141,98,100,0,500,2730;
@400000005e6f31271fcd1561 #d,-,18,2803,2382,1184,372,2,197230,12228,2803,2382,1189,2688,2381,1182,99,100,0,500,2831;
@400000005e6f31291fdcd8cd #d,-,18,2802,2382,1196,373,2,197237,12228,2803,2383,1196,2802,2382,1181,99,100,0,500,2829;
@400000005e6f31291fe7dcd9 #d,-,18,2804,2382,1181,374,2,197246,12229,2804,2383,1213,2802,2382,1175,98,100,0,500,2858;
@400000005e6f312b1ff79b9c #d,-,18,2802,2382,1181,374,2,197251,12229,2804,2383,1183,2802,2382,1180,99,100,0,500,2821;
@400000005e6f312b20024286 #d,-,18,2800,2383,1177,375,2,197253,12229,2802,2383,1182,2800,2382,1140,99,100,0,500,2824;
@400000005e6f312d20130ba5 #d,-,18,2797,2383,1182,376,2,197260,12230,2800,2383,1195,2797,2382,1177,99,100,0,500,2805;
@400000005e6f312d201d76f4 #d,-,18,2743,2383,1146,377,2,197252,12229,2797,2384,1182,2743,2383,1132,98,100,0,500,2789;
@400000005e6f312f202d78c6 #d,-,18,2741,2384,1140,377,2,197247,12229,2743,2385,1173,2741,2383,1134,99,100,0,500,2758;
@400000005e6f312f2037bde5 #d,-,18,2687,2384,1141,378,2,197278,12231,2741,2385,1143,2687,2384,1139,98,100,0,500,2730;
@400000005e6f31312047a86f #d,-,18,2688,2383,1155,379,2,197275,12231,2688,2385,1172,2687,2383,1141,98,100,0,500,2730;
@400000005e6f313120527941 #d,-,18,2692,2381,1145,380,2,197267,12230,2692,2383,1155,2688,2381,1142,97,100,0,500,2762;
@400000005e6f313320631b43 #d,-,18,2694,2381,1148,380,2,197261,12230,2694,2382,1151,2692,2380,1145,98,100,0,500,2741;
@400000005e6f3133206d800d #d,-,18,2699,2381,1143,381,2,197220,12227,2699,2382,1178,2694,2381,1141,97,100,0,500,2765;
@400000005e6f3135207dd2e5 #d,-,18,2700,2380,1147,382,2,197213,12227,2700,2382,1149,2699,2380,1143,98,100,0,500,2749;
@400000005e6f313520887615 #d,-,18,2701,2381,1149,383,2,197246,12229,2701,2382,1150,2700,2380,1147,98,100,0,500,2744;
@400000005e6f313720981263 #d,-,18,2702,2383,1148,383,2,197201,12226,2702,2383,1149,2701,2380,1147,98,100,0,500,2744;
@400000005e6f313720a24f21 #d,-,18,2703,2383,1147,384,2,197234,12228,2703,2383,1151,2702,2380,1147,98,100,0,500,2744;
@400000005e6f313920b1b47c #d,-,18,2706,2383,1141,385,2,197232,12228,2706,2384,1179,2703,2383,1141,98,100,0,500,2758;
@400000005e6f313920bca4f9 #d,-,18,2707,2384,1148,386,2,197226,12228,2707,2384,1149,2706,2383,1141,98,100,0,500,2757;
@400000005e6f313b20cd1fdd #d,-,18,2707,2383,1150,386,2,197181,12225,2707,2384,1151,2707,2380,1146,98,100,0,500,2744;
@400000005e6f313b20d77fff #d,-,18,2707,2383,1148,387,2,197175,12224,2707,2384,1150,2707,2383,1147,98,100,0,500,2746;
@400000005e6f313d20e7a17b #d,-,18,2708,2383,1148,388,2,197207,12226,2708,2383,1149,2707,2382,1146,98,100,0,500,2742;
@400000005e6f313d20f20910 #d,-,18,2709,2381,1145,389,2,197167,12224,2709,2383,1179,2708,2379,1145,98,100,0,500,2753;
@400000005e6f313f2102d22f #d,-,18,2711,2384,1196,389,2,197166,12224,2711,2384,1196,2709,2381,1141,98,100,0,500,2762;
@400000005e6f313f210d227c #d,-,18,2797,2385,1190,390,2,197174,12224,2797,2385,1198,2711,2384,1187,99,100,0,500,2824;
@400000005e6f3141211c1ae0 #d,-,18,2798,2382,1190,391,2,197182,12225,2798,2385,1190,2797,2382,1187,98,100,0,500,2844;
@400000005e6f31412126c93d #d,-,18,2799,2383,1188,392,2,197190,12225,2799,2383,1191,2798,2382,1186,98,100,0,500,2842;
@400000005e6f314321374f4f #d,-,18,2801,2384,1180,393,2,197201,12226,2801,2384,1216,2799,2383,1180,98,100,0,500,2844;
@400000005e6f31432141e2a9 #d,-,18,2802,2383,1171,393,2,197205,12226,2802,2384,1187,2801,2383,1164,98,100,0,500,2849;
@400000005e6f31452152983a #d,-,18,2801,2385,1183,394,2,197213,12227,2802,2385,1195,2801,2382,1171,99,100,0,500,2829;
@400000005e6f3145215cf4a2 #d,-,18,2795,2386,1134,395,2,197204,12226,2801,2386,1183,2795,2384,1123,99,100,0,500,2801;
@400000005e6f3147216da1d1 #d,-,18,2681,2385,1140,396,2,197196,12226,2795,2386,1147,2681,2385,1134,98,100,0,500,2712;
@400000005e6f3147217805ac #d,-,18,2683,2383,1203,396,2,197198,12226,2683,2386,1209,2681,2383,1138,98,100,0,500,2735;
@400000005e6f31492188077e #d,-,18,2806,2383,1181,397,2,197203,12226,2806,2384,1203,2683,2383,1175,98,100,0,500,2837;
@400000005e6f31492192ecce #d,-,18,2803,2383,1180,398,2,197208,12226,2806,2384,1181,2803,2383,1178,99,100,0,500,2822;
@400000005e6f314b21a3fbc6 #d,-,18,2801,2383,1181,399,2,197213,12227,2803,2384,1182,2801,2382,1179,99,100,0,500,2822;
@400000005e6f314b21ae9ef6 #d,-,18,2799,2384,1179,400,2,197217,12227,2801,2384,1181,2799,2382,1178,99,100,0,500,2821;
@400000005e6f314d21bf636e #d,-,18,2797,2384,1217,400,2,197225,12228,2799,2384,1218,2797,2384,1170,99,100,0,500,2819;
@400000005e6f314d21c9df80 #d,-,18,2800,2384,1143,401,2,197228,12228,2800,2384,1217,2797,2383,1143,98,100,0,500,2851;
@400000005e6f314f21da8093 #d,-,18,2714,2382,1140,402,2,197219,12227,2800,2384,1143,2714,2382,1131,98,100,0,500,2757;
@400000005e6f314f21e4c1f9 #d,-,18,2711,2382,1184,403,2,197214,12227,2714,2383,1184,2711,2382,1139,99,100,0,500,2728;
@400000005e6f315121f5ae7c #d,-,18,2768,2382,1182,403,2,197220,12227,2768,2384,1194,2711,2381,1179,98,100,0,500,2796;
@400000005e6f315121ffeef4 #d,-,18,2770,2383,1210,404,2,197228,12228,2770,2384,1210,2768,2382,1181,98,100,0,500,2824;
@400000005e6f3153220ff47f #d,-,18,2776,2383,1181,405,2,197233,12228,2776,2385,1210,2770,2383,1172,97,100,0,500,2851;
@400000005e6f3153221b4a80 #d,-,18,2778,2385,1181,406,2,197277,12231,2778,2385,1189,2776,2381,1181,98,100,0,500,2826;
@400000005e6f3155222c139f #d,-,18,2779,2383,1156,406,2,197280,12231,2779,2385,1182,2778,2382,1156,98,100,0,500,2826;
@400000005e6f31552236ae6d #d,-,18,2779,2382,1183,407,2,197249,12229,2779,2383,1194,2779,2382,1152,98,100,0,500,2813;
@400000005e6f315722470e4f #d,-,18,2779,2384,1170,408,2,197283,12231,2779,2384,1183,2779,2380,1134,98,100,0,500,2821;
@400000005e6f31572251a564 #d,-,18,2719,2383,1143,409,2,197277,12231,2779,2384,1175,2719,2383,1134,98,100,0,500,2757;
@400000005e6f31592262e2ed #d,-,18,2717,2385,1183,409,2,197243,12229,2719,2386,1195,2717,2382,1141,99,100,0,500,2737;
@400000005e6f3159226d2f80 #d,-,18,2803,2384,1183,410,2,197249,12229,2803,2385,1187,2717,2381,1182,98,100,0,500,2837;
@400000005e6f315b227d44e1 #d,-,18,2801,2384,1184,411,2,197291,12232,2803,2384,1184,2801,2384,1182,98,100,0,500,2831;
@400000005e6f315b22883dbf #d,-,18,2800,2384,1199,412,2,197297,12232,2801,2384,1199,2800,2384,1182,99,100,0,500,2828;
@400000005e6f315d2298b3fb #d,-,18,2803,2383,1182,412,2,197305,12232,2803,2384,1212,2800,2381,1176,98,100,0,500,2856;
@400000005e6f315d22a3b53c #d,-,18,2800,2382,1193,413,2,197308,12233,2803,2383,1193,2800,2382,1151,99,100,0,500,2819;
@400000005e6f315f22b494b5 #d,-,18,2798,2382,1154,414,2,197276,12231,2800,2383,1193,2798,2382,1154,99,100,0,500,2817;
@400000005e6f315f22befd38 #d,-,18,2725,2383,1141,415,2,197267,12230,2798,2384,1154,2725,2382,1134,98,100,0,500,2771;
@400000005e6f316122cfc658 #d,-,18,2721,2383,1148,416,2,197260,12230,2725,2384,1148,2721,2383,1140,99,100,0,500,2732;
@400000005e6f316122da267a #d,-,18,2632,2384,1063,416,2,197225,12227,2721,2384,1165,2632,2383,998,97,100,0,500,2698;
@400000005e6f316322ea012e #d,-,18,2574,2386,1159,417,2,197223,12227,2632,2386,1173,2574,2383,1063,99,100,0,500,2586;
@400000005e6f316322f458ee #d,-,18,2714,2386,1165,418,2,197219,12227,2714,2387,1169,2574,2386,1143,98,100,0,500,2749;
@400000005e6f31652304cc5f #d,-,18,2715,2386,1148,418,2,197214,12227,2715,2387,1165,2714,2386,1146,98,100,0,500,2765;
@400000005e6f3165230f6ae6 #d,-,18,2715,2385,1151,419,2,197210,12227,2715,2387,1155,2715,2385,1147,98,100,0,500,2749;
@400000005e6f316723200ce8 #d,-,18,2720,2384,1147,420,2,197209,12226,2720,2385,1181,2715,2384,1143,97,100,0,500,2781;
@400000005e6f3167232a70c4 #d,-,18,2719,2384,1152,421,2,197205,12226,2720,2384,1153,2719,2383,1147,98,100,0,500,2755;
@400000005e6f3169233adbd3 #d,-,18,2719,2384,1151,421,2,197200,12226,2719,2385,1152,2719,2384,1149,98,100,0,500,2757;
@400000005e6f316923454bca #d,-,18,2719,2384,1150,422,2,197196,12226,2719,2384,1152,2719,2384,1150,98,100,0,500,2753;
@400000005e6f316b23560514 #d,-,18,2718,2384,1151,423,2,197192,12225,2719,2384,1153,2718,2383,1149,98,100,0,500,2753;
@400000005e6f316b23606d97 #d,-,18,2722,2385,1143,424,2,197191,12225,2722,2385,1182,2718,2383,1142,98,100,0,500,2774;
@400000005e6f316d23705bda #d,-,18,2721,2384,1152,425,2,197187,12225,2722,2386,1153,2721,2384,1143,98,100,0,500,2764;
@400000005e6f316d237b96d8 #d,-,18,2721,2384,1150,425,2,197183,12225,2721,2385,1152,2721,2383,1149,98,100,0,500,2755;
@400000005e6f316f238c53dc #d,-,18,2721,2381,1153,426,2,197178,12225,2721,2385,1153,2721,2380,1150,98,100,0,500,2753;
@400000005e6f316f23970239 #d,-,18,2720,2383,1149,427,2,197174,12224,2721,2384,1153,2720,2381,1149,98,100,0,500,2753;
@400000005e6f317123a7d686 #d,-,18,2721,2382,1157,428,2,197174,12224,2721,2383,1183,2720,2382,1149,98,100,0,500,2762;
@400000005e6f317123b232ee #d,-,18,2777,2381,1191,428,2,197181,12225,2777,2384,1199,2721,2381,1157,98,100,0,500,2810;
@400000005e6f317323c3073a #d,-,18,2782,2381,1191,429,2,197190,12225,2782,2381,1197,2777,2379,1191,97,100,0,500,2853;
@400000005e6f317323cd4c5a #d,-,18,2786,2381,1192,430,2,197198,12226,2786,2381,1193,2782,2380,1190,97,100,0,500,2851;
@400000005e6f317523dcb929 #d,-,18,2790,2385,1190,431,2,197206,12226,2790,2385,1194,2786,2381,1188,97,100,0,500,2849;
@400000005e6f317523e7589f #d,-,18,2794,2386,1181,431,2,197218,12227,2794,2387,1220,2790,2382,1181,97,100,0,500,2853;
@400000005e6f317723f7d383 #d,-,18,2798,2385,1180,432,2,197225,12227,2798,2386,1198,2794,2384,1170,97,100,0,500,2863;
@400000005e6f3177240290c7 #d,-,18,2795,2387,1140,433,2,197219,12227,2798,2387,1180,2795,2385,1128,99,100,0,500,2822;
@400000005e6f317924134a11 #d,-,18,2684,2386,1137,434,2,197211,12227,2795,2387,1144,2684,2383,1137,98,100,0,500,2719;
@400000005e6f3179241dd5f8 #d,-,18,2685,2386,1185,434,2,197209,12226,2685,2387,1185,2684,2385,1135,98,100,0,500,2726;
@400000005e6f317b242ea2d1 #d,-,18,2785,2386,1192,435,2,197218,12227,2785,2387,1211,2685,2386,1179,99,100,0,500,2812;
@400000005e6f317b24390a66 #d,-,18,2788,2387,1179,436,2,197222,12227,2788,2387,1192,2785,2385,1173,97,100,0,500,2849;
@400000005e6f317d2449ee88 #d,-,18,2788,2387,1179,437,2,197226,12228,2788,2387,1180,2788,2386,1178,98,100,0,500,2822;
@400000005e6f317d2454570b #d,-,18,2787,2386,1179,438,2,197230,12228,2788,2387,1179,2787,2386,1177,98,100,0,500,2821;
@400000005e6f317f24645c97 #d,-,18,2787,2386,1183,438,2,197234,12228,2787,2387,1183,2787,2386,1170,98,100,0,500,2821;
@400000005e6f317f246f645c #d,-,18,2787,2386,1172,439,2,197241,12228,2787,2386,1208,2787,2385,1172,98,100,0,500,2822;
@400000005e6f31812480251a #d,-,18,2782,2385,1139,440,2,197232,12228,2787,2386,1172,2782,2385,1127,99,100,0,500,2790;
@400000005e6f3181248ab874 #d,-,18,2689,2386,1167,441,2,197226,12228,2782,2386,1167,2689,2385,1138,98,100,0,500,2724;
@400000005e6f3183249b854d #d,-,18,2759,2385,1180,441,2,197231,12228,2759,2386,1191,2689,2384,1167,98,100,0,500,2787;
@400000005e6f318324a5edd1 #d,-,18,2763,2384,1178,442,2,197236,12228,2763,2385,1183,2759,2383,1178,97,100,0,500,2824;
@400000005e6f318524b6aad5 #d,-,18,2765,2383,1209,443,2,197244,12229,2765,2385,1209,2763,2383,1177,97,100,0,500,2822;
@400000005e6f318524c0e3d9 #d,-,18,2772,2384,1179,444,2,197248,12229,2772,2385,1209,2765,2383,1172,97,100,0,500,2849;
@400000005e6f318724d05550 #d,-,18,2773,2384,1160,445,2,197251,12229,2773,2385,1180,2772,2384,1160,98,100,0,500,2821;
@400000005e6f318724db4986 #d,-,18,2773,2384,1180,445,2,197255,12229,2773,2385,1190,2773,2384,1147,98,100,0,500,2806;
@400000005e6f318924ebe7ce #d,-,18,2773,2383,1141,446,2,197251,12229,2773,2385,1180,2773,2383,1130,98,100,0,500,2819;
@400000005e6f318924f69183 #d,-,18,2686,2384,1169,447,2,197246,12229,2773,2384,1169,2686,2383,1138,98,100,0,500,2724;
@400000005e6f318b25075aa2 #d,-,18,2691,2380,1184,448,2,197248,12229,2691,2384,1192,2686,2380,1141,97,100,0,500,2758;
@400000005e6f318b2511ca99 #d,-,18,2797,2382,1181,448,2,197252,12229,2797,2383,1184,2691,2380,1180,98,100,0,500,2829;
@400000005e6f318d2522ab01 #d,-,18,2796,2383,1180,449,2,197257,12229,2797,2384,1182,2796,2382,1178,99,100,0,500,2824;
@400000005e6f318d252d0edd #d,-,18,2794,2383,1186,450,2,197261,12230,2796,2385,1186,2794,2383,1177,99,100,0,500,2822;
@400000005e6f318f253deb8b #d,-,18,2794,2384,1204,451,2,197268,12230,2794,2385,1204,2794,2381,1178,98,100,0,500,2829;
@400000005e6f318f25483bd7 #d,-,18,2796,2386,1193,451,2,197271,12230,2796,2386,1211,2794,2384,1134,98,100,0,500,2851;
@400000005e6f3191255870e2 #d,-,18,2794,2386,1169,452,2,197276,12231,2796,2387,1196,2794,2386,1169,99,100,0,500,2805;
@400000005e6f319125633688 #d,-,18,2731,2387,1140,453,2,197268,12230,2794,2387,1169,2731,2384,1132,98,100,0,500,2778;
@400000005e6f31932573dc43 #d,-,18,2726,2386,1141,454,2,197261,12230,2731,2387,1141,2726,2386,1139,99,100,0,500,2732;
@400000005e6f3193257e832d #d,-,18,2722,2386,1161,454,2,197255,12229,2726,2387,1161,2722,2386,1139,99,100,0,500,2728;
@400000005e6f3195258f6ec1 #d,-,18,2725,2385,1146,455,2,197253,12229,2725,2386,1191,2722,2383,1135,98,100,0,500,2780;
@400000005e6f31952599daff #d,-,18,2722,2384,1147,456,2,197248,12229,2725,2385,1151,2722,2384,1146,99,100,0,500,2739;
@400000005e6f319725aa9f76 #d,-,18,2720,2384,1147,457,2,197243,12229,2722,2386,1148,2720,2384,1146,99,100,0,500,2746;
@400000005e6f319725b4e84f #d,-,18,2719,2385,1145,457,2,197238,12228,2720,2385,1147,2719,2383,1144,99,100,0,500,2744;
@400000005e6f319925c5d88c #d,-,18,2717,2385,1150,458,2,197232,12228,2719,2385,1150,2717,2384,1145,99,100,0,500,2744;
@400000005e6f319925d028d9 #d,-,18,2720,2386,1145,459,2,197230,12228,2720,2386,1177,2717,2383,1140,98,100,0,500,2771;
@400000005e6f319b25e01ad5 #d,-,18,2718,2385,1147,460,2,197225,12227,2720,2386,1149,2718,2385,1145,99,100,0,500,2744;
@400000005e6f319b25eb1b27 #d,-,18,2717,2385,1147,460,2,197220,12227,2718,2386,1148,2717,2384,1146,99,100,0,500,2744;
@400000005e6f319d25fc4257 #d,-,18,2715,2385,1147,461,2,197215,12227,2717,2385,1148,2715,2384,1146,98,100,0,500,2744;
@400000005e6f319d26069ebf #d,-,18,2715,2385,1147,462,2,197210,12227,2715,2385,1148,2715,2384,1146,98,100,0,500,2744;
@400000005e6f319f261740c1 #d,-,18,2717,2386,1141,463,2,197208,12226,2717,2386,1179,2715,2384,1139,98,100,0,500,2767;
@400000005e6f319f2621b471 #d,-,18,2716,2386,1147,463,2,197203,12226,2717,2386,1148,2716,2386,1141,98,100,0,500,2749;
@400000005e6f31a1263251cb #d,-,18,2715,2385,1147,464,2,197198,12226,2716,2386,1147,2715,2385,1145,98,100,0,500,2744;
@400000005e6f31a1263ca306 #d,-,18,2714,2386,1146,465,2,197192,12225,2715,2386,1148,2714,2385,1145,98,100,0,500,2744;
@400000005e6f31a3264cee6b #d,-,18,2713,2387,1193,466,2,197192,12225,2714,2387,1193,2713,2385,1145,98,100,0,500,2742;
@400000005e6f31a32657bc72 #d,-,18,2821,2385,1182,466,2,197202,12226,2821,2387,1216,2713,2384,1182,99,100,0,500,2842;
@400000005e6f31a52668463d #d,-,18,2820,2386,1187,467,2,197209,12226,2821,2387,1190,2820,2385,1182,98,100,0,500,2856;
@400000005e6f31a52672c24f #d,-,18,2818,2387,1187,468,2,197216,12227,2820,2387,1188,2818,2385,1186,99,100,0,500,2842;
@400000005e6f31a726837f53 #d,-,18,2817,2384,1188,469,2,197222,12227,2818,2387,1188,2817,2384,1185,99,100,0,500,2842;
@400000005e6f31a7268def4a #d,-,18,2815,2386,1194,469,2,197228,12228,2817,2387,1194,2815,2384,1170,99,100,0,500,2840;
@400000005e6f31a9269df11c #d,-,18,2816,2386,1167,470,2,197237,12228,2816,2387,1220,2815,2386,1167,98,100,0,500,2847;
@400000005e6f31a926a83193 #d,-,18,2752,2385,1142,471,2,197230,12228,2816,2386,1167,2752,2385,1132,98,100,0,500,2806;
@400000005e6f31ab26b85e3c #d,-,18,2690,2386,1137,472,2,197222,12227,2752,2386,1143,2690,2383,1131,98,100,0,500,2728;
@400000005e6f31ab26c3571b #d,-,18,2695,2387,1177,473,2,197227,12228,2695,2387,1193,2690,2385,1137,97,100,0,500,2758;
@400000005e6f31ad26d3f474 #d,-,18,2786,2387,1179,473,2,197230,12228,2786,2387,1180,2695,2387,1177,98,100,0,500,2826;
@400000005e6f31ad26de8415 #d,-,18,2787,2387,1181,474,2,197238,12228,2787,2387,1212,2786,2384,1178,98,100,0,500,2824;
@400000005e6f31af26edf58c #d,-,18,2789,2385,1179,475,2,197242,12229,2789,2387,1181,2787,2384,1172,97,100,0,500,2846;
@400000005e6f31af26f8843f #d,-,18,2789,2385,1177,476,2,197246,12229,2789,2386,1179,2789,2385,1176,98,100,0,500,2821;
@400000005e6f31b127095d33 #d,-,18,2787,2386,1178,476,2,197280,12231,2789,2387,1189,2787,2381,1157,99,100,0,500,2810;
@400000005e6f31b12713ad80 #d,-,18,2786,2387,1137,477,2,197278,12231,2787,2387,1179,2786,2386,1129,98,100,0,500,2824;
@400000005e6f31b32723e19c #d,-,18,2686,2387,1156,478,2,197274,12231,2786,2387,1170,2686,2387,1137,98,100,0,500,2726;
@400000005e6f31b3272eea50 #d,-,18,2689,2385,1184,479,2,197273,12230,2689,2387,1193,2686,2385,1130,97,100,0,500,2751;
@400000005e6f31b5273f31fb #d,-,18,2798,2385,1180,479,2,197246,12229,2798,2386,1184,2689,2385,1178,98,100,0,500,2828;
@400000005e6f31b5274a2e93 #d,-,18,2796,2386,1177,480,2,197250,12229,2798,2387,1180,2796,2385,1177,99,100,0,500,2824;
@400000005e6f31b7275b4146 #d,-,18,2795,2388,1177,481,2,197254,12229,2796,2388,1179,2795,2386,1176,99,100,0,500,2819;
@400000005e6f31b72765d4a0 #d,-,18,2793,2388,1206,482,2,197261,12230,2795,2388,1209,2793,2387,1176,99,100,0,500,2819;
@400000005e6f31b92775688d #d,-,18,2796,2386,1185,483,2,197263,12230,2796,2388,1206,2793,2386,1145,98,100,0,500,2847;
@400000005e6f31b9277fffa1 #d,-,18,2793,2385,1172,483,2,197267,12230,2796,2387,1189,2793,2385,1172,99,100,0,500,2808;
@400000005e6f31bb279066f7 #d,-,18,2726,2387,1146,484,3,197260,12230,2793,2387,1172,2726,2385,1129,98,100,0,500,2774;
@400000005e6f31bb279ade61 #d,-,18,2723,2386,1136,485,3,197253,12229,2726,2387,1146,2723,2386,1134,99,100,0,500,2741;
@400000005e6f31bd27aae033 #d,-,18,2723,2386,1202,486,3,197257,12229,2723,2387,1202,2723,2386,1136,99,100,0,500,2749;
@400000005e6f31bd27b5be0f #d,-,18,2795,2386,1173,486,3,197260,12230,2795,2387,1202,2723,2386,1165,98,100,0,500,2833;
@400000005e6f31bf27c66b3e #d,-,18,2791,2386,1172,487,3,197262,12230,2795,2387,1173,2791,2386,1169,99,100,0,500,2805;
@400000005e6f31bf27d11d54 #d,-,18,2788,2386,1169,488,3,197263,12230,2791,2387,1172,2788,2385,1169,99,100,0,500,2803;
@400000005e6f31c127e1d2e5 #d,-,18,2787,2386,1177,489,3,197268,12230,2788,2387,1186,2787,2386,1169,99,100,0,500,2813;
@400000005e6f31c127ec3f22 #d,-,18,2785,2387,1220,489,3,197273,12230,2787,2388,1220,2785,2386,1149,99,100,0,500,2813;
@400000005e6f31c327fcffe0 #d,-,18,2791,2386,1143,490,3,197276,12231,2791,2388,1220,2785,2384,1143,97,100,0,500,2858;
@400000005e6f31c32807502c #d,-,18,2716,2386,1141,491,3,197269,12230,2791,2387,1143,2716,2386,1133,98,100,0,500,2758;
@400000005e6f31c5281761d3 #d,-,18,2713,2386,1141,492,3,197263,12230,2716,2386,1143,2713,2385,1139,99,100,0,500,2732;
@400000005e6f31c52822955e #d,-,18,2710,2384,1141,492,3,197256,12229,2713,2386,1142,2710,2383,1139,99,100,0,500,2730;
@400000005e6f31c72833006d #d,-,18,2710,2388,1166,493,3,197254,12229,2710,2388,1172,2710,2383,1141,99,100,0,500,2735;
@400000005e6f31c7283db284 #d,-,18,2715,2388,1152,494,3,197252,12229,2715,2388,1173,2710,2387,1142,97,100,0,500,2792;
@400000005e6f31c9284e6814 #d,-,18,2715,2386,1148,495,3,197278,12231,2715,2389,1154,2715,2386,1147,98,100,0,500,2751;
@400000005e6f31c92858c836 #d,-,18,2714,2387,1149,495,3,197274,12231,2715,2387,1151,2714,2386,1147,98,100,0,500,2751;
@400000005e6f31cb28698180 #d,-,18,2714,2387,1149,496,3,197270,12230,2714,2387,1149,2714,2386,1147,98,100,0,500,2751;
@400000005e6f31cb2873aaaf #d,-,18,2714,2384,1157,497,3,197266,12230,2714,2387,1157,2714,2384,1148,98,100,0,500,2751;
@400000005e6f31cd28847015 #d,-,18,2719,2389,1147,498,3,197234,12228,2719,2390,1182,2714,2384,1141,97,100,0,500,2783;
@400000005e6f31cd288ec7d5 #d,-,18,2718,2388,1149,498,3,197260,12230,2719,2389,1152,2718,2388,1147,98,100,0,500,2751;
@400000005e6f31cf289f378c #d,-,18,2717,2389,1149,499,3,197256,12229,2718,2390,1150,2717,2388,1148,98,100,0,500,2751;
@400000005e6f31cf28a9f4d0 #d,-,18,2717,2388,1149,500,3,197222,12227,2717,2389,1149,2717,2387,1148,98,100,0,500,2753;
@400000005e6f31d128bab2c2 #d,-,18,2717,2388,1149,501,3,197219,12227,2717,2389,1149,2717,2387,1146,98,100,0,500,2753;
@400000005e6f31d128c53559 #d,-,18,2720,2387,1145,502,3,197218,12227,2720,2388,1179,2717,2387,1141,97,100,0,500,2778;
@400000005e6f31d328d61207 #d,-,18,2719,2387,1149,502,3,197214,12227,2720,2388,1151,2719,2387,1145,98,100,0,500,2753;
@400000005e6f31d328e0bcab #d,-,18,2719,2387,1149,503,3,197210,12227,2719,2388,1150,2719,2386,1148,98,100,0,500,2753;
@400000005e6f31d528f190f7 #d,-,18,2718,2388,1177,504,3,197208,12226,2719,2389,1177,2718,2387,1147,98,100,0,500,2749;
@400000005e6f31d528fc0d09 #d,-,18,2794,2388,1190,505,3,197216,12227,2794,2388,1196,2718,2387,1177,99,100,0,500,2821;
@400000005e6f31d7290d0c2d #d,-,18,2800,2386,1183,505,3,197226,12228,2800,2388,1222,2794,2386,1182,97,100,0,500,2870;
@400000005e6f31d729174d93 #d,-,18,2802,2387,1190,506,3,197233,12228,2802,2387,1191,2800,2386,1183,98,100,0,500,2858;
@400000005e6f31d929276a67 #d,-,18,2803,2387,1188,507,3,197239,12228,2803,2387,1190,2802,2386,1188,98,100,0,500,2847;
@400000005e6f31d929326e72 #d,-,18,2804,2388,1193,508,3,197246,12229,2804,2388,1193,2803,2386,1185,98,100,0,500,2849;
@400000005e6f31db29434b20 #d,-,18,2806,2388,1174,508,3,197251,12229,2806,2388,1194,2804,2388,1174,98,100,0,500,2851;
@400000005e6f31db294df97d #d,-,18,2752,2388,1130,509,3,197247,12229,2806,2388,1174,2752,2388,1130,98,100,0,500,2792;
@400000005e6f31dd295eba3b #d,-,18,2696,2387,1135,510,3,197240,12228,2752,2388,1140,2696,2387,1129,98,100,0,500,2741;
@400000005e6f31dd296916a3 #d,-,18,2699,2387,1178,511,3,197242,12229,2699,2388,1188,2696,2387,1135,98,100,0,500,2748;
@400000005e6f31df2979d84f #d,-,18,2789,2387,1178,511,3,197246,12229,2789,2387,1182,2699,2383,1178,98,100,0,500,2828;
@400000005e6f31df29841153 #d,-,18,2788,2386,1178,512,3,197250,12229,2789,2387,1179,2788,2386,1176,98,100,0,500,2822;
@400000005e6f31e129948ff1 #d,-,18,2789,2386,1177,513,3,197257,12229,2789,2387,1209,2788,2386,1177,98,100,0,500,2828;
@400000005e6f31e1299f97b6 #d,-,18,2791,2387,1178,514,3,197260,12230,2791,2387,1180,2789,2384,1171,98,100,0,500,2844;
@400000005e6f31e329b01eb6 #d,-,18,2789,2386,1181,514,3,197264,12230,2791,2388,1186,2789,2386,1167,99,100,0,500,2815;
@400000005e6f31e329babd3e #d,-,18,2790,2387,1132,515,3,197262,12230,2790,2387,1182,2789,2386,1129,98,100,0,500,2828;
@400000005e6f31e529cb7dfb #d,-,18,2684,2385,1143,516,3,197255,12229,2790,2388,1143,2684,2383,1132,98,100,0,500,2732;
@400000005e6f31e529d5edf2 #d,-,18,2685,2384,1200,517,3,197258,12230,2685,2387,1222,2684,2384,1138,98,100,0,500,2728;
@400000005e6f31e729e5d4c2 #d,-,18,2814,2383,1182,518,3,197261,12230,2814,2385,1200,2685,2383,1172,99,100,0,500,2842;
@400000005e6f31e729f00653 #d,-,18,2811,2381,1180,518,3,197265,12230,2814,2384,1182,2811,2381,1178,99,100,0,500,2828;
@400000005e6f31e92a003a6f #d,-,18,2807,2384,1180,519,3,197268,12230,2811,2385,1182,2807,2381,1177,99,100,0,500,2817;
@400000005e6f31e92a0b3707 #d,-,18,2804,2384,1179,520,3,197272,12230,2807,2385,1180,2804,2383,1176,99,100,0,500,2821;
@400000005e6f31eb2a1b38d9 #d,-,18,2802,2386,1183,521,3,197275,12231,2804,2386,1191,2802,2384,1172,99,100,0,500,2819;
@400000005e6f31eb2a264811 #d,-,18,2801,2385,1180,521,3,197280,12231,2802,2386,1187,2801,2385,1180,99,100,0,500,2829;
@400000005e6f31ed2a372106 #d,-,18,2743,2385,1142,522,3,197274,12231,2801,2386,1180,2743,2384,1129,98,100,0,500,2792;
@400000005e6f31ed2a418d43 #d,-,18,2690,2384,1138,523,3,197296,12232,2743,2386,1142,2690,2384,1138,98,100,0,500,2724;
@400000005e6f31ef2a526903 #d,-,18,2695,2385,1180,524,3,197299,12232,2695,2385,1193,2690,2383,1138,97,100,0,500,2764;
@400000005e6f31ef2a5cca13 #d,-,18,2789,2385,1220,525,3,197306,12233,2789,2385,1220,2695,2384,1179,98,100,0,500,2826;
@400000005e6f31f12a6d9e5f #d,-,18,2793,2385,1182,525,3,197311,12233,2793,2385,1220,2789,2385,1174,97,100,0,500,2862;
@400000005e6f31f12a77d763 #d,-,18,2793,2383,1181,526,3,197315,12233,2793,2385,1184,2793,2383,1179,98,100,0,500,2824;
@400000005e6f31f32a87c5a6 #d,-,18,2792,2382,1182,527,3,197318,12233,2793,2383,1182,2792,2382,1179,98,100,0,500,2824;
@400000005e6f31f32a92d5cd #d,-,18,2789,2383,1184,528,3,197293,12232,2792,2384,1191,2789,2382,1151,99,100,0,500,2808;
@400000005e6f31f52aa38b5e #d,-,18,2791,2383,1163,528,3,197295,12232,2791,2384,1184,2789,2382,1157,98,100,0,500,2833;
@400000005e6f31f52aae3159 #d,-,18,2728,2383,1142,529,3,197289,12231,2791,2384,1166,2728,2383,1134,98,100,0,500,2776;
@400000005e6f31f72abee6ea #d,-,18,2723,2386,1139,530,3,197283,12231,2728,2386,1142,2723,2383,1139,99,100,0,500,2726;
@400000005e6f31f72ac95327 #d,-,18,2719,2386,1157,531,3,197278,12231,2723,2387,1157,2719,2386,1137,99,100,0,500,2728;
@400000005e6f31f92ad9f43a #d,-,18,2720,2387,1143,531,3,197303,12232,2720,2387,1173,2719,2386,1142,98,100,0,500,2764;
@400000005e6f31f92ae45904 #d,-,18,2718,2384,1187,532,3,197300,12232,2720,2388,1187,2718,2384,1142,99,100,0,500,2739;
@400000005e6f31fb2af47d4b #d,-,18,2723,2386,1150,533,3,197271,12230,2723,2386,1195,2718,2383,1141,97,100,0,500,2796;
@400000005e6f31fb2affb0d6 #d,-,18,2721,2386,1151,534,3,197267,12230,2723,2386,1152,2721,2385,1148,99,100,0,500,2746;
@400000005e6f31fd2b0fa68c #d,-,18,2721,2385,1151,534,3,197263,12230,2721,2387,1152,2721,2383,1149,98,100,0,500,2755;
@400000005e6f31fd2b1aaf40 #d,-,18,2720,2385,1150,535,3,197259,12230,2721,2386,1152,2720,2385,1149,98,100,0,500,2755;
@400000005e6f31ff2b2b5053 #d,-,18,2720,2387,1164,536,3,197257,12229,2720,2387,1164,2720,2385,1150,98,100,0,500,2755;
@400000005e6f31ff2b35c4f2 #d,-,18,2724,2387,1149,537,3,197255,12229,2724,2387,1181,2720,2384,1144,97,100,0,500,2785;
@400000005e6f32012b467d4e #d,-,18,2722,2386,1150,537,3,197252,12229,2724,2388,1152,2722,2386,1149,98,100,0,500,2751;
@400000005e6f32012b5137c6 #d,-,18,2722,2383,1152,538,3,197248,12229,2722,2387,1152,2722,2383,1149,98,100,0,500,2755;
@400000005e6f32032b61dd82 #d,-,18,2721,2384,1151,539,3,197245,12229,2722,2385,1154,2721,2383,1149,98,100,0,500,2753;
@400000005e6f32032b6c1a40 #d,-,18,2720,2385,1152,540,3,197241,12228,2721,2385,1152,2720,2384,1150,98,100,0,500,2753;
@400000005e6f32052b7c282d #d,-,18,2724,2385,1148,540,3,197241,12228,2724,2386,1182,2720,2384,1143,97,100,0,500,2781;
@400000005e6f32052b87349a #d,-,18,2722,2384,1149,541,3,197237,12228,2724,2386,1152,2722,2384,1148,98,100,0,500,2753;
@400000005e6f32072b985722 #d,-,18,2722,2386,1191,542,3,197237,12228,2722,2387,1191,2722,2384,1148,98,100,0,500,2751;
@400000005e6f32072ba2c270 #d,-,18,2803,2386,1191,543,3,197244,12229,2803,2387,1198,2722,2386,1190,99,100,0,500,2829;
@400000005e6f32092bb36cd4 #d,-,18,2804,2386,1191,543,3,197250,12229,2804,2387,1191,2803,2386,1190,98,100,0,500,2851;
@400000005e6f32092bbde7f8 #d,-,18,2809,2386,1186,544,3,197258,12230,2809,2386,1222,2804,2385,1183,97,100,0,500,2870;
Lost connection at /opt/powertools/bin/wattsup1 line 220.
	main::failure('Lost connection') called at /opt/powertools/bin/wattsup1 line 271
	main::recv_msg() called at /opt/powertools/bin/wattsup1 line 504
