@400000005e1d72ee29f3881e #v,-,8,2,261786,5,2,4,57,200810261703,0;
@400000005e1d72ef18439bd4 #h,-,18,W,V,A,WH,Cost,WH/Mo,Cost/Mo,Wmax,Vmax,Amax,Wmin,Vmin,Amin,PF,DC,PC,Hz,VA;
@400000005e1d72ef1e512f17 #f,-,48,231,436,1,4775,0,0,65533,0,199,810,237,17949,177,311,4753,4,92217,151,32123,69906,40,694,17008,0,93,1,4659,0,0,65533,0,199,822,242,18484,171,318,5362,2,92206,150,32190,70407,42,536,17029,0,92;
@400000005e1d72f11e635752 #d,-,18,2437,2342,1129,1,0,181725,11266,2438,2343,1137,2437,2341,1128,90,100,0,500,2697;
@400000005e1d72f31e71a813 #d,-,18,2437,2343,1135,1,0,179354,11119,2437,2343,1137,2437,2341,1129,90,100,0,500,2699;
@400000005e1d72f31e7a3b34 #d,-,18,2436,2342,1130,2,0,173788,10774,2437,2343,1138,2436,2342,1128,90,100,0,500,2694;
@400000005e1d72f51e874333 #d,-,18,2435,2341,1130,3,0,173837,10777,2436,2343,1137,2435,2341,1126,90,100,0,500,2697;
@400000005e1d72f51e903f91 #d,-,18,2434,2340,1131,3,0,173916,10782,2435,2342,1138,2434,2340,1127,90,100,0,500,2689;
@400000005e1d72f71e9e2626 #d,-,18,2433,2340,1130,4,0,173933,10783,2434,2341,1135,2433,2340,1128,90,100,0,500,2692;
@400000005e1d72f71ea69a8b #d,-,18,2432,2341,1132,5,0,173946,10784,2433,2341,1135,2432,2339,1128,90,100,0,500,2692;
@400000005e1d72f91eb3d11b #d,-,18,2431,2344,1136,5,0,173972,10786,2432,2344,1136,2431,2341,1127,90,100,0,500,2694;
@400000005e1d72f91ebc9002 #d,-,18,2431,2344,1127,6,0,173992,10787,2431,2344,1137,2431,2343,1127,90,100,0,500,2692;
@400000005e1d72fb1ec9af4a #d,-,18,2430,2343,1133,7,0,174009,10788,2431,2344,1136,2430,2343,1125,90,100,0,500,2697;
@400000005e1d72fb1ed2a7ee #d,-,18,2430,2344,1129,7,0,174047,10790,2430,2344,1137,2430,2342,1128,90,100,0,500,2694;
@400000005e1d72fd1ee0192a #d,-,18,2431,2342,1138,8,0,174101,10794,2431,2344,1138,2430,2342,1129,90,100,0,500,2701;
@400000005e1d72fd1ee8ac4b #d,-,18,2431,2343,1128,9,0,174127,10795,2431,2343,1138,2431,2341,1126,90,100,0,500,2697;
@400000005e1d72ff1ef5008c #d,-,18,2431,2344,1135,9,0,174178,10799,2431,2344,1136,2431,2343,1128,90,100,0,500,2701;
@400000005e1d72ff1efe204d #d,-,18,2431,2344,1134,10,0,174205,10800,2431,2345,1138,2431,2343,1129,90,100,0,500,2697;
@400000005e1d73011f15042f #d,-,18,2432,2343,1135,11,0,174237,10802,2432,2344,1139,2431,2343,1130,90,100,0,500,2699;
@400000005e1d73011f24cf0e #d,-,18,2432,2344,1134,11,0,174266,10804,2432,2344,1139,2432,2343,1129,90,100,0,500,2701;
@400000005e1d73031f351b61 #d,-,18,2952,2339,1899,12,0,178159,11045,2952,2344,1899,2432,2339,1134,96,100,0,500,3052;
@400000005e1d73031f3e4650 #d,-,18,3717,2339,1865,14,0,184182,11419,3717,2340,1932,2952,2339,1773,93,100,0,500,3979;
@400000005e1d73051f4df62d #d,-,18,4308,2336,1911,15,0,190328,11800,4308,2340,1947,3717,2336,1865,96,100,0,500,4460;
@400000005e1d73051f5777b9 #d,-,18,4403,2336,1941,16,0,196243,12167,4403,2337,1968,4308,2335,1911,96,100,0,500,4548;
@400000005e1d73071f66b23d #d,-,18,4469,2337,1939,17,0,201516,12494,4469,2337,1989,4403,2336,1902,97,100,0,500,4600;
@400000005e1d73071f706702 #d,-,18,4399,2336,1926,19,0,206327,12792,4469,2337,1942,4399,2336,1922,96,100,0,500,4552;
@400000005e1d73091f7f0c83 #d,-,18,4402,2336,1937,20,0,210777,13068,4402,2336,1938,4399,2335,1926,96,100,0,500,4564;
@400000005e1d73091f88d02e #d,-,18,4404,2339,1933,21,0,214870,13322,4404,2339,1937,4402,2336,1926,96,100,0,500,4559;
@400000005e1d730b1f98517a #d,-,18,4406,2340,1937,22,0,218677,13558,4406,2340,1941,4404,2339,1929,96,100,0,500,4564;
@400000005e1d730b1fa2116c #d,-,18,4409,2338,1938,23,0,222218,13777,4409,2340,1938,4406,2338,1929,96,100,0,500,4569;
@400000005e1d730d1fb18e10 #d,-,18,4411,2338,1934,25,0,226294,14030,4411,2339,1941,4409,2337,1932,96,100,0,500,4571;
@400000005e1d730d1fbb2b8c #d,-,18,4414,2338,1940,26,0,229361,14220,4414,2339,1941,4411,2337,1930,96,100,0,500,4576;
@400000005e1d730f1fc9cd54 #d,-,18,4416,2338,1941,27,0,231503,14353,4416,2340,1945,4414,2338,1934,96,100,0,500,4574;
@400000005e1d730f1fd3a48e #d,-,18,4419,2336,1942,28,0,234976,14568,4419,2339,1946,4416,2336,1937,96,100,0,500,4588;
@400000005e1d73111fe2cb84 #d,-,18,4422,2337,1942,30,0,236814,14682,4422,2337,1946,4419,2336,1936,96,100,0,500,4583;
@400000005e1d73111fece986 #d,-,18,4425,2338,1940,31,0,239938,14876,4425,2339,1947,4422,2336,1937,96,100,0,500,4588;
@400000005e1d73131ffc2050 #d,-,18,4428,2339,1952,32,0,241541,14975,4428,2339,1952,4425,2338,1937,96,100,0,500,4590;
@400000005e1d73132005b924 #d,-,18,4432,2338,1944,33,0,243735,15111,4432,2339,1956,4428,2337,1944,96,100,0,500,4602;
@400000005e1d73152014f3a9 #d,-,18,4436,2338,1951,35,0,245804,15239,4436,2339,1951,4432,2338,1942,96,100,0,500,4604;
@400000005e1d7315201e9036 #d,-,18,4438,2340,1952,36,0,247764,15361,4438,2340,1952,4436,2337,1944,96,100,0,500,4602;
@400000005e1d7317202d7c7f #d,-,18,4442,2339,1951,37,0,249646,15478,4442,2340,1956,4438,2339,1948,96,100,0,500,4612;
@400000005e1d7317203729d1 #d,-,18,4445,2338,1955,38,0,251426,15588,4445,2339,1956,4442,2337,1946,96,100,0,500,4609;
@400000005e1d7319204594a6 #d,-,18,4448,2339,1952,40,0,253128,15693,4448,2339,1957,4445,2338,1945,96,100,0,500,4612;
@400000005e1d7319204fe99a #d,-,18,4452,2337,1964,41,0,254772,15795,4452,2339,1964,4448,2337,1950,96,100,0,500,4616;
@400000005e1d731b205f27d8 #d,-,18,4456,2338,1955,42,0,256336,15892,4456,2338,1964,4452,2337,1952,96,100,0,500,4626;
@400000005e1d731b2068e410 #d,-,18,4459,2339,1961,43,0,257833,15985,4459,2339,1964,4456,2338,1952,96,100,0,500,4626;
@400000005e1d731d2077f3bd #d,-,18,4463,2336,1958,45,0,259264,16074,4463,2339,1964,4459,2336,1955,96,100,0,500,4626;
@400000005e1d731d2081bedc #d,-,18,4465,2337,1959,46,0,260632,16159,4465,2338,1964,4463,2336,1954,96,100,0,500,4626;
@400000005e1d731f209088b0 #d,-,18,4468,2338,1961,47,0,262500,16275,4468,2338,1964,4465,2336,1956,96,100,0,500,4626;
@400000005e1d731f209a44e8 #d,-,18,4470,2338,1961,48,0,263750,16352,4470,2338,1966,4468,2337,1958,96,100,0,500,4628;
@400000005e1d732120a92c89 #d,-,18,4473,2337,1975,49,0,264427,16394,4473,2338,1975,4470,2337,1961,96,100,0,500,4633;
@400000005e1d732120b2ca05 #d,-,18,4477,2338,1964,51,0,266134,16500,4477,2338,1975,4473,2337,1963,96,100,0,500,4647;
@400000005e1d732320c16813 #d,-,18,4480,2337,1968,52,0,267259,16570,4480,2338,1972,4477,2337,1963,96,100,0,500,4645;
@400000005e1d732320cba117 #d,-,18,4482,2335,1968,53,0,267822,16605,4482,2337,1972,4480,2335,1961,96,100,0,500,4640;
@400000005e1d732520d9fd05 #d,-,18,4484,2336,1964,54,0,269381,16701,4484,2336,1971,4482,2334,1961,96,100,0,500,4642;
@400000005e1d732520e36b02 #d,-,18,4486,2338,1970,56,0,270381,16763,4486,2339,1970,4484,2336,1962,96,100,0,500,4642;
@400000005e1d732720f291f8 #d,-,18,4489,2337,1964,57,0,270851,16792,4489,2338,1970,4486,2335,1962,96,100,0,500,4642;
@400000005e1d732720fbc902 #d,-,18,4490,2338,1969,58,0,271790,16850,4490,2338,1971,4489,2336,1961,96,100,0,500,4642;
@400000005e1d7329210a1161 #d,-,18,4491,2340,1966,59,0,272695,16907,4491,2340,1969,4490,2338,1960,96,100,0,500,4642;
@400000005e1d73292114331d #d,-,18,4492,2340,1965,61,0,273567,16961,4492,2340,1967,4491,2339,1959,96,100,0,500,4642;
@400000005e1d732b2123662e #d,-,18,4494,2342,1965,62,0,274410,17013,4494,2342,1969,4492,2339,1958,96,100,0,500,4642;
@400000005e1d732b212d0b1d #d,-,18,4494,2340,1890,63,0,275188,17061,4494,2342,1966,4494,2339,1890,96,100,0,500,4642;
@400000005e1d732d21494cb2 #d,-,18,4288,2343,1713,64,0,275431,17076,4494,2343,1890,4288,2340,1711,96,100,0,500,4462;
@400000005e1d732d215f236d #d,-,18,3479,2344,1190,65,0,274682,17030,4288,2344,1713,3479,2343,1190,91,100,0,500,3808;
@400000005e1d732f216f5b43 #d,-,18,3096,2343,1105,66,0,273283,16943,3479,2345,1769,3096,2342,1082,95,100,0,500,3251;
@400000005e1d732f2177fe39 #d,-,18,2537,2345,1174,67,0,272323,16884,3096,2345,1218,2537,2343,1105,88,100,0,500,2870;
@400000005e1d73312186988d #d,-,18,2538,2342,1171,67,0,270521,16772,2538,2345,1179,2537,2342,1168,90,100,0,500,2798;
@400000005e1d7331218ffa6f #d,-,18,2537,2343,1167,68,0,269172,16688,2538,2343,1173,2537,2341,1164,91,100,0,500,2787;
@400000005e1d7333219f29c6 #d,-,18,2535,2344,1160,69,0,267853,16606,2537,2344,1168,2535,2343,1160,91,100,0,500,2779;
@400000005e1d733321a860d0 #d,-,18,2533,2342,1160,69,0,266566,16527,2535,2344,1165,2533,2341,1158,91,100,0,500,2770;
@400000005e1d733521b6e795 #d,-,18,2529,2343,1159,70,0,265304,16448,2533,2343,1161,2529,2341,1155,91,100,0,500,2761;
@400000005e1d733521c045bd #d,-,18,2526,2341,1154,71,0,264078,16372,2529,2343,1163,2526,2341,1153,91,100,0,500,2758;
@400000005e1d733721cf072f #d,-,18,2521,2342,1155,72,0,262870,16297,2526,2342,1155,2521,2341,1145,91,100,0,500,2746;
@400000005e1d733721d85a2a #d,-,18,2516,2343,1154,72,0,261704,16225,2521,2343,1160,2516,2342,1151,91,100,0,500,2744;
@400000005e1d733921e727b7 #d,-,18,2514,2343,1159,73,0,260571,16155,2516,2343,1159,2514,2341,1152,91,100,0,500,2751;
@400000005e1d733921f06635 #d,-,18,2511,2345,1156,74,0,259818,16108,2514,2345,1159,2511,2342,1154,91,100,0,500,2751;
@400000005e1d733b21feecfa #d,-,18,2509,2345,1157,74,0,258399,16020,2511,2345,1159,2509,2342,1153,91,100,0,500,2753;
@400000005e1d733b22088e30 #d,-,18,2507,2344,1151,75,0,257347,15955,2509,2345,1157,2507,2342,1148,91,100,0,500,2753;
@400000005e1d733d22179ddd #d,-,18,2503,2344,1149,76,0,256318,15891,2507,2344,1156,2503,2343,1148,91,100,0,500,2742;
@400000005e1d733d2220c512 #d,-,18,2501,2346,1150,76,0,255644,15849,2503,2346,1155,2501,2343,1147,91,100,0,500,2744;
@400000005e1d733f222e9819 #d,-,18,2498,2347,1148,77,0,254332,15768,2501,2347,1150,2498,2345,1144,91,100,0,500,2737;
@400000005e1d733f22386426 #d,-,18,2495,2347,1150,78,0,253377,15709,2498,2348,1152,2495,2346,1146,91,100,0,500,2739;
@400000005e1d7341224715c3 #d,-,18,2493,2348,1147,78,0,252446,15651,2495,2349,1152,2493,2347,1147,91,100,0,500,2739;
@400000005e1d734122506504 #d,-,18,2491,2348,1150,79,0,251540,15595,2493,2348,1151,2491,2347,1147,90,100,0,500,2742;
@400000005e1d7343225ea501 #d,-,18,2490,2347,1147,80,0,250649,15540,2491,2348,1151,2490,2347,1146,90,100,0,500,2737;
@400000005e1d73432267d0de #d,-,18,2487,2348,1145,81,0,249774,15486,2490,2348,1148,2487,2347,1144,90,100,0,500,2737;
@400000005e1d734522763440 #d,-,18,2485,2345,1669,81,0,249407,15463,2487,2348,1790,2485,2344,1145,90,100,0,500,2732;
@400000005e1d7345227eeac4 #d,-,18,3429,2341,1754,82,0,249525,15470,3429,2347,1901,2485,2341,1231,98,100,0,500,3498;
@400000005e1d7347228e3c91 #d,-,18,4040,2338,1963,84,0,250243,15515,4040,2341,1968,3429,2337,1754,95,100,0,500,4209;
@400000005e1d73472297d565 #d,-,18,4533,2338,2020,85,0,251178,15573,4533,2338,2034,4040,2337,1963,97,100,0,500,4640;
@400000005e1d734922a6ba3b #d,-,18,4533,2337,1925,86,0,251926,15619,4533,2338,2020,4533,2337,1911,96,100,0,500,4699;
@400000005e1d734922b02838 #d,-,18,4419,2337,1930,87,0,252648,15664,4533,2339,1933,4419,2337,1925,96,100,0,500,4559;
@400000005e1d734b22bf8620 #d,-,18,4418,2337,1937,89,0,253360,15708,4419,2337,1937,4418,2336,1928,96,100,0,500,4555;
@400000005e1d734b22c7a7a2 #d,-,18,4418,2339,1938,90,0,254065,15752,4418,2339,1939,4418,2337,1932,96,100,0,500,4569;
@400000005e1d734d22d6a3c0 #d,-,18,4420,2339,1938,91,0,254755,15794,4420,2339,1940,4418,2338,1931,96,100,0,500,4571;
@400000005e1d734d22e04c69 #d,-,18,4421,2338,1935,92,0,255435,15837,4421,2340,1941,4420,2337,1935,96,100,0,500,4576;
@400000005e1d734f22ef2523 #d,-,18,4423,2337,1936,93,0,256097,15878,4423,2339,1939,4421,2337,1934,96,100,0,500,4574;
@400000005e1d734f22f83d72 #d,-,18,4424,2338,1942,95,0,256750,15918,4424,2339,1947,4423,2337,1933,96,100,0,500,4576;
@400000005e1d735123078323 #d,-,18,4426,2337,1947,96,0,257399,15958,4426,2339,1948,4424,2337,1941,96,100,0,500,4585;
@400000005e1d7351230f95be #d,-,18,4429,2337,1940,97,0,258029,15997,4429,2338,1947,4426,2336,1940,96,100,0,500,4590;
@400000005e1d7353231f2e52 #d,-,18,4431,2338,1945,98,0,258650,16036,4431,2338,1946,4429,2337,1939,96,100,0,500,4585;
@400000005e1d735323287178 #d,-,18,4433,2337,1946,100,0,259265,16074,4433,2339,1949,4431,2336,1943,96,100,0,500,4593;
@400000005e1d73552338a594 #d,-,18,4436,2336,1949,101,0,260127,16127,4436,2337,1954,4433,2334,1945,96,100,0,500,4597;
@400000005e1d73552342333b #d,-,18,4439,2336,1950,102,0,260716,16164,4439,2337,1950,4436,2335,1946,96,100,0,500,4600;
@400000005e1d73572351ac26 #d,-,18,4441,2334,1954,103,0,261044,16184,4441,2336,1956,4439,2333,1948,96,100,0,500,4597;
@400000005e1d7357235b64a4 #d,-,18,4444,2334,1956,104,0,261620,16220,4444,2336,1957,4441,2334,1951,96,100,0,500,4607;
@400000005e1d7359236ab671 #d,-,18,4446,2336,1952,106,0,262183,16255,4446,2336,1956,4444,2334,1950,96,100,0,500,4609;
@400000005e1d7359237345d8 #d,-,18,4449,2335,1958,107,0,262992,16305,4449,2337,1965,4446,2335,1952,96,100,0,500,4612;
@400000005e1d735b237f2879 #d,-,18,4454,2335,1959,108,0,263303,16324,4454,2336,1965,4449,2334,1957,96,100,0,500,4628;
@400000005e1d735b2387b426 #d,-,18,4458,2338,1961,109,0,263849,16358,4458,2338,1964,4454,2334,1957,96,100,0,500,4628;
@400000005e1d735d23962ed0 #d,-,18,4461,2336,1965,111,0,264628,16406,4461,2338,1965,4458,2336,1956,96,100,0,500,4623;
@400000005e1d735d239fdfdb #d,-,18,4464,2334,1958,112,0,265151,16439,4464,2337,1965,4461,2334,1956,96,100,0,500,4626;
@400000005e1d735f23aff8f6 #d,-,18,4466,2333,1963,113,0,265427,16456,4466,2335,1965,4464,2333,1958,96,100,0,500,4623;
@400000005e1d735f23b94faa #d,-,18,4469,2334,1966,114,0,266171,16502,4469,2334,1967,4466,2332,1957,96,100,0,500,4628;
@400000005e1d736123c87a59 #d,-,18,4471,2333,1963,116,0,266431,16518,4471,2334,1966,4469,2333,1954,96,100,0,500,4626;
@400000005e1d736123d25193 #d,-,18,4472,2335,1966,117,0,267157,16563,4472,2335,1972,4471,2333,1958,96,100,0,500,4626;
@400000005e1d736323e23fd6 #d,-,18,4475,2334,1971,118,0,267648,16594,4475,2335,1977,4472,2334,1964,96,100,0,500,4635;
@400000005e1d736323eb76e1 #d,-,18,4479,2334,1971,119,0,268128,16623,4479,2335,1973,4475,2334,1961,96,100,0,500,4642;
@400000005e1d736523fb0713 #d,-,18,4481,2335,1961,121,0,268596,16653,4481,2335,1973,4479,2334,1958,96,100,0,500,4638;
@400000005e1d736524047510 #d,-,18,4482,2335,1967,122,0,269058,16681,4482,2336,1972,4481,2334,1959,96,100,0,500,4633;
@400000005e1d73672412e48d #d,-,18,4484,2335,1973,123,0,269512,16709,4484,2335,1974,4482,2334,1959,96,100,0,500,4635;
@400000005e1d7367241c43a3 #d,-,18,4485,2333,1966,124,0,269732,16723,4485,2335,1975,4484,2333,1959,96,100,0,500,4638;
@400000005e1d7369242b13fc #d,-,18,4486,2335,1962,126,0,270395,16764,4486,2335,1976,4485,2333,1958,96,100,0,500,4638;
@400000005e1d736924349588 #d,-,18,4487,2334,1969,127,0,270606,16777,4487,2335,1977,4486,2334,1957,96,100,0,500,4633;
@400000005e1d736b2443c898 #d,-,18,4489,2334,1969,128,0,271032,16804,4489,2335,1976,4487,2334,1956,96,100,0,500,4638;
@400000005e1d736b244d74fb #d,-,18,4489,2334,1957,129,0,271448,16829,4489,2335,1972,4489,2332,1957,96,100,0,500,4635;
@400000005e1d736d245cabc6 #d,-,18,4489,2334,1965,131,0,271859,16855,4489,2335,1971,4489,2333,1956,96,100,0,500,4630;
@400000005e1d736d24635a9d #d,-,18,4490,2332,1973,132,0,272267,16880,4490,2334,1973,4489,2332,1958,96,100,0,500,4630;
@400000005e1d736f24713d79 #d,-,18,4491,2335,1970,133,0,272673,16905,4491,2335,1978,4490,2332,1966,96,100,0,500,4640;
@400000005e1d736f247ab2e9 #d,-,18,4210,2337,1474,134,0,272592,16900,4491,2337,1970,4210,2335,1474,95,100,0,500,4422;
@400000005e1d737124898430 #d,-,18,3174,2335,1690,135,0,272422,16890,4210,2338,1735,3174,2335,1241,91,100,0,500,3469;
@400000005e1d73712492b00d #d,-,18,2952,2337,1216,136,0,271689,16844,3174,2338,1690,2952,2335,1068,91,100,0,500,3216;
@400000005e1d737324a126fd #d,-,18,2483,2336,1179,136,0,270806,16789,2952,2337,1217,2483,2336,1169,90,100,0,500,2730;
@400000005e1d737324aa9c6e #d,-,18,2551,2335,1172,137,0,270340,16761,2551,2336,1182,2483,2335,1172,91,100,0,500,2803;
@400000005e1d737524b9df54 #d,-,18,2548,2336,1169,138,0,269469,16707,2551,2337,1175,2548,2335,1168,91,100,0,500,2784;
@400000005e1d737524c31dd1 #d,-,18,2545,2336,1165,138,0,268806,16665,2548,2336,1170,2545,2335,1164,91,100,0,500,2777;
@400000005e1d737724d2f4cc #d,-,18,2541,2335,1163,139,0,268151,16625,2545,2336,1170,2541,2329,1163,91,100,0,500,2768;
@400000005e1d737724dc148d #d,-,18,2537,2335,1163,140,0,267502,16585,2541,2335,1165,2537,2334,1160,91,100,0,500,2765;
@400000005e1d737924eb5685 #d,-,18,2533,2334,1159,141,0,267054,16557,2537,2335,1165,2533,2333,1158,91,100,0,500,2756;
@400000005e1d737924f50f03 #d,-,18,2528,2334,1155,141,0,266410,16517,2533,2334,1159,2528,2333,1150,91,100,0,500,2749;
@400000005e1d737b2504fd46 #d,-,18,2522,2334,1156,142,0,265780,16478,2528,2335,1159,2522,2333,1154,92,100,0,500,2739;
@400000005e1d737b250ec954 #d,-,18,2519,2336,1155,143,0,265157,16439,2522,2337,1160,2519,2334,1153,91,100,0,500,2746;
@400000005e1d737d251d9a9a #d,-,18,2514,2335,1149,143,0,264350,16389,2519,2337,1157,2514,2335,1148,91,100,0,500,2739;
@400000005e1d737d2526be16 #d,-,18,2510,2336,1150,144,0,263743,16352,2514,2336,1153,2510,2335,1148,91,100,0,500,2732;
@400000005e1d737f25358ab5 #d,-,18,2505,2336,1146,145,0,263137,16314,2510,2337,1150,2505,2335,1144,91,100,0,500,2730;
@400000005e1d737f253f2477 #d,-,18,2500,2336,1149,145,0,262540,16277,2505,2337,1150,2500,2335,1144,91,100,0,500,2720;
@400000005e1d7381254f3d92 #d,-,18,2497,2336,1141,146,0,261950,16240,2500,2336,1151,2497,2335,1140,91,100,0,500,2725;
@400000005e1d73812558610d #d,-,18,2492,2336,1145,147,0,261365,16204,2497,2337,1146,2492,2336,1141,91,100,0,500,2718;
@400000005e1d7383256862df #d,-,18,2488,2338,1148,147,0,260791,16169,2492,2338,1149,2488,2335,1144,91,100,0,500,2718;
@400000005e1d738325719da3 #d,-,18,2485,2340,1147,148,0,260399,16144,2488,2340,1149,2485,2338,1144,91,100,0,500,2720;
@400000005e1d73852580b5b1 #d,-,18,2482,2336,1144,149,0,259834,16109,2485,2340,1147,2482,2336,1141,91,100,0,500,2720;
@400000005e1d73852589f7e9 #d,-,18,2478,2336,1143,149,0,259275,16075,2482,2337,1145,2478,2336,1142,91,100,0,500,2715;
@400000005e1d73872598aa74 #d,-,18,2475,2336,1744,150,0,258873,16050,2478,2339,1744,2475,2336,1140,91,100,0,500,2715;
@400000005e1d738725a1cdef #d,-,18,3040,2338,1615,151,0,258672,16037,3040,2340,1935,2475,2336,1136,93,100,0,500,3263;
@400000005e1d738925b09f36 #d,-,18,4028,2334,1961,152,0,258962,16055,4028,2338,1961,3040,2334,1608,99,100,0,500,4066;
@400000005e1d738925b9d287 #d,-,18,4443,2334,1983,154,0,259414,16083,4443,2335,2037,4028,2333,1961,97,100,0,500,4545;
@400000005e1d738b25c98264 #d,-,18,4581,2334,1944,155,0,259820,16108,4581,2334,2012,4443,2333,1908,96,100,0,500,4728;
@400000005e1d738b25d3177e #d,-,18,4405,2335,1933,156,0,260187,16131,4581,2335,1944,4405,2334,1924,96,100,0,500,4562;
@400000005e1d738d25e2f5ec #d,-,18,4406,2332,1937,157,0,260554,16154,4406,2335,1941,4405,2332,1932,96,100,0,500,4562;
@400000005e1d738d25ec4085 #d,-,18,4408,2333,1944,159,0,260920,16177,4408,2333,1944,4406,2332,1937,96,100,0,500,4567;
@400000005e1d738f25fade93 #d,-,18,4412,2334,1940,160,0,261283,16199,4412,2334,1946,4408,2333,1938,96,100,0,500,4576;
@400000005e1d738f26047767 #d,-,18,4414,2333,1943,161,1,261640,16221,4414,2335,1944,4412,2333,1937,96,100,0,500,4571;
@400000005e1d739126137385 #d,-,18,4417,2333,1942,162,1,262160,16253,4417,2333,1946,4414,2332,1940,96,100,0,500,4578;
@400000005e1d7391261c97ef #d,-,18,4420,2335,1941,163,1,262511,16275,4420,2335,1945,4417,2332,1940,96,100,0,500,4581;
@400000005e1d7393262aa4b4 #d,-,18,4422,2334,1950,165,1,262697,16287,4422,2335,1950,4420,2334,1941,96,100,0,500,4583;
@400000005e1d739326349b98 #d,-,18,4426,2333,1950,166,1,263047,16308,4426,2334,1954,4422,2332,1947,96,100,0,500,4588;
@400000005e1d739526447293 #d,-,18,4430,2334,1954,167,1,263395,16330,4430,2335,1956,4426,2333,1948,96,100,0,500,4597;
@400000005e1d7395264df41e #d,-,18,4433,2336,1954,168,1,263896,16361,4433,2336,1954,4430,2334,1948,96,100,0,500,4600;
@400000005e1d7397265dc75f #d,-,18,4436,2336,1956,170,1,264233,16382,4436,2336,1957,4433,2335,1946,96,100,0,500,4597;
@400000005e1d73972667196c #d,-,18,4439,2334,1953,171,1,264571,16403,4439,2336,1958,4436,2333,1951,96,100,0,500,4604;
@400000005e1d739926767b0d #d,-,18,4442,2332,1954,172,1,264905,16424,4442,2334,1959,4439,2332,1951,96,100,0,500,4609;
@400000005e1d7399267e8da8 #d,-,18,4446,2332,1959,173,1,265080,16435,4446,2333,1962,4442,2331,1952,96,100,0,500,4607;
@400000005e1d739b268e0e06 #d,-,18,4448,2334,1958,175,1,265564,16464,4448,2334,1962,4446,2331,1952,96,100,0,500,4609;
@400000005e1d739b2697598d #d,-,18,4452,2335,1963,176,1,265892,16485,4452,2335,1967,4448,2333,1954,96,100,0,500,4614;
@400000005e1d739d26a6843c #d,-,18,4456,2334,1962,177,1,266065,16496,4456,2336,1968,4452,2334,1958,96,100,0,500,4626;
@400000005e1d739d26b01957 #d,-,18,4459,2335,1961,178,1,266386,16515,4459,2336,1964,4456,2334,1956,96,100,0,500,4623;
@400000005e1d739f26bf37ea #d,-,18,4462,2335,1962,180,1,266704,16535,4462,2336,1965,4459,2334,1955,96,100,0,500,4619;
@400000005e1d739f26c86781 #d,-,18,4464,2335,1957,181,1,267016,16555,4464,2336,1964,4462,2334,1956,96,100,0,500,4621;
@400000005e1d73a126d7ae21 #d,-,18,4466,2336,1964,182,1,267327,16574,4466,2336,1965,4464,2334,1955,96,100,0,500,4619;
@400000005e1d73a126e114ab #d,-,18,4467,2334,1960,183,1,267633,16593,4467,2336,1966,4466,2334,1955,96,100,0,500,4621;
@400000005e1d73a326f05e15 #d,-,18,4469,2335,1956,185,1,267937,16612,4469,2336,1968,4467,2334,1955,96,100,0,500,4626;
@400000005e1d73a326f9e803 #d,-,18,4470,2332,1968,186,1,268239,16630,4470,2335,1969,4469,2332,1955,96,100,0,500,4619;
@400000005e1d73a52709316e #d,-,18,4473,2332,1974,187,1,268544,16649,4473,2333,1977,4470,2332,1958,96,100,0,500,4633;
@400000005e1d73a5271270da #d,-,18,4477,2331,1967,188,1,268842,16668,4477,2333,1974,4473,2331,1960,96,100,0,500,4638;
@400000005e1d73a72720e057 #d,-,18,4479,2332,1962,190,1,269139,16686,4479,2333,1972,4477,2331,1961,96,100,0,500,4633;
@400000005e1d73a7272a8900 #d,-,18,4481,2334,1973,191,1,269432,16704,4481,2335,1973,4479,2331,1960,96,100,0,500,4635;
@400000005e1d73a92739d359 #d,-,18,4483,2335,1965,192,1,269722,16722,4483,2335,1973,4481,2334,1961,96,100,0,500,4638;
@400000005e1d73a927435c58 #d,-,18,4484,2333,1960,193,1,270007,16740,4484,2335,1973,4483,2332,1959,96,100,0,500,4638;
@400000005e1d73ab275303d4 #d,-,18,4485,2334,1969,195,1,270292,16758,4485,2334,1974,4484,2332,1960,96,100,0,500,4635;
@400000005e1d73ab275c5315 #d,-,18,4486,2334,1967,196,1,270571,16775,4486,2335,1972,4485,2333,1957,96,100,0,500,4635;
@400000005e1d73ad276b667b #d,-,18,4488,2335,1964,197,1,270847,16792,4488,2335,1974,4486,2333,1955,96,100,0,500,4635;
@400000005e1d73ad2774fb96 #d,-,18,4488,2335,1962,198,1,271120,16809,4488,2335,1974,4488,2334,1958,96,100,0,500,4633;
@400000005e1d73af2782708c #d,-,18,4488,2335,1976,200,1,271392,16826,4488,2336,1976,4488,2335,1957,96,100,0,500,4633;
@400000005e1d73af278b0855 #d,-,18,4490,2335,1972,201,1,271666,16843,4490,2335,1977,4488,2334,1965,96,100,0,500,4640;
@400000005e1d73b12798cb86 #d,-,18,4492,2335,1972,202,1,271937,16860,4492,2335,1976,4490,2334,1968,96,100,0,500,4649;
@400000005e1d73b127a20eac #d,-,18,4427,2336,1580,203,1,271976,16862,4492,2336,1975,4427,2335,1530,95,100,0,500,4619;
@400000005e1d73b327b0c7bc #d,-,18,3312,2336,1556,204,1,271710,16846,4427,2338,1580,3312,2336,1269,92,100,0,500,3595;
@400000005e1d73b327b9d4dd #d,-,18,3028,2337,1097,205,1,271296,16820,3312,2337,1716,3028,2335,1050,92,100,0,500,3282;
@400000005e1d73b527c76d38 #d,-,18,2375,2337,1176,205,1,270828,16791,3028,2337,1203,2375,2334,1090,90,100,0,500,2637;
@400000005e1d73b527d06996 #d,-,18,2545,2338,1169,206,1,270378,16763,2545,2338,1185,2375,2337,1167,90,100,0,500,2798;
@400000005e1d73b727de38e3 #d,-,18,2543,2336,1167,207,1,269929,16735,2545,2338,1171,2543,2336,1162,91,100,0,500,2777;
@400000005e1d73b727e6b874 #d,-,18,2539,2338,1166,207,1,269483,16707,2543,2338,1170,2539,2336,1160,91,100,0,500,2768;
@400000005e1d73b927f460a4 #d,-,18,2537,2337,1167,208,1,269042,16680,2539,2338,1170,2537,2336,1160,91,100,0,500,2772;
@400000005e1d73b927fd717f #d,-,18,2534,2338,1154,209,1,268732,16661,2537,2338,1167,2534,2336,1154,91,100,0,500,2763;
@400000005e1d73bb280bc151 #d,-,18,2529,2338,1156,209,1,268158,16625,2534,2339,1162,2529,2338,1153,91,100,0,500,2756;
@400000005e1d73bb28144cff #d,-,18,2524,2337,1154,210,1,267849,16606,2529,2339,1158,2524,2337,1151,92,100,0,500,2742;
@400000005e1d73bd28213cc7 #d,-,18,2520,2338,1157,211,1,267415,16579,2524,2338,1160,2520,2337,1152,91,100,0,500,2746;
@400000005e1d73bd282a58cf #d,-,18,2516,2338,1153,212,1,266984,16553,2520,2338,1158,2516,2337,1151,91,100,0,500,2746;
@400000005e1d73bf2838d468 #d,-,18,2512,2338,1150,212,1,266552,16526,2516,2338,1157,2512,2337,1144,91,100,0,500,2744;
@400000005e1d73bf28416015 #d,-,18,2507,2337,1154,213,1,265997,16491,2512,2338,1154,2507,2337,1146,91,100,0,500,2730;
@400000005e1d73c1284eba09 #d,-,18,2503,2337,1148,214,1,265575,16465,2507,2338,1155,2503,2337,1147,91,100,0,500,2737;
@400000005e1d73c12857fd2f #d,-,18,2499,2338,1146,214,1,265280,16447,2503,2338,1150,2499,2337,1142,91,100,0,500,2732;
@400000005e1d73c328656e6b #d,-,18,2495,2338,1149,215,1,264861,16421,2499,2339,1152,2495,2337,1143,91,100,0,500,2723;
@400000005e1d73c3286df1b7 #d,-,18,2492,2340,1147,216,1,264449,16395,2495,2340,1152,2492,2338,1144,91,100,0,500,2727;
@400000005e1d73c5287bb12f #d,-,18,2489,2339,1146,216,1,263912,16362,2492,2340,1150,2489,2339,1142,91,100,0,500,2725;
@400000005e1d73c52884c5c3 #d,-,18,2485,2338,1144,217,1,263627,16344,2489,2339,1150,2485,2337,1141,91,100,0,500,2720;
@400000005e1d73c72892daea #d,-,18,2482,2339,1150,218,1,263223,16319,2485,2339,1151,2482,2338,1142,91,100,0,500,2720;
@400000005e1d73c7289b5f24 #d,-,18,2479,2337,1145,218,1,262822,16295,2482,2339,1150,2479,2336,1143,91,100,0,500,2723;
@400000005e1d73c928a9b66a #d,-,18,2478,2339,1148,219,1,262305,16262,2479,2339,1149,2478,2336,1143,90,100,0,500,2725;
@400000005e1d73c928b37b04 #d,-,18,3034,2333,1877,220,1,262259,16260,3034,2339,1877,2478,2333,1148,96,100,0,500,3147;
@400000005e1d73cb28c2eb8c #d,-,18,3571,2333,1768,221,1,262346,16265,3571,2335,1895,3034,2333,1620,94,100,0,500,3773;
@400000005e1d73cb28cc3e87 #d,-,18,4106,2334,1921,222,1,262545,16277,4106,2335,1921,3571,2333,1768,97,100,0,500,4223;
@400000005e1d73cd28dc0966 #d,-,18,4375,2333,1972,224,1,262814,16294,4375,2334,1976,4106,2333,1921,97,100,0,500,4503;
@400000005e1d73cd28e607be #d,-,18,4499,2332,1950,225,1,263084,16311,4499,2334,1974,4375,2332,1950,97,100,0,500,4638;
@400000005e1d73cf28f5ee8d #d,-,18,4493,2332,1938,226,1,263328,16326,4499,2333,1950,4493,2331,1919,97,100,0,500,4595;
@400000005e1d73cf28ff5c8a #d,-,18,4425,2333,1939,227,1,263573,16341,4493,2333,1944,4425,2332,1933,96,100,0,500,4571;
@400000005e1d73d1290f4714 #d,-,18,4425,2334,1943,228,1,263815,16356,4425,2334,1943,4425,2333,1933,96,100,0,500,4564;
@400000005e1d73d12918acaf #d,-,18,4425,2333,1937,230,1,264057,16371,4425,2334,1945,4425,2333,1936,96,100,0,500,4571;
@400000005e1d73d32924ab41 #d,-,18,4426,2331,1945,231,1,264296,16386,4426,2334,1945,4425,2331,1936,96,100,0,500,4571;
@400000005e1d73d3292c832f #d,-,18,4427,2331,1942,232,1,264537,16401,4427,2332,1950,4426,2331,1942,96,100,0,500,4576;
@400000005e1d73d5293bbdb4 #d,-,18,4428,2332,1946,233,1,264775,16416,4428,2332,1949,4427,2330,1941,96,100,0,500,4585;
@400000005e1d73d52944ed4a #d,-,18,4430,2335,1951,235,1,265013,16430,4430,2335,1951,4428,2332,1943,96,100,0,500,4583;
@400000005e1d73d7295400b1 #d,-,18,4432,2335,1953,236,1,265252,16445,4432,2335,1957,4430,2334,1946,96,100,0,500,4590;
@400000005e1d73d7295de407 #d,-,18,4437,2335,1954,237,1,265492,16460,4437,2335,1960,4432,2335,1947,96,100,0,500,4602;
@400000005e1d73d9296daee6 #d,-,18,4440,2335,1952,238,1,265728,16475,4440,2336,1958,4437,2335,1948,96,100,0,500,4607;
@400000005e1d73d929777ead #d,-,18,4442,2336,1952,240,1,265963,16489,4442,2336,1957,4440,2335,1949,96,100,0,500,4602;
@400000005e1d73db298750ff #d,-,18,4446,2336,1956,241,1,266200,16504,4446,2337,1961,4442,2336,1950,96,100,0,500,4609;
@400000005e1d73db2990a040 #d,-,18,4449,2337,1955,242,1,266433,16518,4449,2337,1960,4446,2336,1952,96,100,0,500,4616;
@400000005e1d73dd29a0209e #d,-,18,4452,2336,1959,243,1,266665,16533,4452,2337,1959,4449,2335,1951,96,100,0,500,4612;
@400000005e1d73dd29a9f065 #d,-,18,4454,2334,1961,245,1,266899,16547,4454,2336,1965,4452,2334,1954,96,100,0,500,4616;
@400000005e1d73df29b9daee #d,-,18,4459,2335,1964,246,1,267131,16562,4459,2335,1968,4454,2333,1958,96,100,0,500,4630;
@400000005e1d73df29c38397 #d,-,18,4462,2334,1957,247,1,267360,16576,4462,2335,1965,4459,2333,1956,96,100,0,500,4623;
@400000005e1d73e129d32ecc #d,-,18,4464,2336,1964,248,1,267587,16590,4464,2336,1966,4462,2334,1954,96,100,0,500,4623;
@400000005e1d73e129dba6eb #d,-,18,4466,2336,1961,250,1,267812,16604,4466,2337,1965,4464,2336,1957,96,100,0,500,4621;
@400000005e1d73e329eaed8a #d,-,18,4468,2336,1960,251,1,268034,16618,4468,2337,1963,4466,2336,1958,96,100,0,500,4623;
@400000005e1d73e329f46f16 #d,-,18,4470,2338,1962,252,1,268255,16631,4470,2338,1963,4468,2336,1957,96,100,0,500,4623;
@400000005e1d73e52a038daa #d,-,18,4471,2335,1954,253,1,268474,16645,4471,2338,1966,4470,2335,1954,96,100,0,500,4623;
@400000005e1d73e52a0cfba7 #d,-,18,4473,2337,1963,255,1,268692,16658,4473,2337,1964,4471,2335,1954,96,100,0,500,4623;
@400000005e1d73e72a1bf40b #d,-,18,4473,2337,1956,256,1,268907,16672,4473,2338,1963,4473,2336,1954,96,100,0,500,4619;
@400000005e1d73e72a2598fb #d,-,18,4474,2338,1969,257,1,269123,16685,4474,2338,1969,4473,2336,1955,96,100,0,500,4621;
@400000005e1d73e92a3530a1 #d,-,18,4477,2338,1966,258,1,269449,16705,4477,2339,1972,4474,2337,1963,96,100,0,500,4635;
@400000005e1d73e92a3e9e9e #d,-,18,4479,2335,1963,260,1,269664,16719,4479,2339,1970,4477,2335,1961,96,100,0,500,4642;
@400000005e1d73eb2a4e6209 #d,-,18,4481,2337,1967,261,1,269877,16732,4481,2337,1968,4479,2335,1961,96,100,0,500,4638;
@400000005e1d73eb2a57b8be #d,-,18,4483,2337,1960,262,1,269980,16738,4483,2338,1968,4481,2336,1959,96,100,0,500,4638;
@400000005e1d73ed2a67391b #d,-,18,4484,2337,1966,263,1,270297,16758,4484,2337,1967,4483,2336,1958,96,100,0,500,4635;
@400000005e1d73ed2a71288c #d,-,18,4486,2337,1963,265,1,270503,16771,4486,2338,1968,4484,2336,1959,96,100,0,500,4638;
@400000005e1d73ef2a80ebf8 #d,-,18,4487,2338,1962,266,1,270603,16777,4487,2338,1969,4486,2337,1958,96,100,0,500,4635;
@400000005e1d73ef2a8a563b #d,-,18,4487,2341,1969,267,1,270914,16796,4487,2342,1969,4487,2338,1959,96,100,0,500,4638;
@400000005e1d73f12a99f9fd #d,-,18,4489,2341,1969,268,1,271121,16809,4489,2341,1975,4487,2340,1963,96,100,0,500,4642;
@400000005e1d73f12aa35bde #d,-,18,4492,2338,1970,270,1,271221,16815,4492,2341,1976,4489,2338,1964,96,100,0,500,4654;
@400000005e1d73f32ab1deea #d,-,18,4494,2338,1965,271,1,271423,16828,4494,2339,1973,4492,2337,1962,96,100,0,500,4647;
@400000005e1d73f32abbaaf7 #d,-,18,4491,2340,1687,272,1,271561,16836,4494,2341,1969,4491,2337,1687,97,100,0,500,4621;
@400000005e1d73f52acb007e #d,-,18,3890,2339,1318,273,1,271397,16826,4491,2342,1699,3890,2339,1241,93,100,0,500,4156;
@400000005e1d73f52ad43788 #d,-,18,2916,2339,1215,274,1,271198,16814,3890,2339,1797,2916,2335,1173,94,100,0,500,3095;
@400000005e1d73f72ae3570a #d,-,18,2691,2339,1208,274,1,270816,16790,2916,2340,1215,2691,2338,1036,87,100,0,500,3071;
@400000005e1d73f72aecefde #d,-,18,2507,2338,1175,275,1,270481,16769,2691,2339,1208,2507,2338,1169,91,100,0,500,2749;
@400000005e1d73f92afc5180 #d,-,18,2511,2338,1172,276,1,270147,16749,2511,2338,1178,2507,2337,1170,89,100,0,500,2791;
@400000005e1d73f92b0590ec #d,-,18,2513,2339,1168,276,1,269813,16728,2513,2339,1175,2511,2338,1167,90,100,0,500,2782;
@400000005e1d73fb2b158e16 #d,-,18,2514,2338,1167,277,1,269479,16707,2514,2339,1172,2513,2338,1162,90,100,0,500,2779;
@400000005e1d73fb2b1eb9f3 #d,-,18,2514,2339,1162,278,1,269146,16687,2514,2339,1170,2514,2338,1159,90,100,0,500,2765;
@400000005e1d73fd2b2dd113 #d,-,18,2514,2339,1158,279,1,268814,16666,2514,2339,1165,2514,2338,1155,90,100,0,500,2763;
@400000005e1d73fd2b379105 #d,-,18,2512,2339,1156,279,1,268482,16645,2514,2339,1161,2512,2338,1154,91,100,0,500,2753;
@400000005e1d73ff2b475cd2 #d,-,18,2509,2338,1150,280,1,268148,16625,2512,2339,1157,2509,2338,1146,91,100,0,500,2746;
@400000005e1d73ff2b50b299 #d,-,18,2506,2338,1156,281,1,267819,16604,2509,2339,1158,2506,2337,1150,91,100,0,500,2737;
@400000005e1d74012b608d4d #d,-,18,2503,2337,1151,281,1,267491,16584,2506,2338,1157,2503,2337,1150,91,100,0,500,2742;
@400000005e1d74012b69bce4 #d,-,18,2500,2340,1148,282,1,267162,16564,2503,2340,1153,2500,2337,1147,91,100,0,500,2737;
@400000005e1d74032b787328 #d,-,18,2497,2339,1151,283,1,266838,16543,2500,2340,1153,2497,2339,1146,91,100,0,500,2730;
@400000005e1d74032b820fb6 #d,-,18,2493,2340,1141,283,1,266511,16523,2497,2340,1151,2493,2339,1141,91,100,0,500,2730;
@400000005e1d74052b91f686 #d,-,18,2490,2338,1150,284,1,266188,16503,2493,2340,1152,2490,2337,1140,91,100,0,500,2723;
@400000005e1d74052b9b3d65 #d,-,18,2487,2340,1147,285,1,265869,16483,2490,2340,1153,2487,2338,1145,91,100,0,500,2727;
@400000005e1d74072bab048b #d,-,18,2485,2338,1151,285,1,265647,16470,2487,2340,1153,2485,2338,1145,90,100,0,500,2732;
@400000005e1d74072bb4666c #d,-,18,2484,2338,1145,286,1,265332,16450,2485,2339,1156,2484,2338,1144,90,100,0,500,2732;
@400000005e1d74092bc31809 #d,-,18,2481,2341,1147,287,1,264921,16425,2484,2341,1149,2481,2338,1142,91,100,0,500,2723;
@400000005e1d74092bcc5b2e #d,-,18,2479,2340,1148,287,1,264608,16405,2481,2341,1149,2479,2339,1142,91,100,0,500,2720;
@400000005e1d740b2bdb1085 #d,-,18,2476,2342,1137,288,1,264295,16386,2479,2342,1148,2476,2340,1137,91,100,0,500,2720;
@400000005e1d740b2be43c62 #d,-,18,2476,2343,1329,289,1,264139,16376,2476,2343,1811,2476,2340,1135,91,100,0,500,2718;
@400000005e1d740d2bf27d4e #d,-,18,3697,2338,1929,290,1,264220,16381,3697,2343,1943,2476,2337,1241,98,100,0,500,3754;
@400000005e1d740d2bfbdb76 #d,-,18,4270,2340,2026,291,1,264435,16394,4270,2340,2036,3697,2338,1910,96,100,0,500,4408;
@400000005e1d740f2c0b395e #d,-,18,4645,2340,1915,293,1,264653,16408,4645,2340,2046,4270,2339,1908,97,100,0,500,4763;
@400000005e1d740f2c144d04 #d,-,18,4439,2337,1934,294,1,264839,16420,4645,2340,1943,4439,2337,1915,96,100,0,500,4604;
@400000005e1d74112c23f927 #d,-,18,4437,2336,1942,295,1,265023,16431,4439,2339,1942,4437,2336,1931,97,100,0,500,4571;
@400000005e1d74112c2de3f1 #d,-,18,4436,2340,1934,296,1,265208,16442,4437,2340,1943,4436,2336,1934,96,100,0,500,4574;
@400000005e1d74132c3db289 #d,-,18,4436,2339,1939,298,1,265391,16454,4436,2340,1941,4436,2339,1931,96,100,0,500,4578;
@400000005e1d74132c471559 #d,-,18,4435,2338,1938,299,1,265571,16465,4436,2339,1940,4435,2337,1931,97,100,0,500,4571;
@400000005e1d74152c55ea5a #d,-,18,4434,2339,1941,300,1,265755,16476,4435,2339,1946,4434,2337,1938,96,100,0,500,4576;
@400000005e1d74152c5f4c3b #d,-,18,4436,2338,1944,301,1,266027,16493,4436,2340,1948,4434,2338,1937,96,100,0,500,4590;
@400000005e1d74172c6e34cb #d,-,18,4437,2336,1938,302,1,266208,16504,4437,2338,1946,4436,2336,1937,96,100,0,500,4583;
@400000005e1d74172c77e98f #d,-,18,4438,2337,1954,304,1,266390,16516,4438,2338,1955,4437,2335,1938,96,100,0,500,4588;
@400000005e1d74192c882d81 #d,-,18,4441,2336,1951,305,1,266484,16522,4441,2338,1958,4438,2336,1946,96,100,0,500,4602;
@400000005e1d74192c91807c #d,-,18,4444,2336,1952,306,1,266665,16533,4444,2337,1957,4441,2335,1947,96,100,0,500,4607;
@400000005e1d741b2ca03218 #d,-,18,4446,2338,1958,307,1,266848,16544,4446,2338,1959,4444,2335,1948,96,100,0,500,4602;
@400000005e1d741b2ca96cdc #d,-,18,4449,2337,1955,308,1,267029,16555,4449,2338,1960,4446,2336,1951,96,100,0,500,4616;
@400000005e1d741d2cb87c89 #d,-,18,4452,2336,1956,310,1,267209,16566,4452,2337,1959,4449,2336,1950,96,100,0,500,4614;
@400000005e1d741d2cc2314e #d,-,18,4454,2336,1949,311,1,267387,16578,4454,2336,1961,4452,2336,1949,96,100,0,500,4612;
@400000005e1d741f2cd20fbc #d,-,18,4456,2336,1959,312,1,267565,16589,4456,2336,1961,4454,2336,1944,96,100,0,500,4612;
@400000005e1d741f2cdbb003 #d,-,18,4457,2338,1957,313,1,267742,16600,4457,2338,1963,4456,2336,1951,96,100,0,500,4612;
@400000005e1d74212ceb9a8d #d,-,18,4461,2338,1960,315,1,267922,16611,4461,2338,1967,4457,2337,1955,96,100,0,500,4626;
@400000005e1d74212cf50c43 #d,-,18,4463,2336,1961,316,1,268099,16622,4463,2338,1962,4461,2336,1953,96,100,0,500,4623;
@400000005e1d74232d04c393 #d,-,18,4465,2337,1956,317,1,268274,16633,4465,2337,1963,4463,2335,1954,96,100,0,500,4621;
@400000005e1d74232d0e3dac #d,-,18,4468,2336,1962,318,1,268449,16643,4468,2337,1963,4465,2335,1955,96,100,0,500,4623;
@400000005e1d74252d1e371c #d,-,18,4469,2337,1957,320,1,268621,16654,4469,2337,1963,4468,2336,1955,96,100,0,500,4619;
@400000005e1d74252d27ad7b #d,-,18,4470,2335,1962,321,1,268793,16665,4470,2337,1964,4469,2335,1957,96,100,0,500,4623;
@400000005e1d74272d378fa2 #d,-,18,4472,2334,1966,322,2,268966,16675,4472,2335,1969,4470,2333,1956,96,100,0,500,4621;
@400000005e1d74272d40edca #d,-,18,4474,2334,1965,323,2,269138,16686,4474,2335,1974,4472,2333,1962,96,100,0,500,4630;
@400000005e1d74292d509da7 #d,-,18,4477,2336,1969,325,2,269311,16697,4477,2336,1971,4474,2333,1963,96,100,0,500,4638;
@400000005e1d74292d5a4297 #d,-,18,4479,2336,1960,326,2,269480,16707,4479,2336,1971,4477,2335,1960,96,100,0,500,4633;
@400000005e1d742b2d6970ff #d,-,18,4480,2334,1966,327,2,269650,16718,4480,2336,1971,4479,2332,1960,96,100,0,500,4635;
@400000005e1d742b2d72894e #d,-,18,4482,2335,1967,328,2,269819,16728,4482,2335,1970,4480,2333,1963,96,100,0,500,4633;
@400000005e1d742d2d826402 #d,-,18,4483,2332,1967,330,2,269986,16739,4483,2335,1973,4482,2331,1962,96,100,0,500,4633;
@400000005e1d742d2d8c3782 #d,-,18,4484,2335,1967,331,2,270237,16754,4484,2335,1971,4483,2331,1960,96,100,0,500,4630;
@400000005e1d742f2d9b5abe #d,-,18,4485,2333,1965,332,2,270401,16764,4485,2335,1970,4484,2332,1961,96,100,0,500,4630;
@400000005e1d742f2da4d02e #d,-,18,4486,2334,1970,333,2,270565,16775,4486,2334,1970,4485,2332,1962,96,100,0,500,4630;
@400000005e1d74312db4c22b #d,-,18,4486,2333,1965,335,2,270643,16779,4486,2334,1973,4486,2332,1964,96,100,0,500,4630;
@400000005e1d74312dbdf66a #d,-,18,4487,2334,1969,336,2,270805,16789,4487,2334,1971,4486,2332,1964,96,100,0,500,4633;
@400000005e1d74332dcd3fd5 #d,-,18,4487,2334,1968,337,2,270966,16799,4487,2334,1973,4487,2333,1963,96,100,0,500,4635;
@400000005e1d74332dd6e10b #d,-,18,4488,2334,1968,338,2,271126,16809,4488,2334,1972,4487,2333,1961,96,100,0,500,4633;
@400000005e1d74352de509c0 #d,-,18,4489,2337,1972,340,2,271289,16819,4489,2337,1976,4488,2334,1966,96,100,0,500,4638;
@400000005e1d74352dede762 #d,-,18,4492,2339,1570,341,2,271380,16825,4492,2340,1974,4489,2336,1558,96,100,0,500,4647;
@400000005e1d74372df8e7b4 #d,-,18,3797,2340,1175,342,2,271249,16817,4492,2340,1698,3797,2337,1175,93,100,0,500,4062;
@400000005e1d74372dfed3e5 #d,-,18,2801,2340,1161,343,2,271075,16806,3797,2341,1739,2801,2338,1161,92,100,0,500,3035;
@400000005e1d74392e0b668c #d,-,18,2795,2339,1176,343,2,270792,16789,2801,2340,1212,2795,2338,1072,90,100,0,500,3078;
@400000005e1d74392e143f86 #d,-,18,2563,2339,1165,344,2,270525,16772,2795,2339,1199,2563,2338,1163,91,100,0,500,2810;
@400000005e1d743b2e21e042 #d,-,18,2559,2339,1168,345,2,270335,16760,2563,2339,1174,2559,2338,1161,91,100,0,500,2784;
@400000005e1d743b2e2a6bef #d,-,18,2553,2338,1166,345,2,270065,16744,2559,2339,1171,2553,2338,1162,92,100,0,500,2768;
@400000005e1d743d2e383ef6 #d,-,18,2548,2340,1159,346,2,269795,16727,2553,2341,1168,2548,2338,1157,91,100,0,500,2770;
@400000005e1d743d2e414ee2 #d,-,18,2542,2338,1157,347,2,269523,16710,2548,2340,1164,2542,2338,1156,92,100,0,500,2756;
@400000005e1d743f2e4f9742 #d,-,18,2491,2339,1159,347,2,269171,16688,2542,2340,1159,2491,2337,1153,90,100,0,500,2749;
@400000005e1d743f2e581a8d #d,-,18,2490,2337,1155,348,2,268901,16671,2491,2339,1160,2490,2337,1152,90,100,0,500,2744;
@400000005e1d74412e65f9af #d,-,18,2490,2338,1154,349,2,268633,16655,2490,2338,1160,2490,2336,1148,90,100,0,500,2744;
@400000005e1d74412e6f0e44 #d,-,18,2487,2335,1149,349,2,268362,16638,2490,2338,1155,2487,2335,1144,91,100,0,500,2730;
@400000005e1d74432e7c54aa #d,-,18,2486,2335,1156,350,2,268094,16621,2487,2336,1156,2486,2335,1146,91,100,0,500,2730;
@400000005e1d74432e84dbaf #d,-,18,2485,2335,1145,351,2,267828,16605,2486,2336,1156,2485,2334,1145,91,100,0,500,2730;
@400000005e1d74452e922a76 #d,-,18,2483,2333,1148,352,2,267562,16588,2485,2336,1150,2483,2333,1142,91,100,0,500,2727;
@400000005e1d74452e9b231a #d,-,18,2480,2337,1148,352,2,267297,16572,2483,2337,1153,2480,2329,1145,91,100,0,500,2718;
@400000005e1d74472ea98edd #d,-,18,2478,2338,1151,353,2,267034,16556,2480,2339,1153,2478,2335,1143,90,100,0,500,2725;
@400000005e1d74472eb21229 #d,-,18,2478,2337,1149,354,2,266773,16539,2478,2339,1154,2478,2337,1145,90,100,0,500,2730;
@400000005e1d74492ebfddbc #d,-,18,2476,2338,1144,354,2,266512,16523,2478,2338,1149,2476,2337,1142,90,100,0,500,2727;
@400000005e1d74492ec8eda9 #d,-,18,2474,2338,1147,355,2,266251,16507,2476,2338,1147,2474,2338,1140,91,100,0,500,2718;
@400000005e1d744b2ed7165e #d,-,18,2472,2339,1147,356,2,265993,16491,2474,2339,1148,2472,2338,1143,90,100,0,500,2723;
@400000005e1d744b2edf8709 #d,-,18,2470,2335,1143,356,2,265735,16475,2472,2339,1149,2470,2334,1141,90,100,0,500,2720;
@400000005e1d744d2eedee24 #d,-,18,2468,2337,1141,357,2,265477,16459,2470,2338,1145,2468,2333,1136,90,100,0,500,2713;
@400000005e1d744d2ef7aa5c #d,-,18,2470,2337,1288,358,2,265347,16451,2470,2337,1812,2468,2333,1138,91,100,0,500,2713;
@400000005e1d744f2f06ba09 #d,-,18,3705,2332,1910,359,2,265406,16455,3705,2337,1952,2470,2332,1237,98,100,0,500,3775;
@400000005e1d744f2f105697 #d,-,18,4174,2333,1992,360,2,265552,16464,4174,2333,1992,3705,2331,1850,96,100,0,500,4313;
@400000005e1d74512f207459 #d,-,18,4485,2334,1967,361,2,265712,16474,4485,2334,1993,4174,2332,1939,97,100,0,500,4623;
@400000005e1d74512f298446 #d,-,18,4486,2335,1932,363,2,265865,16483,4486,2336,1970,4485,2333,1916,96,100,0,500,4635;
@400000005e1d74532f3910bf #d,-,18,4415,2335,1935,364,2,266011,16492,4486,2336,1944,4415,2335,1932,96,100,0,500,4567;
@400000005e1d74532f42871e #d,-,18,4417,2335,1939,365,2,266158,16501,4417,2335,1944,4415,2334,1935,96,100,0,500,4571;
@400000005e1d74552f51e05e #d,-,18,4418,2335,1940,366,2,266305,16510,4418,2336,1944,4417,2334,1933,96,100,0,500,4569;
@400000005e1d74552f5b5a76 #d,-,18,4419,2336,1938,368,2,266524,16524,4419,2336,1942,4418,2334,1936,96,100,0,500,4574;
@400000005e1d74572f6a235b #d,-,18,4420,2334,1945,369,2,266668,16533,4420,2337,1945,4419,2334,1935,96,100,0,500,4569;
@400000005e1d74572f739512 #d,-,18,4422,2335,1946,370,2,266740,16537,4422,2335,1950,4420,2333,1941,96,100,0,500,4578;
@400000005e1d74592f8311b6 #d,-,18,4425,2334,1946,371,2,266885,16546,4425,2336,1952,4422,2334,1940,96,100,0,500,4585;
@400000005e1d74592f8c64b1 #d,-,18,4426,2334,1945,372,2,267030,16555,4426,2335,1949,4425,2334,1941,96,100,0,500,4583;
@400000005e1d745b2f9b7817 #d,-,18,4430,2333,1958,374,2,267177,16565,4430,2334,1958,4426,2331,1944,96,100,0,500,4590;
@400000005e1d745b2fa4658e #d,-,18,4434,2334,1955,375,2,267325,16574,4434,2335,1960,4430,2331,1954,96,100,0,500,4604;
@400000005e1d745d2fb3ab40 #d,-,18,4438,2333,1955,376,2,267472,16583,4438,2335,1959,4434,2333,1953,96,100,0,500,4607;
@400000005e1d745d2fbd8722 #d,-,18,4441,2333,1962,377,2,267619,16592,4441,2334,1963,4438,2332,1954,96,100,0,500,4607;
@400000005e1d745f2fccc1a6 #d,-,18,4446,2331,1960,379,2,267766,16601,4446,2333,1966,4441,2331,1957,96,100,0,500,4621;
@400000005e1d745f2fd62fa3 #d,-,18,4449,2332,1961,380,2,267912,16610,4449,2332,1963,4446,2330,1956,96,100,0,500,4614;
@400000005e1d74612fe65c4c #d,-,18,4452,2330,1958,381,2,268057,16619,4452,2332,1962,4449,2330,1956,96,100,0,500,4612;
@400000005e1d74612fefb6ba #d,-,18,4454,2331,1959,382,2,268200,16628,4454,2331,1961,4452,2330,1958,96,100,0,500,4612;
@400000005e1d74632fff8553 #d,-,18,4456,2332,1959,384,2,268343,16637,4456,2332,1961,4454,2330,1955,96,100,0,500,4609;
@400000005e1d74633008f70a #d,-,18,4458,2331,1963,385,2,268485,16646,4458,2332,1964,4456,2331,1957,96,100,0,500,4612;
@400000005e1d746530192fce #d,-,18,4460,2328,1969,386,2,268629,16655,4460,2332,1970,4458,2328,1959,96,100,0,500,4616;
@400000005e1d74653022b8cd #d,-,18,4463,2326,1965,387,2,268772,16663,4463,2328,1971,4460,2326,1963,96,100,0,500,4623;
@400000005e1d746730325161 #d,-,18,4466,2329,1967,389,2,268914,16672,4466,2329,1972,4463,2326,1963,96,100,0,500,4623;
@400000005e1d7467303b9bfb #d,-,18,4467,2329,1964,390,2,269055,16681,4467,2329,1968,4466,2328,1962,96,100,0,500,4621;
@400000005e1d7469304aedc7 #d,-,18,4469,2328,1967,391,2,269196,16690,4469,2329,1968,4467,2328,1962,96,100,0,500,4621;
@400000005e1d746930543595 #d,-,18,4471,2329,1962,392,2,269335,16698,4471,2329,1968,4469,2328,1961,96,100,0,500,4621;
@400000005e1d746b3063f812 #d,-,18,4472,2329,1967,394,2,269475,16707,4472,2330,1968,4471,2328,1962,96,100,0,500,4621;
@400000005e1d746b306d27a9 #d,-,18,4474,2332,1974,395,2,269616,16716,4474,2332,1975,4472,2329,1965,96,100,0,500,4628;
@400000005e1d746d307c5258 #d,-,18,4477,2331,1970,396,2,269827,16729,4477,2332,1974,4474,2331,1968,96,100,0,500,4640;
@400000005e1d746d3085fb02 #d,-,18,4479,2330,1971,397,2,269966,16737,4479,2331,1975,4477,2328,1967,96,100,0,500,4638;
@400000005e1d746f3095b252 #d,-,18,4481,2331,1968,399,2,270034,16742,4481,2332,1973,4479,2329,1967,96,100,0,500,4635;
@400000005e1d746f309f3c3f #d,-,18,4483,2330,1969,400,2,270172,16750,4483,2332,1973,4481,2330,1967,96,100,0,500,4635;
@400000005e1d747130ae8a52 #d,-,18,4484,2330,1968,401,2,270309,16759,4484,2331,1973,4483,2329,1967,96,100,0,500,4633;
@400000005e1d747130b7d8a5 #d,-,18,4485,2331,1971,402,2,270446,16767,4485,2332,1974,4484,2330,1967,96,100,0,500,4633;
@400000005e1d747330c68a42 #d,-,18,4486,2330,1972,403,2,270581,16776,4486,2332,1973,4485,2330,1967,96,100,0,500,4633;
@400000005e1d747330d0467a #d,-,18,4487,2332,1969,405,2,270716,16784,4487,2332,1973,4486,2330,1966,96,100,0,500,4638;
@400000005e1d747530e02d49 #d,-,18,4488,2329,1973,406,2,270851,16792,4488,2332,1974,4487,2329,1967,96,100,0,500,4635;
@400000005e1d747530e987b8 #d,-,18,4489,2328,1973,407,2,270984,16801,4489,2331,1976,4488,2328,1969,96,100,0,500,4635;
@400000005e1d747730f9a48b #d,-,18,4489,2327,1972,408,2,271117,16809,4489,2328,1976,4489,2326,1968,96,100,0,500,4633;
@400000005e1d7477310302b3 #d,-,18,4484,2329,1781,410,2,271272,16818,4489,2329,1974,4484,2326,1781,97,100,0,500,4612;
@400000005e1d747931120ea7 #d,-,18,3930,2329,1241,410,2,271092,16807,4484,2330,1781,3930,2327,1173,94,100,0,500,4149;
@400000005e1d7479311b4a59 #d,-,18,3074,2331,1160,411,2,271024,16803,3930,2332,1744,3074,2326,1142,92,100,0,500,3317;
@400000005e1d747b312ada8c #d,-,18,2577,2330,1186,412,2,270736,16785,3074,2332,1203,2577,2330,1160,89,100,0,500,2888;
@400000005e1d747b3133fa4d #d,-,18,2575,2331,1181,413,2,270515,16771,2577,2332,1187,2575,2329,1178,91,100,0,500,2803;
@400000005e1d747d3142e696 #d,-,18,2570,2329,1175,413,2,270292,16758,2575,2332,1181,2570,2329,1175,92,100,0,500,2789;
@400000005e1d747d314c77f7 #d,-,18,2565,2329,1172,414,2,270068,16744,2570,2330,1177,2565,2329,1170,92,100,0,500,2782;
@400000005e1d747f315c3b63 #d,-,18,2560,2331,1170,415,2,269843,16730,2565,2332,1172,2560,2329,1167,92,100,0,500,2768;
@400000005e1d747f31656afa #d,-,18,2554,2331,1163,416,2,269620,16716,2560,2332,1175,2554,2330,1163,92,100,0,500,2768;
@400000005e1d748131753d4c #d,-,18,2548,2331,1161,416,2,269395,16702,2554,2332,1166,2548,2330,1158,92,100,0,500,2758;
@400000005e1d7481317e51e1 #d,-,18,2489,2329,1157,417,2,269169,16688,2548,2331,1161,2489,2329,1150,90,100,0,500,2742;
@400000005e1d7483318d6cbb #d,-,18,2489,2331,1159,418,2,268945,16674,2489,2331,1160,2489,2328,1155,90,100,0,500,2737;
@400000005e1d748331971564 #d,-,18,2489,2329,1153,418,2,268787,16664,2489,2331,1160,2489,2329,1153,90,100,0,500,2737;
@400000005e1d748531a6b1b2 #d,-,18,2487,2332,1157,419,2,268495,16646,2489,2332,1157,2487,2328,1152,91,100,0,500,2732;
@400000005e1d748531afe503 #d,-,18,2486,2330,1157,420,2,268272,16632,2487,2332,1157,2486,2330,1153,91,100,0,500,2730;
@400000005e1d748731bf26fb #d,-,18,2485,2331,1154,420,2,268049,16619,2486,2332,1157,2485,2330,1154,90,100,0,500,2732;
@400000005e1d748731c85691 #d,-,18,2484,2332,1153,421,2,267828,16605,2485,2332,1158,2484,2329,1149,90,100,0,500,2734;
@400000005e1d748931d829d2 #d,-,18,2483,2329,1153,422,2,267606,16591,2484,2332,1154,2483,2329,1148,90,100,0,500,2730;
@400000005e1d748931e16850 #d,-,18,2481,2330,1150,422,2,267385,16577,2483,2331,1153,2481,2329,1147,91,100,0,500,2720;
@400000005e1d748b31f14304 #d,-,18,2478,2331,1145,423,2,267163,16564,2481,2331,1151,2478,2329,1143,91,100,0,500,2720;
@400000005e1d748b31fa53df #d,-,18,2475,2329,1146,424,2,266943,16550,2478,2331,1150,2475,2329,1145,91,100,0,500,2708;
@400000005e1d748d32091551 #d,-,18,2473,2331,1146,424,2,266788,16540,2475,2331,1149,2473,2328,1146,91,100,0,500,2715;
@400000005e1d748d32121dca #d,-,18,2471,2332,1145,425,2,266506,16523,2473,2332,1149,2471,2330,1145,91,100,0,500,2715;
@400000005e1d748f32212515 #d,-,18,2469,2334,1152,426,2,266288,16509,2471,2335,1152,2469,2332,1139,90,100,0,500,2715;
@400000005e1d748f322a6481 #d,-,18,3042,2329,1912,427,2,266266,16508,3042,2334,1915,2469,2329,1152,95,100,0,500,3175;
@400000005e1d749132394869 #d,-,18,3623,2331,1883,428,2,266320,16511,3623,2331,1912,3042,2329,1583,96,100,0,500,3773;
@400000005e1d749132427ca8 #d,-,18,4343,2329,2030,429,2,266468,16521,4343,2331,2049,3623,2328,1883,97,100,0,500,4455;
@400000005e1d74933251e976 #d,-,18,4623,2329,1926,430,2,266604,16529,4623,2331,2037,4343,2328,1912,97,100,0,500,4747;
@400000005e1d7493325bd43f #d,-,18,4407,2329,1930,432,2,266724,16536,4623,2329,1946,4407,2326,1926,96,100,0,500,4569;
@400000005e1d7495326b1e99 #d,-,18,4407,2331,1939,433,2,266844,16544,4407,2332,1943,4407,2328,1930,96,100,0,500,4550;
@400000005e1d749532748169 #d,-,18,4409,2331,1945,434,2,266967,16551,4409,2331,1948,4407,2330,1939,96,100,0,500,4564;
@400000005e1d749732831bbd #d,-,18,4412,2329,1941,435,2,267088,16559,4412,2331,1946,4409,2328,1941,96,100,0,500,4574;
@400000005e1d7497328d165b #d,-,18,4415,2330,1942,437,2,267209,16567,4415,2330,1944,4412,2328,1941,96,100,0,500,4574;
@400000005e1d7499329bf689 #d,-,18,4416,2330,1946,438,2,267330,16574,4416,2330,1947,4415,2329,1940,96,100,0,500,4569;
@400000005e1d749932a55959 #d,-,18,4419,2331,1946,439,2,267451,16582,4419,2332,1950,4416,2330,1943,96,100,0,500,4576;
@400000005e1d749b32b46bd1 #d,-,18,4421,2331,1948,440,2,267572,16589,4421,2332,1949,4419,2330,1945,96,100,0,500,4583;
@400000005e1d749b32bc3030 #d,-,18,4424,2331,1952,442,2,267694,16597,4424,2332,1953,4421,2329,1945,96,100,0,500,4585;
@400000005e1d749d32cabf58 #d,-,18,4427,2331,1957,443,2,267879,16608,4427,2333,1958,4424,2330,1952,96,100,0,500,4593;
@400000005e1d749d32d41d7f #d,-,18,4432,2331,1955,444,2,267939,16612,4432,2333,1960,4427,2330,1951,96,100,0,500,4600;
@400000005e1d749f32e330e6 #d,-,18,4435,2331,1953,445,2,268060,16619,4435,2333,1956,4432,2331,1951,96,100,0,501,4597;
@400000005e1d749f32eca745 #d,-,18,4437,2334,1955,446,2,268180,16627,4437,2334,1957,4435,2330,1952,96,100,0,501,4593;
@400000005e1d74a132fbae90 #d,-,18,4440,2333,1956,448,2,268363,16638,4440,2334,1958,4437,2332,1953,96,100,0,501,4597;
@400000005e1d74a133056ac8 #d,-,18,4442,2333,1961,449,2,268422,16642,4442,2333,1962,4440,2330,1954,96,100,0,501,4604;
@400000005e1d74a3331418ab #d,-,18,4446,2331,1956,450,2,268543,16649,4446,2333,1962,4442,2330,1954,96,100,0,501,4609;
@400000005e1d74a3331dd4e3 #d,-,18,4448,2332,1960,451,2,268664,16657,4448,2332,1963,4446,2330,1953,96,100,0,501,4604;
@400000005e1d74a5332cff92 #d,-,18,4451,2331,1958,453,2,268783,16664,4451,2332,1962,4448,2329,1955,96,100,0,501,4607;
@400000005e1d74a533368891 #d,-,18,4453,2329,1961,454,2,268904,16672,4453,2331,1968,4451,2329,1958,96,100,0,501,4612;
@400000005e1d74a73345da5e #d,-,18,4457,2328,1969,455,2,269026,16679,4457,2330,1974,4453,2328,1961,96,100,0,501,4623;
@400000005e1d74a7334f4d03 #d,-,18,4460,2329,1969,456,2,269208,16690,4460,2329,1972,4457,2326,1961,96,100,0,501,4621;
@400000005e1d74a9335c2de5 #d,-,18,4463,2327,1964,458,2,269266,16694,4463,2330,1972,4460,2327,1960,96,100,0,501,4621;
@400000005e1d74a933644439 #d,-,18,4465,2329,1962,459,2,269385,16701,4465,2329,1971,4463,2326,1958,96,100,0,501,4616;
@400000005e1d74ab3372c29d #d,-,18,4466,2328,1968,460,2,269504,16709,4466,2330,1973,4465,2328,1958,96,100,0,501,4619;
@400000005e1d74ab337c406f #d,-,18,4468,2329,1966,461,2,269622,16716,4468,2330,1972,4466,2328,1955,96,100,0,501,4619;
@400000005e1d74ad338b8e82 #d,-,18,4469,2329,1968,463,2,269741,16723,4469,2330,1974,4468,2327,1958,96,100,0,501,4619;
@400000005e1d74ad3394f50b #d,-,18,4473,2328,1972,464,2,269860,16731,4473,2330,1981,4469,2327,1967,96,100,0,501,4630;
@400000005e1d74af33a3b67d #d,-,18,4475,2330,1973,465,2,269978,16738,4475,2331,1975,4473,2328,1966,96,100,0,501,4635;
@400000005e1d74af33ad62e0 #d,-,18,4478,2330,1964,466,2,270096,16745,4478,2331,1977,4475,2329,1964,96,100,0,501,4633;
@400000005e1d74b133bc280c #d,-,18,4479,2331,1970,468,2,270214,16753,4479,2331,1974,4478,2329,1961,96,100,0,501,4630;
@400000005e1d74b133c5a5de #d,-,18,4481,2329,1975,469,2,270331,16760,4481,2331,1975,4479,2329,1963,96,100,0,501,4628;
@400000005e1d74b333d512ac #d,-,18,4482,2329,1970,470,2,270447,16767,4482,2331,1976,4481,2329,1962,96,100,0,501,4633;
@400000005e1d74b333de6961 #d,-,18,4483,2328,1972,471,2,270562,16774,4483,2331,1977,4482,2327,1963,96,100,0,501,4630;
@400000005e1d74b533ed7554 #d,-,18,4484,2330,1973,473,2,270677,16782,4484,2331,1975,4483,2328,1967,96,100,0,501,4630;
@400000005e1d74b533f6d736 #d,-,18,4485,2330,1969,474,2,270792,16789,4485,2330,1973,4484,2328,1966,96,100,0,501,4628;
@400000005e1d74b734062cbc #d,-,18,4485,2330,1971,475,2,270906,16796,4485,2331,1972,4485,2328,1966,96,100,0,501,4626;
@400000005e1d74b7340f9ab9 #d,-,18,4486,2331,1969,476,2,271019,16803,4486,2331,1973,4485,2329,1967,96,100,0,501,4628;
@400000005e1d74b9341d85f6 #d,-,18,4486,2331,1967,478,2,271132,16810,4486,2331,1973,4486,2329,1967,96,100,0,501,4628;
@400000005e1d74b93426a1ff #d,-,18,4486,2333,1634,479,2,271240,16816,4486,2333,1973,4486,2328,1609,96,100,0,501,4630;
@400000005e1d74bb34359e1d #d,-,18,3527,2337,1175,480,2,271055,16805,4486,2337,1634,3527,2333,1170,92,100,0,501,3813;
@400000005e1d74bb343eae09 #d,-,18,3062,2336,1062,480,2,270915,16796,3527,2337,1759,3062,2331,1062,94,100,0,501,3253;
@400000005e1d74bd344c008a #d,-,18,2323,2335,1175,481,2,270704,16783,3062,2336,1196,2323,2333,1049,85,100,0,501,2704;
@400000005e1d74bd3454d984 #d,-,18,2527,2334,1170,482,2,270510,16771,2527,2335,1177,2323,2333,1167,91,100,0,501,2761;
@400000005e1d74bf34625e50 #d,-,18,2525,2332,1168,482,2,270316,16759,2527,2334,1171,2525,2331,1166,91,100,0,501,2770;
@400000005e1d74bf346ae9fd #d,-,18,2524,2333,1167,483,2,270180,16751,2525,2334,1173,2524,2331,1166,91,100,0,501,2765;
@400000005e1d74c1347801d1 #d,-,18,2523,2335,1163,484,3,269929,16735,2524,2335,1172,2523,2332,1163,91,100,0,501,2765;
@400000005e1d74c134811666 #d,-,18,2521,2334,1159,485,3,269735,16723,2523,2336,1164,2521,2333,1158,91,100,0,501,2756;
@400000005e1d74c3348ec609 #d,-,18,2518,2334,1159,485,3,269541,16711,2521,2336,1166,2518,2334,1158,91,100,0,501,2753;
@400000005e1d74c334974d0e #d,-,18,2515,2334,1153,486,3,269346,16699,2518,2336,1159,2515,2334,1152,91,100,0,501,2742;
@400000005e1d74c534a44627 #d,-,18,2511,2337,1158,487,3,269209,16690,2515,2337,1160,2511,2334,1149,91,100,0,501,2739;
@400000005e1d74c534acb5e3 #d,-,18,2507,2338,1149,487,3,268958,16675,2511,2338,1158,2507,2335,1149,91,100,0,501,2739;
@400000005e1d74c734ba2720 #d,-,18,2503,2337,1154,488,3,268763,16663,2507,2338,1154,2503,2335,1146,91,100,0,501,2727;
@400000005e1d74c734c2ba41 #d,-,18,2499,2336,1146,489,3,268568,16651,2503,2337,1155,2499,2335,1146,91,100,0,501,2727;
@400000005e1d74c934d01c97 #d,-,18,2494,2336,1148,489,3,268374,16639,2499,2337,1148,2494,2335,1142,91,100,0,501,2723;
@400000005e1d74c934d8cf61 #d,-,18,2490,2336,1147,490,3,268181,16627,2494,2336,1151,2490,2334,1144,91,100,0,500,2715;
@400000005e1d74cb34e605f2 #d,-,18,2487,2336,1149,491,3,267989,16615,2490,2336,1152,2487,2334,1146,91,100,0,500,2723;
@400000005e1d74cb34ef15de #d,-,18,2484,2337,1143,491,3,267853,16606,2487,2338,1149,2484,2335,1141,91,100,0,500,2720;
@400000005e1d74cd34fcba54 #d,-,18,2481,2337,1148,492,3,267606,16591,2484,2337,1148,2481,2335,1141,91,100,0,500,2718;
@400000005e1d74cd35054d75 #d,-,18,2478,2335,1144,493,3,267471,16583,2481,2338,1148,2478,2335,1143,91,100,0,500,2711;
@400000005e1d74cf351236b8 #d,-,18,2476,2336,1149,493,3,267225,16567,2478,2336,1149,2476,2334,1143,91,100,0,500,2718;
@400000005e1d74cf351a9f01 #d,-,18,2473,2333,1144,494,3,267036,16556,2476,2336,1149,2473,2333,1143,90,100,0,500,2718;
@400000005e1d74d13528cf2a #d,-,18,2472,2335,1144,495,3,266848,16544,2473,2335,1149,2472,2331,1141,90,100,0,500,2718;
@400000005e1d74d135322e40 #d,-,18,2599,2332,1254,496,3,266756,16538,2599,2336,1829,2472,2331,1144,93,100,0,500,2768;
@400000005e1d74d33540fadf #d,-,18,3721,2331,1834,497,3,266805,16541,3721,2332,1955,2599,2328,1254,95,100,0,500,3877;
@400000005e1d74d3354ab717 #d,-,18,4108,2330,1946,498,3,266899,16547,4108,2332,1975,3721,2330,1815,97,100,0,500,4218;
@400000005e1d74d53559e580 #d,-,18,4447,2332,1976,499,3,267065,16558,4447,2332,1977,4108,2329,1920,97,100,0,500,4574;
@400000005e1d74d53560f267 #d,-,18,4452,2331,1922,500,3,267120,16561,4452,2332,1976,4447,2329,1920,96,100,0,500,4630;
@400000005e1d74d7356fd73d #d,-,18,4448,2332,1935,501,3,267222,16567,4452,2332,1945,4448,2329,1922,97,100,0,500,4571;
@400000005e1d74d73579ba92 #d,-,18,4444,2333,1942,503,3,267326,16574,4448,2333,1943,4444,2330,1935,97,100,0,501,4552;
@400000005e1d74d935896e29 #d,-,18,4442,2330,1945,504,3,267432,16580,4444,2333,1947,4442,2330,1941,97,100,0,501,4571;
@400000005e1d74d935934563 #d,-,18,4440,2331,1939,505,3,267534,16587,4442,2332,1945,4440,2330,1938,97,100,0,501,4569;
@400000005e1d74db35a2689f #d,-,18,4439,2331,1952,506,3,267639,16593,4440,2333,1952,4439,2331,1939,97,100,0,501,4571;
@400000005e1d74db35abca80 #d,-,18,4439,2332,1946,508,3,267743,16600,4439,2333,1952,4439,2330,1942,96,100,0,501,4581;
@400000005e1d74dd35ba5146 #d,-,18,4438,2333,1945,509,3,267846,16606,4439,2334,1947,4438,2331,1942,96,100,0,501,4576;
@400000005e1d74dd35c47b63 #d,-,18,4438,2330,1951,510,3,267951,16612,4438,2333,1951,4438,2330,1944,96,100,0,501,4578;
@400000005e1d74df35d49837 #d,-,18,4439,2330,1953,511,3,268056,16619,4439,2332,1958,4438,2329,1949,96,100,0,501,4585;
@400000005e1d74df35de027a #d,-,18,4442,2329,1963,513,3,268162,16626,4442,2332,1963,4439,2328,1953,96,100,0,501,4597;
@400000005e1d74e135ed9dda #d,-,18,4445,2329,1961,514,3,268322,16636,4445,2330,1964,4442,2327,1957,96,100,0,501,4607;
@400000005e1d74e135f6dd46 #d,-,18,4448,2328,1964,515,3,268429,16642,4448,2329,1967,4445,2327,1960,96,100,0,501,4612;
@400000005e1d74e336063775 #d,-,18,4451,2328,1962,516,3,268481,16645,4451,2330,1964,4448,2327,1960,96,100,0,500,4609;
@400000005e1d74e33610223e #d,-,18,4453,2330,1962,518,3,268587,16652,4453,2330,1965,4451,2327,1960,96,100,0,500,4612;
@400000005e1d74e536202056 #d,-,18,4455,2328,1963,519,3,268691,16658,4455,2330,1965,4453,2327,1958,96,100,0,500,4609;
@400000005e1d74e53629920c #d,-,18,4457,2330,1961,520,3,268796,16665,4457,2331,1967,4455,2328,1956,96,100,0,500,4612;
@400000005e1d74e73638f768 #d,-,18,4459,2331,1969,521,3,268903,16671,4459,2331,1969,4457,2329,1960,96,100,0,500,4614;
@400000005e1d74e73642afe6 #d,-,18,4462,2331,1965,523,3,269007,16678,4462,2331,1969,4459,2329,1961,96,100,0,500,4623;
@400000005e1d74e93652770c #d,-,18,4464,2329,1965,524,3,269112,16684,4464,2331,1966,4462,2328,1963,96,100,0,500,4619;
@400000005e1d74e9365bdca7 #d,-,18,4466,2331,1963,525,3,269269,16694,4466,2332,1967,4464,2329,1963,96,100,0,500,4619;
@400000005e1d74eb366b4a64 #d,-,18,4468,2333,1961,526,3,269320,16697,4468,2334,1970,4466,2330,1960,96,100,0,500,4621;
@400000005e1d74eb3672a498 #d,-,18,4469,2334,1967,527,3,269423,16704,4469,2334,1967,4468,2332,1959,96,100,0,501,4619;
@400000005e1d74ed368185b4 #d,-,18,4471,2334,1966,529,3,269528,16710,4471,2335,1970,4469,2332,1963,96,100,0,501,4621;
@400000005e1d74ed368b41ec #d,-,18,4473,2332,1968,530,3,269633,16717,4473,2334,1972,4471,2332,1965,96,100,0,501,4633;
@400000005e1d74ef369ab274 #d,-,18,4476,2331,1968,531,3,269789,16726,4476,2333,1972,4473,2330,1965,96,100,0,501,4630;
@400000005e1d74ef36a45764 #d,-,18,4478,2331,1969,532,3,269893,16733,4478,2332,1973,4476,2330,1966,96,100,0,501,4633;
@400000005e1d74f136b47438 #d,-,18,4479,2331,1969,534,3,269943,16736,4479,2333,1972,4478,2330,1964,96,100,0,501,4628;
@400000005e1d74f136bdde7b #d,-,18,4481,2333,1965,535,3,270046,16742,4481,2333,1970,4479,2330,1965,96,100,0,501,4630;
@400000005e1d74f336cd1cb9 #d,-,18,4482,2332,1968,536,3,270148,16749,4482,2333,1970,4481,2330,1965,96,100,0,501,4628;
@400000005e1d74f336d73348 #d,-,18,4483,2333,1964,537,3,270250,16755,4483,2333,1973,4482,2331,1964,96,100,0,501,4630;
@400000005e1d74f536e6d350 #d,-,18,4484,2333,1968,539,3,270404,16765,4484,2333,1971,4483,2329,1964,96,100,0,501,4630;
@400000005e1d74f536f06fde #d,-,18,4484,2332,1971,540,3,270452,16768,4484,2333,1971,4484,2331,1966,96,100,0,501,4630;
@400000005e1d74f736ffc652 #d,-,18,4486,2331,1975,541,3,270556,16774,4486,2333,1978,4484,2330,1971,96,100,0,501,4635;
@400000005e1d74f737094336 #d,-,18,4489,2332,1975,542,3,270658,16780,4489,2333,1977,4486,2331,1972,96,100,0,501,4647;
@400000005e1d74f937181836 #d,-,18,4491,2333,1974,544,3,270760,16787,4491,2333,1980,4489,2331,1971,96,100,0,501,4645;
@400000005e1d74f93721e444 #d,-,18,4493,2333,1974,545,3,270862,16793,4493,2333,1977,4491,2331,1971,96,100,0,501,4645;
@400000005e1d74fb3730eb8f #d,-,18,4494,2333,1971,546,3,270963,16799,4494,2333,1978,4493,2329,1970,96,100,0,501,4642;
@400000005e1d74fb3739b5a2 #d,-,18,4491,2331,1692,547,3,271030,16803,4494,2333,1976,4491,2331,1692,97,100,0,501,4626;
@400000005e1d74fd37485c12 #d,-,18,3918,2333,1319,548,3,270959,16799,4491,2335,1692,3918,2331,1246,94,100,0,501,4142;
@400000005e1d74fd3751ed73 #d,-,18,2856,2333,1258,549,3,270868,16793,3918,2334,1766,2856,2331,1230,91,100,0,501,3126;
@400000005e1d74ff3760f104 #d,-,18,2910,2336,1177,550,3,270695,16783,2910,2336,1258,2856,2332,1067,91,100,0,501,3185;
@400000005e1d74ff376a2bc8 #d,-,18,2565,2336,1177,551,3,270528,16772,2910,2336,1187,2565,2333,1175,91,100,0,501,2813;
@400000005e1d7501377989b0 #d,-,18,2561,2334,1175,551,3,270361,16762,2565,2336,1178,2561,2332,1170,91,100,0,501,2789;
@400000005e1d75013782b947 #d,-,18,2558,2336,1173,552,3,270193,16752,2561,2338,1176,2558,2334,1169,92,100,0,501,2779;
@400000005e1d750337920ecd #d,-,18,2554,2337,1167,553,3,270025,16741,2558,2337,1174,2554,2335,1167,91,100,0,501,2777;
@400000005e1d7503379bee69 #d,-,18,2549,2336,1166,553,3,269857,16731,2554,2337,1170,2549,2335,1163,92,100,0,501,2770;
@400000005e1d750537ac0010 #d,-,18,2544,2336,1161,554,3,269688,16720,2549,2338,1168,2544,2335,1161,92,100,0,501,2763;
@400000005e1d750537b565ab #d,-,18,2539,2336,1154,555,3,269518,16710,2544,2338,1161,2539,2335,1154,92,100,0,501,2753;
@400000005e1d750737c4a891 #d,-,18,2483,2337,1156,555,3,269398,16702,2539,2337,1158,2483,2335,1150,90,100,0,501,2737;
@400000005e1d750737cd8da7 #d,-,18,2483,2337,1157,556,3,269179,16689,2483,2337,1160,2483,2335,1156,90,100,0,501,2744;
@400000005e1d750937dcd800 #d,-,18,2483,2337,1153,557,3,269008,16678,2483,2338,1157,2483,2335,1150,90,100,0,501,2742;
@400000005e1d750937e62299 #d,-,18,2483,2335,1149,558,3,268838,16667,2483,2338,1154,2483,2335,1147,90,100,0,501,2732;
@400000005e1d750b37f427ea #d,-,18,2480,2336,1148,558,3,268668,16657,2483,2337,1151,2480,2335,1147,91,100,0,501,2725;
@400000005e1d750b37fd191b #d,-,18,2479,2336,1149,559,3,268498,16646,2480,2338,1150,2479,2335,1146,91,100,0,501,2723;
Lost connection at /opt/powertools/bin/wattsup1 line 220.
	main::failure('Lost connection') called at /opt/powertools/bin/wattsup1 line 271
	main::recv_msg() called at /opt/powertools/bin/wattsup1 line 504
