@400000005e71d2e53895367f #v,-,8,1,65178,5,2,4,57,200810261703,0;
@400000005e71d2e626f9246f #h,-,18,W,V,A,WH,Cost,WH/Mo,Cost/Mo,Wmax,Vmax,Amax,Wmin,Vmin,Amin,PF,DC,PC,Hz,VA;
@400000005e71d2e62d0dfb8c #f,-,48,141,436,1,4803,0,0,65535,0,150,1177,177,10481,276,203,3340,13,121719,86,50084,105837,25,2629,11458,0,64,1,4686,0,0,65535,0,150,1030,182,11055,266,212,3240,13,121394,92,49362,104176,24,2613,13005,0,71;
@400000005e71d2e82d254403 #d,-,18,2721,2363,1165,1,0,197912,12270,2721,2365,1199,2715,2363,1163,98,100,0,500,2755;
@400000005e71d2ea2d366b33 #d,-,18,2721,2363,1166,2,0,190200,11792,2721,2365,1166,2721,2363,1163,98,100,0,500,2760;
@400000005e71d2ea2d414467 #d,-,18,2722,2363,1165,2,0,191517,11874,2722,2365,1167,2721,2360,1163,98,100,0,500,2757;
@400000005e71d2ec2d517c3d #d,-,18,2722,2362,1169,3,0,196326,12172,2722,2364,1169,2722,2361,1163,98,100,0,500,2758;
@400000005e71d2ec2d5bf84f #d,-,18,2726,2362,1164,4,0,193143,11974,2726,2364,1197,2722,2359,1157,97,100,0,500,2787;
@400000005e71d2ee2d6c5389 #d,-,18,2726,2361,1166,5,0,193476,11995,2726,2363,1167,2726,2359,1164,98,100,0,500,2758;
@400000005e71d2ee2d76bc0d #d,-,18,2726,2360,1167,5,0,193726,12011,2726,2364,1167,2726,2360,1165,98,100,0,500,2758;
@400000005e71d2f02d87421e #d,-,18,2726,2363,1167,6,0,193919,12023,2726,2364,1168,2726,2359,1163,98,100,0,500,2758;
@400000005e71d2f02d919713 #d,-,18,2726,2365,1163,7,0,196031,12153,2726,2365,1167,2726,2361,1163,98,100,0,500,2760;
@400000005e71d2f22da14248 #d,-,18,2729,2365,1161,8,0,194358,12050,2729,2365,1195,2726,2363,1159,98,100,0,500,2778;
@400000005e71d2f22dac3ee0 #d,-,18,2728,2365,1164,8,0,194440,12055,2729,2366,1166,2728,2364,1161,98,100,0,500,2765;
@400000005e71d2f42db81a0e #d,-,18,2728,2364,1164,9,0,194502,12059,2728,2367,1166,2728,2364,1162,98,100,0,500,2757;
@400000005e71d2f42dbf074b #d,-,18,2728,2365,1164,10,0,194562,12062,2728,2366,1165,2728,2362,1163,98,100,0,500,2758;
@400000005e71d2f62dce133e #d,-,18,2729,2363,1228,11,0,195101,12096,2729,2365,1243,2728,2363,1163,98,100,0,500,2762;
@400000005e71d2f62dd8c90e #d,-,18,2914,2363,1210,11,0,195926,12147,2914,2365,1264,2729,2363,1210,99,100,0,500,2931;
@400000005e71d2f82de7e02f #d,-,18,2857,2364,1209,12,0,196359,12174,2914,2364,1213,2857,2362,1207,98,100,0,500,2901;
@400000005e71d2f82df21ddb #d,-,18,2855,2365,1213,13,0,196852,12204,2857,2365,1236,2855,2362,1209,99,100,0,500,2874;
@400000005e71d2fa2e00fa4f #d,-,18,2856,2364,1216,14,0,197248,12229,2856,2366,1218,2855,2363,1212,98,100,0,500,2892;
@400000005e71d2fa2e0af8a7 #d,-,18,2855,2364,1217,15,0,197598,12251,2856,2366,1217,2855,2364,1214,99,100,0,500,2879;
@400000005e71d2fc2e1d3cd2 #d,-,18,2856,2365,1214,15,0,198028,12277,2856,2366,1247,2855,2363,1214,98,100,0,500,2888;
@400000005e71d2fc2e2a7363 #d,-,18,2857,2364,1217,16,0,199226,12352,2857,2365,1223,2856,2362,1210,98,100,0,500,2906;
@400000005e71d2fe2e336fc0 #d,-,18,2858,2365,1355,17,0,199255,12353,2858,2366,1430,2857,2363,1217,99,100,0,500,2886;
@400000005e71d2fe2e3773ef #d,-,18,3032,2367,1312,18,0,199734,12383,3032,2367,1355,2858,2364,1144,98,100,0,500,3064;
@400000005e71d3002e3ffead #d,-,18,3037,2366,1306,19,0,201366,12484,3037,2367,1314,3032,2364,1302,98,100,0,500,3095;
@400000005e71d3002e455a84 #d,-,18,3041,2363,1296,20,0,201347,12483,3041,2366,1334,3037,2363,1296,98,100,0,500,3091;
@400000005e71d3022e500439 #d,-,18,3042,2363,1284,20,0,201888,12517,3042,2364,1296,3041,2362,1278,98,100,0,500,3086;
@400000005e71d3022e56af56 #d,-,18,3039,2362,1263,21,0,202340,12545,3042,2364,1295,3039,2361,1263,99,100,0,500,3048;
@400000005e71d3042e61a834 #d,-,18,2962,2362,1179,22,0,202600,12561,3039,2363,1274,2962,2359,1179,99,100,0,500,2991;
@400000005e71d3042e689571 #d,-,18,2878,2362,1455,23,0,203016,12587,2962,2363,1458,2878,2359,1145,98,100,0,500,2911;
@400000005e71d3062e704ea4 #d,-,18,3026,2362,1318,24,0,203430,12612,3026,2362,1455,2878,2359,1170,98,100,0,500,3080;
@400000005e71d3062e744d3c #d,-,18,3031,2360,1297,24,0,203889,12641,3031,2362,1318,3026,2357,1286,98,100,0,500,3080;
@400000005e71d3082e7e3cad #d,-,18,3031,2364,1280,25,0,204235,12662,3031,2364,1297,3031,2360,1271,99,100,0,500,3061;
@400000005e71d3082e84ef3d #d,-,18,3026,2365,1274,26,0,205137,12718,3031,2365,1280,3026,2362,1271,100,100,0,500,3026;
@400000005e71d30a2e8ec766 #d,-,18,2962,2366,1120,27,0,204532,12680,3026,2367,1274,2962,2363,1120,98,100,0,500,2997;
@400000005e71d30a2e957db0 #d,-,18,2839,2364,1276,28,0,204707,12691,2962,2367,1290,2839,2364,1116,99,100,0,500,2863;
@400000005e71d30c2e9f265a #d,-,18,2944,2364,1230,29,0,204776,12696,2944,2365,1276,2839,2363,1203,98,100,0,500,2983;
@400000005e71d30c2ea4d7df #d,-,18,3090,2365,1288,29,0,205204,12722,3090,2366,1462,2944,2363,1156,99,100,0,500,3111;
@400000005e71d30e2eae2632 #d,-,18,2979,2365,1309,30,0,205632,12749,3090,2365,1338,2979,2362,1288,98,100,0,500,3015;
@400000005e71d30e2eb3f672 #d,-,18,3083,2364,1307,31,0,206015,12772,3083,2365,1322,2979,2362,1306,99,100,0,500,3107;
@400000005e71d3102ebec47a #d,-,18,3079,2364,1311,32,0,206328,12792,3083,2365,1312,3079,2362,1293,99,100,0,500,3093;
@400000005e71d3102ec5e048 #d,-,18,3074,2365,1279,33,0,206544,12805,3079,2365,1311,3074,2362,1272,100,100,0,500,3074;
@400000005e71d3122ed021ad #d,-,18,2992,2365,1275,34,0,207207,12846,3074,2365,1279,2992,2363,1270,98,100,0,500,3023;
@400000005e71d3122ed66747 #d,-,18,2991,2365,1376,35,0,207428,12860,2992,2366,1376,2991,2364,1269,99,100,0,500,3016;
@400000005e71d3142ee28495 #d,-,18,3119,2366,1162,35,0,207037,12836,3119,2367,1458,2991,2363,1128,98,100,0,500,3168;
@400000005e71d3142eea9730 #d,-,18,2570,2365,1191,36,0,206596,12808,3119,2369,1191,2570,2365,1004,97,100,0,500,2639;
@400000005e71d3162efa4265 #d,-,18,2776,2367,1162,37,0,206402,12796,2776,2367,1202,2570,2365,1155,99,100,0,500,2781;
@400000005e71d3162f04ce4c #d,-,18,2775,2366,1167,38,0,206261,12788,2776,2367,1216,2775,2364,1162,99,100,0,500,2797;
@400000005e71d3182f152986 #d,-,18,2771,2367,1178,38,0,206073,12776,2775,2367,1182,2771,2364,1166,99,100,0,500,2780;
@400000005e71d3182f1f911b #d,-,18,2769,2365,1174,39,0,205893,12765,2771,2367,1178,2769,2365,1171,99,100,0,500,2789;
@400000005e71d31a2f2faa35 #d,-,18,2767,2365,1188,40,0,206140,12780,2769,2367,1188,2767,2365,1174,99,100,0,500,2785;
@400000005e71d31a2f3a836a #d,-,18,2769,2362,1177,41,0,205998,12771,2769,2365,1205,2767,2362,1169,98,100,0,500,2815;
@400000005e71d31c2f4aa89f #d,-,18,2766,2363,1177,41,0,205446,12737,2769,2366,1178,2766,2362,1173,99,100,0,500,2783;
@400000005e71d31c2f555ab6 #d,-,18,2764,2362,1173,42,0,205288,12727,2766,2365,1177,2764,2362,1172,99,100,0,500,2783;
@400000005e71d31e2f65ce27 #d,-,18,2762,2364,1174,43,0,205141,12718,2764,2365,1177,2762,2362,1173,99,100,0,500,2781;
@400000005e71d31e2f705920 #d,-,18,2760,2364,1178,44,0,204998,12709,2762,2366,1178,2760,2362,1173,99,100,0,500,2783;
@400000005e71d3202f80e793 #d,-,18,2764,2364,1172,44,0,204893,12703,2764,2366,1207,2760,2362,1166,98,100,0,500,2812;
@400000005e71d3202f8b4b6e #d,-,18,2761,2364,1173,45,0,204760,12695,2764,2367,1175,2761,2364,1172,99,100,0,500,2781;
@400000005e71d3222f9bca0c #d,-,18,2760,2365,1174,46,0,204631,12687,2761,2366,1176,2760,2364,1172,99,100,0,500,2783;
@400000005e71d3222fa6169f #d,-,18,2758,2365,1174,47,0,204505,12679,2760,2366,1175,2758,2363,1173,99,100,0,500,2781;
@400000005e71d3242fb5cdef #d,-,18,2757,2366,1175,47,0,204385,12671,2758,2366,1176,2757,2364,1172,99,100,0,500,2783;
@400000005e71d3242fc0cf2f #d,-,18,2760,2367,1169,48,0,204300,12666,2760,2367,1205,2757,2364,1167,98,100,0,500,2808;
@400000005e71d3262fd0286f #d,-,18,2759,2366,1174,49,0,204187,12659,2760,2367,1176,2759,2364,1169,98,100,0,500,2787;
@400000005e71d3262fda7502 #d,-,18,2821,2365,1220,50,0,204218,12661,2821,2367,1254,2759,2364,1173,99,100,0,500,2838;
@400000005e71d3282fe8d4aa #d,-,18,2877,2366,1209,51,0,204243,12663,2877,2366,1240,2821,2363,1209,98,100,0,500,2910;
@400000005e71d3282ff11a7e #d,-,18,2872,2364,1204,51,0,204533,12681,2877,2366,1211,2872,2364,1203,99,100,0,500,2878;
@400000005e71d32a2fffcfd4 #d,-,18,2869,2364,1195,52,0,204525,12680,2872,2366,1229,2869,2364,1195,100,100,0,500,2869;
@400000005e71d32a300abc97 #d,-,18,2818,2364,1203,53,0,204181,12659,2869,2366,1203,2818,2363,1195,98,100,0,500,2858;
@400000005e71d32c301a393b #d,-,18,2717,2364,1099,54,0,203908,12642,2818,2367,1203,2717,2364,1068,97,100,0,500,2780;
@400000005e71d32c30248e30 #d,-,18,2550,2365,1090,54,0,203606,12623,2717,2366,1099,2550,2364,1089,98,100,0,500,2582;
@400000005e71d32e30310d48 #d,-,18,2549,2366,1086,55,0,203590,12622,2550,2367,1090,2549,2365,1086,98,100,0,500,2582;
@400000005e71d32e3038e17d #d,-,18,2550,2366,1082,56,0,203041,12588,2550,2368,1120,2549,2365,1082,98,100,0,500,2587;
@400000005e71d3303041ba77 #d,-,18,2632,2367,1251,56,0,203142,12594,2632,2368,1431,2550,2365,1080,99,100,0,500,2636;
@400000005e71d3303046a868 #d,-,18,2905,2366,1286,57,0,203064,12590,2905,2369,1286,2632,2366,1122,97,100,0,500,2983;
@400000005e71d3323051c3bc #d,-,18,2911,2365,1276,58,0,203247,12601,2911,2368,1296,2905,2363,1276,98,100,0,500,2951;
@400000005e71d33230586ed9 #d,-,18,3014,2367,1283,59,0,203684,12628,3014,2367,1290,2911,2363,1274,98,100,0,500,3045;
@400000005e71d3343061ae45 #d,-,18,3015,2365,1290,60,0,203619,12624,3015,2367,1325,3014,2362,1283,98,100,0,500,3048;
@400000005e71d33430670573 #d,-,18,3017,2363,1279,61,0,203763,12633,3017,2367,1290,3015,2363,1270,98,100,0,500,3066;
@400000005e71d33630715a68 #d,-,18,3014,2365,1287,61,0,203906,12642,3017,2366,1287,3014,2363,1270,99,100,0,500,3023;
@400000005e71d3363078b944 #d,-,18,3016,2366,1321,62,0,204206,12660,3016,2367,1466,3014,2361,1282,99,100,0,500,3045;
@400000005e71d3383081dcc0 #d,-,18,3074,2368,1266,63,0,204269,12664,3074,2368,1321,3016,2364,1171,98,100,0,500,3127;
@400000005e71d33830872c7b #d,-,18,3020,2367,1304,64,0,204458,12676,3074,2369,1317,3020,2365,1266,99,100,0,500,3041;
@400000005e71d33a309205af #d,-,18,3022,2365,1310,65,0,204605,12685,3022,2367,1310,3020,2365,1273,98,100,0,500,3073;
@400000005e71d33a3098b486 #d,-,18,3027,2364,1305,66,0,205032,12712,3027,2366,1312,3022,2364,1301,98,100,0,500,3084;
@400000005e71d33c30a36a56 #d,-,18,3029,2366,1267,67,0,204916,12704,3029,2367,1305,3027,2364,1267,98,100,0,500,3079;
@400000005e71d33c30ae957f #d,-,18,3025,2366,1283,67,0,205038,12712,3029,2368,1283,3025,2366,1267,100,100,0,500,3025;
@400000005e71d33e30b9b57b #d,-,18,3024,2368,1301,68,0,205294,12728,3025,2368,1465,3024,2365,1247,99,100,0,500,3032;
@400000005e71d33e30c06452 #d,-,18,3108,2370,1282,69,0,205381,12733,3108,2370,1301,3024,2366,1204,98,100,0,500,3162;
@400000005e71d34030cabd01 #d,-,18,3014,2370,1286,70,0,205507,12741,3108,2370,1289,3014,2368,1278,98,100,0,500,3047;
@400000005e71d34030d15849 #d,-,18,3014,2369,1279,71,0,205618,12748,3014,2370,1286,3014,2368,1275,99,100,0,500,3043;
@400000005e71d34230dc589b #d,-,18,3012,2369,1263,72,0,205713,12754,3014,2370,1279,3012,2368,1263,99,100,0,500,3032;
@400000005e71d34230e34e39 #d,-,18,3009,2369,1301,72,0,205826,12761,3012,2371,1301,3009,2368,1261,99,100,0,500,3013;
@400000005e71d34430f03e02 #d,-,18,3008,2369,1234,73,0,206107,12778,3009,2371,1301,3008,2368,1234,99,100,0,500,3038;
@400000005e71d34430fb4e29 #d,-,18,2925,2370,1367,74,0,206068,12776,3008,2371,1450,2925,2368,1231,99,100,0,500,2954;
@400000005e71d346310afa4c #d,-,18,2985,2372,1014,75,0,205792,12759,2985,2372,1367,2925,2370,984,97,100,0,500,3066;
@400000005e71d34631156a43 #d,-,18,2459,2370,1171,75,0,205634,12749,2985,2372,1176,2459,2369,1014,99,100,0,500,2472;
@400000005e71d3483124a881 #d,-,18,2752,2368,1226,76,0,205573,12745,2752,2371,1226,2459,2368,1156,98,100,0,500,2787;
@400000005e71d348312f434f #d,-,18,2756,2369,1178,77,0,205492,12740,2756,2371,1227,2752,2368,1156,97,100,0,500,2824;
@400000005e71d34a313c7d99 #d,-,18,2756,2366,1173,78,0,205413,12735,2756,2371,1181,2756,2366,1171,99,100,0,500,2783;
@400000005e71d34a3147011f #d,-,18,2755,2369,1178,79,0,205332,12730,2756,2370,1178,2755,2366,1171,98,100,0,500,2783;
@400000005e71d34c3151a808 #d,-,18,2755,2370,1174,79,0,205254,12725,2755,2370,1178,2755,2366,1172,98,100,0,500,2787;
@400000005e71d34c315c813c #d,-,18,2754,2367,1196,80,0,205182,12721,2755,2370,1196,2754,2366,1172,98,100,0,500,2783;
@400000005e71d34e316d26f8 #d,-,18,2758,2370,1174,81,0,205118,12717,2758,2370,1206,2754,2366,1165,97,100,0,500,2817;
@400000005e71d34e3177aa7d #d,-,18,2757,2366,1175,82,0,205041,12712,2758,2370,1175,2757,2365,1171,99,100,0,500,2780;
@400000005e71d35031860ddf #d,-,18,2756,2367,1173,82,0,204965,12707,2757,2369,1175,2756,2366,1171,99,100,0,500,2783;
@400000005e71d350319071ba #d,-,18,2755,2366,1173,83,0,205085,12715,2756,2369,1174,2755,2366,1171,99,100,0,500,2781;
@400000005e71d352319c1a9e #d,-,18,2754,2367,1179,84,0,204821,12698,2755,2369,1179,2754,2366,1172,98,100,0,500,2783;
@400000005e71d35231a7270b #d,-,18,2758,2367,1174,85,0,204767,12695,2758,2369,1205,2754,2366,1165,98,100,0,500,2812;
@400000005e71d35431b67c91 #d,-,18,2756,2367,1172,85,0,204696,12691,2758,2369,1176,2756,2366,1171,99,100,0,500,2781;
@400000005e71d35431c0ec88 #d,-,18,2755,2367,1178,86,0,204635,12687,2756,2369,1184,2755,2366,1172,99,100,0,500,2781;
@400000005e71d35631d070a0 #d,-,18,2755,2368,1174,87,0,204564,12682,2755,2369,1178,2755,2366,1167,98,100,0,500,2790;
@400000005e71d35631dac94e #d,-,18,2755,2369,1172,88,0,204495,12678,2755,2369,1176,2755,2367,1169,99,100,0,500,2781;
@400000005e71d35831e9b951 #d,-,18,2757,2369,1217,89,0,204456,12676,2757,2369,1217,2755,2367,1161,98,100,0,500,2803;
@400000005e71d35831f3f343 #d,-,18,2863,2368,1240,89,0,204510,12679,2863,2369,1261,2757,2367,1217,99,100,0,500,2883;
@400000005e71d35a320246d0 #d,-,18,2867,2367,1223,90,0,204517,12680,2867,2370,1240,2863,2367,1216,97,100,0,500,2931;
@400000005e71d35a320b89f5 #d,-,18,2867,2368,1239,91,0,204543,12681,2867,2369,1240,2867,2366,1223,98,100,0,500,2902;
@400000005e71d35c3218a584 #d,-,18,2873,2367,1235,92,0,204576,12683,2873,2368,1242,2867,2365,1235,97,100,0,500,2936;
@400000005e71d35c32221af4 #d,-,18,2928,2366,1223,92,0,204621,12686,2928,2367,1269,2873,2365,1222,99,100,0,500,2951;
@400000005e71d35e322d9458 #d,-,18,2923,2365,1237,93,0,204646,12688,2928,2367,1239,2923,2364,1223,99,100,0,500,2933;
@400000005e71d35e32344b91 #d,-,18,2920,2367,1239,94,0,204671,12689,2923,2368,1240,2920,2365,1226,99,100,0,500,2926;
@400000005e71d360323fd110 #d,-,18,3002,2368,1167,95,0,204793,12697,3002,2368,1435,2920,2364,1167,100,100,0,500,3002;
@400000005e71d360324658ca #d,-,18,2865,2366,1311,96,0,204799,12697,3002,2368,1317,2865,2366,1145,96,100,0,500,2959;
@400000005e71d36232516449 #d,-,18,3059,2364,1309,97,0,204942,12706,3059,2367,1342,2865,2362,1298,100,100,0,500,3059;
@400000005e71d36232591160 #d,-,18,3063,2368,1307,97,0,205073,12714,3063,2368,1325,3059,2363,1302,98,100,0,500,3125;
@400000005e71d3643263c81e #d,-,18,3064,2366,1294,98,0,205184,12721,3064,2368,1307,3063,2363,1294,98,100,0,500,3104;
@400000005e71d364326affdd #d,-,18,3060,2365,1286,99,0,205274,12727,3064,2367,1294,3060,2364,1282,99,100,0,500,3064;
@400000005e71d36632771971 #d,-,18,2996,2363,1278,100,0,205347,12731,3060,2367,1289,2996,2363,1251,98,100,0,500,3027;
@400000005e71d366327eecb8 #d,-,18,3150,2364,1209,101,0,205506,12741,3150,2364,1490,2996,2362,1209,100,100,0,500,3150;
@400000005e71d36832887a5f #d,-,18,2983,2363,1287,102,0,205571,12745,3150,2366,1287,2983,2362,1208,97,100,0,500,3061;
@400000005e71d368328e432c #d,-,18,2987,2362,1281,103,0,205659,12750,2987,2363,1297,2983,2359,1281,98,100,0,500,3041;
@400000005e71d36a32992b47 #d,-,18,2987,2362,1296,103,0,205724,12754,2987,2363,1297,2987,2360,1259,98,100,0,500,3025;
@400000005e71d36a32a12699 #d,-,18,2988,2362,1272,104,0,205939,12768,2988,2363,1296,2987,2359,1262,98,100,0,500,3023;
@400000005e71d36c32ad5fd8 #d,-,18,2987,2363,1137,105,0,205801,12759,2988,2363,1290,2987,2359,1137,99,100,0,500,3004;
@400000005e71d36c32b54b55 #d,-,18,2734,2362,1128,106,0,205677,12752,2987,2363,1141,2734,2360,1117,97,100,0,500,2796;
@400000005e71d36e32c148f9 #d,-,18,2730,2352,1433,106,0,205718,12754,2734,2365,1433,2730,2351,1128,100,100,0,500,2730;
@400000005e71d36e32c81b34 #d,-,18,3125,2364,1293,107,0,205813,12760,3125,2366,1468,2730,2352,1200,98,100,0,500,3168;
@400000005e71d37032d01df9 #d,-,18,3000,2362,1294,108,0,206047,12774,3125,2364,1303,3000,2359,1281,99,100,0,500,3015;
@400000005e71d37032d43882 #d,-,18,3003,2364,1309,109,0,206139,12780,3003,2364,1316,3000,2362,1286,98,100,0,500,3050;
@400000005e71d37232dcace6 #d,-,18,3006,2363,1266,110,0,206045,12774,3006,2364,1309,3003,2359,1264,98,100,0,500,3064;
@400000005e71d37232e2427b #d,-,18,3002,2362,1254,111,0,206091,12777,3006,2364,1277,3002,2362,1254,99,100,0,500,3007;
@400000005e71d37432eaf18c #d,-,18,2938,2363,1274,112,0,206132,12780,3002,2364,1278,2938,2361,1243,99,100,0,500,2967;
@400000005e71d37432f482ed #d,-,18,2943,2363,1260,112,0,206180,12783,2943,2364,1274,2938,2362,1260,97,100,0,500,3006;
@400000005e71d376330280cb #d,-,18,3122,2363,1152,113,0,206292,12790,3122,2365,1458,2943,2361,1152,100,100,0,500,3122;
@400000005e71d376330d0450 #d,-,18,2797,2365,1200,114,0,206187,12783,3122,2366,1200,2797,2363,1076,96,100,0,500,2890;
@400000005e71d378331bdd0b #d,-,18,2705,2364,1170,115,0,206121,12779,2797,2366,1216,2705,2363,1154,98,100,0,500,2739;
@400000005e71d37833268f21 #d,-,18,2709,2364,1172,115,0,206057,12775,2709,2366,1176,2705,2363,1170,97,100,0,500,2765;
@400000005e71d37a332f6cc3 #d,-,18,2713,2364,1172,116,0,205993,12771,2713,2366,1172,2709,2361,1170,97,100,0,500,2778;
@400000005e71d37a33388512 #d,-,18,2717,2362,1201,117,0,205937,12768,2717,2364,1201,2713,2360,1170,97,100,0,500,2774;
@400000005e71d37c33411479 #d,-,18,2768,2364,1174,118,0,205879,12764,2768,2364,1204,2717,2361,1163,98,100,0,500,2805;
@400000005e71d37c33465f8c #d,-,18,2764,2363,1172,118,0,205816,12760,2768,2364,1174,2764,2360,1170,99,100,0,500,2771;
@400000005e71d37e334f1257 #d,-,18,2761,2363,1173,119,0,205752,12756,2764,2365,1173,2761,2361,1168,99,100,0,500,2773;
@400000005e71d37e3359a4c3 #d,-,18,2759,2363,1176,120,0,205693,12753,2761,2365,1176,2759,2361,1170,99,100,0,500,2773;
@400000005e71d38033621ce1 #d,-,18,2757,2362,1200,121,0,205644,12749,2759,2365,1200,2757,2362,1173,99,100,0,500,2781;
@400000005e71d3803369682f #d,-,18,2761,2362,1173,121,0,205594,12746,2761,2363,1209,2757,2361,1161,98,100,0,500,2817;
@400000005e71d38233785478 #d,-,18,2757,2360,1173,122,0,205534,12743,2761,2363,1173,2757,2360,1167,99,100,0,500,2765;
@400000005e71d382338354c9 #d,-,18,2755,2362,1170,123,0,205475,12739,2757,2364,1173,2755,2360,1169,99,100,0,500,2773;
@400000005e71d384338c4e5c #d,-,18,2753,2362,1172,124,0,205548,12744,2755,2364,1173,2753,2362,1169,99,100,0,500,2771;
@400000005e71d3843391bcd3 #d,-,18,2751,2360,1182,124,0,205492,12740,2753,2363,1182,2751,2360,1170,99,100,0,500,2774;
@400000005e71d386339a95cd #d,-,18,2754,2360,1174,125,0,205317,12729,2754,2360,1203,2751,2358,1168,98,100,0,500,2803;
@400000005e71d38633a3cdc6 #d,-,18,2752,2360,1172,126,0,205260,12726,2754,2360,1174,2752,2358,1171,99,100,0,500,2771;
@400000005e71d38833af622c #d,-,18,2750,2360,1247,127,0,205221,12723,2752,2361,1247,2750,2358,1171,99,100,0,500,2774;
@400000005e71d38833b667a0 #d,-,18,2898,2360,1227,128,0,205386,12733,2898,2360,1280,2750,2358,1227,99,100,0,500,2910;
@400000005e71d38a33c5765e #d,-,18,2895,2362,1215,128,0,205251,12725,2898,2362,1227,2895,2358,1209,99,100,0,500,2915;
@400000005e71d38a33d0a62f #d,-,18,2892,2364,1234,129,0,205258,12726,2895,2364,1240,2892,2361,1215,99,100,0,500,2897;
@400000005e71d38c33e08857 #d,-,18,2890,2364,1128,130,0,205245,12725,2892,2364,1243,2890,2361,1128,99,100,0,500,2911;
@400000005e71d38c33eb3a6e #d,-,18,2768,2362,1153,131,0,205163,12720,2890,2365,1222,2768,2362,1075,98,100,0,500,2817;
@400000005e71d38e33fbd054 #d,-,18,2764,2361,1215,132,0,205292,12728,2768,2363,1252,2764,2360,1153,100,100,0,500,2764;
@400000005e71d38e34062902 #d,-,18,2759,2363,1109,132,0,205056,12713,2764,2364,1215,2759,2360,1092,99,100,0,500,2778;
@400000005e71d390340fd565 #d,-,18,2618,2364,1229,133,0,204982,12708,2759,2364,1229,2618,2361,1106,98,100,0,500,2646;
@400000005e71d39034152520 #d,-,18,2999,2363,1176,134,0,205064,12713,2999,2364,1443,2618,2361,1150,100,100,0,500,2999;
@400000005e71d392341e02c3 #d,-,18,2926,2361,1304,135,0,205129,12718,2999,2363,1304,2926,2358,1176,97,100,0,500,2990;
@400000005e71d39234237d55 #d,-,18,3017,2359,1299,135,0,205197,12722,3017,2361,1304,2926,2357,1278,99,100,0,500,3045;
@400000005e71d394342e1823 #d,-,18,3020,2361,1286,136,0,205269,12726,3020,2362,1305,3017,2359,1286,98,100,0,500,3066;
@400000005e71d39434354fe2 #d,-,18,3020,2360,1273,137,0,205335,12730,3020,2361,1318,3020,2357,1268,99,100,0,500,3047;
@400000005e71d396344099c6 #d,-,18,3020,2359,1291,138,0,205402,12734,3020,2361,1302,3020,2357,1273,98,100,0,500,3054;
@400000005e71d3963447b2c9 #d,-,18,3019,2363,1265,139,0,205568,12745,3020,2363,1291,3019,2358,1265,99,100,0,500,3043;
@400000005e71d3983450d645 #d,-,18,3104,2364,1200,140,0,205668,12751,3104,2364,1466,3019,2360,1189,100,100,0,500,3104;
@400000005e71d398345629b9 #d,-,18,3017,2364,1305,141,0,205622,12748,3104,2364,1308,3017,2362,1200,97,100,0,500,3089;
@400000005e71d39a34602811 #d,-,18,3020,2362,1276,141,0,205693,12753,3020,2364,1316,3017,2362,1276,98,100,0,500,3072;
@400000005e71d39a34674114 #d,-,18,3020,2362,1244,142,0,205727,12755,3020,2364,1282,3020,2362,1236,98,100,0,500,3052;
@400000005e71d39c3471370a #d,-,18,2932,2361,1253,143,0,205870,12763,3020,2363,1258,2932,2360,1244,98,100,0,500,2967;
@400000005e71d39c3477233b #d,-,18,2926,2361,1269,144,0,205765,12757,2932,2364,1276,2926,2361,1158,99,100,0,500,2943;
@400000005e71d39e3482eadb #d,-,18,2928,2362,1260,145,0,205797,12759,2928,2364,1269,2926,2361,1246,99,100,0,500,2949;
@400000005e71d39e348a97f2 #d,-,18,2932,2360,1459,146,0,205882,12764,2932,2363,1459,2928,2360,1249,98,100,0,500,2981;
@400000005e71d3a034968e22 #d,-,18,3120,2362,1263,146,0,205924,12767,3120,2364,1459,2932,2359,1206,98,100,0,500,3169;
@400000005e71d3a0349e2f1e #d,-,18,2946,2362,1254,147,0,205952,12769,3120,2364,1263,2946,2361,1253,99,100,0,500,2963;
@400000005e71d3a234a9eaa2 #d,-,18,2945,2362,1252,148,0,205975,12770,2946,2364,1255,2945,2361,1246,99,100,0,500,2968;
@400000005e71d3a234b2bd17 #d,-,18,2943,2363,1244,149,0,205995,12771,2945,2364,1254,2943,2361,1243,99,100,0,500,2961;
@400000005e71d3a434bf3fe8 #d,-,18,2941,2363,1266,150,0,206029,12773,2943,2365,1274,2941,2362,1244,99,100,0,500,2959;
@400000005e71d3a434c7e2de #d,-,18,2941,2363,1228,150,0,206036,12774,2941,2364,1266,2941,2362,1226,98,100,0,500,2974;
@400000005e71d3a634d4d395 #d,-,18,2935,2362,1230,151,0,206043,12774,2941,2364,1239,2935,2361,1217,100,100,0,500,2935;
@400000005e71d3a634dd08a5 #d,-,18,2932,2362,1426,152,0,206087,12777,2935,2364,1426,2932,2361,1205,99,100,0,500,2943;
@400000005e71d3a834ecb882 #d,-,18,3014,2363,998,153,0,206017,12773,3014,2365,1439,2932,2361,997,98,100,0,500,3073;
@400000005e71d3a834f724bf #d,-,18,2371,2364,1089,153,0,205844,12762,3014,2365,1089,2371,2363,998,97,100,0,500,2440;
@400000005e71d3aa350401e8 #d,-,18,2600,2363,1167,154,0,205799,12759,2600,2364,1181,2371,2360,1089,99,100,0,500,2603;
@400000005e71d3aa350ecb47 #d,-,18,2732,2361,1193,155,0,205760,12757,2732,2363,1213,2600,2360,1153,98,100,0,500,2764;
@400000005e71d3ac351c7730 #d,-,18,2737,2364,1180,156,0,205819,12760,2737,2365,1193,2732,2360,1166,97,100,0,500,2808;
@400000005e71d3ac352715b7 #d,-,18,2739,2364,1176,157,0,205672,12751,2739,2364,1180,2737,2361,1173,98,100,0,500,2787;
@400000005e71d3ae353780c7 #d,-,18,2741,2363,1205,157,0,205637,12749,2741,2364,1205,2739,2360,1175,98,100,0,500,2783;
@400000005e71d3ae3541ce48 #d,-,18,2745,2364,1176,158,0,205598,12747,2745,2364,1206,2741,2360,1171,97,100,0,500,2815;
@400000005e71d3b0355169a8 #d,-,18,2746,2365,1174,159,0,205659,12750,2746,2365,1177,2745,2362,1174,98,100,0,500,2781;
@400000005e71d3b0355c7615 #d,-,18,2747,2365,1175,160,0,205515,12741,2747,2365,1177,2746,2362,1173,98,100,0,500,2783;
@400000005e71d3b2356d3319 #d,-,18,2747,2363,1176,160,0,205473,12739,2747,2365,1177,2747,2361,1172,98,100,0,500,2783;
@400000005e71d3b23577ddbc #d,-,18,2747,2364,1198,161,1,205436,12737,2747,2365,1198,2747,2362,1173,98,100,0,500,2781;
@400000005e71d3b43588a6db #d,-,18,2752,2365,1176,162,1,205401,12734,2752,2365,1205,2747,2363,1165,97,100,0,500,2813;
@400000005e71d3b435932e1b #d,-,18,2751,2364,1175,163,1,205460,12738,2752,2365,1176,2751,2363,1173,99,100,0,500,2778;
@400000005e71d3b635a19d98 #d,-,18,2750,2365,1174,163,1,205419,12736,2751,2365,1175,2750,2362,1173,98,100,0,500,2783;
@400000005e71d3b635ac1c75 #d,-,18,2750,2363,1174,164,1,205281,12727,2750,2365,1179,2750,2362,1174,98,100,0,500,2781;
@400000005e71d3b835bbebfc #d,-,18,2750,2363,1183,165,1,205243,12725,2750,2365,1183,2750,2362,1173,98,100,0,500,2783;
@400000005e71d3b835c7558b #d,-,18,2754,2363,1174,166,1,205212,12723,2754,2364,1206,2750,2362,1168,97,100,0,500,2812;
@400000005e71d3ba35d22ec0 #d,-,18,2753,2362,1174,166,1,205173,12720,2754,2365,1176,2753,2361,1172,99,100,0,500,2778;
@400000005e71d3ba35d81eab #d,-,18,2830,2362,1222,167,1,205185,12721,2830,2364,1269,2753,2361,1174,99,100,0,500,2842;
@400000005e71d3bc35e13ab3 #d,-,18,2834,2364,1216,168,1,205182,12721,2834,2364,1222,2830,2362,1214,97,100,0,500,2911;
@400000005e71d3bc35e6a570 #d,-,18,2836,2364,1226,169,1,205179,12721,2836,2364,1226,2834,2361,1213,98,100,0,500,2878;
@400000005e71d3be35f46c5b #d,-,18,2895,2364,1219,170,1,205285,12727,2895,2364,1256,2836,2362,1217,99,100,0,500,2918;
@400000005e71d3be35fdfa03 #d,-,18,2890,2364,1216,170,1,205185,12721,2895,2364,1223,2890,2361,1211,99,100,0,500,2894;
@400000005e71d3c0360cda30 #d,-,18,2884,2363,1220,171,1,205182,12721,2890,2365,1220,2884,2362,1216,100,100,0,500,2884;
@400000005e71d3c036167b66 #d,-,18,2881,2361,1218,172,1,205180,12721,2884,2364,1221,2881,2360,1218,99,100,0,500,2886;
@400000005e71d3c2361fbad2 #d,-,18,2877,2361,1216,173,1,205176,12720,2881,2363,1219,2877,2360,1216,99,100,0,500,2885;
@400000005e71d3c23624f610 #d,-,18,2949,2362,1232,174,1,205350,12731,2949,2364,1466,2877,2359,1216,100,100,0,500,2949;
@400000005e71d3c4362e21ed #d,-,18,3036,2360,1317,174,1,205289,12727,3036,2364,1317,2949,2360,1181,97,100,0,500,3102;
@400000005e71d3c43633b782 #d,-,18,3037,2363,1313,175,1,205357,12732,3037,2363,1328,3036,2360,1297,98,100,0,500,3070;
@400000005e71d3c6363f4475 #d,-,18,3041,2363,1272,176,1,205414,12735,3041,2364,1313,3037,2359,1271,98,100,0,500,3100;
@400000005e71d3c6364733ac #d,-,18,3036,2363,1280,177,1,205456,12738,3041,2363,1280,3036,2361,1272,100,100,0,500,3036;
@400000005e71d3c83653a796 #d,-,18,3032,2364,1280,178,1,205596,12746,3036,2364,1306,3032,2361,1273,100,100,0,500,3032;
@400000005e71d3c8365b8e6c #d,-,18,3027,2364,1265,179,1,205536,12743,3032,2364,1280,3027,2362,1254,100,100,0,500,3027;
@400000005e71d3ca3667e754 #d,-,18,3022,2364,1322,179,1,205623,12748,3027,2364,1445,3022,2361,1265,100,100,0,500,3022;
@400000005e71d3ca366f787b #d,-,18,3023,2364,1260,180,1,205628,12748,3023,2365,1322,3022,2362,1137,98,100,0,500,3068;
@400000005e71d3cc367a3e20 #d,-,18,3021,2364,1294,181,1,205678,12752,3023,2364,1298,3021,2363,1259,99,100,0,500,3031;
@400000005e71d3cc368123ea #d,-,18,3022,2364,1296,182,1,205736,12755,3022,2364,1323,3021,2361,1291,98,100,0,500,3061;
@400000005e71d3ce368c27f5 #d,-,18,3024,2365,1273,183,1,205773,12757,3024,2365,1296,3022,2363,1259,98,100,0,500,3073;
@400000005e71d3ce369294ad #d,-,18,3020,2363,1269,184,1,205808,12760,3024,2365,1284,3020,2363,1259,100,100,0,500,3020;
@400000005e71d3d0369b43be #d,-,18,2949,2363,1258,184,1,205829,12761,3020,2365,1269,2949,2363,1246,98,100,0,500,2981;
@400000005e71d3d036a063fa #d,-,18,2951,2362,1480,185,1,205989,12771,2951,2365,1480,2949,2362,1258,98,100,0,500,2991;
@400000005e71d3d236ac047b #d,-,18,3086,2363,1318,186,1,205941,12768,3086,2366,1481,2951,2362,1148,97,100,0,500,3150;
@400000005e71d3d236b2887b #d,-,18,3017,2363,1292,187,1,205978,12770,3086,2365,1318,3017,2363,1263,99,100,0,500,3020;
@400000005e71d3d436bd6923 #d,-,18,3017,2363,1294,188,1,206025,12773,3017,2365,1297,3017,2363,1285,99,100,0,500,3047;
@400000005e71d3d436c4627b #d,-,18,3016,2365,1266,189,1,206061,12775,3017,2366,1294,3016,2363,1265,99,100,0,500,3043;
@400000005e71d3d636cf8e92 #d,-,18,3011,2365,1274,189,1,206178,12783,3016,2365,1274,3011,2362,1263,100,100,0,500,3011;
@400000005e71d3d636d75204 #d,-,18,3010,2365,1280,190,1,206135,12780,3011,2365,1292,3010,2363,1274,99,100,0,500,3029;
@400000005e71d3d836e1874e #d,-,18,3006,2365,1275,191,1,206160,12781,3010,2366,1280,3006,2364,1252,99,100,0,500,3013;
@400000005e71d3d836e6f20b #d,-,18,3119,2363,1141,192,1,206206,12784,3119,2366,1454,3006,2363,1141,100,100,0,500,3119;
@400000005e71d3da36f1372b #d,-,18,2735,2363,1154,193,1,206147,12781,3119,2365,1157,2735,2361,1125,96,100,0,500,2828;
@400000005e71d3da36f6d079 #d,-,18,2732,2363,1159,193,1,206104,12778,2735,2364,1182,2732,2360,1152,99,100,0,500,2746;
@400000005e71d3dc37018738 #d,-,18,2735,2364,1194,194,1,206082,12777,2735,2366,1213,2732,2362,1159,98,100,0,500,2783;
@400000005e71d3dc3707727b #d,-,18,2738,2363,1177,195,1,206043,12774,2738,2365,1194,2735,2361,1157,97,100,0,500,2799;
@400000005e71d3de371257cb #d,-,18,2739,2366,1171,196,1,206088,12777,2739,2366,1177,2738,2362,1171,98,100,0,500,2778;
@400000005e71d3de37188d8f #d,-,18,2740,2363,1172,196,1,205966,12769,2740,2366,1172,2739,2363,1168,98,100,0,500,2774;
@400000005e71d3e03723bc72 #d,-,18,2740,2365,1171,197,1,205929,12767,2740,2365,1173,2740,2362,1170,98,100,0,500,2776;
@400000005e71d3e0372a48d3 #d,-,18,2740,2366,1197,198,1,205896,12765,2740,2367,1197,2740,2365,1168,98,100,0,500,2774;
@400000005e71d3e237358eff #d,-,18,2743,2367,1170,199,1,205861,12763,2743,2368,1199,2740,2366,1163,97,100,0,500,2803;
@400000005e71d3e2373cfdb0 #d,-,18,2743,2365,1168,200,1,205823,12761,2743,2367,1170,2743,2365,1167,98,100,0,500,2773;
@400000005e71d3e437490c17 #d,-,18,2743,2367,1168,200,1,205867,12763,2743,2368,1171,2743,2365,1168,98,100,0,500,2773;
@400000005e71d3e437516845 #d,-,18,2742,2367,1168,201,1,205748,12756,2743,2369,1169,2742,2366,1167,98,100,0,500,2774;
@400000005e71d3e6375edd3b #d,-,18,2742,2366,1192,202,1,205714,12754,2742,2368,1192,2742,2366,1168,98,100,0,500,2771;
@400000005e71d3e63766ec1c #d,-,18,2745,2366,1169,203,1,205682,12752,2745,2368,1198,2742,2365,1162,98,100,0,500,2801;
@400000005e71d3e837740037 #d,-,18,2744,2364,1169,203,1,205646,12750,2745,2367,1172,2744,2364,1169,99,100,0,500,2771;
@400000005e71d3e8377d0408 #d,-,18,2743,2366,1168,204,1,205609,12747,2744,2367,1171,2743,2364,1167,98,100,0,500,2773;
@400000005e71d3ea37904de8 #d,-,18,2743,2367,1169,205,1,205574,12745,2743,2367,1171,2743,2364,1168,98,100,0,500,2773;
@400000005e71d3ea379e8de5 #d,-,18,2742,2365,1221,206,1,205544,12743,2743,2367,1221,2742,2365,1168,98,100,0,500,2771;
@400000005e71d3ec37b3d7ff #d,-,18,2892,2366,1243,206,1,205645,12750,2892,2366,1293,2742,2364,1221,99,100,0,500,2904;
@400000005e71d3ec37c41bf0 #d,-,18,2891,2364,1221,207,1,205646,12750,2892,2366,1245,2891,2363,1214,98,100,0,500,2927;
@400000005e71d3ee37db1272 #d,-,18,2887,2364,1223,208,1,205564,12745,2891,2366,1223,2887,2364,1216,100,100,0,500,2887;
@400000005e71d3ee37eb3f1b #d,-,18,2885,2363,1218,209,1,205566,12745,2887,2366,1233,2885,2363,1217,99,100,0,500,2901;
@400000005e71d3f03801f37e #d,-,18,2882,2363,1223,209,1,205564,12745,2885,2365,1223,2882,2362,1218,99,100,0,500,2894;
@400000005e71d3f0380a77b7 #d,-,18,2883,2359,1219,210,1,205569,12745,2883,2363,1252,2882,2359,1216,98,100,0,500,2915;
@400000005e71d3f2381a2f08 #d,-,18,2879,2361,1221,211,1,205567,12745,2883,2364,1225,2879,2358,1219,99,100,0,500,2892;
@400000005e71d3f23824dd65 #d,-,18,2877,2360,1232,212,1,205565,12745,2879,2362,1232,2877,2360,1217,99,100,0,500,2888;
@400000005e71d3f4382ed449 #d,-,18,3078,2360,1242,213,1,205613,12748,3078,2360,1445,2877,2357,1153,99,100,0,500,3082;
@400000005e71d3f43833fbf8 #d,-,18,2920,2359,1337,214,1,205668,12751,3078,2361,1337,2920,2355,1242,98,100,0,500,2968;
@400000005e71d3f6383ed173 #d,-,18,3131,2360,1324,214,1,205814,12760,3131,2360,1351,2920,2357,1322,99,100,0,500,3146;
@400000005e71d3f638462433 #d,-,18,3130,2357,1334,215,1,205809,12760,3131,2360,1347,3130,2357,1324,99,100,0,500,3153;
@400000005e71d3f8384e42ea #d,-,18,3127,2358,1318,216,1,205867,12763,3130,2359,1334,3127,2356,1316,99,100,0,500,3144;
@400000005e71d3f838529f92 #d,-,18,3125,2360,1336,217,1,205934,12767,3127,2360,1337,3125,2357,1318,99,100,0,500,3134;
@400000005e71d3fa3859eadf #d,-,18,3125,2359,1446,218,1,206041,12774,3125,2360,1518,3125,2356,1330,99,100,0,500,3153;
@400000005e71d3fa385e2511 #d,-,18,3131,2358,1319,219,1,206085,12777,3131,2361,1446,3125,2357,1185,97,100,0,500,3210;
@400000005e71d3fc386577d2 #d,-,18,3129,2358,1288,220,1,206128,12779,3131,2360,1319,3129,2358,1287,99,100,0,500,3143;
@400000005e71d3fc38698ea0 #d,-,18,3032,2358,1303,220,1,206244,12787,3129,2361,1305,3032,2358,1288,98,100,0,500,3063;
@400000005e71d3fe3874455f #d,-,18,3032,2359,1291,221,1,206211,12785,3032,2359,1303,3032,2358,1290,98,100,0,500,3068;
@400000005e71d3fe387ca635 #d,-,18,3031,2360,1281,222,1,206245,12787,3032,2360,1294,3031,2358,1281,99,100,0,500,3056;
@400000005e71d400388b6b60 #d,-,18,3028,2360,1283,223,1,206281,12789,3031,2360,1305,3028,2358,1268,100,100,0,500,3028;
@400000005e71d4003895d6af #d,-,18,3027,2361,1376,224,1,206359,12794,3028,2361,1473,3027,2358,1283,99,100,0,500,3054;
@400000005e71d402389fc267 #d,-,18,3123,2362,1303,225,1,206388,12796,3123,2362,1376,3027,2359,1201,98,100,0,500,3159;
@400000005e71d40238a530de #d,-,18,3069,2361,1318,226,1,206437,12799,3123,2362,1320,3069,2360,1302,99,100,0,500,3096;
@400000005e71d40438b37cf7 #d,-,18,3069,2359,1294,226,1,206477,12801,3069,2361,1318,3069,2359,1286,99,100,0,500,3098;
@400000005e71d40438bdf81b #d,-,18,3064,2361,1306,227,1,206524,12804,3069,2363,1321,3064,2359,1294,100,100,0,500,3064;
@400000005e71d40638c62e19 #d,-,18,3063,2361,1292,228,1,206562,12806,3064,2363,1306,3063,2360,1289,99,100,0,500,3086;
@400000005e71d40638ca2184 #d,-,18,3059,2363,1289,229,1,206597,12809,3063,2363,1296,3059,2360,1280,99,100,0,500,3061;
@400000005e71d40838d94879 #d,-,18,3126,2361,1158,230,1,206653,12812,3126,2364,1472,3059,2360,1158,100,100,0,500,3126;
@400000005e71d40838e3d372 #d,-,18,2798,2363,1130,230,1,206592,12808,3126,2363,1158,2798,2361,1120,96,100,0,500,2906;
@400000005e71d40a38f1592c #d,-,18,2654,2362,1179,231,1,206622,12810,2798,2364,1185,2654,2360,1128,98,100,0,500,2684;
@400000005e71d40a38fc02e1 #d,-,18,2776,2361,1169,232,1,206526,12804,2776,2364,1215,2654,2360,1169,99,100,0,500,2796;
@400000005e71d40c390ac453 #d,-,18,2772,2362,1177,233,1,206490,12802,2776,2363,1177,2772,2360,1165,99,100,0,500,2794;
@400000005e71d40c391572b0 #d,-,18,2769,2361,1172,234,1,206457,12800,2772,2363,1177,2769,2359,1171,99,100,0,500,2776;
@400000005e71d40e3921c6f0 #d,-,18,2766,2363,1172,234,1,206423,12798,2769,2365,1172,2766,2361,1170,99,100,0,500,2774;
@400000005e71d40e392c8c96 #d,-,18,2762,2363,1199,235,1,206466,12800,2766,2366,1200,2762,2363,1170,99,100,0,500,2774;
@400000005e71d410393d45e0 #d,-,18,2763,2365,1171,236,1,206363,12794,2763,2367,1199,2762,2363,1162,98,100,0,500,2801;
@400000005e71d41039480c74 #d,-,18,2760,2366,1171,237,1,206330,12792,2763,2366,1171,2760,2363,1169,99,100,0,500,2773;
@400000005e71d4123955ee61 #d,-,18,2758,2366,1169,237,1,206297,12790,2760,2367,1171,2758,2364,1167,99,100,0,500,2771;
@400000005e71d41239605e58 #d,-,18,2755,2366,1170,238,1,206332,12792,2758,2367,1171,2755,2365,1168,99,100,0,500,2773;
@400000005e71d414396c2e59 #d,-,18,2753,2366,1199,239,1,206303,12790,2755,2367,1199,2753,2364,1168,99,100,0,500,2773;
@400000005e71d41439772649 #d,-,18,2755,2365,1170,240,1,206204,12784,2755,2366,1200,2753,2364,1162,98,100,0,500,2801;
@400000005e71d41639831d68 #d,-,18,2753,2365,1168,240,1,206171,12782,2755,2366,1171,2753,2364,1168,99,100,0,500,2769;
@400000005e71d416398d79d0 #d,-,18,2751,2365,1170,241,1,206139,12780,2753,2367,1170,2751,2364,1168,99,100,0,500,2771;
@400000005e71d418399d5bf7 #d,-,18,2749,2365,1168,242,1,206106,12778,2751,2368,1170,2749,2365,1167,99,100,0,500,2769;
@400000005e71d41839a85890 #d,-,18,2748,2366,1193,243,1,206077,12776,2749,2367,1193,2748,2365,1168,99,100,0,500,2773;
@400000005e71d41a39b519c7 #d,-,18,2751,2368,1170,243,1,206049,12775,2751,2368,1200,2748,2365,1162,98,100,0,500,2803;
@400000005e71d41a39bddc67 #d,-,18,2749,2366,1272,244,1,206046,12774,2751,2368,1279,2749,2364,1168,99,100,0,500,2769;
@400000005e71d41c39ca9272 #d,-,18,2949,2366,1234,245,1,206121,12779,2949,2367,1272,2749,2365,1234,99,100,0,500,2967;
@400000005e71d41c39d2eae6 #d,-,18,2942,2366,1257,246,1,206130,12780,2949,2366,1257,2942,2363,1234,100,100,0,500,2942;
@400000005e71d41e39e02d91 #d,-,18,2942,2367,1261,247,1,206080,12776,2942,2368,1263,2942,2365,1247,99,100,0,500,2967;
@400000005e71d41e39e8dbb4 #d,-,18,2945,2367,1244,247,1,206098,12778,2945,2368,1280,2942,2365,1242,98,100,0,500,2993;
@400000005e71d42039f51c66 #d,-,18,2942,2363,1242,248,1,206109,12778,2945,2367,1245,2942,2363,1242,99,100,0,500,2951;
@400000005e71d42039fcf09b #d,-,18,2939,2365,1241,249,1,206184,12783,2942,2366,1249,2939,2362,1241,99,100,0,500,2951;
@400000005e71d4223a067e42 #d,-,18,2939,2365,1317,250,1,206240,12786,2939,2365,1455,2939,2362,1241,99,100,0,500,2952;
@400000005e71d4223a0bd570 #d,-,18,3107,2363,1333,251,1,206207,12784,3107,2367,1333,2939,2362,1212,98,100,0,500,3141;
@400000005e71d4243a147fd9 #d,-,18,3112,2366,1304,252,1,206264,12788,3112,2366,1365,3107,2363,1296,98,100,0,500,3168;
@400000005e71d4243a19cbdb #d,-,18,3107,2366,1313,252,1,206311,12791,3112,2367,1318,3107,2364,1304,99,100,0,500,3111;
@400000005e71d4263a2918ff #d,-,18,3103,2367,1304,253,1,206353,12793,3107,2368,1317,3103,2365,1297,99,100,0,500,3105;
@400000005e71d4263a339c85 #d,-,18,3099,2365,1308,254,1,206398,12796,3103,2367,1318,3099,2365,1300,100,100,0,500,3099;
@400000005e71d4283a3cb4d4 #d,-,18,3096,2363,1328,255,1,206442,12799,3099,2367,1328,3096,2363,1294,99,100,0,500,3100;
@400000005e71d4283a41a2c5 #d,-,18,3244,2366,1291,256,1,206505,12803,3244,2366,1511,3096,2363,1196,99,100,0,500,3274;
@400000005e71d42a3a4a8067 #d,-,18,2989,2365,1304,257,1,206547,12805,3244,2366,1312,2989,2363,1291,98,100,0,500,3025;
@400000005e71d42a3a4feb24 #d,-,18,3059,2364,1284,258,1,206583,12808,3059,2365,1305,2989,2363,1284,99,100,0,500,3089;
@400000005e71d42c3a5e1ff5 #d,-,18,3008,2364,1267,258,1,206608,12809,3059,2365,1286,3008,2362,1267,98,100,0,500,3039;
@400000005e71d42c3a686c88 #d,-,18,3004,2363,1281,259,1,206631,12811,3008,2364,1282,3004,2362,1263,99,100,0,500,3015;
@400000005e71d42e3a74f313 #d,-,18,3005,2363,1262,260,1,206721,12816,3005,2364,1298,3004,2362,1262,99,100,0,500,3034;
@400000005e71d42e3a7f630a #d,-,18,3001,2364,1256,261,1,206736,12817,3005,2365,1262,3001,2362,1256,99,100,0,500,3006;
@400000005e71d4303a8e9261 #d,-,18,3080,2365,1158,262,1,206711,12816,3080,2365,1446,3001,2363,1151,100,100,0,500,3080;
@400000005e71d4303a98eddb #d,-,18,2979,2363,1309,263,1,206749,12818,3080,2366,1323,2979,2363,1158,98,100,0,500,3039;
@400000005e71d4323aa2d992 #d,-,18,3072,2364,1306,263,1,206791,12821,3072,2365,1316,2979,2362,1305,99,100,0,500,3100;
@400000005e71d4323aa84bc3 #d,-,18,3072,2365,1290,264,1,206832,12823,3072,2365,1325,3072,2362,1290,99,100,0,500,3098;
@400000005e71d4343ab344a1 #d,-,18,3021,2365,1274,265,1,206853,12824,3072,2366,1290,3021,2364,1261,98,100,0,500,3059;
@400000005e71d4343aba5cb5 #d,-,18,3017,2365,1278,266,1,206873,12826,3021,2366,1278,3017,2364,1254,100,100,0,500,3017;
@400000005e71d4363ac4d066 #d,-,18,3011,2364,1267,267,1,206892,12827,3017,2365,1282,3011,2363,1263,100,100,0,500,3011;
@400000005e71d4363acabc97 #d,-,18,3104,2364,1155,268,1,207001,12834,3104,2364,1468,3011,2362,1155,100,100,0,500,3104;
@400000005e71d4383ad9004f #d,-,18,2753,2363,1084,268,1,206929,12829,3104,2367,1155,2753,2361,1053,95,100,0,500,2876;
@400000005e71d4383ae2d877 #d,-,18,2543,2365,1145,269,1,206812,12822,2753,2366,1186,2543,2363,1010,99,100,0,500,2555;
@400000005e71d43a3aef0d0e #d,-,18,2722,2363,1200,270,1,206788,12820,2722,2365,1215,2543,2362,1145,98,100,0,500,2753;
@400000005e71d43a3af8a5e2 #d,-,18,2777,2362,1170,271,1,206755,12818,2777,2367,1200,2722,2361,1159,98,100,0,500,2815;
@400000005e71d43c3b06180d #d,-,18,2772,2364,1170,271,1,206726,12817,2777,2365,1177,2772,2362,1169,100,100,0,500,2772;
@400000005e71d43c3b0ff6bb #d,-,18,2768,2365,1195,272,1,206704,12815,2772,2365,1203,2768,2362,1170,99,100,0,500,2774;
@400000005e71d43e3b1ca552 #d,-,18,2768,2367,1169,273,1,206673,12813,2768,2367,1195,2768,2365,1162,98,100,0,500,2803;
@400000005e71d43e3b264599 #d,-,18,2765,2365,1169,274,1,206643,12811,2768,2367,1173,2765,2364,1169,99,100,0,500,2774;
@400000005e71d4403b31d28c #d,-,18,2762,2365,1171,274,1,206613,12810,2765,2367,1171,2762,2364,1167,99,100,0,500,2773;
@400000005e71d4403b3baab5 #d,-,18,2759,2367,1169,275,1,206584,12808,2762,2367,1171,2759,2364,1168,99,100,0,500,2773;
@400000005e71d4423b4a38ee #d,-,18,2756,2367,1201,276,1,206560,12806,2759,2368,1202,2756,2365,1167,99,100,0,500,2771;
@400000005e71d4423b54b8ba #d,-,18,2758,2364,1171,277,1,206531,12804,2758,2367,1201,2756,2364,1162,98,100,0,500,2801;
@400000005e71d4443b620a4c #d,-,18,2755,2365,1170,277,1,206561,12806,2758,2367,1171,2755,2364,1167,99,100,0,500,2771;
@400000005e71d4443b6d2a48 #d,-,18,2753,2364,1170,278,1,206473,12801,2755,2367,1172,2753,2364,1168,99,100,0,500,2774;
@400000005e71d4463b7cf527 #d,-,18,2752,2366,1172,279,1,206444,12799,2753,2366,1172,2752,2364,1168,99,100,0,500,2771;
@400000005e71d4463b87a384 #d,-,18,2750,2365,1201,280,1,206420,12798,2752,2366,1201,2750,2364,1168,99,100,0,500,2774;
@400000005e71d4483b948cc8 #d,-,18,2752,2365,1173,280,1,206452,12800,2752,2365,1202,2750,2363,1163,98,100,0,500,2801;
@400000005e71d44900029f7b #d,-,18,2751,2363,1172,281,1,206423,12798,2752,2365,1173,2751,2361,1168,99,100,0,500,2771;
@400000005e71d44b000fe227 #d,-,18,2756,2365,1229,282,1,206364,12794,2756,2366,1256,2751,2363,1170,98,100,0,500,2806;
@400000005e71d44b00190a4b #d,-,18,2904,2365,1222,283,1,206366,12794,2904,2366,1246,2756,2363,1222,98,100,0,500,2938;
@400000005e71d44d00242e00 #d,-,18,2899,2366,1249,284,1,206365,12794,2904,2366,1249,2899,2364,1216,99,100,0,500,2902;
@400000005e71d44d002aecac #d,-,18,2899,2366,1218,284,1,206424,12798,2899,2366,1260,2899,2364,1213,98,100,0,500,2931;
@400000005e71d44f0035e856 #d,-,18,2848,2365,1203,285,1,206416,12797,2899,2366,1218,2848,2363,1203,98,100,0,500,2881;
@400000005e71d44f003cf8f7 #d,-,18,2846,2366,1075,286,1,206323,12792,2848,2366,1217,2846,2363,1071,99,100,0,500,2872;
@400000005e71d451004c918b #d,-,18,2556,2364,1098,287,1,206259,12788,2846,2366,1100,2556,2361,1075,97,100,0,500,2616;
@400000005e71d4510057a1b2 #d,-,18,2557,2361,1115,287,1,206201,12784,2557,2365,1115,2556,2361,1098,98,100,0,500,2603;
@400000005e71d453006141fa #d,-,18,2564,2364,1128,288,1,206148,12781,2564,2364,1134,2557,2361,1095,97,100,0,500,2643;
@400000005e71d4530065f9e7 #d,-,18,2922,2362,1249,289,1,206182,12783,2922,2364,1431,2564,2359,1128,100,100,0,500,2922;
@400000005e71d4550070cab9 #d,-,18,2922,2363,1301,290,1,206269,12788,2922,2366,1301,2922,2361,1249,98,100,0,500,2972;
@400000005e71d455007825db #d,-,18,3051,2365,1300,291,1,206246,12787,3051,2366,1309,2922,2362,1287,99,100,0,500,3077;
@400000005e71d45700816901 #d,-,18,3049,2366,1292,291,1,206278,12789,3051,2366,1302,3049,2364,1287,99,100,0,500,3068;
@400000005e71d4570086eb07 #d,-,18,3051,2366,1282,292,1,206309,12791,3051,2367,1327,3049,2364,1262,98,100,0,500,3088;
@400000005e71d45900920b03 #d,-,18,3044,2365,1262,293,1,206390,12796,3051,2366,1289,3044,2364,1262,100,100,0,500,3044;
@400000005e71d45900994dee #d,-,18,2982,2364,1385,294,1,206418,12797,3044,2365,1385,2982,2362,1253,98,100,0,500,3015;
@400000005e71d45b00a5f424 #d,-,18,3158,2365,1308,295,1,206406,12797,3158,2365,1473,2982,2363,1198,98,100,0,500,3198;
@400000005e71d45b00ae9360 #d,-,18,3002,2366,1291,296,1,206437,12799,3158,2366,1308,3002,2364,1291,99,100,0,500,3018;
@400000005e71d45d00b84bde #d,-,18,3059,2366,1273,297,1,206468,12801,3059,2366,1316,3002,2363,1273,99,100,0,500,3082;
@400000005e71d45d00bded8e #d,-,18,2997,2365,1278,297,1,206489,12802,3059,2366,1278,2997,2363,1268,98,100,0,500,3036;
@400000005e71d45f00cc29d2 #d,-,18,2995,2363,1263,298,1,206506,12803,2997,2365,1280,2995,2363,1262,99,100,0,500,3015;
@400000005e71d45f00d67a1f #d,-,18,2992,2363,1273,299,1,206526,12804,2995,2366,1276,2992,2363,1263,99,100,0,500,2997;
@400000005e71d46100e5c478 #d,-,18,2991,2363,1362,300,1,206551,12806,2992,2365,1362,2991,2363,1265,99,100,0,500,3016;
@400000005e71d46100f00998 #d,-,18,3161,2362,1300,301,1,206596,12808,3161,2364,1453,2991,2361,1221,99,100,0,500,3184;
@400000005e71d46300fbbda8 #d,-,18,2991,2361,1278,301,1,206624,12810,3161,2364,1307,2991,2361,1278,98,100,0,500,3025;
@400000005e71d463010308f6 #d,-,18,2992,2360,1292,302,1,206701,12815,2992,2363,1292,2991,2360,1264,98,100,0,500,3031;
@400000005e71d465010d93ef #d,-,18,2993,2362,1265,303,1,206663,12813,2993,2363,1292,2992,2360,1265,98,100,0,500,3031;
@400000005e71d4650113dd42 #d,-,18,2990,2362,1257,304,1,206677,12814,2993,2363,1270,2990,2361,1253,99,100,0,500,2999;
@400000005e71d467011cd9a0 #d,-,18,2987,2363,1251,305,1,206700,12815,2990,2363,1306,2987,2360,1251,99,100,0,500,2991;
@400000005e71d46701225432 #d,-,18,2986,2358,1275,306,1,206716,12816,2987,2363,1278,2986,2358,1243,99,100,0,500,3015;
@400000005e71d469012da679 #d,-,18,3096,2360,1176,306,1,206752,12818,3096,2361,1449,2986,2358,1176,100,100,0,500,3096;
@400000005e71d4690135f3c0 #d,-,18,2803,2362,1030,307,1,206751,12818,3096,2362,1176,2803,2360,1030,96,100,0,500,2904;
@400000005e71d46b0142c886 #d,-,18,2571,2359,1185,308,1,206714,12816,2803,2362,1190,2571,2359,1022,99,100,0,500,2596;
@400000005e71d46b014d76e3 #d,-,18,2782,2360,1180,309,1,206646,12812,2782,2361,1216,2571,2359,1180,98,100,0,500,2813;
@400000005e71d46d015dda7f #d,-,18,2780,2360,1173,309,1,206622,12810,2782,2362,1183,2780,2359,1173,99,100,0,500,2805;
@400000005e71d46d01684303 #d,-,18,2776,2365,1177,310,1,206598,12809,2780,2365,1177,2776,2360,1173,99,100,0,500,2783;
@400000005e71d46f0179077a #d,-,18,2774,2365,1173,311,1,206574,12807,2776,2365,1177,2774,2364,1173,99,100,0,500,2787;
@400000005e71d46f0183971b #d,-,18,2770,2364,1176,312,1,206551,12806,2774,2365,1176,2770,2363,1172,99,100,0,500,2783;
@400000005e71d47101920a52 #d,-,18,2769,2367,1194,312,1,206533,12805,2770,2367,1206,2769,2362,1176,99,100,0,500,2785;
@400000005e71d471019d21ec #d,-,18,2770,2367,1172,313,1,206509,12803,2770,2367,1194,2769,2365,1167,98,100,0,500,2813;
@400000005e71d47301ac4527 #d,-,18,2768,2368,1172,314,1,206485,12802,2770,2368,1174,2768,2366,1171,99,100,0,500,2783;
@400000005e71d47301b6a903 #d,-,18,2765,2368,1172,315,1,206460,12800,2768,2369,1173,2765,2366,1171,99,100,0,500,2781;
@400000005e71d47501c7043d #d,-,18,2763,2368,1172,315,1,206437,12799,2765,2368,1174,2763,2366,1171,99,100,0,500,2781;
@400000005e71d47501d18f36 #d,-,18,2761,2368,1202,316,1,206470,12801,2763,2369,1203,2761,2366,1171,99,100,0,500,2781;
@400000005e71d47701de7c33 #d,-,18,2763,2366,1172,317,1,206395,12796,2763,2368,1202,2761,2366,1167,98,100,0,500,2810;
@400000005e71d47701e9c34d #d,-,18,2761,2366,1175,318,1,206371,12795,2763,2368,1175,2761,2366,1170,99,100,0,500,2780;
@400000005e71d47901fa6460 #d,-,18,2759,2366,1172,319,1,206348,12793,2761,2368,1175,2759,2366,1171,99,100,0,500,2781;
@400000005e71d479020503d6 #d,-,18,2758,2367,1174,319,1,206376,12795,2759,2367,1174,2758,2364,1170,99,100,0,500,2780;
@400000005e71d47b020ff453 #d,-,18,2757,2368,1203,320,1,206305,12790,2758,2368,1203,2757,2365,1171,99,100,0,500,2781;
@400000005e71d47b02164d7b #d,-,18,2836,2367,1255,321,1,206312,12791,2836,2368,1271,2757,2365,1193,99,100,0,500,2846;
@400000005e71d47d02206b7d #d,-,18,2938,2367,1240,322,1,206317,12791,2938,2368,1256,2836,2366,1225,98,100,0,500,2977;
@400000005e71d47d0226a142 #d,-,18,2932,2367,1241,323,2,206372,12795,2938,2368,1245,2932,2366,1228,100,100,0,500,2932;
@400000005e71d47f0231473d #d,-,18,2926,2368,1218,323,2,206318,12791,2932,2368,1241,2926,2364,1215,100,100,0,500,2926;
@400000005e71d47f0237db12 #d,-,18,2856,2364,1259,324,2,206319,12791,2926,2368,1259,2856,2364,1214,98,100,0,500,2885;
@400000005e71d4810241fcce #d,-,18,2856,2367,1108,325,2,206302,12790,2856,2367,1263,2856,2363,1108,98,100,0,500,2910;
@400000005e71d48102483af4 #d,-,18,2710,2364,1231,326,2,206289,12789,2856,2367,1266,2710,2364,1086,99,100,0,500,2726;
@400000005e71d48302514727 #d,-,18,2868,2364,1243,326,2,206278,12789,2868,2367,1243,2710,2363,1144,98,100,0,500,2917;
@400000005e71d48302567eab #d,-,18,3044,2364,1257,327,2,206310,12791,3044,2366,1431,2868,2363,1190,100,100,0,500,3044;
@400000005e71d48502619ea7 #d,-,18,2952,2365,1338,328,2,206343,12793,3044,2365,1338,2952,2363,1257,98,100,0,500,2986;
@400000005e71d4850268460b #d,-,18,3096,2366,1297,329,2,206378,12795,3096,2366,1339,2952,2364,1297,99,100,0,500,3121;
@400000005e71d4870276c0b5 #d,-,18,3023,2366,1263,330,2,206445,12799,3096,2366,1297,3023,2364,1263,98,100,0,500,3059;
@400000005e71d48702811d1d #d,-,18,2956,2364,1268,331,2,206409,12797,3023,2366,1269,2956,2363,1250,98,100,0,500,2988;
@400000005e71d489028aae7e #d,-,18,2959,2364,1261,331,2,206425,12798,2959,2365,1286,2956,2362,1256,98,100,0,500,3011;
@400000005e71d489028fee64 #d,-,18,2959,2364,1265,332,2,206442,12799,2959,2365,1282,2959,2362,1257,99,100,0,500,2986;
@400000005e71d48b029c26b4 #d,-,18,3159,2364,1246,333,2,206473,12801,3159,2364,1482,2959,2361,1141,98,100,0,500,3193;
@400000005e71d48b02a53f02 #d,-,18,2908,2362,1298,334,2,206500,12803,3159,2364,1313,2908,2362,1246,98,100,0,500,2949;
@400000005e71d48d02af8b95 #d,-,18,3027,2362,1280,335,2,206521,12804,3027,2364,1298,2908,2362,1277,99,100,0,500,3052;
@400000005e71d48d02b5b9e6 #d,-,18,3022,2363,1257,336,2,206584,12808,3027,2365,1280,3022,2362,1248,99,100,0,500,3023;
@400000005e71d48f02c06bfd #d,-,18,2964,2362,1249,336,2,206549,12806,3022,2364,1286,2964,2362,1248,99,100,0,500,2991;
@400000005e71d48f02c7a3bb #d,-,18,2964,2363,1256,337,2,206566,12807,2964,2364,1292,2964,2362,1249,98,100,0,500,2995;
@400000005e71d49102d21b26 #d,-,18,2966,2364,1267,338,2,206585,12808,2966,2365,1286,2964,2362,1256,98,100,0,500,3011;
@400000005e71d49102d87bc1 #d,-,18,3051,2364,1202,339,2,206624,12810,3051,2365,1464,2966,2361,1202,100,100,0,500,3051;
@400000005e71d49302e409a3 #d,-,18,2994,2363,1226,340,2,206675,12813,3051,2365,1256,2994,2362,1188,97,100,0,500,3066;
@400000005e71d49302ec4acf #d,-,18,2792,2362,1183,340,2,206601,12809,2994,2365,1229,2792,2362,1101,97,100,0,500,2860;
@400000005e71d49502ff2a82 #d,-,18,2698,2359,1254,341,2,206573,12807,2792,2364,1254,2698,2359,1101,99,100,0,500,2721;
@400000005e71d495030cdecd #d,-,18,2866,2358,1224,342,2,206577,12807,2866,2359,1264,2698,2357,1224,99,100,0,500,2881;
@400000005e71d497031cc4ae #d,-,18,2870,2360,1255,343,2,206584,12808,2870,2360,1257,2866,2358,1221,98,100,0,500,2922;
@400000005e71d49703272c43 #d,-,18,2929,2356,1248,344,2,206587,12808,2929,2361,1255,2870,2356,1207,98,100,0,500,2965;
@400000005e71d49903328aa5 #d,-,18,2826,2357,1247,344,2,206585,12808,2929,2359,1283,2826,2356,1140,99,100,0,500,2854;
@400000005e71d4990339125f #d,-,18,2953,2356,1414,345,2,206659,12812,2953,2359,1414,2826,2355,1242,99,100,0,500,2977;
@400000005e71d49b0346af61 #d,-,18,3053,2360,1006,346,2,206621,12810,3053,2360,1419,2953,2355,987,98,100,0,500,3112;
@400000005e71d49b034f84a1 #d,-,18,2362,2358,1097,347,2,206497,12802,3053,2360,1097,2362,2357,1006,97,100,0,500,2426;
@400000005e71d49d035e0b67 #d,-,18,2601,2358,1155,348,2,206472,12801,2601,2360,1189,2362,2357,1097,99,100,0,500,2605;
@400000005e71d49d03690445 #d,-,18,2720,2358,1190,348,2,206456,12800,2720,2360,1219,2601,2358,1154,98,100,0,500,2749;
@400000005e71d49f03791d5f #d,-,18,2786,2359,1181,349,2,206439,12799,2786,2361,1205,2720,2358,1170,98,100,0,500,2819;
@400000005e71d49f0383e305 #d,-,18,2784,2360,1177,350,2,206465,12800,2786,2360,1181,2784,2358,1173,99,100,0,500,2810;
@400000005e71d4a103945de9 #d,-,18,2780,2360,1178,351,2,206397,12796,2784,2361,1178,2780,2357,1177,99,100,0,500,2783;
@400000005e71d4a1039ef144 #d,-,18,2776,2361,1178,351,2,206377,12795,2780,2361,1179,2776,2358,1176,99,100,0,500,2785;
@400000005e71d4a303ac42d6 #d,-,18,2773,2360,1177,352,2,206356,12794,2776,2361,1179,2773,2358,1176,99,100,0,500,2785;
@400000005e71d4a303b720b2 #d,-,18,2771,2359,1194,353,2,206341,12793,2773,2361,1209,2771,2357,1176,99,100,0,500,2781;
@400000005e71d4a503c4db82 #d,-,18,2771,2359,1177,354,2,206319,12791,2771,2360,1194,2771,2357,1169,98,100,0,500,2810;
@400000005e71d4a503cfd0a7 #d,-,18,2768,2358,1177,354,2,206344,12793,2771,2361,1178,2768,2358,1174,99,100,0,500,2781;
@400000005e71d4a703df29e7 #d,-,18,2766,2358,1176,355,2,206278,12789,2768,2360,1177,2766,2358,1176,99,100,0,500,2781;
@400000005e71d4a703e99e86 #d,-,18,2764,2356,1178,356,2,206257,12787,2766,2360,1179,2764,2355,1176,99,100,0,500,2781;
@400000005e71d4a903f73a9a #d,-,18,2762,2358,1207,357,2,206242,12787,2764,2359,1208,2762,2355,1177,99,100,0,500,2783;
@400000005e71d4a904025234 #d,-,18,2764,2359,1176,357,2,206221,12785,2764,2360,1207,2762,2357,1170,98,100,0,500,2810;
@400000005e71d4ab04133656 #d,-,18,2762,2356,1177,358,2,206201,12784,2764,2359,1179,2762,2355,1176,99,100,0,500,2781;
@400000005e71d4ab041dc9b0 #d,-,18,2761,2357,1179,359,2,206226,12786,2762,2358,1179,2761,2356,1177,99,100,0,500,2781;
@400000005e71d4ad042c1d3d #d,-,18,2759,2355,1178,360,2,206160,12781,2761,2358,1179,2759,2355,1177,99,100,0,500,2781;
@400000005e71d4ad0434769f #d,-,18,2835,2356,1276,360,2,206170,12782,2835,2357,1276,2759,2355,1177,99,100,0,500,2847;
@400000005e71d4af0441a4ce #d,-,18,2932,2357,1214,361,2,206171,12782,2932,2358,1276,2835,2355,1214,98,100,0,500,2972;
@400000005e71d4af044a440a #d,-,18,2839,2357,1214,362,2,206209,12785,2932,2357,1218,2839,2354,1210,98,100,0,500,2870;
@400000005e71d4b104591551 #d,-,18,2840,2358,1225,363,2,206162,12782,2840,2358,1231,2839,2355,1214,98,100,0,500,2876;
@400000005e71d4b10463423a #d,-,18,2842,2358,1220,364,2,206159,12781,2842,2359,1225,2840,2356,1219,98,100,0,500,2897;
@400000005e71d4b30478a755 #d,-,18,2844,2357,1257,364,2,206159,12781,2844,2359,1257,2842,2356,1219,98,100,0,500,2885;
@400000005e71d4b3048925f3 #d,-,18,2850,2358,1219,365,2,206157,12781,2850,2360,1261,2844,2356,1212,97,100,0,500,2922;
@400000005e71d4b504962a39 #d,-,18,2849,2359,1223,366,2,206154,12781,2850,2360,1223,2849,2357,1216,98,100,0,500,2878;
@400000005e71d4b5049d61f7 #d,-,18,3008,2357,1143,367,2,206180,12783,3008,2360,1446,2849,2357,1143,100,100,0,500,3008;
@400000005e71d4b704a6187c #d,-,18,3002,2358,1321,368,2,206203,12784,3008,2360,1321,3002,2357,1143,99,100,0,500,3025;
@400000005e71d4b704aacad2 #d,-,18,3063,2359,1334,369,2,206236,12786,3063,2360,1334,3002,2357,1308,99,100,0,500,3088;
@400000005e71d4b904b6540b #d,-,18,3068,2361,1299,369,2,206267,12788,3068,2362,1343,3063,2358,1299,97,100,0,500,3137;
@400000005e71d4b904bceb9a #d,-,18,3063,2361,1292,370,2,206290,12790,3068,2362,1305,3063,2359,1275,100,100,0,500,3063;
@400000005e71d4bb04c6e638 #d,-,18,3059,2361,1277,371,2,206355,12794,3063,2361,1294,3059,2359,1275,99,100,0,500,3064;
@400000005e71d4bb04d19495 #d,-,18,2982,2361,1271,372,2,206368,12794,3059,2361,1277,2982,2358,1261,98,100,0,500,3015;
@400000005e71d4bd04dc9d49 #d,-,18,3101,2361,1211,373,2,206358,12794,3101,2361,1450,2982,2358,1202,100,100,0,500,3101;
@400000005e71d4bd04e2f1c9 #d,-,18,3005,2360,1255,374,2,206375,12795,3101,2361,1320,3005,2358,1211,97,100,0,500,3068;
@400000005e71d4bf04f1711b #d,-,18,2937,2360,1245,374,2,206383,12795,3005,2361,1268,2937,2359,1244,98,100,0,500,2975;
@400000005e71d4bf04fba2ac #d,-,18,2933,2360,1275,375,2,206392,12796,2937,2360,1276,2933,2358,1240,99,100,0,500,2942;
@400000005e71d4c10508ba80 #d,-,18,2937,2358,1263,376,2,206448,12799,2937,2360,1275,2933,2357,1258,98,100,0,500,2988;
@400000005e71d4c105108dc7 #d,-,18,2936,2359,1276,377,2,206401,12796,2937,2361,1276,2936,2358,1132,98,100,0,500,2975;
@400000005e71d4c30519ff7d #d,-,18,2933,2359,1120,378,2,206390,12796,2936,2361,1303,2933,2359,1099,100,100,0,500,2933;
@400000005e71d4c3051f6681 #d,-,18,2626,2360,1242,378,2,206364,12794,2933,2362,1242,2626,2359,1120,97,100,0,500,2685;
@400000005e71d4c5052bc6dd #d,-,18,2917,2360,1234,379,2,206401,12796,2917,2361,1449,2626,2358,1234,100,100,0,500,2917;
@400000005e71d4c5053377ae #d,-,18,3033,2359,1273,380,2,206409,12797,3033,2361,1276,2917,2359,1180,98,100,0,500,3086;
@400000005e71d4c7053e6471 #d,-,18,3030,2357,1272,381,2,206431,12798,3033,2361,1316,3030,2356,1271,99,100,0,500,3036;
@400000005e71d4c70544fbff #d,-,18,3029,2359,1269,382,2,206452,12800,3030,2360,1308,3029,2356,1266,99,100,0,500,3054;
@400000005e71d4c9054f7369 #d,-,18,3024,2358,1268,383,2,206466,12800,3029,2361,1278,3024,2357,1268,100,100,0,500,3024;
@400000005e71d4c90555fedc #d,-,18,2970,2356,1258,383,2,206478,12801,3024,2359,1277,2970,2355,1257,99,100,0,500,3000;
@400000005e71d4cb05626f0e #d,-,18,2967,2358,1273,384,2,206532,12805,2970,2359,1273,2967,2355,1255,99,100,0,500,2979;
@400000005e71d4cb056db539 #d,-,18,2966,2357,1470,385,2,206566,12807,2967,2359,1471,2966,2354,1267,99,100,0,500,2993;
@400000005e71d4cd057b7959 #d,-,18,3092,2362,1009,386,2,206498,12802,3092,2362,1470,2966,2356,1009,98,100,0,500,3152;
@400000005e71d4cd0585e950 #d,-,18,2460,2361,1016,386,2,206429,12798,3092,2362,1055,2460,2359,1009,97,100,0,500,2520;
@400000005e71d4cf0593eae7 #d,-,18,2459,2358,1174,387,2,206392,12796,2460,2361,1179,2459,2357,1016,99,100,0,500,2470;
@400000005e71d4cf059eb8ee #d,-,18,2761,2357,1183,388,2,206374,12795,2761,2359,1197,2459,2356,1160,98,100,0,500,2789;
@400000005e71d4d105adeb11 #d,-,18,2759,2358,1171,389,2,206397,12796,2761,2360,1193,2759,2357,1169,99,100,0,500,2783;
@400000005e71d4d105b8fb38 #d,-,18,2758,2359,1178,389,2,206340,12793,2759,2359,1207,2758,2355,1171,99,100,0,500,2776;
@400000005e71d4d305c9db9f #d,-,18,2758,2357,1173,390,2,206362,12794,2758,2359,1178,2758,2357,1167,98,100,0,500,2799;
@400000005e71d4d305d45f25 #d,-,18,2756,2357,1175,391,2,206300,12790,2758,2358,1175,2756,2356,1173,99,100,0,500,2776;
@400000005e71d4d505dd30ac #d,-,18,2754,2356,1174,392,2,206281,12789,2756,2358,1175,2754,2356,1173,99,100,0,500,2774;
@400000005e71d4d505e4c67a #d,-,18,2753,2358,1174,392,2,206260,12788,2754,2358,1174,2753,2356,1172,99,100,0,500,2774;
@400000005e71d4d705f5e902 #d,-,18,2752,2356,1187,393,2,206245,12787,2753,2358,1205,2752,2355,1173,99,100,0,500,2774;
@400000005e71d4d7060073fb #d,-,18,2753,2359,1172,394,2,206225,12785,2753,2359,1187,2752,2356,1167,98,100,0,500,2799;
@400000005e71d4d90610fa0c #d,-,18,2752,2357,1174,395,2,206205,12784,2753,2359,1175,2752,2356,1172,99,100,0,500,2773;
@400000005e71d4d9061b7d92 #d,-,18,2750,2357,1172,395,2,206227,12786,2752,2358,1174,2750,2356,1172,99,100,0,500,2773;
@400000005e71d4db062a4765 #d,-,18,2748,2357,1173,396,2,206165,12782,2750,2360,1174,2748,2357,1171,99,100,0,500,2771;
@400000005e71d4db06356ed5 #d,-,18,2747,2359,1199,397,2,206150,12781,2748,2359,1204,2747,2357,1172,99,100,0,500,2773;
@400000005e71d4dd064291d6 #d,-,18,2749,2357,1172,398,2,206130,12780,2749,2360,1199,2747,2357,1166,98,100,0,500,2797;
@400000005e71d4dd064d28eb #d,-,18,2748,2359,1173,398,2,206110,12778,2749,2359,1173,2748,2356,1171,99,100,0,500,2771;
@400000005e71d4df065aa643 #d,-,18,2747,2356,1175,399,2,206090,12777,2748,2359,1175,2747,2355,1172,99,100,0,500,2771;
@400000005e71d4df06638b58 #d,-,18,2842,2357,1259,400,2,206101,12778,2842,2357,1279,2747,2354,1175,99,100,0,500,2853;
@400000005e71d4e10670168b #d,-,18,2931,2354,1272,401,2,206108,12778,2931,2358,1272,2842,2353,1241,98,100,0,500,2968;
@400000005e71d4e10678a14a #d,-,18,2930,2354,1250,402,2,206114,12779,2931,2358,1274,2930,2353,1234,99,100,0,500,2958;
@400000005e71d4e30685400c #d,-,18,2927,2353,1233,403,2,206117,12779,2930,2357,1250,2927,2353,1233,99,100,0,500,2938;
@400000005e71d4e3068d7d7e #d,-,18,2922,2354,1226,403,2,206117,12779,2927,2356,1238,2922,2352,1226,100,100,0,500,2922;
@400000005e71d4e5069b40b0 #d,-,18,2916,2357,1089,404,2,206103,12778,2922,2357,1236,2916,2354,1089,100,100,0,500,2916;
@400000005e71d4e506a3dc32 #d,-,18,2726,2357,1123,405,2,206082,12777,2916,2357,1252,2726,2354,1088,98,100,0,500,2755;
@400000005e71d4e706ad1b9e #d,-,18,2651,2354,1360,406,2,206064,12775,2726,2358,1360,2651,2354,1114,97,100,0,500,2717;
@400000005e71d4e706b21876 #d,-,18,3054,2355,1285,406,2,206088,12777,3054,2357,1450,2651,2354,1162,100,100,0,500,3054;
@400000005e71d4e906bcf564 #d,-,18,2956,2355,1307,407,2,206115,12779,3054,2356,1315,2956,2354,1285,99,100,0,500,2981;
@400000005e71d4e906c3d3ba #d,-,18,3044,2355,1284,408,2,206135,12780,3044,2356,1307,2956,2354,1284,98,100,0,500,3077;
@400000005e71d4eb06cd16e0 #d,-,18,3041,2355,1329,409,2,206199,12784,3044,2356,1329,3041,2354,1278,99,100,0,500,3047;
@400000005e71d4eb06d27582 #d,-,18,3046,2357,1300,410,2,206186,12783,3046,2357,1336,3041,2354,1297,97,100,0,500,3112;
@400000005e71d4ed06dd4eb6 #d,-,18,3045,2355,1283,411,2,206206,12784,3046,2357,1300,3045,2354,1283,99,100,0,500,3068;
@400000005e71d4ed06e4197e #d,-,18,2991,2357,1449,411,2,206229,12786,3045,2358,1449,2991,2355,1253,98,100,0,500,3031;
@400000005e71d4ef06f0bfb3 #d,-,18,3108,2356,1301,412,2,206250,12787,3108,2358,1475,2991,2355,1167,98,100,0,500,3161;
@400000005e71d4ef06f9c0b9 #d,-,18,2950,2356,1287,413,2,206264,12788,3108,2360,1301,2950,2352,1258,99,100,0,500,2963;
@400000005e71d4f107091db3 #d,-,18,2954,2357,1133,414,2,206253,12787,2954,2358,1298,2950,2355,1112,97,100,0,500,3020;
@400000005e71d4f10713cfc9 #d,-,18,2695,2357,1242,415,2,206247,12787,2954,2357,1256,2695,2355,1133,98,100,0,500,2730;
@400000005e71d4f3071c57bd #d,-,18,2765,2358,1161,415,2,206227,12786,2765,2358,1255,2695,2356,1106,98,100,0,500,2817;
@400000005e71d4f307206718 #d,-,18,2767,2358,1133,416,2,206200,12784,2767,2360,1212,2765,2358,1111,98,100,0,500,2817;
@400000005e71d4f5072a3325 #d,-,18,2762,2356,1256,417,2,206204,12784,2767,2359,1296,2762,2356,1132,100,100,0,500,2762;
@400000005e71d4f50730e1fc #d,-,18,2910,2357,1096,418,2,206187,12783,2910,2358,1256,2762,2356,1096,98,100,0,500,2949;
@400000005e71d4f70739de5a #d,-,18,2823,2355,1177,419,2,206203,12784,2910,2359,1450,2823,2353,1096,99,100,0,500,2828;
@400000005e71d4f7073ef369 #d,-,18,2976,2356,1298,419,2,206218,12785,2976,2358,1298,2823,2353,1169,97,100,0,500,3039;
@400000005e71d4f90749054f #d,-,18,3042,2357,1295,420,2,206242,12787,3042,2358,1316,2976,2355,1295,99,100,0,500,3068;
@400000005e71d4f907501237 #d,-,18,3039,2358,1280,421,2,206258,12788,3042,2358,1295,3039,2355,1279,99,100,0,500,3054;
@400000005e71d4fb07599009 #d,-,18,3037,2356,1286,422,2,206281,12789,3039,2358,1334,3037,2353,1276,99,100,0,500,3047;
@400000005e71d4fb075efe80 #d,-,18,3036,2357,1289,423,2,206301,12790,3037,2359,1295,3036,2356,1286,99,100,0,500,3064;
@400000005e71d4fd076e47ea #d,-,18,3034,2356,1279,424,2,206358,12794,3036,2359,1297,3034,2356,1279,99,100,0,500,3050;
@400000005e71d4fd07795458 #d,-,18,3146,2358,1147,425,2,206350,12793,3146,2358,1477,3034,2356,1147,100,100,0,500,3146;
@400000005e71d4ff0786e53f #d,-,18,2797,2357,1163,425,2,206317,12791,3146,2360,1163,2797,2357,1060,96,100,0,500,2897;
@400000005e71d4ff0791b6ff #d,-,18,2738,2357,1162,426,2,206308,12791,2797,2358,1246,2738,2356,1162,99,100,0,500,2764;
@400000005e71d50107a2492c #d,-,18,2737,2358,1175,427,2,206290,12790,2738,2359,1178,2737,2356,1162,98,100,0,500,2776;
@400000005e71d50107acfefc #d,-,18,2739,2358,1175,428,2,206272,12788,2739,2359,1177,2737,2356,1174,98,100,0,500,2781;
@400000005e71d50307b920f2 #d,-,18,2739,2356,1175,428,2,206293,12790,2739,2358,1176,2739,2356,1174,98,100,0,500,2776;
@400000005e71d50307c44c1b #d,-,18,2740,2355,1175,429,2,206236,12786,2740,2358,1175,2739,2355,1174,98,100,0,500,2776;
@400000005e71d50507d4da8e #d,-,18,2742,2357,1172,430,2,206223,12785,2742,2357,1206,2740,2355,1172,98,100,0,500,2781;
@400000005e71d50507df70b4 #d,-,18,2744,2356,1174,431,2,206204,12784,2744,2357,1177,2742,2355,1167,98,100,0,500,2797;
@400000005e71d50707f00789 #d,-,18,2743,2356,1175,431,2,206186,12783,2744,2357,1175,2743,2355,1173,98,100,0,500,2774;
@400000005e71d50707fa8ec8 #d,-,18,2743,2356,1174,432,2,206168,12782,2743,2356,1176,2743,2355,1173,98,100,0,500,2774;
@400000005e71d50908086942 #d,-,18,2742,2355,1175,433,2,206151,12781,2743,2357,1176,2742,2355,1173,98,100,0,500,2773;
@400000005e71d5090812c964 #d,-,18,2743,2356,1184,434,2,206137,12780,2743,2356,1206,2742,2354,1173,98,100,0,500,2774;
Lost connection at /opt/powertools/bin/wattsup1 line 220.
	main::failure('Lost connection') called at /opt/powertools/bin/wattsup1 line 271
	main::recv_msg() called at /opt/powertools/bin/wattsup1 line 504
