@400000005e7c5dd709c8aed4 #v,-,8,2,261786,5,2,4,57,200810261703,0;
@400000005e7c5dd733c0bba6 #h,-,18,W,V,A,WH,Cost,WH/Mo,Cost/Mo,Wmax,Vmax,Amax,Wmin,Vmin,Amin,PF,DC,PC,Hz,VA;
@400000005e7c5dd739d2c3c8 #f,-,48,113,436,1,4775,0,0,65533,0,199,810,237,17949,177,311,4753,4,92217,151,32123,69906,40,694,17008,0,93,1,4659,0,0,65533,0,199,822,242,18484,171,318,5362,2,92206,150,32190,70407,42,536,17029,0,92;
@400000005e7c5dd939e8c825 #d,-,18,2433,2368,1127,0,0,174522,10820,2433,2370,1132,2433,2368,1124,89,100,0,500,2718;
@400000005e7c5ddb39f9e6f3 #d,-,18,2433,2369,1128,1,0,174501,10819,2433,2369,1133,2433,2367,1124,89,100,0,500,2713;
@400000005e7c5ddb3a03b6ba #d,-,18,2433,2370,1132,2,0,179641,11137,2433,2370,1136,2433,2368,1128,89,100,0,500,2720;
@400000005e7c5ddd3a1314a2 #d,-,18,2434,2372,1125,2,0,174674,10829,2434,2373,1136,2433,2369,1125,89,100,0,500,2730;
@400000005e7c5ddd3a1cdcf6 #d,-,18,2434,2370,1131,3,0,174663,10829,2434,2373,1134,2434,2370,1125,89,100,0,500,2720;
@400000005e7c5ddf3a2c610d #d,-,18,2434,2372,1133,4,0,174764,10835,2434,2372,1139,2434,2370,1127,89,100,0,500,2723;
@400000005e7c5ddf3a361218 #d,-,18,2435,2370,1131,4,0,174782,10836,2435,2372,1136,2434,2370,1127,89,100,0,500,2734;
@400000005e7c5de13a44f5ff #d,-,18,2435,2372,1129,5,0,174712,10832,2435,2372,1132,2435,2369,1126,89,100,0,500,2723;
@400000005e7c5de13a4f23d7 #d,-,18,2434,2370,1123,6,0,174656,10828,2435,2372,1131,2434,2369,1123,89,100,0,500,2718;
@400000005e7c5de33a5ec025 #d,-,18,2433,2372,1127,6,0,174598,10825,2434,2372,1129,2433,2370,1123,89,100,0,500,2715;
@400000005e7c5de33a688016 #d,-,18,2432,2370,1124,7,0,174549,10822,2433,2372,1128,2432,2369,1123,89,100,0,500,2711;
@400000005e7c5de53a7817bd #d,-,18,2431,2370,1125,8,0,174509,10819,2432,2372,1129,2431,2369,1123,89,100,0,500,2715;
@400000005e7c5de53a81b539 #d,-,18,2431,2371,1134,8,0,174516,10820,2431,2371,1134,2431,2368,1125,89,100,0,500,2715;
@400000005e7c5de73a90dc2e #d,-,18,2431,2369,1127,9,0,175736,10895,2431,2371,1136,2431,2369,1127,89,100,0,500,2727;
@400000005e7c5de73a9b01a4 #d,-,18,2431,2369,1133,10,0,174538,10821,2431,2369,1133,2431,2368,1125,89,100,0,500,2720;
@400000005e7c5de93aaad3f6 #d,-,18,2431,2371,1124,11,0,174534,10821,2431,2371,1133,2431,2368,1124,89,100,0,500,2723;
@400000005e7c5de93ab4a865 #d,-,18,2431,2370,1127,11,0,174530,10820,2431,2371,1132,2431,2369,1124,89,100,0,500,2718;
@400000005e7c5deb3ac47ab7 #d,-,18,2431,2371,1128,12,0,174519,10820,2431,2372,1131,2431,2369,1125,89,100,0,500,2718;
@400000005e7c5deb3ace3aa9 #d,-,18,2431,2371,1125,13,0,174509,10819,2431,2372,1131,2431,2370,1125,89,100,0,500,2720;
@400000005e7c5ded3add6912 #d,-,18,2431,2373,1128,13,0,174507,10819,2431,2373,1130,2431,2371,1124,89,100,0,500,2718;
@400000005e7c5ded3ae77385 #d,-,18,2431,2371,1127,14,0,174498,10818,2431,2373,1130,2431,2371,1123,89,100,0,500,2715;
@400000005e7c5def3af6d8e1 #d,-,18,2431,2370,1132,15,0,174510,10819,2431,2373,1133,2431,2370,1126,89,100,0,500,2718;
@400000005e7c5def3b009d7b #d,-,18,2431,2372,1211,15,0,174636,10827,2431,2373,1211,2431,2370,1126,89,100,0,500,2723;
@400000005e7c5df13b101665 #d,-,18,2569,2371,1274,16,0,175564,10884,2569,2372,1302,2431,2368,1200,90,100,0,500,2829;
@400000005e7c5df13b19c2c8 #d,-,18,2828,2368,1282,17,0,176638,10951,2828,2371,1284,2569,2368,1266,92,100,0,500,3057;
@400000005e7c5df33b293bb2 #d,-,18,2828,2368,1277,18,0,177637,11013,2828,2370,1284,2828,2368,1277,91,100,0,500,3076;
@400000005e7c5df33b331b4e #d,-,18,2828,2370,1280,18,0,178564,11070,2828,2371,1281,2828,2367,1276,92,100,0,500,3073;
@400000005e7c5df53b424243 #d,-,18,2731,2370,1062,19,0,178526,11068,2828,2371,1280,2731,2369,1062,90,100,0,500,3012;
@400000005e7c5df53b4c15c4 #d,-,18,2345,2369,1175,20,0,179096,11103,2731,2372,1217,2345,2369,1057,88,100,0,500,2656;
@400000005e7c5df73b5bc5a1 #d,-,18,2591,2371,1182,20,0,178707,11079,2591,2371,1192,2345,2368,1174,91,100,0,500,2843;
@400000005e7c5df73b65894c #d,-,18,2589,2370,1184,21,0,178905,11092,2591,2372,1185,2589,2369,1180,90,100,0,500,2848;
@400000005e7c5df93b750d64 #d,-,18,2583,2370,1130,22,0,178852,11088,2589,2372,1184,2583,2370,1129,91,100,0,500,2827;
@400000005e7c5df93b7f4756 #d,-,18,2449,2371,1133,23,0,178747,11082,2583,2371,1137,2449,2369,1130,89,100,0,500,2737;
@400000005e7c5dfb3b8ef645 #d,-,18,2448,2371,1132,23,0,178645,11075,2449,2371,1137,2448,2370,1130,89,100,0,500,2730;
@400000005e7c5dfb3b98e5b6 #d,-,18,2446,2370,1129,24,0,178535,11069,2448,2372,1134,2446,2370,1128,89,100,0,500,2727;
@400000005e7c5dfe000d07ff #d,-,18,2446,2371,1159,25,0,178467,11065,2446,2371,1159,2446,2369,1129,89,100,0,500,2727;
@400000005e7c5dfe0016b81c #d,-,18,2549,2368,1291,25,0,179423,11124,2549,2371,1302,2446,2367,1159,90,100,0,500,2806;
@400000005e7c5e000025febb #d,-,18,2809,2370,1280,26,0,179574,11133,2809,2371,1291,2549,2368,1269,92,100,0,500,3038;
@400000005e7c5e00002fb291 #d,-,18,2812,2370,1284,27,0,180178,11171,2812,2370,1284,2809,2368,1278,91,100,0,500,3080;
@400000005e7c5e02003f204f #d,-,18,2814,2368,1280,28,0,180749,11206,2814,2370,1284,2812,2368,1278,91,100,0,500,3078;
@400000005e7c5e020048c53e #d,-,18,2747,2371,1161,28,0,180802,11209,2814,2372,1281,2747,2368,1102,90,100,0,500,3035;
@400000005e7c5e040057ffc3 #d,-,18,2499,2368,1186,29,0,180869,11213,2747,2371,1192,2499,2367,1151,90,100,0,500,2768;
@400000005e7c5e0400621cd6 #d,-,18,2585,2368,1186,30,0,180970,11220,2585,2370,1188,2499,2367,1183,90,100,0,500,2853;
@400000005e7c5e0600712c83 #d,-,18,2584,2370,1134,31,0,181027,11223,2585,2370,1191,2584,2366,1134,90,100,0,500,2851;
@400000005e7c5e06007b2368 #d,-,18,2503,2368,1135,31,0,180924,11217,2584,2370,1147,2503,2367,1129,89,100,0,500,2789;
@400000005e7c5e08008a0fb1 #d,-,18,2449,2370,1135,32,0,180807,11210,2503,2371,1137,2449,2367,1133,89,100,0,500,2732;
@400000005e7c5e080093bc14 #d,-,18,2448,2369,1135,33,0,180698,11203,2449,2371,1138,2448,2368,1132,89,100,0,500,2732;
@400000005e7c5e0a00a2b0be #d,-,18,2448,2370,1138,33,0,180599,11197,2448,2371,1140,2448,2368,1134,89,100,0,500,2734;
@400000005e7c5e0a00acd9ed #d,-,18,2449,2371,1189,34,0,180540,11193,2449,2371,1189,2448,2369,1134,89,100,0,500,2734;
@400000005e7c5e0c00bc3f49 #d,-,18,2567,2370,1278,35,0,180877,11214,2567,2371,1306,2449,2368,1189,90,100,0,500,2827;
@400000005e7c5e0c00c60b56 #d,-,18,2830,2369,1282,35,0,181315,11241,2830,2371,1287,2567,2368,1270,92,100,0,500,3054;
@400000005e7c5e0e00d597cf #d,-,18,2830,2368,1284,36,0,182094,11289,2830,2371,1286,2830,2368,1281,91,100,0,500,3080;
@400000005e7c5e0e00df5407 #d,-,18,2832,2370,1282,37,0,182497,11314,2832,2370,1286,2830,2367,1277,91,100,0,500,3088;
@400000005e7c5e1000ee729b #d,-,18,2725,2369,1171,38,0,182216,11297,2832,2370,1282,2725,2369,1106,90,100,0,500,3019;
@400000005e7c5e1000f898ff #d,-,18,2585,2369,1186,38,0,182278,11301,2725,2371,1194,2585,2369,1170,91,100,0,500,2836;
@400000005e7c5e12010815a3 #d,-,18,2584,2371,1182,39,0,182330,11304,2585,2371,1187,2584,2369,1182,90,100,0,500,2853;
@400000005e7c5e12011208cd #d,-,18,2583,2371,1143,40,0,182296,11302,2584,2371,1184,2583,2369,1128,90,100,0,500,2848;
@400000005e7c5e140121a42d #d,-,18,2457,2370,1133,41,0,182180,11295,2583,2371,1144,2457,2369,1129,89,100,0,500,2753;
@400000005e7c5e14012b77ae #d,-,18,2455,2368,1132,41,0,182371,11307,2457,2371,1135,2455,2368,1132,89,100,0,500,2730;
@400000005e7c5e16013a2591 #d,-,18,2454,2371,1136,42,0,181958,11281,2455,2371,1137,2454,2368,1132,89,100,0,500,2730;
@400000005e7c5e16014418bb #d,-,18,2453,2371,1139,43,0,181862,11275,2454,2371,1141,2453,2369,1133,89,100,0,500,2732;
@400000005e7c5e1801535ab3 #d,-,18,2453,2370,1205,43,0,181891,11277,2453,2372,1225,2453,2369,1138,89,100,0,501,2742;
@400000005e7c5e18015d2a7a #d,-,18,2721,2368,1285,44,0,182215,11297,2721,2371,1305,2453,2367,1204,92,100,0,501,2943;
@400000005e7c5e1a016c6d60 #d,-,18,2828,2368,1279,45,0,182540,11317,2828,2370,1286,2721,2367,1278,91,100,0,501,3078;
@400000005e7c5e1a017619c3 #d,-,18,2828,2370,1278,46,0,183134,11354,2828,2371,1283,2828,2368,1277,91,100,0,501,3076;
@400000005e7c5e1c0184c7a6 #d,-,18,2828,2369,1179,46,0,183380,11369,2828,2370,1283,2828,2368,1179,91,100,0,501,3076;
@400000005e7c5e1c018ea653 #d,-,18,2665,2370,1192,47,0,183134,11354,2828,2371,1203,2665,2368,1149,90,100,0,501,2945;
@400000005e7c5e1e019dd1f1 #d,-,18,2585,2371,1182,48,0,183169,11356,2665,2371,1192,2585,2368,1182,90,100,0,501,2855;
@400000005e7c5e1e01a8073b #d,-,18,2584,2371,1183,49,0,183195,11358,2585,2372,1186,2584,2370,1181,90,100,0,501,2853;
@400000005e7c5e2001b740d1 #d,-,18,2579,2370,1136,49,0,183118,11353,2584,2372,1183,2579,2369,1131,91,100,0,501,2827;
@400000005e7c5e2001c14017 #d,-,18,2457,2369,1135,50,0,183269,11362,2579,2372,1139,2457,2368,1132,89,100,0,501,2742;
@400000005e7c5e2201d0fb21 #d,-,18,2456,2372,1137,51,0,182916,11340,2457,2372,1141,2456,2369,1132,89,100,0,501,2737;
@400000005e7c5e2201dade77 #d,-,18,2455,2372,1135,51,0,182816,11334,2456,2373,1138,2455,2369,1133,89,100,0,501,2734;
@400000005e7c5e2401e834b2 #d,-,18,2454,2369,1141,52,0,182730,11329,2455,2373,1141,2454,2369,1135,89,100,0,501,2737;
@400000005e7c5e2401efce3a #d,-,18,2403,2371,1081,53,0,182464,11312,2454,2373,1141,2403,2368,1016,88,100,0,501,2718;
@400000005e7c5e2601fccdd8 #d,-,18,2321,2371,1129,53,0,182375,11307,2403,2372,1150,2321,2369,1081,89,100,0,500,2604;
@400000005e7c5e26020463a6 #d,-,18,2435,2370,1129,54,0,182273,11300,2435,2371,1130,2321,2369,1128,89,100,0,500,2720;
@400000005e7c5e280210b33f #d,-,18,2434,2371,1130,55,0,182174,11294,2435,2371,1132,2434,2368,1128,89,100,0,500,2720;
@400000005e7c5e28021883ba #d,-,18,2434,2370,1129,55,0,182079,11288,2434,2372,1132,2434,2369,1128,89,100,0,500,2723;
@400000005e7c5e2a02267dde #d,-,18,2434,2371,1128,56,0,181984,11283,2434,2373,1132,2434,2370,1127,89,100,0,500,2723;
@400000005e7c5e2a02307ff0 #d,-,18,2433,2372,1129,57,0,181892,11277,2434,2373,1132,2433,2370,1126,89,100,0,500,2723;
@400000005e7c5e2c024208e9 #d,-,18,2433,2372,1130,57,0,181804,11271,2433,2372,1132,2433,2370,1126,89,100,0,500,2718;
@400000005e7c5e2c024bcc95 #d,-,18,2433,2373,1128,58,0,181715,11266,2433,2373,1132,2433,2371,1125,89,100,0,501,2723;
@400000005e7c5e2e025b83e5 #d,-,18,2433,2372,1131,59,0,181629,11261,2433,2373,1131,2433,2370,1126,89,100,0,501,2720;
@400000005e7c5e2e02654c38 #d,-,18,2432,2371,1129,59,0,181754,11268,2433,2372,1131,2432,2368,1126,89,100,0,501,2718;
@400000005e7c5e300275135e #d,-,18,2432,2372,1128,60,0,181457,11250,2432,2372,1130,2432,2370,1126,89,100,0,501,2715;
@400000005e7c5e30027ecaee #d,-,18,2431,2370,1131,61,0,181375,11245,2432,2372,1131,2431,2369,1128,89,100,0,501,2720;
@400000005e7c5e32028df1e3 #d,-,18,2431,2370,1131,61,0,181298,11240,2431,2372,1132,2431,2370,1127,89,100,0,501,2720;
@400000005e7c5e3202978344 #d,-,18,2431,2370,1125,62,0,181221,11235,2431,2372,1132,2431,2369,1125,89,100,0,501,2720;
@400000005e7c5e3402a6d8ca #d,-,18,2431,2369,1134,63,0,181353,11243,2431,2372,1139,2431,2369,1125,89,100,0,501,2718;
@400000005e7c5e3402b09502 #d,-,18,2433,2369,1131,63,0,181086,11227,2433,2371,1137,2431,2368,1127,89,100,0,501,2732;
@400000005e7c5e3602c06bfd #d,-,18,2433,2370,1132,64,0,181016,11223,2433,2371,1133,2433,2369,1129,89,100,0,501,2723;
@400000005e7c5e3602ca14a6 #d,-,18,2433,2371,1134,65,0,180951,11218,2433,2372,1135,2433,2369,1129,89,100,0,501,2723;
@400000005e7c5e3802d93f55 #d,-,18,2434,2369,1132,65,0,180886,11214,2434,2371,1134,2433,2369,1129,89,100,0,501,2727;
@400000005e7c5e3802e374a0 #d,-,18,2434,2370,1125,66,0,180817,11210,2434,2372,1132,2434,2369,1125,89,100,0,501,2720;
@400000005e7c5e3a02f33f7f #d,-,18,2433,2368,1129,67,0,180751,11206,2434,2372,1131,2433,2368,1125,89,100,0,501,2715;
@400000005e7c5e3a02fd07d2 #d,-,18,2433,2369,1129,67,0,180875,11214,2433,2372,1133,2433,2368,1128,89,100,0,501,2720;
@400000005e7c5e3c030c522c #d,-,18,2433,2369,1130,68,0,180625,11198,2433,2371,1132,2433,2369,1128,89,100,0,501,2720;
@400000005e7c5e3c0315e746 #d,-,18,2433,2370,1130,69,0,180565,11195,2433,2371,1132,2433,2368,1129,89,100,0,501,2720;
@400000005e7c5e3e0324ac72 #d,-,18,2433,2370,1130,69,0,180506,11191,2433,2370,1134,2433,2367,1130,89,100,0,501,2720;
@400000005e7c5e3e032ed5a1 #d,-,18,2433,2369,1145,70,0,180452,11188,2433,2370,1145,2433,2368,1128,89,100,0,501,2723;
@400000005e7c5e40033e276d #d,-,18,2539,2368,1303,71,0,180599,11197,2539,2369,1307,2433,2366,1145,90,100,0,501,2801;
@400000005e7c5e400347d3d0 #d,-,18,2793,2367,1282,72,0,180816,11210,2793,2370,1303,2539,2366,1267,92,100,0,501,3024;
@400000005e7c5e420356e737 #d,-,18,2798,2368,1283,73,0,181035,11224,2798,2368,1284,2793,2366,1280,90,100,0,501,3078;
@400000005e7c5e4203607898 #d,-,18,2802,2367,1285,73,0,181246,11237,2802,2368,1286,2798,2365,1279,91,100,0,501,3078;
@400000005e7c5e44036f49df #d,-,18,2804,2367,1135,74,0,181304,11240,2804,2368,1287,2802,2366,1118,91,100,0,501,3071;
@400000005e7c5e4403798efe #d,-,18,2409,2366,1208,75,0,181213,11235,2804,2369,1208,2409,2366,1062,88,100,0,501,2734;
@400000005e7c5e460389464f #d,-,18,2497,2368,1186,75,0,181415,11247,2497,2368,1213,2409,2366,1171,90,100,0,501,2756;
@400000005e7c5e4603932d5e #d,-,18,2581,2368,1186,76,0,181284,11239,2581,2368,1191,2497,2365,1181,90,100,0,500,2851;
@400000005e7c5e4803a2447e #d,-,18,2581,2367,1139,77,0,181443,11249,2581,2368,1188,2581,2366,1126,90,100,0,500,2853;
@400000005e7c5e4803abe96e #d,-,18,2459,2369,1135,77,0,181227,11236,2581,2369,1141,2459,2367,1132,89,100,0,500,2753;
@400000005e7c5e4a03bb0802 #d,-,18,2457,2368,1138,78,0,181178,11233,2459,2369,1139,2457,2367,1133,90,100,0,500,2730;
@400000005e7c5e4a03c535d9 #d,-,18,2456,2369,1137,79,0,181132,11230,2457,2369,1139,2456,2367,1133,89,100,0,500,2734;
@400000005e7c5e4c03d4c252 #d,-,18,2455,2372,1137,80,0,181084,11227,2456,2372,1140,2455,2369,1132,89,100,0,500,2734;
@400000005e7c5e4c03de7628 #d,-,18,2454,2372,1205,80,0,181103,11228,2455,2372,1232,2454,2370,1135,89,100,0,500,2737;
@400000005e7c5e4e03ed5eb8 #d,-,18,2705,2372,1287,81,0,181439,11249,2705,2372,1308,2454,2369,1202,92,100,0,501,2929;
@400000005e7c5e4e03f70b1b #d,-,18,2834,2371,1281,82,0,181474,11251,2834,2372,1288,2705,2370,1278,91,100,0,501,3085;
@400000005e7c5e50040636b8 #d,-,18,2834,2369,1285,83,0,181664,11263,2834,2371,1285,2834,2369,1280,91,100,0,501,3085;
@400000005e7c5e50040ffa63 #d,-,18,2835,2371,1199,83,0,181820,11272,2835,2371,1286,2834,2369,1199,91,100,0,501,3085;
@400000005e7c5e52041f53a3 #d,-,18,2667,2372,1189,84,0,181841,11274,2835,2372,1202,2667,2369,1150,90,100,0,501,2948;
@400000005e7c5e520428f893 #d,-,18,2579,2372,1185,85,0,181869,11275,2667,2372,1189,2579,2370,1183,90,100,0,501,2851;
@400000005e7c5e540437c9da #d,-,18,2579,2369,1183,86,0,181896,11277,2579,2373,1187,2579,2369,1183,90,100,0,501,2853;
@400000005e7c5e540441f7b1 #d,-,18,2573,2368,1138,86,0,181853,11274,2579,2371,1183,2573,2368,1125,91,100,0,501,2820;
@400000005e7c5e560451bde8 #d,-,18,2457,2370,1134,87,0,181806,11272,2573,2371,1140,2457,2368,1133,89,100,0,501,2742;
@400000005e7c5e56045b7a20 #d,-,18,2456,2370,1138,88,0,181760,11269,2457,2371,1138,2456,2368,1133,89,100,0,501,2734;
@400000005e7c5e58046a6b11 #d,-,18,2455,2368,1136,88,0,181714,11266,2456,2371,1138,2455,2368,1134,89,100,0,501,2734;
@400000005e7c5e5804740f13 #d,-,18,2455,2368,1138,89,0,181669,11263,2455,2370,1139,2455,2367,1135,89,100,0,501,2734;
@400000005e7c5e5a0483174c #d,-,18,2460,2370,1252,90,0,181865,11275,2460,2370,1252,2455,2367,1137,89,100,0,501,2761;
@400000005e7c5e5a048d540a #d,-,18,2765,2370,1283,90,0,181900,11277,2765,2370,1308,2460,2367,1252,92,100,0,501,3005;
@400000005e7c5e5c049c6fd2 #d,-,18,2846,2368,1291,91,0,182074,11288,2846,2370,1291,2765,2368,1283,92,100,0,501,3085;
@400000005e7c5e5c04a64353 #d,-,18,2846,2368,1288,92,0,182243,11299,2846,2370,1292,2846,2367,1282,92,100,0,501,3092;
@400000005e7c5e5e04b54e58 #d,-,18,2846,2369,1175,93,0,182326,11304,2846,2370,1288,2846,2367,1119,92,100,0,501,3088;
@400000005e7c5e5e04bee72c #d,-,18,2583,2369,1183,93,0,182353,11305,2846,2370,1212,2583,2367,1175,89,100,0,501,2879;
@400000005e7c5e6004cdbc2d #d,-,18,2583,2369,1185,94,0,182377,11307,2583,2369,1189,2583,2367,1182,90,100,0,501,2851;
@400000005e7c5e6004d7bb73 #d,-,18,2583,2357,1137,95,0,182382,11307,2583,2370,1189,2583,2357,1137,90,100,0,501,2851;
@400000005e7c5e6204e4cae5 #d,-,18,2495,2369,1139,96,0,182336,11304,2583,2370,1147,2495,2357,1132,89,100,0,501,2784;
@400000005e7c5e6204eda4ce #d,-,18,2490,2367,1139,96,0,182290,11302,2495,2369,1145,2490,2363,1136,90,100,0,500,2742;
@400000005e7c5e6404facf43 #d,-,18,2485,2366,1136,97,0,182245,11299,2490,2367,1141,2485,2365,1135,90,100,0,500,2739;
@400000005e7c5e6405047432 #d,-,18,2481,2368,1139,98,0,182201,11296,2485,2368,1142,2481,2365,1133,90,100,0,500,2737;
@400000005e7c5e660513607b #d,-,18,2477,2368,1140,98,0,182157,11293,2481,2368,1142,2477,2366,1135,90,100,0,500,2734;
@400000005e7c5e66051d1186 #d,-,18,2475,2366,1229,99,0,182156,11293,2477,2368,1233,2475,2366,1137,90,100,0,500,2739;
@400000005e7c5e68052c2c60 #d,-,18,2643,2368,1265,100,0,182394,11308,2643,2368,1300,2475,2366,1204,91,100,0,500,2877;
@400000005e7c5e6805365949 #d,-,18,2809,2365,1282,100,0,182410,11309,2809,2368,1285,2643,2365,1265,91,100,0,500,3054;
@400000005e7c5e6a05454a3a #d,-,18,2811,2367,1284,101,0,182683,11326,2811,2368,1286,2809,2365,1280,91,100,0,500,3078;
@400000005e7c5e6a054f0de6 #d,-,18,2815,2369,1238,102,0,182689,11326,2815,2369,1285,2811,2366,1238,91,100,0,500,3078;
@400000005e7c5e6c055ed50b #d,-,18,2633,2370,1189,103,0,182668,11325,2815,2370,1238,2633,2367,1059,89,100,0,500,2948;
@400000005e7c5e6c056889d0 #d,-,18,2567,2367,1186,103,0,182684,11326,2633,2370,1189,2567,2367,1179,91,100,0,500,2815;
@400000005e7c5e6e0577ef2b #d,-,18,2568,2368,1185,104,0,182700,11327,2568,2370,1189,2567,2367,1181,90,100,0,501,2848;
@400000005e7c5e6e05823805 #d,-,18,2570,2367,1126,105,0,182814,11334,2570,2370,1188,2568,2367,1123,90,100,0,501,2846;
@400000005e7c5e700590b2af #d,-,18,2471,2367,1136,105,0,182767,11331,2570,2370,1143,2471,2367,1126,89,100,0,501,2768;
@400000005e7c5e70059a9604 #d,-,18,2468,2369,1140,106,0,182603,11321,2471,2369,1141,2468,2366,1135,90,100,0,501,2737;
@400000005e7c5e7205a9e417 #d,-,18,2466,2368,1137,107,0,182559,11318,2468,2369,1140,2466,2366,1133,90,100,0,501,2739;
@400000005e7c5e7205b3b3de #d,-,18,2464,2367,1140,107,0,182518,11316,2466,2369,1142,2464,2366,1134,90,100,0,501,2734;
@400000005e7c5e7405c24e32 #d,-,18,2464,2366,1112,108,0,182472,11313,2464,2367,1144,2464,2364,1112,89,100,0,501,2739;
@400000005e7c5e7405cc6019 #d,-,18,2316,2364,1150,109,0,182348,11305,2464,2367,1154,2316,2363,1010,87,100,0,501,2635;
@400000005e7c5e7605dc1769 #d,-,18,2389,2366,1133,109,0,182414,11309,2389,2367,1150,2316,2363,1122,89,100,0,501,2661;
@400000005e7c5e7605e5eaea #d,-,18,2394,2366,1129,110,0,182248,11299,2394,2366,1135,2389,2364,1125,88,100,0,501,2720;
@400000005e7c5e7805f5d573 #d,-,18,2399,2364,1133,111,0,182200,11296,2399,2366,1136,2394,2364,1127,88,100,0,501,2718;
@400000005e7c5e7805ff9cd8 #d,-,18,2403,2366,1131,111,0,182154,11293,2403,2367,1134,2399,2364,1128,88,100,0,501,2718;
@400000005e7c5e7a060f4542 #d,-,18,2407,2365,1132,112,0,182106,11290,2407,2367,1136,2403,2364,1129,88,100,0,501,2720;
@400000005e7c5e7a061923ef #d,-,18,2410,2363,1134,113,0,182061,11287,2410,2365,1137,2407,2363,1128,88,100,0,501,2720;
@400000005e7c5e7c0628acaf #d,-,18,2414,2363,1130,114,0,182015,11284,2414,2366,1135,2410,2363,1126,88,100,0,501,2720;
@400000005e7c5e7c06329c20 #d,-,18,2415,2365,1133,114,0,181968,11282,2415,2367,1133,2414,2363,1126,89,100,0,501,2713;
@400000005e7c5e7e06425e9d #d,-,18,2417,2365,1129,115,0,181921,11279,2417,2365,1134,2415,2363,1126,89,100,0,501,2715;
@400000005e7c5e7e064c2e64 #d,-,18,2419,2364,1130,116,0,181874,11276,2419,2365,1133,2417,2363,1127,89,100,0,501,2715;
@400000005e7c5e80065b9006 #d,-,18,2420,2362,1129,116,0,181829,11273,2420,2365,1135,2419,2362,1125,89,100,0,501,2713;
@400000005e7c5e800665e8b4 #d,-,18,2421,2363,1129,117,0,181784,11270,2421,2365,1135,2420,2362,1127,89,100,0,501,2715;
@400000005e7c5e820675dab1 #d,-,18,2422,2365,1134,118,0,181848,11274,2422,2365,1134,2421,2363,1127,89,100,0,501,2715;
@400000005e7c5e82067fba4d #d,-,18,2423,2365,1126,118,0,181803,11271,2423,2366,1134,2422,2362,1126,89,100,0,501,2718;
@400000005e7c5e84068f6582 #d,-,18,2424,2364,1130,119,0,181655,11262,2424,2366,1134,2423,2363,1125,89,100,0,501,2715;
@400000005e7c5e84069921ba #d,-,18,2425,2364,1131,120,0,181613,11260,2425,2367,1134,2424,2364,1126,89,100,0,501,2715;
@400000005e7c5e8606a864a0 #d,-,18,2426,2365,1132,120,0,181574,11257,2426,2366,1136,2425,2364,1130,89,100,0,501,2718;
@400000005e7c5e8606b2a517 #d,-,18,2427,2365,1132,121,0,181533,11255,2427,2365,1134,2426,2362,1129,89,100,0,501,2720;
@400000005e7c5e8806c313e0 #d,-,18,2427,2362,1129,122,0,181493,11252,2427,2365,1135,2427,2362,1128,89,100,0,501,2720;
@400000005e7c5e8806ccfbde #d,-,18,2428,2363,1132,122,0,181558,11256,2428,2364,1135,2427,2362,1127,89,100,0,500,2715;
@400000005e7c5e8a06dd0c96 #d,-,18,2429,2361,1128,123,0,181415,11247,2429,2364,1135,2428,2361,1127,89,100,0,500,2715;
@400000005e7c5e8a06e6d042 #d,-,18,2430,2364,1132,124,0,181378,11245,2430,2364,1136,2429,2361,1128,89,100,0,500,2718;
@400000005e7c5e8c06f5fbdf #d,-,18,2430,2364,1133,124,0,181341,11243,2430,2365,1135,2430,2362,1129,89,100,0,500,2718;
@400000005e7c5e8c07002155 #d,-,18,2431,2364,1130,125,0,181303,11240,2431,2365,1134,2430,2363,1126,89,100,0,500,2718;
@400000005e7c5e8e070f6706 #d,-,18,2431,2365,1130,126,0,181266,11238,2431,2366,1137,2431,2364,1125,89,100,0,500,2718;
@400000005e7c5e8e071936cd #d,-,18,2435,2365,1234,126,0,181295,11240,2435,2366,1234,2431,2364,1128,89,100,0,500,2730;
@400000005e7c5e900728e2f0 #d,-,18,2759,2365,1288,127,0,181423,11248,2759,2365,1308,2435,2363,1234,92,100,0,500,2993;
@400000005e7c5e9007328f53 #d,-,18,2838,2365,1285,128,0,181546,11255,2838,2366,1289,2759,2363,1282,92,100,0,500,3080;
@400000005e7c5e920741bdbc #d,-,18,2838,2363,1284,129,0,181666,11263,2838,2365,1290,2838,2363,1281,92,100,0,500,3083;
@400000005e7c5e92074bfb68 #d,-,18,2838,2364,1107,129,0,181729,11267,2838,2365,1286,2838,2363,1107,92,100,0,500,3078;
@400000005e7c5e94075b8f54 #d,-,18,2533,2367,1082,130,0,181668,11263,2838,2367,1151,2533,2364,1066,89,100,0,500,2841;
@400000005e7c5e9407655f1b #d,-,18,2379,2365,1191,131,0,181669,11263,2533,2367,1214,2379,2364,1082,89,100,0,500,2656;
@400000005e7c5e9607755118 #d,-,18,2579,2363,1183,132,0,181686,11264,2579,2366,1191,2379,2363,1180,90,100,0,500,2855;
@400000005e7c5e96077f0996 #d,-,18,2578,2365,1161,132,0,181796,11271,2579,2366,1188,2578,2363,1161,90,100,0,500,2846;
@400000005e7c5e98078e8dae #d,-,18,2501,2366,1137,133,0,181760,11269,2578,2366,1161,2501,2364,1122,89,100,0,500,2787;
@400000005e7c5e980798a43c #d,-,18,2447,2364,1137,134,0,181633,11261,2501,2367,1141,2447,2364,1133,89,100,0,500,2734;
@400000005e7c5e9a07a86b62 #d,-,18,2447,2365,1141,134,0,181603,11259,2447,2366,1141,2447,2363,1133,89,100,0,500,2732;
@400000005e7c5e9a07b259e4 #d,-,18,2447,2364,1138,135,0,181574,11257,2447,2366,1141,2447,2363,1132,89,100,0,500,2732;
@400000005e7c5e9c07c1f279 #d,-,18,2448,2362,1173,136,0,181550,11256,2448,2366,1173,2447,2362,1133,89,100,0,500,2734;
@400000005e7c5e9c07cbc240 #d,-,18,2563,2363,1291,136,0,181633,11261,2563,2363,1315,2448,2361,1173,90,100,0,500,2817;
@400000005e7c5e9e07dba0ae #d,-,18,2830,2364,1290,137,0,181748,11268,2830,2365,1295,2563,2363,1280,92,100,0,500,3052;
@400000005e7c5e9e07e56459 #d,-,18,2832,2365,1289,138,0,181862,11275,2832,2366,1292,2830,2363,1283,91,100,0,500,3090;
@400000005e7c5ea007f50cc3 #d,-,18,2833,2364,1287,139,0,182066,11288,2833,2366,1290,2832,2363,1283,91,100,0,500,3088;
@400000005e7c5ea007fef3d2 #d,-,18,2828,2365,1197,140,0,182097,11290,2833,2367,1287,2828,2363,1119,92,100,0,500,3057;
@400000005e7c5ea2080f1bd3 #d,-,18,2557,2366,1187,140,0,182020,11285,2828,2368,1197,2557,2365,1171,90,100,0,500,2829;
@400000005e7c5ea2081912b7 #d,-,18,2560,2366,1189,141,0,182037,11286,2560,2368,1189,2557,2366,1182,89,100,0,501,2848;
@400000005e7c5ea4082835f3 #d,-,18,2562,2367,1135,142,0,182029,11285,2562,2369,1189,2560,2365,1125,89,100,0,501,2851;
@400000005e7c5ea4083205ba #d,-,18,2461,2368,1142,142,0,182090,11289,2562,2369,1145,2461,2366,1131,89,100,0,501,2751;
@400000005e7c5ea608411921 #d,-,18,2460,2367,1136,143,0,181972,11282,2461,2368,1143,2460,2365,1135,89,100,0,501,2737;
@400000005e7c5ea6084af8bd #d,-,18,2459,2367,1136,144,0,181942,11280,2460,2368,1142,2459,2365,1134,89,100,0,501,2739;
@400000005e7c5ea808596bf3 #d,-,18,2458,2367,1141,144,0,181913,11278,2459,2368,1142,2458,2365,1135,89,100,0,501,2734;
@400000005e7c5ea808633bba #d,-,18,2457,2366,1227,145,0,181908,11278,2458,2367,1227,2457,2365,1134,89,100,0,501,2737;
@400000005e7c5eaa08725a4e #d,-,18,2611,2367,1276,146,0,181989,11283,2611,2367,1309,2457,2364,1200,91,100,0,501,2853;
@400000005e7c5eaa087d0137 #d,-,18,2848,2367,1283,147,0,182093,11289,2848,2367,1291,2611,2364,1276,92,100,0,501,3080;
@400000005e7c5eac088c1fcb #d,-,18,2846,2363,1291,147,0,182197,11296,2848,2367,1292,2846,2362,1280,92,100,0,501,3080;
@400000005e7c5eac089612f6 #d,-,18,2845,2363,1280,148,0,182298,11302,2846,2366,1291,2845,2363,1280,92,100,0,501,3083;
@400000005e7c5eae08a5bf19 #d,-,18,2729,2363,1179,149,0,182314,11303,2845,2366,1280,2729,2363,1160,90,100,0,501,3009;
@400000005e7c5eae08af76a9 #d,-,18,2585,2365,1189,150,0,182328,11304,2729,2365,1190,2585,2363,1179,90,100,0,501,2846;
@400000005e7c5eb008be679a #d,-,18,2584,2365,1183,150,0,182342,11305,2585,2366,1191,2584,2362,1183,90,100,0,501,2851;
@400000005e7c5eb008c8b074 #d,-,18,2583,2362,1139,151,0,182326,11304,2584,2365,1188,2583,2362,1124,90,100,0,501,2843;
@400000005e7c5eb208d83ced #d,-,18,2439,2363,1135,152,0,182378,11307,2583,2364,1141,2439,2362,1130,89,100,0,501,2727;
@400000005e7c5eb208e227b6 #d,-,18,2440,2365,1138,152,0,182264,11300,2440,2365,1141,2439,2362,1134,89,100,0,500,2730;
@400000005e7c5eb408f1bf5c #d,-,18,2441,2365,1140,153,0,182236,11298,2441,2366,1143,2440,2363,1136,89,100,0,500,2734;
@400000005e7c5eb408fb83f5 #d,-,18,2442,2364,1139,154,0,182207,11296,2442,2365,1142,2441,2363,1133,89,100,0,500,2737;
@400000005e7c5eb6090a1a90 #d,-,18,2444,2364,1209,154,0,182219,11297,2444,2365,1239,2442,2362,1136,89,100,0,500,2737;
@400000005e7c5eb609146369 #d,-,18,2729,2363,1288,155,0,182311,11303,2729,2365,1310,2444,2362,1206,92,100,0,500,2948;
@400000005e7c5eb809240e9e #d,-,18,2836,2365,1288,156,0,182490,11314,2836,2365,1290,2729,2362,1281,92,100,0,500,3080;
@400000005e7c5eb8092dde65 #d,-,18,2836,2364,1282,157,0,182504,11315,2836,2365,1288,2836,2362,1280,92,100,0,500,3080;
@400000005e7c5eba093dd062 #d,-,18,2836,2364,1128,158,0,182570,11319,2836,2365,1288,2836,2363,1128,92,100,0,500,3080;
@400000005e7c5eba0947a3e2 #d,-,18,2573,2365,1084,158,0,182511,11315,2836,2367,1147,2573,2364,1064,89,100,0,500,2872;
@400000005e7c5ebc0956afd6 #d,-,18,2373,2365,1178,159,0,182502,11315,2573,2366,1197,2373,2364,1084,89,100,0,500,2654;
@400000005e7c5ebc0960e520 #d,-,18,2549,2365,1177,160,0,182506,11315,2549,2365,1178,2373,2363,1172,90,100,0,500,2829;
@400000005e7c5ebe09702e8b #d,-,18,2548,2364,1137,160,0,182501,11315,2549,2366,1179,2548,2363,1137,90,100,0,500,2820;
@400000005e7c5ebe097a0e27 #d,-,18,2495,2364,1143,161,1,182477,11313,2548,2367,1148,2495,2363,1135,89,100,0,500,2775;
@400000005e7c5ec009898acb #d,-,18,2491,2365,1136,162,1,182451,11311,2495,2365,1146,2491,2363,1134,90,100,0,500,2746;
@400000005e7c5ec0099362f3 #d,-,18,2486,2365,1137,162,1,182423,11310,2491,2366,1140,2486,2364,1134,90,100,0,500,2737;
@400000005e7c5ec209a23bae #d,-,18,2482,2364,1144,163,1,182396,11308,2486,2366,1144,2482,2363,1135,90,100,0,500,2732;
@400000005e7c5ec209ac80cd #d,-,18,2479,2363,1139,164,1,182370,11306,2482,2366,1145,2479,2363,1136,90,100,0,501,2737;
@400000005e7c5ec409bc3f91 #d,-,18,2476,2366,1132,164,1,182339,11305,2479,2366,1147,2476,2362,1127,90,100,0,501,2739;
@400000005e7c5ec409c61f2d #d,-,18,2470,2365,1128,165,1,182384,11307,2476,2366,1135,2470,2363,1127,90,100,0,501,2715;
@400000005e7c5ec609d54d96 #d,-,18,2466,2365,1131,166,1,182351,11305,2470,2365,1136,2466,2363,1128,90,100,0,501,2720;
@400000005e7c5ec609df0614 #d,-,18,2461,2365,1129,166,1,182241,11298,2466,2365,1134,2461,2363,1127,90,100,0,501,2718;
@400000005e7c5ec809edb3f7 #d,-,18,2458,2364,1129,167,1,182208,11296,2461,2366,1133,2458,2363,1128,90,100,0,501,2715;
@400000005e7c5ec809f73cf6 #d,-,18,2454,2364,1132,168,1,182176,11294,2458,2366,1135,2454,2363,1127,90,100,0,501,2715;
@400000005e7c5eca0a06c96f #d,-,18,2452,2364,1131,169,1,182144,11292,2454,2366,1138,2452,2363,1128,90,100,0,501,2718;
@400000005e7c5eca0a10c054 #d,-,18,2449,2365,1133,169,1,182188,11295,2452,2367,1134,2449,2363,1125,90,100,0,501,2720;
@400000005e7c5ecc0a20be6c #d,-,18,2446,2364,1129,170,1,182155,11293,2449,2365,1134,2446,2362,1127,90,100,0,501,2713;
@400000005e7c5ecc0a2a898b #d,-,18,2444,2365,1134,171,1,182050,11287,2446,2365,1135,2444,2363,1126,90,100,0,501,2715;
@400000005e7c5ece0a3a35ae #d,-,18,2443,2364,1134,171,1,182020,11285,2444,2366,1135,2443,2363,1129,89,100,0,501,2715;
@400000005e7c5ece0a441190 #d,-,18,2442,2363,1129,172,1,181988,11283,2443,2365,1134,2442,2363,1126,89,100,0,501,2720;
@400000005e7c5ed00a53635d #d,-,18,2441,2365,1132,173,1,181959,11281,2442,2366,1132,2441,2363,1126,89,100,0,501,2715;
@400000005e7c5ed00a5d3a97 #d,-,18,2439,2365,1128,173,1,181927,11279,2441,2365,1133,2439,2363,1127,89,100,0,501,2713;
@400000005e7c5ed20a6c6546 #d,-,18,2438,2364,1134,174,1,181970,11282,2439,2366,1135,2438,2363,1128,89,100,0,501,2715;
@400000005e7c5ed20a75e318 #d,-,18,2437,2363,1137,175,1,181941,11280,2438,2365,1137,2437,2363,1128,89,100,0,501,2718;
@400000005e7c5ed40a856f91 #d,-,18,2438,2364,1136,175,1,181844,11274,2438,2365,1141,2437,2363,1135,89,100,0,501,2725;
@400000005e7c5ed40a8f5a5a #d,-,18,2438,2365,1133,176,1,181816,11272,2438,2365,1136,2438,2362,1128,89,100,0,501,2727;
@400000005e7c5ed60a9e6dc1 #d,-,18,2438,2363,1131,177,1,181786,11270,2438,2365,1134,2438,2362,1128,89,100,0,501,2718;
@400000005e7c5ed60aa8263f #d,-,18,2437,2363,1136,177,1,181758,11269,2438,2364,1136,2437,2362,1130,89,100,0,501,2715;
@400000005e7c5ed80ab85f04 #d,-,18,2436,2363,1131,178,1,181801,11271,2437,2364,1137,2436,2362,1129,89,100,0,501,2720;
@400000005e7c5ed80ac22669 #d,-,18,2436,2362,1134,179,1,181773,11269,2436,2363,1136,2436,2360,1128,89,100,0,500,2718;
@400000005e7c5eda0ad22bf4 #d,-,18,2436,2362,1130,179,1,181745,11268,2436,2364,1136,2436,2361,1128,89,100,0,500,2718;
@400000005e7c5eda0adc0b90 #d,-,18,2436,2363,1135,180,1,181648,11262,2436,2363,1136,2436,2361,1130,89,100,0,500,2718;
@400000005e7c5edc0aeb2ecc #d,-,18,2436,2362,1139,181,1,181626,11260,2436,2363,1142,2436,2361,1134,89,100,0,500,2725;
@400000005e7c5edc0af4f9eb #d,-,18,2438,2364,1131,181,1,181600,11259,2438,2364,1139,2436,2361,1128,89,100,0,500,2727;
@400000005e7c5ede0b03a05a #d,-,18,2440,2362,1216,182,1,181616,11260,2440,2364,1230,2438,2361,1129,89,100,0,500,2727;
@400000005e7c5ede0b0dae87 #d,-,18,2755,2363,1285,183,1,181703,11265,2755,2364,1310,2440,2361,1216,92,100,0,500,2979;
@400000005e7c5ee00b1dc7a2 #d,-,18,2834,2355,1287,184,1,181787,11270,2834,2363,1289,2755,2354,1280,92,100,0,500,3073;
@400000005e7c5ee00b27aeb1 #d,-,18,2834,2358,1289,184,1,181872,11276,2834,2361,1294,2834,2355,1284,92,100,0,500,3080;
@400000005e7c5ee20b369eb4 #d,-,18,2835,2361,1132,185,1,181994,11283,2835,2361,1291,2834,2357,1132,91,100,0,500,3083;
@400000005e7c5ee20b405ea6 #d,-,18,2543,2359,1173,186,1,181911,11278,2835,2361,1181,2543,2359,1113,89,100,0,500,2851;
@400000005e7c5ee40b4f6325 #d,-,18,2545,2361,1184,187,1,181924,11279,2545,2361,1198,2543,2359,1173,90,100,0,500,2813;
@400000005e7c5ee40b59abff #d,-,18,2550,2361,1184,187,1,181937,11280,2550,2361,1190,2545,2359,1184,89,100,0,500,2843;
@400000005e7c5ee60b699dfb #d,-,18,2553,2359,1144,188,1,181934,11279,2553,2362,1191,2550,2359,1137,89,100,0,500,2846;
@400000005e7c5ee60b739c53 #d,-,18,2471,2362,1136,189,1,181912,11278,2553,2362,1152,2471,2359,1130,89,100,0,500,2761;
@400000005e7c5ee80b83d070 #d,-,18,2467,2360,1134,189,1,181887,11277,2471,2362,1139,2467,2360,1130,90,100,0,500,2723;
@400000005e7c5ee80b8dac52 #d,-,18,2464,2359,1136,190,1,181861,11275,2467,2362,1137,2464,2359,1132,90,100,0,500,2723;
@400000005e7c5eea0b9cce9f #d,-,18,2460,2362,1138,191,1,181902,11277,2464,2363,1138,2460,2359,1132,90,100,0,500,2720;
@400000005e7c5eea0ba68ad7 #d,-,18,2458,2362,1204,191,1,181843,11274,2460,2362,1235,2458,2360,1134,90,100,0,500,2725;
@400000005e7c5eec0bb5dd92 #d,-,18,2739,2360,1292,192,1,181922,11279,2739,2363,1315,2458,2359,1204,92,100,0,500,2955;
@400000005e7c5eec0bbfa4f7 #d,-,18,2832,2360,1285,193,1,182002,11284,2832,2362,1292,2739,2359,1280,92,100,0,500,3076;
@400000005e7c5eee0bcf0e0d #d,-,18,2833,2362,1286,194,1,182080,11289,2833,2362,1289,2832,2359,1283,92,100,0,500,3078;
@400000005e7c5eee0bd8c68b #d,-,18,2833,2363,1149,195,1,182137,11292,2833,2363,1288,2833,2360,1149,92,100,0,500,3078;
@400000005e7c5ef00be8432f #d,-,18,2613,2360,1172,195,1,182132,11292,2833,2363,1202,2613,2360,1097,90,100,0,500,2898;
@400000005e7c5ef00bf2d2d0 #d,-,18,2525,2361,1169,196,1,182128,11291,2613,2363,1172,2525,2360,1161,90,100,0,500,2801;
@400000005e7c5ef20c02249d #d,-,18,2525,2361,1167,197,1,182128,11291,2525,2362,1175,2525,2360,1167,90,100,0,500,2803;
@400000005e7c5ef20c0c1b81 #d,-,18,2522,2362,1142,197,1,182108,11290,2525,2362,1167,2522,2360,1134,90,100,0,500,2782;
@400000005e7c5ef40c1bbf43 #d,-,18,2449,2362,1132,198,1,182082,11289,2522,2363,1142,2449,2360,1129,89,100,0,500,2732;
@400000005e7c5ef40c2586a8 #d,-,18,2447,2360,1134,199,1,182057,11287,2449,2362,1136,2447,2360,1130,90,100,0,500,2718;
@400000005e7c5ef60c34a62a #d,-,18,2446,2361,1138,199,1,182095,11289,2447,2362,1138,2446,2360,1131,89,100,0,500,2720;
@400000005e7c5ef60c3edb74 #d,-,18,2445,2360,1134,200,1,182072,11288,2446,2362,1139,2445,2359,1134,89,100,0,500,2723;
@400000005e7c5ef80c4ddb4c #d,-,18,2515,2360,1296,201,1,182042,11286,2515,2363,1296,2445,2359,1134,90,100,0,500,2770;
@400000005e7c5ef80c57a3a0 #d,-,18,2769,2361,1279,201,1,182117,11291,2769,2361,1310,2515,2359,1272,92,100,0,500,3009;
@400000005e7c5efa0c676e7f #d,-,18,2842,2359,1288,202,1,182193,11295,2842,2361,1290,2769,2358,1279,92,100,0,500,3078;
@400000005e7c5efa0c711e9b #d,-,18,2841,2360,1286,203,1,182268,11300,2842,2361,1289,2841,2358,1284,92,100,0,500,3078;
@400000005e7c5efc0c7feb3a #d,-,18,2840,2361,1197,204,1,182298,11302,2841,2361,1289,2840,2358,1102,92,100,0,500,3078;
@400000005e7c5efc0c8a3c75 #d,-,18,2559,2359,1190,204,1,182311,11303,2840,2361,1222,2559,2359,1175,89,100,0,500,2846;
@400000005e7c5efe0c9976f9 #d,-,18,2562,2361,1187,205,1,182384,11307,2562,2361,1192,2559,2358,1185,89,100,0,500,2848;
@400000005e7c5efe0ca351ed #d,-,18,2566,2361,1160,206,1,182393,11308,2566,2361,1193,2562,2358,1160,90,100,0,500,2851;
@400000005e7c5f000cb35006 #d,-,18,2560,2360,1139,207,1,182311,11303,2566,2362,1160,2560,2359,1132,91,100,0,500,2798;
@400000005e7c5f000cbd1fcc #d,-,18,2453,2361,1137,207,1,182288,11301,2560,2362,1142,2453,2359,1134,89,100,0,500,2737;
@400000005e7c5f020ccbba21 #d,-,18,2451,2362,1137,208,1,182264,11300,2453,2362,1140,2451,2359,1133,89,100,0,500,2727;
@400000005e7c5f020cd5f325 #d,-,18,2450,2360,1132,209,1,182241,11298,2451,2362,1139,2450,2359,1132,89,100,0,500,2723;
@400000005e7c5f040ce51dd4 #d,-,18,2450,2361,1209,209,1,182227,11298,2450,2362,1209,2450,2360,1129,89,100,0,500,2723;
@400000005e7c5f040ceee627 #d,-,18,2571,2362,1279,210,1,182279,11301,2571,2362,1311,2450,2359,1202,91,100,0,500,2825;
@400000005e7c5f060cfdfd48 #d,-,18,2834,2360,1289,211,1,182350,11305,2834,2362,1291,2571,2359,1274,92,100,0,500,3057;
@400000005e7c5f060d07a237 #d,-,18,2834,2362,1285,212,1,182421,11310,2834,2362,1290,2834,2359,1282,92,100,0,500,3078;
@400000005e7c5f080d16c485 #d,-,18,2835,2359,1286,212,1,182492,11314,2835,2362,1289,2834,2359,1282,91,100,0,500,3083;
@400000005e7c5f080d2105eb #d,-,18,2747,2362,1183,213,1,182508,11315,2835,2362,1286,2747,2359,1145,90,100,0,500,3024;
@400000005e7c5f0a0d3112e9 #d,-,18,2591,2362,1191,214,1,182519,11316,2747,2363,1196,2591,2360,1183,90,100,0,500,2848;
@400000005e7c5f0a0d3b025b #d,-,18,2590,2362,1191,215,1,182528,11316,2591,2362,1195,2590,2360,1183,90,100,0,500,2853;
@400000005e7c5f0c0d4a82b8 #d,-,18,2589,2360,1147,215,1,182521,11316,2590,2362,1191,2589,2359,1132,91,100,0,500,2843;
@400000005e7c5f0c0d5442aa #d,-,18,2461,2360,1136,216,1,182557,11318,2589,2363,1148,2461,2359,1130,89,100,0,500,2749;
@400000005e7c5f0e0d62d944 #d,-,18,2458,2361,1138,217,1,182475,11313,2461,2362,1138,2458,2360,1132,90,100,0,500,2720;
@400000005e7c5f0e0d6d16f1 #d,-,18,2456,2360,1136,217,1,182452,11312,2458,2361,1140,2456,2359,1134,90,100,0,500,2723;
@400000005e7c5f100d7d5ae2 #d,-,18,2454,2361,1139,218,1,182429,11310,2456,2362,1142,2454,2359,1132,89,100,0,500,2727;
@400000005e7c5f100d8741f2 #d,-,18,2453,2361,1131,219,1,182406,11309,2454,2362,1145,2453,2360,1127,89,100,0,500,2727;
@400000005e7c5f120d96e96d #d,-,18,2451,2359,1134,219,1,182382,11307,2453,2361,1136,2451,2359,1130,90,100,0,500,2718;
@400000005e7c5f120da0ec6d #d,-,18,2449,2360,1133,220,1,182357,11306,2451,2361,1135,2449,2358,1130,90,100,0,500,2718;
@400000005e7c5f140db1146d #d,-,18,2448,2361,1136,221,1,182392,11308,2449,2362,1137,2448,2360,1130,90,100,0,500,2715;
@400000005e7c5f140dbba7c8 #d,-,18,2447,2359,1131,221,1,182369,11306,2448,2361,1137,2447,2357,1129,89,100,0,500,2720;
@400000005e7c5f160dcbfb8f #d,-,18,2445,2362,1131,222,1,182344,11305,2447,2362,1136,2445,2358,1130,89,100,0,500,2718;
@400000005e7c5f160dd65bb1 #d,-,18,2444,2360,1132,223,1,182263,11300,2445,2362,1136,2444,2359,1130,90,100,0,500,2715;
@400000005e7c5f180de6b331 #d,-,18,2443,2361,1131,223,1,182239,11298,2444,2362,1138,2443,2359,1131,89,100,0,500,2718;
@400000005e7c5f180df132fd #d,-,18,2442,2362,1133,224,1,182215,11297,2443,2362,1137,2442,2360,1129,89,100,0,500,2720;
@400000005e7c5f1a0e01830a #d,-,18,2441,2361,1133,225,1,182192,11295,2442,2362,1135,2441,2360,1128,89,100,0,500,2715;
@400000005e7c5f1a0e0c48af #d,-,18,2440,2360,1132,225,1,182168,11294,2441,2363,1134,2440,2360,1130,89,100,0,500,2715;
@400000005e7c5f1c0e1cbb32 #d,-,18,2440,2360,1138,226,1,182206,11296,2440,2362,1141,2440,2359,1130,89,100,0,500,2720;
@400000005e7c5f1c0e284bde #d,-,18,2441,2360,1131,227,1,182127,11291,2441,2362,1141,2440,2360,1130,89,100,0,500,2727;
@400000005e7c5f1e0e388c16 #d,-,18,2441,2361,1133,227,1,182105,11290,2441,2361,1137,2441,2359,1129,89,100,0,500,2720;
@400000005e7c5f1e0e442525 #d,-,18,2440,2359,1134,228,1,182082,11289,2441,2362,1136,2440,2359,1131,89,100,0,500,2715;
@400000005e7c5f1e0e4cc461 #d,-,18,2439,2359,1135,229,1,182060,11287,2440,2361,1137,2439,2358,1132,89,100,0,500,2720;
@400000005e7c5f200e5c029e #d,-,18,2438,2360,1134,229,1,182037,11286,2439,2360,1135,2438,2358,1131,89,100,0,500,2718;
@400000005e7c5f200e65d9d9 #d,-,18,2438,2361,1132,230,1,182014,11284,2438,2361,1137,2438,2358,1130,89,100,0,500,2718;
@400000005e7c5f220e75eb80 #d,-,18,2437,2358,1133,231,1,182046,11286,2438,2361,1133,2437,2357,1129,89,100,0,501,2713;
@400000005e7c5f220e7fc673 #d,-,18,2436,2358,1130,231,1,182023,11285,2437,2360,1134,2436,2357,1128,89,100,0,501,2711;
@400000005e7c5f240e8fb0fd #d,-,18,2436,2360,1134,232,1,181945,11280,2436,2360,1134,2436,2358,1128,89,100,0,501,2713;
@400000005e7c5f240e9980c4 #d,-,18,2435,2358,1130,233,1,181922,11279,2436,2360,1136,2435,2358,1129,89,100,0,501,2711;
@400000005e7c5f260ea905c9 #d,-,18,2434,2358,1132,233,1,181899,11277,2435,2360,1135,2434,2357,1129,89,100,0,501,2713;
@400000005e7c5f260eb2bd59 #d,-,18,2434,2360,1134,234,1,181878,11276,2434,2361,1136,2434,2357,1131,89,100,0,501,2713;
@400000005e7c5f280ec2003f #d,-,18,2434,2358,1132,235,1,181857,11275,2434,2360,1137,2434,2357,1131,89,100,0,501,2720;
@400000005e7c5f280ecc40b7 #d,-,18,2434,2358,1133,236,1,181835,11273,2434,2360,1135,2434,2357,1131,89,100,0,500,2713;
@400000005e7c5f2a0edbf44d #d,-,18,2433,2359,1228,236,1,181832,11273,2434,2359,1233,2433,2357,1130,89,100,0,501,2715;
@400000005e7c5f2a0ee5b086 #d,-,18,2633,2358,1282,237,1,181884,11276,2633,2360,1310,2433,2357,1198,92,100,0,500,2860;
@400000005e7c5f2c0ef52d29 #d,-,18,2838,2359,1281,238,1,181946,11280,2838,2360,1289,2633,2357,1279,92,100,0,500,3078;
@400000005e7c5f2c0efee962 #d,-,18,2836,2357,1288,239,1,182009,11284,2838,2359,1289,2836,2357,1281,92,100,0,500,3066;
@400000005e7c5f2e0f0e9cf8 #d,-,18,2837,2359,1282,239,1,182072,11288,2837,2359,1290,2836,2356,1282,92,100,0,500,3076;
@400000005e7c5f2e0f189023 #d,-,18,2737,2357,1108,240,1,182066,11288,2837,2359,1282,2737,2357,1108,91,100,0,500,3007;
@400000005e7c5f300f284fd5 #d,-,18,2361,2358,1193,241,1,182044,11286,2737,2359,1217,2361,2357,1066,88,100,0,500,2673;
@400000005e7c5f300f321af4 #d,-,18,2567,2356,1192,241,1,182054,11287,2567,2359,1195,2361,2355,1177,91,100,0,500,2808;
@400000005e7c5f320f420937 #d,-,18,2569,2357,1190,242,1,182065,11288,2569,2358,1193,2567,2355,1190,90,100,0,500,2848;
@400000005e7c5f320f4bd8fe #d,-,18,2570,2356,1149,243,1,182111,11290,2570,2358,1193,2569,2356,1132,90,100,0,500,2846;
@400000005e7c5f340f5aaa45 #d,-,18,2465,2356,1138,244,1,182096,11289,2570,2357,1151,2465,2356,1138,89,100,0,500,2746;
@400000005e7c5f340f650a66 #d,-,18,2463,2360,1138,244,1,182025,11285,2465,2360,1141,2463,2356,1134,90,100,0,500,2732;
@400000005e7c5f360f74b59b #d,-,18,2462,2359,1136,245,1,182007,11284,2463,2360,1139,2462,2357,1136,90,100,0,500,2725;
@400000005e7c5f360f7eb4e1 #d,-,18,2460,2357,1139,246,1,181989,11283,2462,2360,1140,2460,2357,1136,90,100,0,500,2727;
@400000005e7c5f380f8eb20b #d,-,18,2466,2357,1286,246,1,182013,11284,2466,2358,1286,2460,2356,1139,89,100,0,500,2761;
@400000005e7c5f380f984f87 #d,-,18,2775,2356,1286,247,1,182078,11288,2775,2358,1317,2466,2355,1278,92,100,0,500,3009;
@400000005e7c5f3a0fa7c4b8 #d,-,18,2836,2358,1280,248,1,182136,11292,2836,2358,1287,2775,2355,1279,92,100,0,500,3076;
@400000005e7c5f3a0fb19bf2 #d,-,18,2834,2356,1278,249,1,182194,11296,2836,2358,1283,2834,2355,1277,92,100,0,500,3064;
@400000005e7c5f3c0fc12c25 #d,-,18,2832,2358,1172,249,1,182223,11297,2834,2359,1282,2832,2356,1122,92,100,0,500,3059;
@400000005e7c5f3c0fcb1334 #d,-,18,2593,2359,1188,250,1,182286,11301,2832,2359,1216,2593,2356,1172,90,100,0,500,2879;
@400000005e7c5f3e0fda9fad #d,-,18,2592,2358,1188,251,1,182295,11302,2593,2359,1192,2592,2358,1187,91,100,0,500,2846;
@400000005e7c5f3e0fe4582c #d,-,18,2590,2359,1174,252,1,182251,11299,2592,2359,1191,2590,2357,1174,91,100,0,500,2846;
@400000005e7c5f400ff47146 #d,-,18,2515,2358,1146,252,1,182234,11298,2590,2360,1174,2515,2358,1132,89,100,0,500,2798;
@400000005e7c5f400ffe4880 #d,-,18,2509,2361,1138,253,1,182219,11297,2515,2362,1150,2509,2358,1135,91,100,0,500,2744;
@400000005e7c5f42100e0832 #d,-,18,2451,2360,1137,254,1,182200,11296,2509,2361,1141,2451,2359,1135,89,100,0,500,2734;
@400000005e7c5f421017e326 #d,-,18,2450,2360,1137,254,1,182182,11295,2451,2361,1141,2450,2359,1133,89,100,0,500,2730;
@400000005e7c5f441027127d #d,-,18,2449,2358,1137,255,1,182214,11297,2450,2361,1140,2449,2357,1134,89,100,0,500,2723;
@400000005e7c5f441030f12b #d,-,18,2537,2358,1314,256,1,182250,11299,2537,2360,1315,2449,2357,1137,90,100,0,500,2789;
@400000005e7c5f46104010ad #d,-,18,2799,2359,1289,256,1,182258,11300,2799,2359,1314,2537,2357,1277,92,100,0,500,3026;
@400000005e7c5f46104a55cd #d,-,18,2804,2357,1289,257,1,182317,11303,2804,2359,1292,2799,2357,1286,90,100,0,500,3083;
@400000005e7c5f48105a1490 #d,-,18,2808,2358,1288,258,1,182376,11307,2808,2359,1292,2804,2357,1286,91,100,0,500,3080;
@400000005e7c5f481063f7e6 #d,-,18,2811,2357,1212,259,1,182399,11308,2811,2359,1291,2808,2357,1131,91,100,0,500,3076;
@400000005e7c5f4a1073cee0 #d,-,18,2559,2359,1188,260,1,182408,11309,2811,2360,1212,2559,2357,1180,90,100,0,500,2841;
@400000005e7c5f4a107d8ed2 #d,-,18,2562,2361,1189,260,1,182416,11309,2562,2361,1193,2559,2358,1187,89,100,0,500,2851;
@400000005e7c5f4c108cfba1 #d,-,18,2565,2359,1153,261,1,182471,11313,2565,2361,1191,2562,2358,1153,89,100,0,500,2851;
@400000005e7c5f4c1096cf21 #d,-,18,2511,2361,1144,262,1,182406,11309,2565,2361,1153,2511,2358,1131,89,100,0,500,2794;
@400000005e7c5f4e10a70073 #d,-,18,2505,2359,1139,262,1,182390,11308,2511,2361,1146,2505,2358,1137,91,100,0,500,2744;
@400000005e7c5f4e10b0eb3c #d,-,18,2451,2358,1140,263,1,182373,11307,2505,2361,1142,2451,2358,1138,89,100,0,500,2732;
@400000005e7c5f5010c07f28 #d,-,18,2451,2358,1142,264,1,182357,11306,2451,2359,1144,2451,2358,1140,89,100,0,500,2734;
@400000005e7c5f5010ca52a9 #d,-,18,2452,2360,1189,264,1,182344,11305,2452,2360,1189,2451,2358,1138,89,100,0,500,2737;
@400000005e7c5f5210d9bcac #d,-,18,2571,2358,1285,265,1,182386,11307,2571,2361,1311,2452,2358,1189,91,100,0,500,2822;
@400000005e7c5f5210e427fb #d,-,18,2830,2358,1285,266,1,182442,11311,2830,2359,1290,2571,2357,1275,92,100,0,500,3052;
@400000005e7c5f5410f33034 #d,-,18,2831,2360,1286,267,1,182498,11314,2831,2360,1288,2830,2358,1284,91,100,0,500,3078;
@400000005e7c5f5410fcf026 #d,-,18,2831,2359,1288,267,1,182554,11318,2831,2360,1288,2831,2358,1285,92,100,0,500,3076;
@400000005e7c5f56110ba1c3 #d,-,18,2777,2360,1187,268,1,182618,11322,2831,2361,1288,2777,2358,1158,91,100,0,500,3050;
@400000005e7c5f561115718a #d,-,18,2577,2358,1189,269,1,182578,11319,2777,2360,1191,2577,2358,1183,90,100,0,500,2839;
@400000005e7c5f58112451b7 #d,-,18,2577,2361,1190,270,1,182633,11323,2577,2362,1192,2577,2357,1187,90,100,0,500,2848;
@400000005e7c5f58112ee512 #d,-,18,2578,2360,1149,270,1,182581,11320,2578,2361,1190,2577,2359,1131,90,100,0,500,2848;
@400000005e7c5f5a113e36df #d,-,18,2467,2360,1145,271,1,182566,11319,2578,2362,1150,2467,2359,1142,89,100,0,500,2756;
@400000005e7c5f5a11480a5f #d,-,18,2466,2361,1137,272,1,182549,11318,2467,2362,1146,2466,2359,1137,89,100,0,500,2742;
@400000005e7c5f5c1157b683 #d,-,18,2464,2360,1139,272,1,182531,11316,2466,2362,1140,2464,2360,1135,90,100,0,500,2730;
@400000005e7c5f5c11617a2e #d,-,18,2462,2361,1139,273,1,182514,11315,2464,2363,1141,2462,2359,1136,90,100,0,500,2727;
@400000005e7c5f5e1170c487 #d,-,18,2460,2360,1129,274,1,182496,11314,2462,2362,1146,2460,2359,1127,90,100,0,500,2732;
@400000005e7c5f5e117b188e #d,-,18,2458,2362,1132,274,1,182523,11316,2460,2362,1135,2458,2359,1129,90,100,0,500,2720;
@400000005e7c5f60118a7676 #d,-,18,2455,2359,1133,275,1,182458,11312,2458,2362,1138,2455,2359,1132,90,100,0,500,2720;
@400000005e7c5f60119459cc #d,-,18,2454,2360,1134,276,1,182439,11311,2455,2362,1137,2454,2359,1130,90,100,0,500,2723;
@400000005e7c5f6211a414d5 #d,-,18,2451,2361,1132,276,1,182419,11310,2454,2361,1135,2451,2359,1131,90,100,0,500,2718;
@400000005e7c5f6211add96f #d,-,18,2450,2360,1137,277,1,182401,11308,2451,2362,1138,2450,2360,1132,90,100,0,500,2718;
@400000005e7c5f6411bd3b11 #d,-,18,2448,2362,1134,278,1,182382,11307,2450,2362,1137,2448,2359,1132,89,100,0,500,2723;
@400000005e7c5f6411c76440 #d,-,18,2447,2359,1134,278,1,182363,11306,2448,2362,1135,2447,2359,1131,89,100,0,500,2720;
@400000005e7c5f6611d6e946 #d,-,18,2446,2360,1133,279,1,182345,11305,2447,2360,1136,2446,2358,1130,89,100,0,500,2718;
@400000005e7c5f6611e0c7f3 #d,-,18,2445,2360,1133,280,1,182326,11304,2446,2361,1135,2445,2359,1130,90,100,0,500,2715;
@400000005e7c5f6811f0cd7f #d,-,18,2444,2362,1135,281,1,182353,11305,2445,2362,1135,2444,2359,1130,90,100,0,500,2715;
@400000005e7c5f6811fa9d46 #d,-,18,2443,2359,1133,281,1,182288,11301,2444,2362,1135,2443,2359,1132,89,100,0,500,2718;
@400000005e7c5f6a120a9b5e #d,-,18,2442,2361,1134,282,1,182315,11303,2443,2362,1136,2442,2359,1131,89,100,0,500,2720;
@400000005e7c5f6a12148e89 #d,-,18,2441,2360,1132,283,1,182251,11299,2442,2361,1134,2441,2359,1130,89,100,0,500,2718;
@400000005e7c5f6c12247bdd #d,-,18,2440,2359,1132,283,1,182232,11298,2441,2361,1137,2440,2359,1130,89,100,0,500,2718;
@400000005e7c5f6c122e5f33 #d,-,18,2439,2361,1131,284,1,182213,11297,2440,2361,1135,2439,2359,1129,89,100,0,500,2713;
@400000005e7c5f6e123e9084 #d,-,18,2439,2358,1135,285,1,182195,11296,2439,2361,1136,2439,2358,1131,89,100,0,500,2718;
@400000005e7c5f6e12485f5c #d,-,18,2438,2361,1133,285,1,182176,11294,2439,2361,1135,2438,2358,1130,89,100,0,500,2720;
@400000005e7c5f701257b5d1 #d,-,18,2437,2359,1136,286,1,182160,11293,2438,2361,1141,2437,2358,1129,89,100,0,500,2713;
@400000005e7c5f701262061e #d,-,18,2438,2359,1132,287,1,182141,11292,2438,2361,1140,2437,2359,1129,89,100,0,500,2725;
@400000005e7c5f7212722b54 #d,-,18,2438,2360,1132,287,1,182122,11291,2438,2361,1134,2438,2358,1131,89,100,0,500,2715;
@400000005e7c5f72127c25f2 #d,-,18,2437,2359,1133,288,1,182148,11293,2438,2361,1134,2437,2359,1132,89,100,0,500,2715;
@400000005e7c5f74128c69e3 #d,-,18,2436,2361,1132,289,1,182086,11289,2437,2361,1135,2436,2359,1130,89,100,0,500,2715;
@400000005e7c5f7412963d64 #d,-,18,2436,2360,1130,289,1,182067,11288,2436,2361,1135,2436,2359,1130,89,100,0,500,2715;
@400000005e7c5f7612a60fb6 #d,-,18,2435,2360,1137,290,1,182050,11287,2436,2361,1137,2435,2358,1129,89,100,0,500,2715;
@400000005e7c5f7612afcbee #d,-,18,2436,2360,1132,291,1,182033,11286,2436,2361,1137,2435,2360,1132,89,100,0,500,2720;
@400000005e7c5f7812bec099 #d,-,18,2436,2361,1221,291,1,182025,11285,2436,2362,1221,2436,2360,1131,89,100,0,500,2715;
@400000005e7c5f7812c88445 #d,-,18,2579,2359,1260,292,1,182059,11287,2579,2361,1292,2436,2358,1196,91,100,0,500,2827;
@400000005e7c5f7a12d85b3f #d,-,18,2807,2359,1270,293,1,182147,11293,2807,2361,1274,2579,2359,1260,92,100,0,500,3038;
@400000005e7c5f7a12e2274c #d,-,18,2805,2359,1271,294,1,182192,11295,2807,2360,1272,2805,2357,1268,92,100,0,500,3040;
@400000005e7c5f7c12f10006 #d,-,18,2804,2358,1268,294,1,182193,11295,2805,2360,1274,2804,2357,1268,92,100,0,500,3040;
@400000005e7c5f7c12fb257c #d,-,18,2739,2358,1213,295,1,182198,11296,2804,2359,1273,2739,2356,1111,90,100,0,500,3012;
@400000005e7c5f7e130a219a #d,-,18,2529,2356,1191,296,1,182205,11296,2739,2359,1213,2529,2356,1181,90,100,0,500,2791;
@400000005e7c5f7e13140048 #d,-,18,2591,2358,1190,297,1,182214,11297,2591,2358,1197,2529,2356,1186,90,100,0,500,2851;
@400000005e7c5f8013246c45 #d,-,18,2590,2357,1149,297,1,182217,11297,2591,2359,1191,2590,2357,1149,91,100,0,500,2846;
@400000005e7c5f80132e3764 #d,-,18,2495,2357,1138,298,1,182201,11296,2590,2358,1149,2495,2357,1123,89,100,0,500,2777;
@400000005e7c5f82133e0e5e #d,-,18,2488,2359,1134,299,1,182185,11295,2495,2360,1140,2488,2357,1133,91,100,0,500,2725;
@400000005e7c5f8213480cb6 #d,-,18,2482,2360,1135,299,1,182169,11294,2488,2360,1139,2482,2357,1132,91,100,0,500,2723;
@400000005e7c5f8413573fc7 #d,-,18,2478,2356,1137,300,1,182195,11296,2482,2360,1140,2478,2355,1134,91,100,0,500,2723;
@400000005e7c5f8413610f8e #d,-,18,2473,2357,1222,300,1,182150,11293,2478,2358,1226,2473,2355,1133,90,100,0,500,2720;
@400000005e7c5f861370615b #d,-,18,2619,2356,1268,301,1,182184,11295,2619,2357,1295,2473,2355,1200,91,100,0,500,2855;
@400000005e7c5f86137a1531 #d,-,18,2803,2357,1273,302,1,182228,11298,2803,2358,1276,2619,2355,1268,92,100,0,500,3045;
@400000005e7c5f881388abcb #d,-,18,2802,2355,1273,303,1,182271,11300,2803,2357,1274,2802,2355,1270,92,100,0,500,3038;
@400000005e7c5f881392c614 #d,-,18,2802,2355,1275,304,1,182314,11303,2802,2357,1275,2802,2355,1269,92,100,0,500,3038;
@400000005e7c5f8a13a20bc5 #d,-,18,2749,2357,1195,304,1,182326,11304,2802,2357,1275,2749,2355,1149,91,100,0,500,3016;
@400000005e7c5f8a13abd419 #d,-,18,2563,2357,1190,305,1,182332,11304,2749,2358,1195,2563,2356,1184,90,100,0,500,2829;
@400000005e7c5f8c13bc0835 #d,-,18,2565,2360,1187,306,1,182339,11305,2565,2360,1191,2563,2356,1185,90,100,0,500,2843;
@400000005e7c5f8c13c5cbe0 #d,-,18,2567,2360,1135,306,1,182335,11304,2567,2361,1189,2565,2360,1123,90,100,0,500,2846;
@400000005e7c5f8e13d53d57 #d,-,18,2459,2361,1146,307,1,182364,11306,2567,2361,1148,2459,2359,1135,89,100,0,500,2749;
@400000005e7c5f8e13df924c #d,-,18,2459,2363,1137,308,1,182308,11303,2459,2363,1147,2459,2360,1134,89,100,0,500,2746;
@400000005e7c5f9013efaf20 #d,-,18,2458,2361,1136,308,1,182292,11302,2459,2363,1139,2458,2361,1134,90,100,0,500,2727;
@400000005e7c5f9013f982a1 #d,-,18,2456,2360,1137,309,1,182277,11301,2458,2363,1140,2456,2360,1134,90,100,0,500,2727;
@400000005e7c5f921408d0b3 #d,-,18,2455,2362,1222,310,1,182274,11301,2456,2362,1225,2455,2360,1135,89,100,0,500,2730;
@400000005e7c5f921412848a #d,-,18,2617,2359,1265,311,1,182308,11303,2617,2362,1289,2455,2359,1201,91,100,0,500,2853;
@400000005e7c5f941421176b #d,-,18,2803,2360,1273,311,1,182349,11305,2803,2361,1275,2617,2359,1265,92,100,0,500,3045;
@400000005e7c5f94142b506f #d,-,18,2802,2359,1273,312,1,182392,11308,2803,2360,1275,2802,2358,1270,92,100,0,500,3045;
@400000005e7c5f96143ae0a2 #d,-,18,2802,2360,1269,313,1,182475,11313,2802,2360,1275,2802,2358,1268,92,100,0,500,3045;
@400000005e7c5f961444b8ca #d,-,18,2701,2359,1205,314,1,182477,11313,2802,2361,1271,2701,2358,1111,90,100,0,500,2983;
@400000005e7c5f981453f708 #d,-,18,2555,2360,1189,314,1,182442,11311,2701,2361,1205,2555,2359,1175,90,100,0,500,2808;
@400000005e7c5f98145dbab4 #d,-,18,2559,2359,1191,315,1,182450,11311,2559,2361,1194,2555,2359,1184,89,100,0,500,2853;
@400000005e7c5f9a146d189c #d,-,18,2562,2361,1131,316,1,182447,11311,2562,2362,1191,2559,2359,1121,89,100,0,500,2848;
@400000005e7c5f9a14775913 #d,-,18,2467,2361,1134,316,1,182432,11310,2562,2362,1144,2467,2360,1131,89,100,0,500,2758;
@400000005e7c5f9c14876700 #d,-,18,2464,2363,1140,317,1,182418,11309,2467,2363,1141,2464,2360,1133,90,100,0,500,2730;
@400000005e7c5f9c14913e3b #d,-,18,2462,2360,1137,318,1,182403,11309,2464,2363,1141,2462,2360,1135,90,100,0,500,2730;
@400000005e7c5f9e14a0714b #d,-,18,2461,2361,1139,319,1,182389,11308,2462,2362,1141,2461,2360,1136,90,100,0,500,2732;
@400000005e7c5f9e14aa38b1 #d,-,18,2460,2359,1218,319,1,182387,11308,2461,2362,1226,2460,2358,1135,90,100,0,500,2730;
@400000005e7c5fa014b93888 #d,-,18,2629,2361,1261,320,1,182460,11312,2629,2362,1292,2460,2358,1200,91,100,0,500,2862;
@400000005e7c5fa014c346b5 #d,-,18,2803,2359,1271,321,1,182500,11315,2803,2362,1275,2629,2358,1261,92,100,0,500,3043;
@400000005e7c5fa214d386ed #d,-,18,2802,2361,1274,322,1,182501,11315,2803,2362,1275,2802,2358,1267,92,100,0,500,3040;
@400000005e7c5fa214dd6a43 #d,-,18,2802,2361,1273,322,2,182542,11317,2802,2361,1277,2802,2358,1268,91,100,0,500,3050;
@400000005e7c5fa414ec8163 #d,-,18,2689,2360,1193,323,2,182543,11317,2802,2363,1273,2689,2360,1110,90,100,0,500,2979;
@400000005e7c5fa414f62653 #d,-,18,2559,2361,1190,324,2,182547,11317,2689,2362,1193,2559,2360,1179,91,100,0,500,2810;
@400000005e7c5fa61505ab58 #d,-,18,2561,2362,1189,324,2,182553,11318,2561,2363,1191,2559,2361,1184,89,100,0,500,2846;
@400000005e7c5fa6150f9d95 #d,-,18,2564,2363,1131,325,2,182549,11318,2564,2365,1191,2561,2361,1124,90,100,0,500,2848;
@400000005e7c5fa8151ee434 #d,-,18,2457,2363,1137,326,2,182534,11317,2564,2364,1143,2457,2362,1131,89,100,0,500,2749;
@400000005e7c5fa81528cefd #d,-,18,2455,2359,1135,327,2,182558,11318,2457,2363,1140,2455,2359,1132,90,100,0,500,2725;
@400000005e7c5faa1538f433 #d,-,18,2454,2360,1139,327,2,182504,11315,2455,2361,1139,2454,2359,1134,90,100,0,500,2725;
@400000005e7c5faa1542b06b #d,-,18,2452,2358,1137,328,2,182489,11314,2454,2361,1140,2452,2358,1135,89,100,0,500,2727;
@400000005e7c5fac155171dd #d,-,18,2452,2360,1132,329,2,182474,11313,2452,2360,1145,2452,2358,1132,89,100,0,500,2730;
@400000005e7c5fac155baae1 #d,-,18,2451,2359,1142,329,2,182459,11312,2452,2360,1143,2451,2358,1130,89,100,0,500,2725;
@400000005e7c5fae156b9cde #d,-,18,2451,2360,1130,330,2,182443,11311,2451,2361,1145,2451,2358,1130,89,100,0,500,2734;
@400000005e7c5fae157568eb #d,-,18,2449,2359,1138,331,2,182427,11310,2451,2361,1138,2449,2359,1129,90,100,0,500,2715;
@400000005e7c5fb01584d200 #d,-,18,2447,2361,1131,331,2,182411,11309,2449,2362,1138,2447,2359,1130,90,100,0,500,2718;
@400000005e7c5fb0158e91f2 #d,-,18,2446,2363,1132,332,2,182395,11308,2447,2364,1135,2446,2360,1129,89,100,0,500,2718;
@400000005e7c5fb2159e3e15 #d,-,18,2445,2360,1131,333,2,182417,11309,2446,2364,1136,2445,2360,1126,89,100,0,500,2718;
@400000005e7c5fb215a88600 #d,-,18,2443,2363,1132,333,2,182402,11308,2445,2363,1136,2443,2360,1128,89,100,0,500,2718;
@400000005e7c5fb415b85cfb #d,-,18,2442,2362,1132,334,2,182347,11305,2443,2363,1136,2442,2361,1129,89,100,0,500,2715;
@400000005e7c5fb415c2307b #d,-,18,2441,2361,1134,335,2,182331,11304,2442,2364,1136,2441,2360,1130,89,100,0,500,2718;
@400000005e7c5fb615d1b581 #d,-,18,2441,2363,1135,335,2,182315,11303,2441,2363,1136,2441,2360,1130,89,100,0,500,2723;
@400000005e7c5fb615db8cbb #d,-,18,2440,2361,1131,336,2,182300,11302,2441,2363,1138,2440,2361,1130,89,100,0,500,2718;
@400000005e7c5fb815eaac3d #d,-,18,2440,2362,1140,337,2,182286,11301,2440,2363,1143,2440,2360,1130,89,100,0,500,2720;
@400000005e7c5fb815f4ae4f #d,-,18,2442,2364,1131,337,2,182271,11300,2442,2364,1142,2440,2361,1129,89,100,0,500,2730;
@400000005e7c5fba16052579 #d,-,18,2441,2361,1132,338,2,182294,11302,2442,2364,1136,2441,2361,1130,89,100,0,500,2720;
@400000005e7c5fba160f08cf #d,-,18,2440,2361,1134,339,2,182277,11301,2441,2364,1136,2440,2360,1128,89,100,0,500,2718;
@400000005e7c5fbc161ed3ae #d,-,18,2439,2362,1129,339,2,182224,11297,2440,2362,1136,2439,2361,1128,89,100,0,500,2718;
@400000005e7c5fbc16289b13 #d,-,18,2438,2362,1135,340,2,182208,11296,2439,2363,1137,2438,2360,1129,89,100,0,500,2715;
@400000005e7c5fbe16386a9a #d,-,18,2438,2359,1129,341,2,182192,11295,2438,2364,1137,2438,2359,1129,89,100,0,500,2720;
@400000005e7c5fbe1642b373 #d,-,18,2437,2361,1131,341,2,182176,11294,2438,2362,1136,2437,2359,1126,89,100,0,500,2718;
@400000005e7c5fc01652eb4a #d,-,18,2436,2360,1130,342,2,182160,11293,2437,2361,1135,2436,2359,1124,89,100,0,500,2713;
@400000005e7c5fc0165cbeca #d,-,18,2435,2361,1134,343,2,182145,11293,2436,2362,1135,2435,2360,1125,89,100,0,500,2711;
@400000005e7c5fc2166c3c5c #d,-,18,2435,2359,1134,343,2,182129,11292,2435,2361,1137,2435,2358,1128,89,100,0,500,2713;
@400000005e7c5fc216765970 #d,-,18,2435,2362,1131,344,2,182114,11291,2435,2362,1137,2435,2359,1130,89,100,0,500,2718;
@400000005e7c5fc416864b6d #d,-,18,2435,2361,1133,345,2,182099,11290,2435,2362,1136,2435,2360,1128,89,100,0,500,2720;
@400000005e7c5fc416901fdc #d,-,18,2434,2361,1129,345,2,182083,11289,2435,2363,1135,2434,2361,1128,89,100,0,500,2713;
@400000005e7c5fc6169f3e6f #d,-,18,2434,2359,1219,346,2,182075,11288,2434,2361,1219,2434,2359,1129,89,100,0,500,2715;
@400000005e7c5fc616a90309 #d,-,18,2573,2360,1272,347,2,182107,11290,2573,2362,1311,2434,2359,1200,91,100,0,500,2827;
@400000005e7c5fc816b8eca4 #d,-,18,2844,2361,1287,348,2,182151,11293,2844,2361,1292,2573,2358,1272,92,100,0,500,3066;
@400000005e7c5fc816c2ac96 #d,-,18,2842,2360,1289,348,2,182194,11296,2844,2361,1289,2842,2358,1282,92,100,0,500,3076;
@400000005e7c5fca16d263e6 #d,-,18,2842,2361,1282,349,2,182237,11298,2842,2361,1289,2842,2359,1281,92,100,0,500,3076;
@400000005e7c5fca16dc08d6 #d,-,18,2725,2359,1194,350,2,182278,11301,2842,2362,1282,2725,2359,1101,90,100,0,500,3007;
@400000005e7c5fcc16eae638 #d,-,18,2561,2360,1188,351,2,182283,11301,2725,2361,1194,2561,2358,1175,90,100,0,500,2817;
@400000005e7c5fcc16f4b511 #d,-,18,2564,2360,1186,351,2,182253,11299,2564,2361,1195,2561,2360,1186,89,100,0,500,2853;
@400000005e7c5fce17041b5a #d,-,18,2566,2361,1123,352,2,182252,11299,2566,2362,1191,2564,2359,1121,90,100,0,500,2851;
@400000005e7c5fce170dea33 #d,-,18,2477,2359,1133,353,2,182239,11298,2566,2362,1140,2477,2359,1123,89,100,0,500,2763;
@400000005e7c5fd0171e0baf #d,-,18,2472,2360,1136,353,2,182225,11297,2477,2361,1137,2472,2359,1129,90,100,0,500,2720;
@400000005e7c5fd01727c7e7 #d,-,18,2468,2359,1133,354,2,182211,11297,2472,2361,1138,2468,2358,1132,90,100,0,500,2720;
@400000005e7c5fd21736b7ea #d,-,18,2465,2360,1136,355,2,182197,11296,2468,2361,1138,2465,2359,1132,90,100,0,500,2723;
@400000005e7c5fd2174093cc #d,-,18,2462,2359,1205,356,2,182201,11296,2465,2360,1238,2462,2357,1131,90,100,0,500,2723;
@400000005e7c5fd4174fd97d #d,-,18,2729,2360,1290,356,2,182277,11301,2729,2360,1313,2462,2358,1205,92,100,0,500,2941;
@400000005e7c5fd41759899a #d,-,18,2832,2358,1286,357,2,182283,11301,2832,2360,1290,2729,2357,1284,92,100,0,500,3076;
@400000005e7c5fd61768a562 #d,-,18,2832,2360,1286,358,2,182361,11306,2832,2360,1290,2832,2357,1284,92,100,0,500,3078;
@400000005e7c5fd61772d24b #d,-,18,2834,2358,1178,359,2,182359,11306,2834,2360,1292,2832,2358,1178,92,100,0,500,3080;
@400000005e7c5fd817824fdd #d,-,18,2605,2357,1162,359,2,182352,11305,2834,2360,1178,2605,2357,1113,89,100,0,500,2896;
@400000005e7c5fd8178c1742 #d,-,18,2551,2358,1191,360,2,182359,11306,2605,2359,1195,2551,2357,1162,90,100,0,500,2810;
@400000005e7c5fda179b88b9 #d,-,18,2554,2357,1187,361,2,182364,11306,2554,2359,1192,2551,2356,1184,89,100,0,500,2846;
@400000005e7c5fda17a54c65 #d,-,18,2557,2359,1145,361,2,182358,11306,2557,2359,1192,2554,2356,1127,89,100,0,500,2843;
@400000005e7c5fdc17b503b5 #d,-,18,2443,2358,1140,362,2,182345,11305,2557,2359,1145,2443,2357,1135,89,100,0,500,2734;
@400000005e7c5fdc17bf6c39 #d,-,18,2443,2360,1135,363,2,182367,11306,2443,2360,1142,2443,2357,1134,89,100,0,500,2730;
@400000005e7c5fde17cfac70 #d,-,18,2443,2361,1139,364,2,182354,11305,2443,2361,1141,2443,2358,1133,89,100,0,500,2725;
@400000005e7c5fde17d98764 #d,-,18,2444,2359,1137,364,2,182306,11302,2444,2361,1140,2443,2359,1134,89,100,0,500,2727;
@400000005e7c5fe017e94ad0 #d,-,18,2444,2361,1212,365,2,182307,11303,2444,2361,1232,2444,2359,1135,89,100,0,500,2727;
@400000005e7c5fe017f331df #d,-,18,2703,2360,1286,366,2,182345,11305,2703,2361,1312,2444,2357,1199,92,100,0,500,2919;
@400000005e7c5fe218037e33 #d,-,18,2828,2359,1284,366,2,182385,11307,2828,2360,1289,2703,2359,1281,91,100,0,500,3076;
@400000005e7c5fe2180d2234 #d,-,18,2829,2359,1277,367,2,182424,11310,2829,2361,1290,2828,2358,1271,92,100,0,500,3071;
@400000005e7c5fe4181ce5a0 #d,-,18,2827,2360,1201,368,2,182492,11314,2829,2361,1283,2827,2358,1201,92,100,0,500,3057;
@400000005e7c5fe41826b566 #d,-,18,2629,2361,1197,369,2,182456,11312,2827,2361,1225,2629,2358,1090,90,100,0,500,2905;
@400000005e7c5fe6183635c4 #d,-,18,2624,2360,1186,369,2,182497,11314,2629,2361,1199,2624,2359,1185,91,100,0,500,2860;
@400000005e7c5fe618401560 #d,-,18,2619,2362,1190,370,2,182468,11313,2624,2362,1191,2619,2360,1183,91,100,0,500,2848;
@400000005e7c5fe8184f8a91 #d,-,18,2563,2360,1139,371,2,182460,11312,2619,2363,1190,2563,2359,1126,90,100,0,500,2841;
@400000005e7c5fe81858f88e #d,-,18,2445,2361,1135,372,2,182447,11311,2563,2363,1142,2445,2360,1134,89,100,0,500,2727;
@400000005e7c5fea18681bc9 #d,-,18,2445,2363,1138,372,2,182435,11310,2445,2363,1141,2445,2360,1132,89,100,0,500,2730;
@400000005e7c5fea187212ae #d,-,18,2446,2360,1135,373,2,182422,11310,2446,2363,1141,2445,2360,1135,89,100,0,500,2730;
@400000005e7c5fec18818b98 #d,-,18,2446,2361,1141,374,2,182410,11309,2446,2363,1144,2446,2360,1135,89,100,0,500,2732;
@400000005e7c5fec188b3088 #d,-,18,2452,2363,1262,374,2,182421,11310,2452,2363,1262,2446,2360,1137,89,100,0,500,2753;
@400000005e7c5fee189ab0e5 #d,-,18,2767,2362,1285,375,2,182463,11312,2767,2363,1310,2452,2360,1262,92,100,0,500,3005;
@400000005e7c5fee18a4f24b #d,-,18,2834,2360,1286,376,2,182502,11315,2834,2363,1288,2767,2360,1278,92,100,0,500,3071;
@400000005e7c5ff018b41852 #d,-,18,2834,2362,1287,377,2,182543,11317,2834,2364,1291,2834,2360,1283,92,100,0,500,3078;
@400000005e7c5ff018bdf07b #d,-,18,2836,2363,1169,377,2,182566,11319,2836,2363,1289,2834,2361,1147,91,100,0,500,3083;
@400000005e7c5ff218cd6965 #d,-,18,2609,2362,1184,378,2,182572,11319,2836,2363,1203,2609,2361,1169,90,100,0,500,2896;
@400000005e7c5ff218d721e3 #d,-,18,2606,2364,1188,379,2,182612,11321,2609,2364,1191,2606,2361,1184,91,100,0,500,2848;
@400000005e7c5ff418e7179a #d,-,18,2603,2364,1148,380,2,182615,11322,2606,2364,1191,2603,2361,1148,91,100,0,500,2851;
@400000005e7c5ff418f1509e #d,-,18,2505,2362,1139,380,2,182568,11319,2603,2364,1148,2505,2362,1125,89,100,0,500,2789;
@400000005e7c5ff619011050 #d,-,18,2451,2363,1141,381,2,182556,11318,2505,2363,1142,2451,2361,1133,89,100,0,500,2732;
@400000005e7c5ff6190adf29 #d,-,18,2451,2365,1133,382,2,182543,11317,2451,2365,1141,2451,2362,1133,89,100,0,500,2734;
@400000005e7c5ff8191b0bd2 #d,-,18,2451,2364,1138,382,2,182531,11316,2451,2366,1139,2451,2364,1132,89,100,0,500,2730;
@400000005e7c5ff81924e3fa #d,-,18,2451,2366,1091,383,2,182516,11316,2451,2366,1141,2451,2363,1091,89,100,0,500,2732;
@400000005e7c5ffa19331423 #d,-,18,2446,2364,1138,384,2,182500,11315,2451,2366,1165,2446,2364,1051,90,100,0,500,2694;
@400000005e7c5ffa193d3e40 #d,-,18,2444,2365,1131,384,2,182486,11314,2446,2365,1138,2444,2363,1128,89,100,0,500,2725;
@400000005e7c5ffc194d8e4d #d,-,18,2443,2365,1132,385,2,182505,11315,2444,2365,1135,2443,2363,1127,89,100,0,500,2720;
@400000005e7c5ffc19576941 #d,-,18,2442,2364,1134,386,2,182457,11312,2443,2365,1134,2442,2364,1127,89,100,0,500,2718;
@400000005e7c5ffe196799a4 #d,-,18,2440,2365,1129,386,2,182443,11311,2442,2366,1135,2440,2364,1127,89,100,0,500,2718;
@400000005e7c5ffe19715e3e #d,-,18,2440,2365,1133,387,2,182429,11310,2440,2365,1135,2440,2363,1128,89,100,0,500,2720;
@400000005e7c600019816783 #d,-,18,2438,2364,1128,388,2,182414,11309,2440,2365,1134,2438,2363,1126,89,100,0,500,2715;
@400000005e7c6000198b23bb #d,-,18,2438,2364,1132,388,2,182400,11308,2438,2366,1133,2438,2364,1127,89,100,0,500,2715;
@400000005e7c6002199b258d #d,-,18,2437,2366,1131,389,2,182386,11307,2438,2366,1133,2437,2363,1128,89,100,0,500,2715;
@400000005e7c600219a4f0ab #d,-,18,2436,2362,1132,390,2,182372,11307,2437,2366,1137,2436,2362,1128,89,100,0,500,2718;
@400000005e7c600419b515e1 #d,-,18,2436,2364,1136,390,2,182358,11306,2436,2364,1136,2436,2361,1128,89,100,0,500,2718;
@400000005e7c600419be6c95 #d,-,18,2436,2362,1130,391,2,182344,11305,2436,2364,1137,2436,2362,1129,89,100,0,500,2723;
@400000005e7c600619cec05c #d,-,18,2436,2363,1132,392,2,182330,11304,2436,2364,1134,2436,2362,1127,89,100,0,500,2718;
@400000005e7c600619d7cc8f #d,-,18,2435,2364,1130,392,2,182316,11303,2436,2364,1135,2435,2361,1127,89,100,0,500,2715;
@400000005e7c600819e70acd #d,-,18,2435,2364,1131,393,2,182303,11302,2435,2365,1136,2435,2363,1129,89,100,0,500,2718;
@400000005e7c600819f14017 #d,-,18,2435,2367,1130,394,2,182289,11301,2435,2367,1136,2435,2363,1126,89,100,0,500,2720;
@400000005e7c600a1a011e85 #d,-,18,2435,2365,1131,394,2,182276,11301,2435,2367,1136,2435,2363,1127,89,100,0,500,2718;
@400000005e7c600a1a0a3a8d #d,-,18,2435,2363,1135,395,2,182295,11302,2435,2366,1135,2435,2363,1129,89,100,0,500,2718;
@400000005e7c600c1a196d9e #d,-,18,2434,2363,1134,396,2,182281,11301,2435,2366,1136,2434,2363,1131,89,100,0,500,2720;
@400000005e7c600c1a233d65 #d,-,18,2435,2364,1137,396,2,182237,11298,2435,2364,1143,2434,2363,1130,89,100,0,500,2723;
@400000005e7c600e1a334e1e #d,-,18,2437,2364,1131,397,2,182224,11297,2437,2365,1142,2435,2362,1128,89,100,0,500,2732;
@400000005e7c600e1a3d3173 #d,-,18,2437,2363,1133,398,2,182212,11297,2437,2365,1135,2437,2362,1129,89,100,0,500,2718;
@400000005e7c60101a4cf899 #d,-,18,2437,2364,1133,398,2,182199,11296,2437,2365,1137,2437,2363,1129,89,100,0,500,2720;
@400000005e7c60101a56cc19 #d,-,18,2437,2362,1131,399,2,182186,11295,2437,2364,1136,2437,2361,1131,89,100,0,500,2718;
@400000005e7c60121a670c51 #d,-,18,2437,2361,1133,400,2,182205,11296,2437,2364,1136,2437,2361,1130,89,100,0,500,2720;
@400000005e7c60121a70dc18 #d,-,18,2437,2364,1130,401,2,182192,11295,2437,2364,1136,2437,2361,1129,89,100,0,500,2720;
@400000005e7c60141a7fcc1b #d,-,18,2511,2362,1300,401,2,182176,11294,2511,2364,1300,2437,2361,1130,90,100,0,500,2763;
@400000005e7c60141a8a09c7 #d,-,18,2771,2362,1283,402,2,182214,11297,2771,2363,1308,2511,2360,1271,92,100,0,500,3009;
@400000005e7c60161a99c117 #d,-,18,2838,2363,1284,403,2,182252,11299,2838,2363,1288,2771,2361,1281,92,100,0,500,3076;
@400000005e7c60161aa390de #d,-,18,2837,2362,1286,403,2,182289,11301,2838,2363,1287,2837,2361,1281,92,100,0,500,3076;
@400000005e7c60181ab36f4c #d,-,18,2837,2363,1161,404,2,182309,11303,2837,2365,1288,2837,2362,1155,92,100,0,500,3078;
@400000005e7c60181abd2322 #d,-,18,2531,2365,1088,405,2,182286,11301,2837,2365,1177,2531,2363,1067,89,100,0,500,2841;
@400000005e7c601a1acc887e #d,-,18,2421,2362,1189,406,2,182291,11302,2531,2365,1217,2421,2361,1088,89,100,0,500,2692;
@400000005e7c601a1ad6c270 #d,-,18,2579,2364,1187,406,2,182297,11302,2579,2364,1192,2421,2361,1184,90,100,0,500,2851;
@400000005e7c601c1ae6565d #d,-,18,2579,2364,1135,407,2,182298,11302,2579,2364,1189,2579,2362,1135,90,100,0,500,2846;
@400000005e7c601c1af02d97 #d,-,18,2499,2364,1142,408,2,182288,11301,2579,2365,1150,2499,2363,1130,89,100,0,500,2784;
@400000005e7c601e1b001f94 #d,-,18,2494,2365,1135,408,2,182277,11301,2499,2366,1144,2494,2363,1132,90,100,0,500,2742;
@400000005e7c601e1b09e42d #d,-,18,2443,2365,1132,409,2,182265,11300,2494,2365,1138,2443,2363,1132,89,100,0,500,2725;
@400000005e7c60201b18823b #d,-,18,2443,2365,1137,410,2,182254,11299,2443,2366,1138,2443,2364,1132,89,100,0,500,2727;
@400000005e7c60201b22bb40 #d,-,18,2443,2364,1229,410,2,182251,11299,2443,2367,1229,2443,2364,1133,89,100,0,500,2727;
@400000005e7c60221b32d45a #d,-,18,2621,2366,1278,411,2,182280,11301,2621,2366,1313,2443,2364,1203,91,100,0,500,2858;
@400000005e7c60221b3ca421 #d,-,18,2852,2365,1289,412,2,182318,11303,2852,2366,1292,2621,2365,1278,92,100,0,500,3090;
@400000005e7c60241b4cfba1 #d,-,18,2851,2365,1282,413,2,182355,11306,2852,2367,1290,2851,2365,1282,92,100,0,500,3090;
@400000005e7c60241b56bf4c #d,-,18,2850,2367,1264,414,2,182391,11308,2851,2368,1287,2850,2365,1264,92,100,0,500,3080;
@400000005e7c60261b66ad8f #d,-,18,2667,2368,1161,414,2,182387,11308,2850,2368,1264,2667,2366,1096,90,100,0,500,2957;
@400000005e7c60261b70f669 #d,-,18,2549,2369,1173,415,2,182388,11308,2667,2370,1178,2549,2367,1161,90,100,0,500,2817;
@400000005e7c60281b81133d #d,-,18,2549,2368,1167,416,2,182389,11308,2549,2371,1177,2549,2368,1167,90,100,0,500,2825;
@400000005e7c60281b8b2612 #d,-,18,2546,2370,1144,416,2,182381,11307,2549,2370,1171,2546,2367,1133,90,100,0,500,2810;
@400000005e7c602a1b9a969a #d,-,18,2467,2370,1143,417,2,182372,11307,2546,2370,1144,2467,2368,1140,89,100,0,500,2746;
@400000005e7c602a1ba44b5f #d,-,18,2465,2367,1134,418,2,182361,11306,2467,2370,1144,2465,2367,1133,89,100,0,500,2746;
@400000005e7c602c1bb4c643 #d,-,18,2463,2369,1139,418,2,182350,11305,2465,2370,1139,2463,2367,1132,90,100,0,500,2732;
@400000005e7c602c1bbe9162 #d,-,18,2462,2368,1136,419,2,182339,11305,2463,2369,1139,2462,2367,1133,90,100,0,500,2732;
@400000005e7c602e1bcd8d80 #d,-,18,2460,2369,1201,420,2,182342,11305,2462,2369,1228,2460,2367,1132,89,100,0,500,2734;
@400000005e7c602e1bd765a9 #d,-,18,2725,2369,1287,421,2,182376,11307,2725,2369,1307,2460,2367,1201,92,100,0,500,2945;
@400000005e7c60301be6fd4f #d,-,18,2836,2366,1286,421,2,182443,11311,2836,2369,1288,2725,2366,1282,91,100,0,500,3085;
@400000005e7c60301bf0a5f8 #d,-,18,2836,2367,1288,422,2,182448,11311,2836,2369,1288,2836,2365,1281,91,100,0,500,3085;
@400000005e7c60321bffe07c #d,-,18,2837,2369,1111,423,2,182473,11313,2837,2370,1289,2836,2367,1111,91,100,0,500,3088;
@400000005e7c60321c0a542d #d,-,18,2619,2367,1173,424,2,182472,11313,2837,2370,1205,2619,2364,1089,90,100,0,500,2905;
@400000005e7c60341c19c1ea #d,-,18,2529,2366,1157,424,2,182470,11313,2619,2368,1174,2529,2366,1155,90,100,0,500,2806;
@400000005e7c60341c23a8f9 #d,-,18,2527,2367,1186,425,2,182471,11313,2529,2367,1196,2527,2365,1157,90,100,0,500,2798;
@400000005e7c60361c337f05 #d,-,18,2530,2366,1142,426,2,182464,11312,2530,2368,1187,2527,2366,1130,89,100,0,500,2829;
@400000005e7c60361c3d6e76 #d,-,18,2469,2367,1132,426,2,182485,11314,2530,2368,1147,2469,2366,1132,89,100,0,500,2749;
@400000005e7c60381c4c75c2 #d,-,18,2466,2365,1137,427,2,182473,11313,2469,2367,1137,2466,2364,1131,90,100,0,500,2734;
@400000005e7c60381c56de45 #d,-,18,2463,2366,1137,428,2,182432,11310,2466,2368,1138,2463,2365,1132,90,100,0,500,2730;
@400000005e7c603a1c66b451 #d,-,18,2461,2367,1138,428,2,182420,11310,2463,2367,1138,2461,2364,1134,90,100,0,500,2732;
@400000005e7c603a1c707ca5 #d,-,18,2513,2365,1270,429,2,182434,11310,2513,2367,1270,2461,2364,1135,90,100,0,500,2770;
@400000005e7c603c1c7f7061 #d,-,18,2743,2366,1262,430,2,182463,11312,2743,2367,1285,2513,2364,1257,91,100,0,500,2983;
@400000005e7c603c1c89585f #d,-,18,2749,2365,1266,431,2,182492,11314,2749,2366,1269,2743,2364,1260,90,100,0,500,3038;
@400000005e7c603e1c97f2b3 #d,-,18,2754,2365,1268,431,2,182522,11316,2754,2366,1268,2749,2365,1263,90,100,0,500,3035;
@400000005e7c603e1ca21be2 #d,-,18,2754,2365,1153,432,2,182532,11317,2754,2366,1271,2754,2364,1153,91,100,0,500,3021;
@400000005e7c60401caf0437 #d,-,18,2561,2365,1173,433,2,182562,11318,2754,2366,1180,2561,2364,1148,90,100,0,500,2836;
@400000005e7c60401cb81512 #d,-,18,2559,2363,1170,434,2,182562,11318,2561,2365,1175,2559,2363,1167,90,100,0,500,2813;
@400000005e7c60421cc55b78 #d,-,18,2556,2367,1167,434,2,182561,11318,2559,2368,1171,2556,2363,1165,90,100,0,500,2813;
@400000005e7c60421ccec113 #d,-,18,2501,2367,1133,435,2,182521,11316,2556,2369,1167,2501,2367,1127,89,100,0,500,2789;
@400000005e7c60441cdba69d #d,-,18,2495,2365,1137,436,2,182510,11315,2501,2367,1140,2495,2365,1132,91,100,0,500,2732;
@400000005e7c60441ce49f41 #d,-,18,2490,2367,1139,436,2,182500,11315,2495,2368,1141,2490,2365,1137,91,100,0,500,2734;
@400000005e7c60461cf1ed1a #d,-,18,2485,2366,1142,437,2,182491,11314,2490,2367,1144,2485,2364,1137,90,100,0,500,2739;
@400000005e7c60461cfb206a #d,-,18,2483,2365,1142,438,2,182482,11313,2485,2367,1144,2483,2365,1140,90,100,0,500,2742;
@400000005e7c60481d08a624 #d,-,18,2480,2366,1126,438,2,182471,11313,2483,2367,1145,2480,2364,1126,90,100,0,500,2744;
@400000005e7c60481d119b0f #d,-,18,2474,2363,1127,439,2,182457,11312,2480,2366,1131,2474,2363,1124,90,100,0,500,2723;
@400000005e7c604a1d1ed19f #d,-,18,2468,2364,1128,440,2,182473,11313,2474,2366,1131,2468,2363,1124,91,100,0,500,2711;
@400000005e7c604a1d2804f0 #d,-,18,2463,2361,1124,440,2,182430,11310,2468,2365,1129,2463,2360,1124,91,100,0,500,2706;
@400000005e7c604c1d34a3b2 #d,-,18,2458,2366,1126,441,2,182446,11311,2463,2366,1130,2458,2361,1124,90,100,0,500,2708;
@400000005e7c604c1d3dac2b #d,-,18,2453,2365,1125,442,2,182402,11308,2458,2366,1131,2453,2364,1123,90,100,0,500,2708;
@400000005e7c604e1d4aa455 #d,-,18,2449,2365,1125,442,2,182389,11308,2453,2367,1129,2449,2364,1122,90,100,0,500,2706;
@400000005e7c604e1d53e77b #d,-,18,2445,2367,1125,443,2,182375,11307,2449,2368,1128,2445,2365,1123,90,100,0,500,2704;
@400000005e7c60501d6173ba #d,-,18,2441,2365,1128,444,2,182360,11306,2445,2368,1129,2441,2364,1123,90,100,0,500,2706;
@400000005e7c60501d6a6d4c #d,-,18,2438,2367,1127,444,2,182347,11305,2441,2367,1131,2438,2364,1124,90,100,0,500,2708;
@400000005e7c60521d77d26e #d,-,18,2437,2365,1127,445,2,182333,11304,2438,2367,1130,2437,2365,1123,89,100,0,500,2713;
@400000005e7c60521d80e702 #d,-,18,2435,2364,1128,446,2,182349,11305,2437,2367,1131,2435,2364,1123,89,100,0,500,2706;
@400000005e7c60541d8e064a #d,-,18,2433,2367,1130,446,2,182336,11304,2435,2367,1130,2433,2364,1126,89,100,0,500,2708;
@400000005e7c60541d96f77b #d,-,18,2432,2364,1126,447,2,182294,11302,2433,2367,1133,2432,2363,1124,89,100,0,500,2713;
@400000005e7c60561da3f719 #d,-,18,2431,2363,1126,448,2,182280,11301,2432,2366,1131,2431,2363,1123,89,100,0,500,2708;
@400000005e7c60561dad0f67 #d,-,18,2430,2363,1127,448,2,182267,11300,2431,2364,1131,2430,2362,1124,89,100,0,500,2708;
@400000005e7c60581dba3711 #d,-,18,2429,2363,1130,449,2,182254,11299,2430,2365,1130,2429,2363,1125,89,100,0,500,2706;
@400000005e7c60581dc3a8c7 #d,-,18,2428,2364,1129,450,2,182241,11298,2429,2364,1131,2428,2363,1125,89,100,0,500,2711;
@400000005e7c605a1dd0fb48 #d,-,18,2428,2365,1130,450,2,182228,11298,2428,2365,1132,2428,2364,1126,89,100,0,500,2711;
@400000005e7c605a1dda077b #d,-,18,2427,2363,1131,451,2,182216,11297,2428,2365,1132,2427,2363,1127,89,100,0,500,2711;
@400000005e7c605c1de6bd86 #d,-,18,2427,2365,1126,452,2,182231,11298,2427,2365,1131,2427,2363,1124,89,100,0,500,2711;
@400000005e7c605c1df00f92 #d,-,18,2427,2363,1129,452,2,182190,11295,2427,2365,1130,2427,2362,1124,89,100,0,500,2708;
@400000005e7c605e1dfda079 #d,-,18,2426,2366,1128,453,2,182206,11296,2427,2366,1131,2426,2363,1124,89,100,0,500,2708;
@400000005e7c605e1e068a37 #d,-,18,2427,2366,1128,454,2,182194,11296,2427,2367,1132,2426,2366,1126,89,100,0,500,2713;
@400000005e7c60601e136ed2 #d,-,18,2427,2367,1127,455,2,182153,11293,2427,2367,1131,2427,2365,1125,89,100,0,500,2713;
@400000005e7c60601e1cc586 #d,-,18,2427,2367,1129,455,2,182141,11292,2427,2368,1131,2427,2366,1124,89,100,0,500,2711;
@400000005e7c60621e2ca3f4 #d,-,18,2426,2368,1177,456,2,182130,11292,2427,2368,1177,2426,2366,1124,89,100,0,500,2708;
@400000005e7c60621e368b04 #d,-,18,2553,2365,1287,457,2,182154,11293,2553,2368,1307,2426,2364,1177,90,100,0,500,2810;
@400000005e7c60641e45fc7b #d,-,18,2820,2367,1286,457,2,182186,11295,2820,2367,1290,2553,2364,1272,92,100,0,500,3045;
@400000005e7c60641e4fcffb #d,-,18,2822,2366,1280,458,2,182219,11297,2822,2368,1287,2820,2366,1279,91,100,0,500,3083;
@400000005e7c60661e5f9ada #d,-,18,2824,2367,1277,459,2,182280,11301,2824,2367,1288,2822,2365,1277,91,100,0,500,3080;
@400000005e7c60661e69a0a5 #d,-,18,2819,2365,1095,460,2,182258,11300,2824,2367,1277,2819,2364,1095,92,100,0,500,3038;
@400000005e7c60681e79d5b0 #d,-,18,2509,2366,1183,460,2,182260,11300,2819,2367,1197,2509,2364,1095,89,100,0,500,2801;
@400000005e7c60681e83cc95 #d,-,18,2581,2365,1189,461,2,182265,11300,2581,2366,1190,2509,2364,1182,90,100,0,500,2843;
@400000005e7c606a1e939ee7 #d,-,18,2581,2367,1182,462,2,182270,11300,2581,2367,1190,2581,2364,1182,90,100,0,500,2851;
@400000005e7c606a1e9d3402 #d,-,18,2529,2365,1140,463,2,182261,11300,2581,2367,1183,2529,2364,1126,89,100,0,500,2815;
@400000005e7c606c1ea9b319 #d,-,18,2451,2365,1133,463,2,182250,11299,2529,2366,1140,2451,2364,1132,89,100,0,500,2734;
@400000005e7c606c1eb309ce #d,-,18,2449,2365,1135,464,2,182239,11298,2451,2366,1135,2449,2364,1129,89,100,0,500,2723;
@400000005e7c606e1ec31b75 #d,-,18,2448,2365,1133,465,2,182228,11298,2449,2366,1136,2448,2364,1131,89,100,0,500,2725;
@400000005e7c606e1ecce2da #d,-,18,2447,2366,1132,465,2,182217,11297,2448,2367,1135,2447,2364,1130,89,100,0,500,2725;
@400000005e7c60701edc7b6e #d,-,18,2452,2364,1257,466,2,182227,11298,2452,2367,1257,2447,2364,1129,89,100,0,500,2749;
@400000005e7c60701ee6cbbb #d,-,18,2769,2363,1281,467,2,182261,11300,2769,2365,1310,2452,2363,1257,92,100,0,500,3002;
@400000005e7c60721ef6ed37 #d,-,18,2846,2362,1290,468,2,182322,11304,2846,2365,1291,2769,2362,1280,92,100,0,500,3083;
@400000005e7c60721f00d08d #d,-,18,2846,2360,1285,468,2,182328,11304,2846,2363,1291,2846,2360,1284,92,100,0,500,3088;
@400000005e7c60741f102259 #d,-,18,2843,2363,1141,469,2,182340,11305,2846,2364,1287,2843,2360,1124,92,100,0,500,3073;
@400000005e7c60741f19d630 #d,-,18,2537,2361,1185,470,2,182369,11306,2843,2363,1199,2537,2361,1141,89,100,0,500,2827;
@400000005e7c60761f29ef4a #d,-,18,2542,2361,1187,471,2,182347,11305,2542,2362,1192,2537,2360,1185,89,100,0,500,2841;
@400000005e7c60761f33b3e4 #d,-,18,2547,2362,1182,471,2,182351,11305,2547,2362,1190,2542,2358,1182,89,100,0,500,2848;
@400000005e7c60781f40cf72 #d,-,18,2544,2364,1141,472,2,182341,11305,2547,2364,1182,2544,2362,1125,90,100,0,500,2801;
@400000005e7c60781f49d343 #d,-,18,2453,2361,1136,473,2,182331,11304,2544,2364,1141,2453,2361,1135,89,100,0,500,2739;
@400000005e7c607a1f56b8cd #d,-,18,2452,2361,1135,473,2,182321,11303,2453,2363,1139,2452,2361,1131,89,100,0,500,2727;
@400000005e7c607a1f6035b1 #d,-,18,2451,2361,1136,474,2,182311,11303,2452,2363,1139,2451,2360,1132,89,100,0,500,2725;
@400000005e7c607c1f6f9fb4 #d,-,18,2451,2361,1137,475,2,182301,11302,2451,2362,1139,2451,2360,1133,89,100,0,500,2727;
@400000005e7c607c1f798e37 #d,-,18,2455,2361,1247,475,2,182310,11303,2455,2362,1247,2451,2361,1137,89,100,0,500,2744;
@400000005e7c607e1f89133d #d,-,18,2765,2362,1289,476,2,182343,11305,2765,2362,1312,2455,2361,1247,92,100,0,500,3000;
@400000005e7c607e1f92e6bd #d,-,18,2846,2362,1287,477,2,182376,11307,2846,2362,1290,2765,2361,1284,92,100,0,500,3080;
@400000005e7c60801fa27aaa #d,-,18,2845,2361,1289,478,2,182408,11309,2846,2362,1290,2845,2360,1283,92,100,0,500,3085;
@400000005e7c60801face32d #d,-,18,2844,2361,1175,478,2,182425,11310,2845,2362,1289,2844,2359,1170,92,100,0,500,3078;
@400000005e7c60821fbc4027 #d,-,18,2611,2362,1192,479,2,182431,11310,2844,2363,1199,2611,2360,1175,90,100,0,500,2888;
@400000005e7c60821fc63352 #d,-,18,2608,2358,1191,480,2,182436,11311,2611,2362,1192,2608,2358,1187,91,100,0,500,2851;
@400000005e7c60841fd5bfcb #d,-,18,2605,2361,1156,481,2,182439,11311,2608,2361,1191,2605,2358,1156,91,100,0,500,2853;
@400000005e7c60841fdf6c2e #d,-,18,2511,2359,1139,481,2,182429,11310,2605,2361,1156,2511,2359,1129,89,100,0,500,2791;
@400000005e7c60861fec6546 #d,-,18,2447,2358,1132,482,2,182445,11311,2511,2359,1140,2447,2357,1132,89,100,0,500,2730;
@400000005e7c60861ff5de70 #d,-,18,2446,2360,1140,483,2,182435,11311,2447,2360,1141,2446,2357,1132,89,100,0,500,2723;
@400000005e7c60882005d426 #d,-,18,2446,2358,1137,483,2,182399,11308,2446,2360,1141,2446,2357,1135,89,100,0,500,2727;
@400000005e7c6088200fcec5 #d,-,18,2446,2359,1139,484,3,182389,11308,2446,2360,1140,2446,2358,1134,89,100,0,500,2725;
@400000005e7c608a20201b18 #d,-,18,2533,2356,1314,485,3,182406,11309,2533,2359,1314,2446,2356,1139,90,100,0,500,2787;
@400000005e7c608a202a11fc #d,-,18,2791,2356,1283,486,3,182437,11311,2791,2358,1314,2533,2356,1276,92,100,0,500,3021;
@400000005e7c608c20390e1a #d,-,18,2797,2356,1287,486,3,182468,11313,2797,2357,1292,2791,2355,1283,90,100,0,500,3078;
@400000005e7c608c2042e19b #d,-,18,2802,2357,1288,487,3,182499,11314,2802,2358,1292,2797,2356,1283,91,100,0,500,3078;
@400000005e7c608e205213bd #d,-,18,2803,2356,1195,488,3,182511,11315,2803,2358,1292,2802,2356,1162,91,100,0,500,3059;
@400000005e7c608e205bf713 #d,-,18,2585,2355,1189,489,3,182516,11316,2803,2357,1197,2585,2355,1181,90,100,0,500,2860;
@400000005e7c6090206b8fa8 #d,-,18,2585,2357,1190,489,3,182520,11316,2585,2358,1194,2585,2355,1187,90,100,0,500,2846;
@400000005e7c609020754be0 #d,-,18,2585,2358,1134,490,3,182546,11317,2585,2358,1193,2585,2357,1131,90,100,0,500,2851;
@400000005e7c609220827655 #d,-,18,2487,2355,1135,491,3,182537,11317,2585,2358,1148,2487,2355,1134,89,100,0,500,2772;
@400000005e7c6092208b8376 #d,-,18,2482,2356,1139,491,3,182501,11315,2487,2357,1140,2482,2355,1135,91,100,0,500,2725;
@400000005e7c6094209952c3 #d,-,18,2477,2356,1138,492,3,182517,11316,2482,2356,1141,2477,2355,1135,90,100,0,500,2727;
@400000005e7c609420a22bbd #d,-,18,2473,2357,1140,493,3,182508,11315,2477,2358,1141,2473,2355,1132,90,100,0,500,2725;
@400000005e7c609620afaccf #d,-,18,2470,2359,1144,493,3,182472,11313,2473,2359,1144,2470,2357,1134,90,100,0,500,2725;
@400000005e7c609620b8b902 #d,-,18,2467,2358,1128,494,3,182486,11314,2470,2361,1145,2467,2358,1123,90,100,0,500,2720;
@400000005e7c609820c65d77 #d,-,18,2462,2361,1132,495,3,182449,11311,2467,2362,1133,2462,2358,1126,90,100,0,500,2711;
@400000005e7c609820cf4735 #d,-,18,2457,2363,1128,495,3,182437,11311,2462,2363,1132,2457,2361,1126,90,100,0,500,2711;
@400000005e7c609a20dcc39f #d,-,18,2453,2361,1130,496,3,182425,11310,2457,2363,1132,2453,2361,1121,90,100,0,500,2711;
@400000005e7c609a20e5ebc2 #d,-,18,2450,2362,1127,497,3,182414,11309,2453,2362,1132,2450,2359,1125,90,100,0,500,2706;
@400000005e7c609c20f295b1 #d,-,18,2448,2361,1127,497,3,182402,11308,2450,2364,1131,2448,2360,1125,90,100,0,500,2708;
@400000005e7c609c20fc03ae #d,-,18,2444,2363,1129,498,3,182390,11308,2448,2363,1131,2444,2360,1125,90,100,0,500,2706;
@400000005e7c609e2108fbd8 #d,-,18,2442,2361,1125,499,3,182378,11307,2444,2363,1134,2442,2360,1125,90,100,0,500,2711;
@400000005e7c609e211233d1 #d,-,18,2440,2362,1128,499,3,182366,11306,2442,2362,1130,2440,2360,1124,90,100,0,500,2706;
@400000005e7c60a0211f1c26 #d,-,18,2437,2360,1128,500,3,182353,11305,2440,2363,1130,2437,2359,1123,90,100,0,500,2706;
@400000005e7c60a021288669 #d,-,18,2435,2361,1128,501,3,182367,11306,2437,2361,1133,2435,2358,1123,90,100,0,500,2704;
@400000005e7c60a221356b05 #d,-,18,2433,2360,1129,501,3,182355,11306,2435,2361,1129,2433,2360,1122,89,100,0,500,2706;
@400000005e7c60a2213e54c2 #d,-,18,2432,2359,1125,502,3,182317,11303,2433,2360,1131,2432,2359,1123,89,100,0,500,2704;
@400000005e7c60a4214b607b #d,-,18,2430,2357,1134,503,3,182306,11302,2432,2359,1134,2430,2356,1123,89,100,0,500,2701;
@400000005e7c60a42154d5ec #d,-,18,2429,2357,1125,503,3,182294,11302,2430,2357,1134,2429,2357,1122,89,100,0,500,2701;
@400000005e7c60a62162436f #d,-,18,2429,2358,1132,504,3,182282,11301,2429,2358,1134,2429,2357,1124,89,100,0,500,2706;
@400000005e7c60a6216b4475 #d,-,18,2428,2357,1127,505,3,182270,11300,2429,2358,1132,2428,2357,1123,89,100,0,500,2704;
@400000005e7c60a821786776 #d,-,18,2428,2356,1135,505,3,182284,11301,2428,2358,1135,2428,2356,1126,89,100,0,500,2706;
@400000005e7c60a82181a6e2 #d,-,18,2427,2357,1132,506,3,182248,11299,2428,2358,1137,2427,2356,1127,89,100,0,500,2708;
@400000005e7c60aa218f243a #d,-,18,2428,2358,1127,507,3,182237,11298,2428,2358,1133,2427,2356,1126,89,100,0,500,2713;
@400000005e7c60aa21980d09 #d,-,18,2427,2357,1128,507,3,182251,11299,2428,2358,1134,2427,2356,1125,89,100,0,500,2708;
@400000005e7c60ac21a54488 #d,-,18,2427,2357,1128,508,3,182214,11297,2427,2358,1135,2427,2356,1125,89,100,0,500,2706;
@400000005e7c60ac21ae6f77 #d,-,18,2427,2356,1130,509,3,182203,11296,2427,2358,1133,2427,2355,1126,89,100,0,500,2706;
@400000005e7c60ae21bc0418 #d,-,18,2427,2359,1132,509,3,182192,11295,2427,2359,1134,2427,2356,1126,89,100,0,500,2706;
@400000005e7c60ae21c4edd5 #d,-,18,2428,2361,1127,510,3,182181,11295,2428,2361,1134,2427,2359,1127,89,100,0,500,2713;
@400000005e7c60b021d46306 #d,-,18,2428,2360,1132,511,3,182170,11294,2428,2361,1133,2428,2359,1122,89,100,0,500,2704;
@400000005e7c60b021de6c8a #d,-,18,2503,2358,1305,511,3,182184,11295,2503,2361,1305,2428,2357,1132,90,100,0,500,2756;
@400000005e7c60b221ee81eb #d,-,18,2779,2359,1287,512,3,182214,11297,2779,2359,1312,2503,2358,1269,92,100,0,500,3009;
@400000005e7c60b221f86187 #d,-,18,2840,2361,1283,513,3,182243,11299,2840,2361,1289,2779,2359,1283,92,100,0,500,3076;
@400000005e7c60b42208d050 #d,-,18,2840,2361,1286,514,3,182273,11300,2840,2361,1290,2840,2359,1281,92,100,0,500,3083;
@400000005e7c60b422129c5d #d,-,18,2836,2362,1133,515,3,182282,11301,2840,2362,1287,2836,2360,1114,92,100,0,500,3064;
@400000005e7c60b6222201b8 #d,-,18,2491,2360,1085,515,3,182266,11300,2836,2362,1152,2491,2359,1061,89,100,0,500,2787;
@400000005e7c60b6222c1c01 #d,-,18,2401,2360,1197,516,3,182292,11302,2491,2361,1222,2401,2358,1084,89,100,0,500,2668;
@400000005e7c60b8223bfe28 #d,-,18,2587,2358,1188,517,3,182272,11300,2587,2360,1197,2401,2357,1187,90,100,0,500,2858;
@400000005e7c60b82245cdef #d,-,18,2586,2361,1137,517,3,182274,11301,2587,2361,1191,2586,2358,1137,90,100,0,500,2851;
@400000005e7c60ba225342e6 #d,-,18,2491,2360,1133,518,3,182264,11300,2586,2361,1138,2491,2360,1118,89,100,0,500,2777;
@400000005e7c60ba225c47a5 #d,-,18,2484,2360,1135,519,3,182254,11299,2491,2360,1136,2484,2359,1129,91,100,0,500,2718;
@400000005e7c60bc226934a2 #d,-,18,2478,2362,1135,519,3,182244,11299,2484,2362,1137,2478,2359,1130,91,100,0,500,2718;
@400000005e7c60bc22724c02 #d,-,18,2474,2360,1134,520,3,182235,11298,2478,2362,1139,2474,2359,1132,90,100,0,500,2723;
@400000005e7c60be22825636 #d,-,18,2470,2360,1146,521,3,182226,11298,2474,2361,1146,2470,2359,1133,90,100,0,500,2725;
@400000005e7c60be228c0299 #d,-,18,2545,2359,1302,521,3,182245,11299,2545,2361,1315,2470,2359,1146,90,100,0,500,2801;
@400000005e7c60c0229b0271 #d,-,18,2815,2358,1290,522,3,182274,11301,2815,2359,1302,2545,2358,1275,92,100,0,500,3035;
@400000005e7c60c022a4d5f1 #d,-,18,2817,2360,1289,523,3,182303,11302,2817,2360,1292,2815,2358,1285,91,100,0,500,3078;
@400000005e7c60c222b4995d #d,-,18,2821,2358,1291,524,3,182333,11304,2821,2360,1295,2817,2357,1287,91,100,0,500,3088;
@400000005e7c60c222be647c #d,-,18,2819,2360,1180,525,3,182339,11305,2821,2360,1291,2819,2357,1122,92,100,0,500,3054;
@400000005e7c60c422cd609a #d,-,18,2507,2359,1185,525,3,182366,11306,2819,2360,1200,2507,2359,1155,89,100,0,500,2794;
@400000005e7c60c422d711a5 #d,-,18,2589,2356,1191,526,3,182370,11306,2589,2359,1191,2507,2356,1183,90,100,0,500,2846;
@400000005e7c60c622e695bc #d,-,18,2588,2360,1135,527,3,182371,11307,2589,2360,1192,2588,2356,1135,91,100,0,500,2843;
@400000005e7c60c622f061ca #d,-,18,2495,2358,1139,527,3,182337,11304,2588,2360,1143,2495,2357,1125,89,100,0,500,2779;
@400000005e7c60c822fd8885 #d,-,18,2439,2359,1134,528,3,182328,11304,2495,2359,1139,2439,2356,1132,89,100,0,500,2723;
@400000005e7c60c8230675fc #d,-,18,2439,2358,1138,529,3,182319,11303,2439,2360,1139,2439,2358,1133,89,100,0,500,2720;
@400000005e7c60ca23163d21 #d,-,18,2440,2358,1138,529,3,182310,11303,2440,2358,1140,2439,2357,1133,89,100,0,500,2723;
@400000005e7c60ca23202077 #d,-,18,2441,2362,1137,530,3,182301,11302,2441,2362,1142,2440,2358,1134,89,100,0,500,2727;
@400000005e7c60cc23302249 #d,-,18,2517,2359,1301,531,3,182313,11303,2517,2362,1301,2441,2359,1136,90,100,0,500,2770;
@400000005e7c60cc233a0958 #d,-,18,2779,2364,1280,532,3,182343,11305,2779,2364,1316,2517,2359,1273,92,100,0,500,3012;
@400000005e7c60ce2349a5a6 #d,-,18,2848,2363,1286,532,3,182372,11307,2848,2365,1287,2779,2363,1280,92,100,0,500,3083;
@400000005e7c60ce23536598 #d,-,18,2847,2365,1285,533,3,182400,11308,2848,2366,1289,2847,2363,1282,92,100,0,500,3078;
@400000005e7c60d02361ec5d #d,-,18,2843,2364,1165,534,3,182409,11309,2847,2366,1289,2843,2363,1122,92,100,0,500,3073;
@400000005e7c60d0236bfe44 #d,-,18,2527,2366,1183,535,3,182411,11309,2843,2366,1197,2527,2364,1154,89,100,0,500,2815;
@400000005e7c60d2237bb594 #d,-,18,2591,2366,1184,535,3,182415,11309,2591,2367,1191,2527,2366,1183,90,100,0,500,2848;
@400000005e7c60d2238581a1 #d,-,18,2590,2364,1144,536,3,182418,11309,2591,2366,1191,2590,2363,1144,90,100,0,500,2853;
@400000005e7c60d42393780c #d,-,18,2497,2366,1135,537,3,182408,11309,2590,2366,1144,2497,2363,1117,89,100,0,500,2782;
@400000005e7c60d4239c70b0 #d,-,18,2445,2365,1136,537,3,182399,11308,2497,2366,1139,2445,2364,1132,89,100,0,500,2730;
@400000005e7c60d623a89a1a #d,-,18,2444,2364,1136,538,3,182390,11308,2445,2366,1137,2444,2363,1129,89,100,0,500,2725;
@400000005e7c60d623b1fbfb #d,-,18,2444,2365,1137,539,3,182381,11307,2444,2365,1139,2444,2363,1130,89,100,0,500,2727;
@400000005e7c60d823c1a81e #d,-,18,2445,2365,1134,539,3,182372,11307,2445,2366,1137,2444,2363,1131,89,100,0,500,2727;
@400000005e7c60d823cb50c8 #d,-,18,2499,2364,1282,540,3,182382,11307,2499,2366,1282,2445,2364,1134,90,100,0,500,2758;
@400000005e7c60da23db0bd2 #d,-,18,2773,2364,1283,541,3,182411,11309,2773,2365,1316,2499,2363,1275,92,100,0,500,3009;
@400000005e7c60da23e5128b #d,-,18,2846,2362,1286,542,3,182439,11311,2846,2365,1290,2773,2361,1280,92,100,0,500,3085;
@400000005e7c60dc23f4b64d #d,-,18,2845,2363,1288,543,3,182467,11313,2846,2364,1289,2845,2361,1281,92,100,0,500,3083;
@400000005e7c60dc23fea116 #d,-,18,2843,2365,1168,543,3,182482,11313,2845,2365,1288,2843,2363,1160,92,100,0,500,3076;
@400000005e7c60de240e39aa #d,-,18,2605,2365,1187,544,3,182486,11314,2843,2366,1196,2605,2364,1168,90,100,0,500,2881;
@400000005e7c60de2417f5e2 #d,-,18,2602,2365,1189,545,3,182490,11314,2605,2366,1190,2602,2364,1184,91,100,0,500,2851;
@400000005e7c60e02427a979 #d,-,18,2599,2363,1116,545,3,182490,11314,2602,2365,1190,2599,2362,1116,91,100,0,500,2851;
@400000005e7c60e024317940 #d,-,18,2483,2362,1137,546,3,182481,11313,2599,2365,1138,2483,2361,1116,89,100,0,500,2768;
@400000005e7c60e2243e51c0 #d,-,18,2478,2364,1133,547,3,182472,11313,2483,2364,1139,2478,2361,1132,90,100,0,500,2727;
@400000005e7c60e2244742f1 #d,-,18,2474,2362,1136,547,3,182463,11312,2478,2364,1140,2474,2362,1132,90,100,0,500,2725;
@400000005e7c60e42453b233 #d,-,18,2471,2361,1154,548,3,182480,11313,2474,2362,1163,2471,2360,1134,90,100,0,500,2725;
@400000005e7c60e4245d0174 #d,-,18,2471,2359,1134,549,3,182472,11313,2471,2361,1155,2471,2358,1131,89,100,0,500,2758;
@400000005e7c60e6246a4420 #d,-,18,2469,2362,1131,550,3,182439,11311,2471,2362,1143,2469,2359,1122,90,100,0,500,2727;
@400000005e7c60e624733197 #d,-,18,2463,2362,1129,550,3,182451,11311,2469,2362,1132,2463,2361,1123,91,100,0,500,2706;
@400000005e7c60e8247fef15 #d,-,18,2459,2360,1132,551,3,182417,11309,2463,2362,1134,2459,2360,1126,90,100,0,500,2711;
@400000005e7c60e82488fb48 #d,-,18,2454,2360,1127,552,3,182407,11309,2459,2361,1133,2454,2359,1125,90,100,0,500,2708;
@400000005e7c60ea24969c04 #d,-,18,2451,2365,1129,552,3,182397,11308,2454,2365,1136,2451,2360,1127,90,100,0,500,2711;
@400000005e7c60ea249f8c47 #d,-,18,2449,2364,1131,553,3,182387,11308,2451,2366,1134,2449,2364,1126,90,100,0,500,2718;
@400000005e7c60ec24acdb0e #d,-,18,2447,2363,1125,554,3,182376,11307,2449,2365,1132,2447,2363,1124,90,100,0,500,2715;
@400000005e7c60ec24b5eafb #d,-,18,2444,2364,1130,554,3,182365,11306,2447,2364,1130,2444,2363,1122,90,100,0,500,2706;
@400000005e7c60ee24c2629f #d,-,18,2442,2364,1127,555,3,182355,11306,2444,2364,1132,2442,2363,1125,90,100,0,500,2711;
@400000005e7c60ee24cbc481 #d,-,18,2440,2365,1126,556,3,182345,11305,2442,2365,1132,2440,2362,1125,90,100,0,500,2711;
@400000005e7c60f024d99876 #d,-,18,2439,2365,1128,556,3,182334,11304,2440,2365,1133,2439,2364,1124,90,100,0,500,2708;
@400000005e7c60f024e2988d #d,-,18,2437,2365,1126,557,3,182324,11304,2439,2366,1130,2437,2365,1123,89,100,0,500,2708;
@400000005e7c60f224eec1f6 #d,-,18,2435,2363,1129,558,3,182313,11303,2437,2365,1130,2435,2363,1125,89,100,0,500,2711;
@400000005e7c60f224f82c3a #d,-,18,2434,2363,1123,558,3,182302,11302,2435,2364,1131,2434,2362,1123,89,100,0,500,2708;
@400000005e7c60f42505a992 #d,-,18,2432,2362,1131,559,3,182292,11302,2434,2364,1132,2432,2362,1123,89,100,0,500,2711;
@400000005e7c60f4250e961b #d,-,18,2431,2364,1127,560,3,182282,11301,2432,2365,1134,2431,2362,1125,89,100,0,500,2708;
@400000005e7c60f6251acb9f #d,-,18,2431,2365,1130,560,3,182272,11300,2431,2365,1136,2431,2363,1123,89,100,0,500,2718;
@400000005e7c60f6252435e3 #d,-,18,2430,2365,1129,561,3,182261,11300,2431,2365,1130,2430,2364,1121,89,100,0,500,2706;
@400000005e7c60f825310aa9 #d,-,18,2429,2365,1126,562,3,182251,11299,2430,2366,1130,2429,2365,1123,89,100,0,500,2704;
@400000005e7c60f82539ff93 #d,-,18,2429,2366,1126,562,3,182240,11298,2429,2366,1133,2429,2365,1123,89,100,0,500,2713;
@400000005e7c60fa25475214 #d,-,18,2428,2365,1124,563,3,182230,11298,2429,2367,1129,2428,2365,1122,89,100,0,500,2706;
@400000005e7c60fa25506e1c #d,-,18,2427,2365,1126,564,3,182220,11297,2428,2366,1130,2427,2364,1122,89,100,0,500,2708;
@400000005e7c60fc255d89ab #d,-,18,2427,2365,1126,564,3,182209,11296,2427,2365,1130,2427,2364,1120,89,100,0,500,2708;
@400000005e7c60fc25667633 #d,-,18,2426,2365,1124,565,3,182199,11296,2427,2366,1130,2426,2364,1123,89,100,0,500,2706;
@400000005e7c60fe25762d84 #d,-,18,2426,2367,1127,566,3,182189,11295,2426,2367,1129,2426,2364,1121,89,100,0,500,2708;
@400000005e7c60fe25802468 #d,-,18,2426,2366,1129,566,3,182179,11295,2426,2367,1131,2426,2366,1126,89,100,0,500,2711;
@400000005e7c610025907475 #d,-,18,2430,2365,1231,567,3,182184,11295,2430,2367,1233,2426,2365,1128,89,100,0,500,2725;
@400000005e7c6100259a63e6 #d,-,18,2765,2364,1283,568,3,182212,11297,2765,2365,1315,2430,2363,1231,92,100,0,500,2998;
@400000005e7c610225aa460e #d,-,18,2838,2364,1284,569,3,182239,11298,2838,2366,1286,2765,2364,1281,92,100,0,500,3078;
@400000005e7c610225b40246 #d,-,18,2838,2363,1284,569,3,182265,11300,2838,2364,1288,2838,2362,1282,92,100,0,500,3080;
@400000005e7c610425c382a3 #d,-,18,2838,2365,1126,570,3,182279,11301,2838,2365,1286,2838,2363,1126,92,100,0,500,3080;
@400000005e7c610425cd69b3 #d,-,18,2549,2365,1072,571,3,182268,11300,2838,2366,1157,2549,2365,1063,89,100,0,500,2843;
@400000005e7c610625dc9cc4 #d,-,18,2369,2364,1182,572,3,182265,11300,2549,2366,1219,2369,2364,1072,89,100,0,500,2656;
@400000005e7c610625e677b7 #d,-,18,2599,2365,1188,572,3,182270,11300,2599,2365,1194,2369,2364,1182,90,100,0,500,2858;
@400000005e7c610825f63edd #d,-,18,2597,2366,1163,573,3,182273,11300,2599,2367,1189,2597,2365,1163,91,100,0,500,2848;
@400000005e7c610825ffefe8 #d,-,18,2511,2367,1135,574,3,182265,11300,2597,2367,1163,2511,2366,1118,89,100,0,500,2794;
@400000005e7c610a260d3a07 #d,-,18,2443,2367,1133,574,3,182278,11301,2511,2367,1136,2443,2366,1129,89,100,0,500,2727;
@400000005e7c610a2616463a #d,-,18,2442,2367,1133,575,3,182270,11300,2443,2368,1137,2442,2367,1130,89,100,0,500,2723;
Lost connection at /opt/powertools/bin/wattsup1 line 220.
	main::failure('Lost connection') called at /opt/powertools/bin/wattsup1 line 271
	main::recv_msg() called at /opt/powertools/bin/wattsup1 line 504
