@400000005e26ada506230bed #v,-,8,2,261786,5,2,4,57,200810261703,0;
@400000005e26ada5301c063c #h,-,18,W,V,A,WH,Cost,WH/Mo,Cost/Mo,Wmax,Vmax,Amax,Wmin,Vmin,Amin,PF,DC,PC,Hz,VA;
@400000005e26ada5362dac95 #f,-,48,118,436,1,4775,0,0,65533,0,199,810,237,17949,177,311,4753,4,92217,151,32123,69906,40,694,17008,0,93,1,4659,0,0,65533,0,199,822,242,18484,171,318,5362,2,92206,150,32190,70407,42,536,17029,0,92;
@400000005e26ada7364449ae #d,-,18,2427,2341,1138,1,0,167993,10415,2427,2342,1142,2422,2340,1134,89,100,0,500,2708;
@400000005e26ada93654b877 #d,-,18,2428,2342,1137,1,0,170424,10566,2428,2343,1139,2427,2339,1134,89,100,0,500,2704;
@400000005e26ada9365eaf5c #d,-,18,2430,2341,1138,2,0,171682,10644,2430,2342,1140,2428,2341,1136,89,100,0,500,2704;
@400000005e26adab366d7ce9 #d,-,18,2432,2340,1137,3,0,172397,10688,2432,2342,1141,2430,2339,1135,89,100,0,500,2708;
@400000005e26adab367705e8 #d,-,18,2433,2341,1138,3,0,172870,10717,2433,2342,1141,2432,2340,1135,89,100,0,500,2706;
@400000005e26adad3686d929 #d,-,18,2434,2343,1140,4,0,173206,10738,2434,2344,1141,2433,2341,1136,89,100,0,500,2708;
@400000005e26adad36903ec4 #d,-,18,2435,2345,1136,5,0,173456,10754,2435,2345,1141,2434,2343,1135,89,100,0,500,2711;
@400000005e26adaf369f98f2 #d,-,18,2435,2344,1139,5,0,173651,10766,2435,2345,1139,2435,2343,1135,89,100,0,500,2706;
@400000005e26adaf36a99b04 #d,-,18,2436,2342,1137,6,0,173820,10776,2436,2344,1141,2435,2342,1136,89,100,0,500,2708;
@400000005e26adb136b94727 #d,-,18,2437,2345,1138,7,0,173946,10784,2437,2345,1139,2436,2342,1134,89,100,0,500,2708;
@400000005e26adb136c2adb1 #d,-,18,2438,2343,1143,7,0,175622,10888,2438,2345,1144,2437,2342,1138,89,100,0,500,2711;
@400000005e26adb336d2a367 #d,-,18,2441,2344,1139,8,0,175678,10892,2441,2346,1145,2438,2343,1139,89,100,0,500,2718;
@400000005e26adb336dbe2d3 #d,-,18,2442,2346,1135,9,0,174358,10810,2442,2346,1139,2441,2344,1132,90,100,0,500,2713;
@400000005e26adb536eaaf72 #d,-,18,2440,2344,1132,9,0,174365,10810,2442,2346,1135,2440,2344,1130,90,100,0,500,2699;
@400000005e26adb536f47f39 #d,-,18,2440,2344,1135,10,0,174381,10811,2440,2346,1136,2440,2344,1132,90,100,0,500,2699;
@400000005e26adb73704651a #d,-,18,2439,2346,1132,11,0,174403,10813,2440,2347,1138,2439,2344,1130,90,100,0,500,2701;
@400000005e26adb7370e0650 #d,-,18,2438,2346,1135,11,0,174415,10813,2439,2347,1137,2438,2344,1130,90,100,0,500,2701;
@400000005e26adb9371dbda0 #d,-,18,2438,2344,1141,12,0,175383,10873,2438,2346,1141,2438,2343,1133,90,100,0,500,2701;
@400000005e26adb9372733ff #d,-,18,2439,2346,1135,13,0,174507,10819,2439,2346,1142,2438,2343,1135,89,100,0,500,2713;
@400000005e26adbb373675f6 #d,-,18,2440,2344,1138,13,0,174546,10821,2440,2346,1139,2439,2344,1135,90,100,0,500,2711;
@400000005e26adbb37404d31 #d,-,18,2440,2344,1138,14,0,174582,10824,2440,2345,1141,2440,2343,1136,90,100,0,500,2711;
@400000005e26adbd37503b74 #d,-,18,2440,2342,1135,15,0,174615,10826,2440,2344,1141,2440,2342,1132,90,100,0,500,2711;
@400000005e26adbd3759bcff #d,-,18,2440,2344,1135,15,0,174614,10826,2440,2344,1138,2440,2342,1131,90,100,0,500,2701;
@400000005e26adbf37697096 #d,-,18,2439,2343,1133,16,0,174626,10826,2440,2345,1138,2439,2343,1131,90,100,0,500,2701;
@400000005e26adbf3772cebe #d,-,18,2439,2345,1136,17,0,174636,10827,2439,2345,1138,2439,2342,1131,90,100,0,500,2701;
@400000005e26adc1378cee92 #d,-,18,2439,2343,1133,17,0,174646,10828,2439,2345,1138,2439,2343,1133,90,100,0,500,2701;
@400000005e26adc1379c7751 #d,-,18,2439,2342,1137,18,0,174660,10828,2439,2343,1138,2439,2342,1133,90,100,0,500,2701;
@400000005e26adc337ad9d92 #d,-,18,2986,2343,1390,19,0,177125,10981,2986,2343,1800,2439,2339,1136,96,100,0,500,3097;
@400000005e26adc337b70b8f #d,-,18,3541,2342,1710,20,0,181088,11227,3541,2343,1779,2986,2341,1390,94,100,0,500,3739;
@400000005e26adc537c607ad #d,-,18,3880,2339,1723,21,0,184298,11426,3880,2342,1728,3541,2339,1699,96,100,0,500,4040;
@400000005e26adc537cf8939 #d,-,18,3882,2339,1720,22,0,187329,11614,3882,2339,1727,3880,2338,1715,95,100,0,500,4069;
@400000005e26adc737df2587 #d,-,18,3885,2339,1727,23,0,190175,11790,3885,2340,1731,3882,2338,1703,95,100,0,500,4071;
@400000005e26adc737e90c96 #d,-,18,3887,2340,1720,24,0,192852,11956,3887,2340,1727,3885,2338,1715,95,100,0,500,4071;
@400000005e26adc937f8a52b #d,-,18,3891,2340,1726,26,0,194840,12080,3891,2340,1728,3887,2339,1720,95,100,0,500,4078;
@400000005e26adc938022e2a #d,-,18,3895,2341,1720,27,0,197263,12230,3895,2341,1733,3891,2340,1717,95,100,0,500,4090;
@400000005e26adcb3811eddc #d,-,18,3898,2341,1732,28,0,199528,12370,3898,2341,1734,3895,2340,1702,95,100,0,500,4083;
@400000005e26adcb381b5f93 #d,-,18,3899,2343,1726,29,0,202221,12537,3899,2343,1732,3898,2340,1719,95,100,0,500,4074;
@400000005e26adcd382a72f9 #d,-,18,3901,2341,1725,30,0,204276,12665,3901,2343,1735,3899,2341,1721,95,100,0,500,4081;
@400000005e26adcd38348126 #d,-,18,3905,2341,1730,31,0,206254,12787,3905,2341,1740,3901,2340,1725,95,100,0,500,4095;
@400000005e26adcf3843edf5 #d,-,18,3910,2339,1741,32,0,208159,12905,3910,2341,1747,3905,2339,1726,95,100,0,500,4109;
@400000005e26adcf384d5838 #d,-,18,3916,2341,1742,33,0,209478,12987,3916,2341,1748,3910,2339,1730,95,100,0,500,4121;
@400000005e26add1385ccd69 #d,-,18,3920,2342,1740,34,0,211208,13094,3920,2342,1744,3916,2339,1731,95,100,0,500,4109;
@400000005e26add138662b91 #d,-,18,3924,2343,1743,35,0,212876,13198,3924,2343,1747,3920,2341,1734,95,100,0,500,4114;
@400000005e26add33875b80a #d,-,18,3929,2341,1739,37,0,214478,13297,3929,2343,1750,3924,2341,1739,95,100,0,500,4128;
@400000005e26add3387f496a #d,-,18,3933,2344,1739,38,0,216005,13392,3933,2344,1750,3929,2341,1737,95,100,0,500,4128;
@400000005e26add5388f0474 #d,-,18,3937,2341,1754,39,0,217479,13483,3937,2345,1755,3933,2341,1738,95,100,0,500,4128;
@400000005e26add538987e8d #d,-,18,3942,2344,1755,40,0,218909,13572,3942,2344,1755,3937,2341,1744,95,100,0,500,4138;
@400000005e26add738a7d8bb #d,-,18,3946,2342,1748,41,0,220269,13656,3946,2344,1756,3942,2342,1742,95,100,0,500,4140;
@400000005e26add738b201ea #d,-,18,3950,2343,1743,42,0,222022,13765,3950,2343,1757,3946,2341,1741,95,100,0,500,4140;
@400000005e26add938c1c19c #d,-,18,3953,2341,1745,43,0,223270,13842,3953,2343,1751,3950,2340,1742,95,100,0,500,4135;
@400000005e26add938cb4a9b #d,-,18,3955,2342,1753,44,0,224470,13917,3955,2343,1753,3953,2341,1742,95,100,0,500,4133;
@400000005e26addb38da46ba #d,-,18,3957,2341,1745,45,0,225203,13962,3957,2342,1755,3955,2341,1741,95,100,0,500,4135;
@400000005e26addb38e3a4e1 #d,-,18,3960,2342,1752,46,0,226331,14032,3960,2343,1761,3957,2340,1745,95,100,0,500,4140;
@400000005e26addd38f21f8b #d,-,18,3963,2340,1749,48,0,227423,14100,3963,2343,1758,3960,2340,1747,95,100,0,500,4149;
@400000005e26addd38fc0efc #d,-,18,3966,2341,1754,49,0,228478,14165,3966,2343,1759,3963,2340,1749,95,100,0,500,4147;
@400000005e26addf390baf04 #d,-,18,3968,2340,1757,50,0,229492,14228,3968,2342,1757,3966,2339,1747,95,100,0,500,4147;
@400000005e26addf3915441f #d,-,18,3970,2342,1752,51,0,230470,14289,3970,2343,1757,3968,2339,1745,95,100,0,500,4142;
@400000005e26ade13925228d #d,-,18,3971,2341,1754,52,0,231420,14348,3971,2342,1760,3970,2341,1748,95,100,0,500,4147;
@400000005e26ade1392e9443 #d,-,18,3973,2340,1748,53,0,232336,14404,3973,2341,1757,3971,2340,1746,95,100,0,500,4149;
@400000005e26ade3393dd729 #d,-,18,3975,2341,1754,54,0,233221,14459,3975,2341,1759,3973,2339,1748,95,100,0,500,4149;
@400000005e26ade33947f43d #d,-,18,3976,2341,1763,55,0,234473,14537,3976,2342,1763,3975,2341,1748,95,100,0,500,4147;
@400000005e26ade53957855e #d,-,18,3979,2339,1758,56,0,234945,14566,3979,2342,1765,3976,2339,1757,95,100,0,500,4161;
@400000005e26ade53960f715 #d,-,18,3983,2338,1763,58,0,235768,14617,3983,2339,1765,3979,2338,1756,95,100,0,500,4164;
@400000005e26ade73970ae65 #d,-,18,3985,2339,1757,59,0,236567,14667,3985,2339,1765,3983,2337,1756,95,100,0,500,4166;
@400000005e26ade73979f8fe #d,-,18,3988,2337,1765,60,0,237703,14737,3988,2339,1765,3985,2337,1752,95,100,0,500,4164;
@400000005e26ade93988fd7e #d,-,18,3989,2341,1764,61,0,238093,14761,3989,2341,1766,3988,2337,1754,95,100,0,500,4166;
@400000005e26ade939926319 #d,-,18,3991,2341,1754,62,0,238816,14806,3991,2341,1766,3989,2340,1754,95,100,0,500,4166;
@400000005e26adeb39a18dc8 #d,-,18,3992,2340,1758,63,0,239523,14850,3992,2341,1768,3991,2340,1754,95,100,0,500,4164;
@400000005e26adeb39ab6d64 #d,-,18,3993,2340,1758,64,0,240209,14892,3993,2341,1766,3992,2340,1756,95,100,0,500,4166;
@400000005e26aded39bb1126 #d,-,18,3995,2339,1766,65,0,240883,14934,3995,2341,1767,3993,2339,1757,95,100,0,500,4166;
@400000005e26aded39c48ef8 #d,-,18,3996,2339,1764,66,0,241534,14975,3996,2340,1766,3995,2339,1759,95,100,0,500,4166;
@400000005e26adef39d4278c #d,-,18,3997,2341,1761,68,0,242496,15034,3997,2341,1765,3996,2339,1758,95,100,0,500,4164;
@400000005e26adef39ddb445 #d,-,18,3997,2339,1763,69,0,242780,15052,3997,2341,1768,3997,2339,1759,95,100,0,500,4166;
@400000005e26adf139ed73f7 #d,-,18,4000,2340,1766,70,0,243721,15110,4000,2341,1771,3997,2339,1763,95,100,0,500,4175;
@400000005e26adf139f6e967 #d,-,18,4002,2341,1775,71,0,243996,15127,4002,2341,1775,4000,2339,1762,95,100,0,500,4183;
@400000005e26adf33a065724 #d,-,18,4004,2341,1768,72,0,244576,15163,4004,2342,1775,4002,2341,1762,95,100,0,500,4178;
@400000005e26adf33a1035d2 #d,-,18,4006,2340,1769,73,0,245141,15198,4006,2342,1770,4004,2339,1761,95,100,0,500,4178;
@400000005e26adf53a1ff584 #d,-,18,4007,2342,1760,74,0,245688,15232,4007,2342,1770,4006,2340,1759,96,100,0,500,4173;
@400000005e26adf53a2986e5 #d,-,18,4008,2342,1765,75,0,246223,15265,4008,2342,1770,4007,2340,1760,95,100,0,500,4178;
@400000005e26adf73a392333 #d,-,18,4009,2340,1768,76,0,246748,15298,4009,2342,1771,4008,2339,1763,95,100,0,500,4178;
@400000005e26adf73a4261b1 #d,-,18,4010,2341,1768,78,0,247564,15349,4010,2342,1775,4009,2339,1763,96,100,0,500,4175;
@400000005e26adf93a50d98f #d,-,18,4011,2341,1768,79,0,248063,15379,4011,2341,1772,4010,2338,1766,95,100,0,500,4183;
@400000005e26adf93a5b1dc1 #d,-,18,4012,2340,1763,80,0,248547,15409,4012,2342,1770,4011,2340,1763,95,100,0,500,4180;
@400000005e26adfb3a6aa680 #d,-,18,4012,2343,1765,81,0,248725,15421,4012,2343,1769,4012,2340,1762,96,100,0,500,4178;
@400000005e26adfb3a7437e1 #d,-,18,4013,2341,1769,82,0,249193,15449,4013,2343,1772,4012,2341,1762,96,100,0,500,4178;
@400000005e26adfd3a83cbcd #d,-,18,4014,2343,1763,83,0,249646,15478,4014,2343,1769,4013,2340,1762,96,100,0,500,4180;
@400000005e26adfd3a8d39ca #d,-,18,4014,2342,1768,84,0,250092,15505,4014,2343,1769,4014,2341,1761,96,100,0,500,4178;
@400000005e26adff3a9cbb16 #d,-,18,4015,2342,1762,85,0,250527,15532,4015,2342,1772,4014,2340,1761,96,100,0,500,4180;
@400000005e26adff3aa647cf #d,-,18,4015,2342,1768,87,0,250951,15559,4015,2342,1771,4015,2341,1761,96,100,0,500,4180;
@400000005e26ae013ab6000d #d,-,18,4016,2340,1767,88,0,251369,15584,4016,2342,1771,4015,2339,1763,96,100,0,500,4178;
@400000005e26ae013abf890d #d,-,18,4016,2340,1766,89,0,251777,15610,4016,2341,1772,4016,2340,1763,96,100,0,500,4178;
@400000005e26ae033acf21a1 #d,-,18,4017,2341,1766,90,0,252176,15634,4017,2341,1770,4016,2338,1765,96,100,0,500,4183;
@400000005e26ae033ad88383 #d,-,18,4017,2341,1765,91,0,252833,15675,4017,2342,1771,4017,2341,1763,96,100,0,500,4180;
@400000005e26ae053ae813b5 #d,-,18,4017,2340,1774,92,0,253216,15699,4017,2342,1774,4017,2340,1765,96,100,0,500,4183;
@400000005e26ae053af17a3f #d,-,18,4018,2340,1768,93,0,253325,15706,4018,2341,1775,4017,2339,1764,96,100,0,500,4185;
@400000005e26ae073b00915f #d,-,18,4018,2339,1764,94,0,253949,15744,4018,2340,1772,4018,2339,1762,96,100,0,500,4180;
@400000005e26ae073b09d0cb #d,-,18,4018,2342,1765,95,0,254045,15750,4018,2342,1771,4018,2339,1760,96,100,0,500,4175;
@400000005e26ae093b1912c3 #d,-,18,4018,2343,1762,97,0,254396,15772,4018,2343,1769,4018,2342,1762,96,100,0,500,4180;
@400000005e26ae093b230d61 #d,-,18,4018,2341,1774,98,0,254997,15809,4018,2343,1774,4018,2341,1761,96,100,0,500,4178;
@400000005e26ae0b3b32d486 #d,-,18,4019,2341,1774,99,0,255092,15815,4019,2342,1777,4018,2341,1769,95,100,0,500,4187;
@400000005e26ae0b3b3c75bc #d,-,18,4021,2343,1772,100,0,255430,15836,4021,2343,1777,4019,2341,1768,95,100,0,500,4197;
@400000005e26ae0d3b4c6b72 #d,-,18,4023,2342,1767,101,0,255763,15857,4023,2343,1776,4021,2342,1765,95,100,0,500,4194;
@400000005e26ae0d3b55f0b8 #d,-,18,4024,2343,1772,102,0,256093,15877,4024,2343,1776,4023,2341,1767,95,100,0,500,4197;
@400000005e26ae0f3b6590c0 #d,-,18,4025,2343,1772,103,0,256416,15897,4025,2344,1776,4024,2341,1769,96,100,0,500,4192;
@400000005e26ae0f3b6f68e8 #d,-,18,4026,2342,1772,104,0,256731,15917,4026,2343,1775,4025,2340,1770,95,100,0,500,4194;
@400000005e26ae113b7f3ef4 #d,-,18,4027,2342,1772,105,0,257040,15936,4027,2344,1777,4026,2342,1768,96,100,0,500,4194;
@400000005e26ae113b88d055 #d,-,18,4029,2343,1773,106,0,257345,15955,4029,2343,1779,4027,2341,1769,95,100,0,500,4199;
@400000005e26ae133b98396a #d,-,18,4029,2341,1775,108,0,257881,15988,4029,2344,1775,4029,2340,1769,96,100,0,500,4194;
@400000005e26ae140006c265 #d,-,18,4029,2343,1772,109,0,258172,16006,4029,2344,1776,4029,2340,1769,96,100,0,500,4194;
@400000005e26ae1600157048 #d,-,18,4030,2342,1772,110,0,258228,16010,4030,2343,1778,4029,2342,1770,96,100,0,500,4194;
@400000005e26ae16001f7abb #d,-,18,4031,2344,1770,111,0,258512,16027,4031,2344,1779,4030,2341,1767,96,100,0,500,4197;
@400000005e26ae18002f5929 #d,-,18,4032,2341,1770,112,0,258788,16044,4032,2344,1773,4031,2341,1770,96,100,0,500,4197;
@400000005e26ae180038f5b7 #d,-,18,4032,2341,1773,113,0,259064,16061,4032,2343,1778,4032,2341,1769,96,100,0,500,4197;
@400000005e26ae1a00484c2c #d,-,18,4032,2343,1775,114,0,259332,16078,4032,2343,1777,4032,2341,1770,96,100,0,500,4197;
@400000005e26ae1a0051c910 #d,-,18,4033,2341,1772,115,0,259593,16094,4033,2343,1776,4032,2341,1769,96,100,0,500,4194;
@400000005e26ae1c0061233e #d,-,18,4032,2343,1773,117,0,259853,16110,4033,2343,1778,4032,2340,1768,96,100,0,500,4194;
@400000005e26ae1c006afa78 #d,-,18,4033,2340,1773,118,0,260330,16140,4033,2343,1777,4032,2340,1772,96,100,0,500,4197;
@400000005e26ae1e007add8e #d,-,18,4034,2341,1774,119,0,260582,16156,4034,2341,1777,4033,2340,1771,96,100,0,500,4199;
@400000005e26ae1e0084668d #d,-,18,4035,2342,1773,120,0,260611,16157,4035,2344,1776,4034,2341,1772,96,100,0,500,4197;
@400000005e26ae200093d35c #d,-,18,4035,2340,1775,121,0,260853,16172,4035,2342,1778,4035,2340,1772,96,100,0,500,4199;
@400000005e26ae20009d362c #d,-,18,4035,2343,1774,122,0,261096,16187,4035,2344,1778,4035,2340,1774,96,100,0,500,4199;
@400000005e26ae2200ac4d4c #d,-,18,4036,2341,1775,123,0,261332,16202,4036,2343,1778,4035,2340,1772,96,100,0,500,4202;
@400000005e26ae2200b5fd69 #d,-,18,4036,2341,1740,124,0,261558,16216,4036,2342,1776,4036,2339,1740,96,100,0,500,4199;
@400000005e26ae2400c62658 #d,-,18,3846,2342,1506,125,0,261529,16214,4036,2342,1740,3846,2341,1506,95,100,0,500,4045;
@400000005e26ae2400cff265 #d,-,18,3349,2343,1302,126,0,261358,16204,3846,2343,1837,3349,2339,1302,93,100,0,500,3576;
@400000005e26ae2600e0040c #d,-,18,3064,2343,1104,127,0,260686,16162,3349,2344,1379,3064,2342,1008,90,100,0,500,3400;
@400000005e26ae2600e99ce1 #d,-,18,2473,2342,1187,128,0,260099,16126,3064,2343,1216,2473,2342,1104,91,100,0,500,2699;
@400000005e26ae2800f92d13 #d,-,18,2569,2342,1181,128,0,259506,16089,2569,2343,1187,2473,2342,1180,91,100,0,500,2820;
@400000005e26ae28010327b1 #d,-,18,2567,2341,1183,129,0,258921,16053,2569,2342,1184,2567,2341,1180,91,100,0,500,2810;
@400000005e26ae2a01132d3d #d,-,18,2565,2341,1174,130,0,258338,16016,2567,2342,1184,2565,2341,1173,91,100,0,500,2808;
@400000005e26ae2a011cd9a0 #d,-,18,2562,2341,1169,131,0,257759,15981,2565,2342,1179,2562,2340,1168,91,100,0,500,2794;
@400000005e26ae2c012cb454 #d,-,18,2558,2338,1167,131,0,257183,15945,2562,2341,1172,2558,2338,1166,91,100,0,500,2784;
@400000005e26ae2c0136127c #d,-,18,2554,2338,1164,132,0,256610,15909,2558,2340,1168,2554,2337,1162,92,100,0,500,2772;
@400000005e26ae2e01440173 #d,-,18,2548,2337,1166,133,0,256043,15874,2554,2339,1167,2548,2336,1159,92,100,0,500,2763;
@400000005e26ae2e014db549 #d,-,18,2543,2339,1156,133,0,255479,15839,2548,2340,1166,2543,2336,1156,92,100,0,500,2763;
@400000005e26ae30015d5551 #d,-,18,2537,2338,1158,134,0,254919,15805,2543,2340,1162,2537,2338,1152,92,100,0,500,2749;
@400000005e26ae300166d323 #d,-,18,2532,2337,1158,135,0,254369,15770,2537,2339,1162,2532,2336,1155,91,100,0,500,2753;
@400000005e26ae320176ec3d #d,-,18,2526,2335,1154,135,0,253820,15736,2532,2337,1159,2526,2335,1151,91,100,0,500,2746;
@400000005e26ae320180b84b #d,-,18,2520,2336,1154,136,0,253277,15703,2526,2337,1157,2520,2335,1150,92,100,0,500,2737;
@400000005e26ae3401906be1 #d,-,18,2515,2338,1158,137,0,252927,15681,2520,2338,1161,2515,2335,1151,91,100,0,500,2739;
@400000005e26ae34019a00fc #d,-,18,2513,2337,1148,137,0,252399,15648,2515,2338,1161,2513,2336,1147,91,100,0,500,2746;
@400000005e26ae3601aa0a41 #d,-,18,2507,2337,1149,138,0,251695,15605,2513,2338,1152,2507,2337,1144,91,100,0,500,2727;
@400000005e26ae3601b3a7bd #d,-,18,2502,2338,1147,139,0,251179,15573,2507,2338,1151,2502,2337,1146,91,100,0,500,2730;
@400000005e26ae3801c3b4bc #d,-,18,2498,2339,1141,140,0,250665,15541,2502,2339,1150,2498,2337,1141,91,100,0,500,2730;
@400000005e26ae3801ccff55 #d,-,18,2493,2338,1146,140,0,250327,15520,2498,2339,1146,2493,2338,1141,91,100,0,500,2720;
@400000005e26ae3a01dc783f #d,-,18,2489,2340,1146,141,0,249657,15478,2493,2340,1149,2489,2338,1146,91,100,0,500,2723;
@400000005e26ae3a01e5d755 #d,-,18,2486,2341,1148,142,0,249165,15448,2489,2341,1150,2486,2339,1144,91,100,0,500,2727;
@400000005e26ae3c01f53809 #d,-,18,2484,2340,1144,142,0,248677,15418,2486,2341,1148,2484,2340,1142,90,100,0,500,2730;
@400000005e26ae3c01feae68 #d,-,18,2480,2339,1143,143,0,248196,15388,2484,2340,1146,2480,2339,1141,91,100,0,500,2720;
@400000005e26ae3e020d9ab1 #d,-,18,2478,2339,1143,144,0,247885,15368,2480,2340,1148,2478,2339,1143,90,100,0,500,2725;
@400000005e26ae3e02178933 #d,-,18,2476,2340,1152,144,0,247254,15329,2478,2341,1152,2476,2339,1141,91,100,0,500,2720;
@400000005e26ae4002271a54 #d,-,18,2475,2340,1145,145,0,246795,15301,2476,2340,1163,2475,2339,1139,90,100,0,500,2730;
@400000005e26ae400230b6e2 #d,-,18,2473,2342,1143,146,0,246336,15272,2475,2342,1145,2473,2339,1141,90,100,0,500,2720;
@400000005e26ae42023f7fc7 #d,-,18,2471,2342,1143,146,0,246045,15254,2473,2343,1147,2471,2342,1141,90,100,0,500,2720;
@400000005e26ae42024909b5 #d,-,18,2470,2341,1145,147,0,245442,15217,2471,2342,1149,2470,2340,1139,90,100,0,500,2725;
@400000005e26ae440258962e #d,-,18,2469,2341,1143,148,0,245001,15190,2470,2342,1155,2469,2339,1135,90,100,0,500,2723;
@400000005e26ae4402621f2d #d,-,18,2468,2339,1564,149,0,244878,15182,2469,2341,1800,2468,2337,1137,90,100,0,500,2713;
@400000005e26ae460271364d #d,-,18,3495,2337,1665,150,0,244948,15186,3495,2340,1757,2468,2336,1379,96,100,0,500,3623;
@400000005e26ae46027a9564 #d,-,18,3878,2338,1712,151,0,245171,15200,3878,2339,1743,3495,2336,1665,96,100,0,500,4005;
@400000005e26ae480289e730 #d,-,18,3881,2333,1721,152,0,245387,15214,3881,2339,1729,3878,2333,1709,95,100,0,500,4057;
@400000005e26ae4802936c76 #d,-,18,3883,2337,1718,153,0,245603,15227,3883,2338,1731,3881,2333,1714,95,100,0,500,4066;
@400000005e26ae4a02a2ecd3 #d,-,18,3887,2336,1739,154,0,245824,15241,3887,2338,1739,3883,2335,1718,95,100,0,500,4074;
@400000005e26ae4a02ac81ee #d,-,18,3890,2338,1733,155,0,246045,15254,3890,2338,1740,3887,2336,1724,95,100,0,500,4081;
@400000005e26ae4c02bcd5b4 #d,-,18,3894,2335,1733,156,0,246264,15268,3894,2338,1742,3890,2334,1720,95,100,0,500,4088;
@400000005e26ae4c02c65386 #d,-,18,3899,2334,1723,157,0,246476,15281,3899,2335,1737,3894,2333,1723,95,100,0,500,4088;
@400000005e26ae4e02d4cf1f #d,-,18,3900,2336,1722,158,0,246674,15293,3900,2336,1739,3899,2334,1690,95,100,0,500,4078;
@400000005e26ae4e02dea29f #d,-,18,3902,2334,1741,159,0,247039,15316,3902,2336,1750,3900,2333,1722,95,100,0,500,4071;
@400000005e26ae5002ee1328 #d,-,18,3907,2331,1750,160,0,247262,15330,3907,2335,1754,3902,2331,1740,95,100,0,500,4107;
@400000005e26ae5002f785cd #d,-,18,3960,2329,1747,162,1,247336,15334,3960,2331,1754,3907,2323,1740,96,100,0,500,4121;
@400000005e26ae5203071d73 #d,-,18,3956,2327,1750,163,1,247690,15356,3960,2330,1760,3956,2327,1719,96,100,0,500,4095;
@400000005e26ae5203108043 #d,-,18,3958,2331,1748,164,1,247762,15361,3958,2331,1762,3956,2327,1741,95,100,0,500,4123;
@400000005e26ae54031f2e26 #d,-,18,3960,2329,1755,165,1,248124,15383,3960,2331,1760,3958,2329,1747,95,100,0,500,4130;
@400000005e26ae540328b725 #d,-,18,3961,2329,1759,166,1,248340,15397,3961,2330,1763,3960,2328,1747,95,100,0,500,4133;
@400000005e26ae56033876d7 #d,-,18,3962,2329,1755,167,1,248541,15409,3962,2330,1760,3961,2329,1705,95,100,0,500,4128;
@400000005e26ae560341e88d #d,-,18,3958,2330,1751,168,1,248741,15421,3962,2330,1767,3958,2329,1715,96,100,0,500,4083;
@400000005e26ae5803512312 #d,-,18,3959,2330,1748,169,1,248805,15425,3959,2330,1756,3958,2329,1745,95,100,0,500,4128;
@400000005e26ae58035a899b #d,-,18,3960,2331,1749,170,1,249007,15438,3960,2331,1755,3959,2330,1744,96,100,0,500,4123;
@400000005e26ae5a0369b804 #d,-,18,3960,2332,1756,171,1,249347,15459,3960,2332,1757,3960,2331,1743,96,100,0,500,4123;
@400000005e26ae5a037329bb #d,-,18,3961,2330,1757,173,1,249547,15471,3961,2332,1761,3960,2330,1746,96,100,0,500,4123;
@400000005e26ae5c03822d4c #d,-,18,3962,2330,1752,174,1,249610,15475,3962,2331,1765,3961,2329,1750,95,100,0,500,4135;
@400000005e26ae5c038b8401 #d,-,18,3965,2329,1752,175,1,249808,15488,3965,2330,1765,3962,2328,1749,95,100,0,500,4142;
@400000005e26ae5e039ad5cd #d,-,18,3967,2330,1760,176,1,250006,15500,3967,2330,1765,3965,2328,1751,95,100,0,500,4138;
@400000005e26ae5e03a47703 #d,-,18,3968,2330,1760,177,1,250202,15512,3968,2331,1764,3967,2329,1750,95,100,0,500,4138;
@400000005e26ae6003b37a95 #d,-,18,3968,2330,1747,178,1,250388,15524,3968,2331,1762,3968,2330,1733,96,100,0,500,4128;
@400000005e26ae6003bce11e #d,-,18,3968,2330,1756,179,1,250581,15536,3968,2331,1770,3968,2330,1745,96,100,0,500,4123;
@400000005e26ae6203cb9ed6 #d,-,18,3971,2330,1756,180,1,250772,15547,3971,2331,1764,3968,2330,1753,95,100,0,500,4145;
@400000005e26ae6203d4f0e3 #d,-,18,3973,2330,1763,181,1,250961,15559,3973,2330,1764,3971,2329,1753,95,100,0,500,4147;
@400000005e26ae6403e3e947 #d,-,18,3974,2330,1765,182,1,251150,15571,3974,2331,1766,3973,2329,1756,95,100,0,500,4142;
@400000005e26ae6403ed6719 #d,-,18,3975,2332,1758,184,1,251335,15582,3975,2332,1765,3974,2330,1756,95,100,0,500,4145;
@400000005e26ae6603fcdc4a #d,-,18,3977,2333,1756,185,1,251519,15594,3977,2333,1765,3975,2331,1754,95,100,0,500,4147;
@400000005e26ae66040626e3 #d,-,18,3978,2333,1755,186,1,251702,15605,3978,2333,1763,3977,2333,1753,95,100,0,500,4147;
@400000005e26ae6804155905 #d,-,18,3979,2333,1757,187,1,251881,15616,3979,2334,1763,3978,2333,1753,95,100,0,500,4147;
@400000005e26ae68041ed6d7 #d,-,18,3980,2333,1762,188,1,252059,15627,3980,2334,1763,3979,2333,1754,96,100,0,500,4142;
@400000005e26ae6a042e062e #d,-,18,3979,2331,1748,189,1,252222,15637,3980,2333,1768,3979,2331,1713,96,100,0,500,4140;
@400000005e26ae6a0437a676 #d,-,18,3977,2333,1757,190,1,252394,15648,3979,2333,1765,3977,2331,1739,96,100,0,500,4119;
@400000005e26ae6c0446d987 #d,-,18,3978,2332,1758,191,1,252566,15659,3978,2333,1762,3977,2331,1754,95,100,0,500,4147;
@400000005e26ae6c04502b93 #d,-,18,3979,2331,1755,192,1,252736,15669,3979,2332,1763,3978,2331,1753,96,100,0,500,4142;
@400000005e26ae6e045f43a2 #d,-,18,3979,2333,1756,194,1,252903,15680,3979,2333,1761,3979,2331,1752,96,100,0,500,4140;
@400000005e26ae6e0468cca1 #d,-,18,3979,2333,1753,195,1,253069,15690,3979,2334,1760,3979,2332,1751,96,100,0,500,4138;
@400000005e26ae7004782a89 #d,-,18,3980,2333,1757,196,1,253232,15700,3980,2334,1759,3979,2333,1750,96,100,0,500,4140;
@400000005e26ae7004819ff9 #d,-,18,3980,2334,1751,197,1,253394,15710,3980,2334,1758,3980,2333,1751,96,100,0,500,4140;
@400000005e26ae720490ee0c #d,-,18,3980,2334,1756,198,1,253556,15720,3980,2335,1760,3980,2333,1751,96,100,0,500,4142;
@400000005e26ae72049a3d4e #d,-,18,3980,2337,1760,199,1,253717,15730,3980,2337,1760,3980,2334,1752,96,100,0,500,4140;
@400000005e26ae7404a9732a #d,-,18,3981,2336,1752,200,1,253876,15740,3981,2337,1760,3980,2336,1752,95,100,0,500,4147;
@400000005e26ae7404b2e988 #d,-,18,3981,2337,1757,201,1,254157,15757,3981,2337,1759,3981,2335,1751,96,100,0,500,4145;
@400000005e26ae7604c2529d #d,-,18,3981,2335,1750,202,1,254189,15759,3981,2337,1760,3981,2335,1750,96,100,0,500,4145;
@400000005e26ae7604cbad0c #d,-,18,3982,2334,1759,203,1,254467,15776,3982,2336,1761,3981,2334,1750,96,100,0,500,4145;
@400000005e26ae7804dadb74 #d,-,18,3984,2336,1765,204,1,254625,15786,3984,2337,1767,3982,2333,1758,95,100,0,500,4152;
@400000005e26ae7804e4ab3b #d,-,18,3986,2336,1764,206,1,254782,15796,3986,2338,1768,3984,2336,1760,95,100,0,500,4166;
@400000005e26ae7a04f3e206 #d,-,18,3988,2334,1766,207,1,254817,15798,3988,2336,1767,3986,2334,1759,95,100,0,500,4161;
@400000005e26ae7a04fd5003 #d,-,18,3989,2336,1758,208,1,254970,15808,3989,2336,1768,3988,2333,1758,95,100,0,500,4164;
@400000005e26ae7c050cb55e #d,-,18,3991,2335,1765,209,1,255122,15817,3991,2336,1768,3989,2335,1757,95,100,0,500,4161;
@400000005e26ae7c0515f884 #d,-,18,3992,2333,1762,210,1,255273,15826,3992,2335,1768,3991,2332,1760,95,100,0,500,4159;
@400000005e26ae7e05253308 #d,-,18,3993,2335,1764,211,1,255424,15836,3993,2335,1767,3992,2333,1760,96,100,0,500,4159;
@400000005e26ae7e052ebcf6 #d,-,18,3994,2335,1762,212,1,255573,15845,3994,2335,1767,3993,2334,1760,95,100,0,500,4161;
@400000005e26ae80053dcbb4 #d,-,18,3995,2332,1762,213,1,255717,15854,3995,2335,1770,3994,2332,1758,96,100,0,500,4161;
@400000005e26ae80054739b1 #d,-,18,3995,2334,1765,214,1,255862,15863,3995,2334,1767,3995,2332,1758,96,100,0,500,4159;
@400000005e26ae820555ec3c #d,-,18,3995,2333,1761,216,1,256006,15872,3995,2334,1769,3995,2332,1760,96,100,0,500,4159;
@400000005e26ae82055fa012 #d,-,18,3996,2336,1766,217,1,256149,15881,3996,2336,1766,3995,2332,1758,96,100,0,500,4161;
@400000005e26ae84056ee6b2 #d,-,18,3996,2337,1759,218,1,256289,15889,3996,2337,1766,3996,2335,1758,96,100,0,500,4154;
@400000005e26ae84057854af #d,-,18,3997,2335,1762,219,1,256429,15898,3997,2337,1768,3996,2334,1758,96,100,0,500,4159;
@400000005e26ae8605875bfa #d,-,18,3997,2334,1764,220,1,256568,15907,3997,2336,1768,3997,2334,1758,95,100,0,500,4164;
@400000005e26ae860590ba22 #d,-,18,3997,2334,1760,221,1,256705,15915,3997,2334,1768,3997,2333,1758,96,100,0,500,4159;
@400000005e26ae88059f7f4d #d,-,18,3997,2334,1766,222,1,256842,15924,3997,2334,1767,3997,2332,1758,96,100,0,500,4156;
@400000005e26ae8805a927f7 #d,-,18,3997,2336,1758,223,1,256976,15932,3997,2336,1767,3997,2333,1757,96,100,0,500,4159;
@400000005e26ae8a05b82415 #d,-,18,3998,2335,1764,224,1,257111,15940,3998,2336,1766,3997,2334,1758,96,100,0,500,4161;
@400000005e26ae8a05c19212 #d,-,18,3998,2336,1762,226,1,257357,15956,3998,2337,1766,3998,2334,1759,96,100,0,500,4156;
@400000005e26ae8c05d0b54e #d,-,18,3998,2336,1761,227,1,257488,15964,3998,2336,1765,3998,2335,1759,96,100,0,500,4161;
@400000005e26ae8c05da234a #d,-,18,3999,2335,1763,228,1,257618,15972,3999,2336,1765,3998,2335,1757,96,100,0,500,4156;
@400000005e26ae8e05e988a6 #d,-,18,3999,2335,1761,229,1,257634,15973,3999,2336,1766,3999,2334,1759,96,100,0,500,4159;
@400000005e26ae8e05f2fa5d #d,-,18,3999,2335,1763,230,1,257875,15988,3999,2336,1765,3999,2334,1757,96,100,0,500,4161;
@400000005e26ae9006025845 #d,-,18,3999,2337,1761,231,1,258001,15996,3999,2337,1766,3999,2334,1759,96,100,0,500,4159;
@400000005e26ae90060bab3f #d,-,18,3999,2338,1765,232,1,258015,15996,3999,2338,1766,3999,2337,1758,96,100,0,500,4161;
@400000005e26ae92061a50c1 #d,-,18,3999,2337,1761,233,1,258141,16004,3999,2338,1765,3999,2336,1757,96,100,0,500,4161;
@400000005e26ae9206244032 #d,-,18,3999,2338,1759,234,1,258265,16012,3999,2339,1764,3999,2336,1756,96,100,0,500,4159;
@400000005e26ae940634039d #d,-,18,3999,2337,1763,236,1,258387,16020,3999,2338,1764,3999,2337,1755,96,100,0,500,4159;
@400000005e26ae94063d61c5 #d,-,18,3999,2338,1759,237,1,258509,16027,3999,2339,1767,3999,2336,1756,96,100,0,500,4159;
@400000005e26ae96064cd33c #d,-,18,3999,2338,1761,238,1,258628,16034,3999,2338,1764,3999,2336,1755,96,100,0,500,4161;
@400000005e26ae9606562549 #d,-,18,3998,2338,1755,239,1,258747,16042,3999,2339,1762,3998,2337,1753,96,100,0,500,4154;
@400000005e26ae9806652167 #d,-,18,3997,2338,1759,240,1,258973,16056,3998,2339,1767,3997,2337,1753,96,100,0,500,4154;
@400000005e26ae98066eaf0e #d,-,18,3998,2336,1756,241,1,259089,16063,3998,2338,1763,3997,2336,1753,96,100,0,500,4156;
@400000005e26ae9a067e2f6b #d,-,18,3997,2337,1759,242,1,259097,16064,3998,2338,1764,3997,2336,1756,96,100,0,500,4156;
@400000005e26ae9a0687a5ca #d,-,18,3997,2335,1764,243,1,259212,16071,3997,2337,1766,3997,2334,1758,96,100,0,500,4156;
@400000005e26ae9c0697931f #d,-,18,3997,2337,1759,244,1,259326,16078,3997,2337,1765,3997,2335,1757,96,100,0,500,4156;
@400000005e26ae9c06a0e9d3 #d,-,18,3997,2337,1764,246,1,259440,16085,3997,2338,1765,3997,2337,1756,96,100,0,500,4156;
@400000005e26ae9e06affd3a #d,-,18,3997,2338,1756,247,1,259551,16092,3997,2338,1766,3997,2336,1753,96,100,0,500,4159;
@400000005e26ae9e06b97ec6 #d,-,18,3997,2335,1761,248,1,259664,16099,3997,2338,1766,3997,2335,1754,96,100,0,500,4159;
@400000005e26aea006c8d092 #d,-,18,3997,2335,1768,249,1,259776,16106,3997,2336,1768,3997,2334,1757,96,100,0,500,4159;
@400000005e26aea006d21fd3 #d,-,18,3997,2336,1758,250,1,259885,16112,3997,2336,1768,3997,2335,1756,96,100,0,500,4159;
@400000005e26aea206e06833 #d,-,18,3998,2335,1762,251,1,259995,16119,3998,2337,1766,3997,2335,1755,96,100,0,500,4159;
@400000005e26aea206ea20b1 #d,-,18,3998,2337,1758,252,1,260103,16126,3998,2337,1767,3998,2334,1756,96,100,0,500,4159;
@400000005e26aea406f97637 #d,-,18,3998,2338,1764,253,1,260212,16133,3998,2338,1769,3998,2336,1755,96,100,0,500,4164;
@400000005e26aea40702d0a6 #d,-,18,3998,2335,1603,254,1,260279,16137,3998,2338,1764,3998,2335,1603,96,100,0,500,4156;
@400000005e26aea60711a960 #d,-,18,3609,2339,1289,255,1,260149,16129,3998,2339,1621,3609,2335,1289,93,100,0,500,3860;
@400000005e26aea6071ac568 #d,-,18,3192,2338,1390,256,1,260043,16122,3609,2340,1793,3192,2337,1244,96,100,0,500,3320;
@400000005e26aea807274ce2 #d,-,18,2685,2341,1167,257,1,259709,16102,3192,2341,1390,2685,2337,991,87,100,0,500,3066;
@400000005e26aea8072ff391 #d,-,18,2509,2338,1164,258,1,259501,16089,2685,2341,1175,2509,2338,1156,90,100,0,500,2779;
@400000005e26aeaa073c3089 #d,-,18,2509,2340,1165,258,1,259093,16063,2509,2341,1168,2509,2338,1161,90,100,0,500,2765;
@400000005e26aeaa074511e5 #d,-,18,2508,2340,1159,259,1,258788,16044,2509,2340,1166,2508,2339,1158,90,100,0,500,2763;
@400000005e26aeac07524fe8 #d,-,18,2508,2339,1161,260,1,258483,16025,2508,2341,1164,2508,2339,1155,90,100,0,500,2758;
@400000005e26aeac075adf4f #d,-,18,2505,2339,1157,260,1,258177,16007,2508,2339,1161,2505,2337,1150,91,100,0,500,2746;
@400000005e26aeae07673bf2 #d,-,18,2504,2338,1157,261,1,257874,15988,2505,2340,1161,2504,2338,1149,91,100,0,500,2749;
@400000005e26aeae0770446b #d,-,18,2500,2338,1149,262,1,257570,15969,2504,2339,1157,2500,2337,1148,91,100,0,500,2734;
@400000005e26aeb0077d2cc0 #d,-,18,2497,2337,1156,262,1,257269,15950,2500,2338,1156,2497,2337,1148,91,100,0,500,2734;
@400000005e26aeb00785bc27 #d,-,18,2495,2338,1146,263,1,256969,15932,2497,2338,1157,2495,2336,1144,91,100,0,500,2734;
@400000005e26aeb20792a924 #d,-,18,2491,2334,1148,264,1,256667,15913,2495,2338,1150,2491,2334,1139,91,100,0,500,2727;
@400000005e26aeb2079b6362 #d,-,18,2487,2337,1148,264,1,256369,15894,2491,2337,1151,2487,2334,1145,91,100,0,500,2718;
@400000005e26aeb407a7d65f #d,-,18,2484,2335,1148,265,1,256167,15882,2487,2337,1151,2484,2334,1144,91,100,0,500,2723;
@400000005e26aeb407b0db1e #d,-,18,2481,2336,1149,266,1,255778,15858,2484,2336,1150,2481,2334,1145,91,100,0,500,2723;
@400000005e26aeb607bd726d #d,-,18,2478,2336,1143,266,1,255485,15840,2481,2337,1153,2478,2335,1142,91,100,0,500,2720;
@400000005e26aeb607c6058e #d,-,18,2475,2335,1141,267,1,255191,15821,2478,2336,1147,2475,2334,1134,91,100,0,500,2715;
@400000005e26aeb807d259ce #d,-,18,2472,2335,1142,268,1,254900,15803,2475,2335,1147,2472,2333,1137,91,100,0,500,2706;
@400000005e26aeb807db69bb #d,-,18,2469,2336,1142,268,1,254612,15785,2472,2336,1148,2469,2335,1137,91,100,0,500,2708;
@400000005e26aeba07e87dd6 #d,-,18,2467,2336,1144,269,1,254325,15768,2469,2337,1147,2467,2335,1138,90,100,0,500,2711;
@400000005e26aeba07f10895 #d,-,18,2465,2337,1142,270,1,254042,15750,2467,2337,1151,2465,2335,1139,90,100,0,500,2713;
@400000005e26aebc07fd6caa #d,-,18,2463,2337,1145,271,1,253760,15733,2465,2338,1146,2463,2337,1138,90,100,0,500,2711;
@400000005e26aebc0806232f #d,-,18,2462,2336,1146,271,1,253482,15715,2463,2337,1148,2462,2335,1142,90,100,0,500,2715;
@400000005e26aebe08129e8d #d,-,18,2462,2336,1140,272,1,253204,15698,2462,2336,1150,2462,2331,1138,90,100,0,500,2715;
@400000005e26aebe081bda3f #d,-,18,2460,2334,1141,273,1,252927,15681,2462,2337,1143,2460,2333,1135,90,100,0,500,2708;
@400000005e26aec008288ba2 #d,-,18,2458,2333,1141,273,1,252652,15664,2460,2336,1144,2458,2333,1136,90,100,0,500,2704;
@400000005e26aec008311fb1 #d,-,18,2458,2332,1146,274,1,252380,15647,2458,2334,1148,2458,2328,1138,90,100,0,500,2711;
@400000005e26aec2083e32dd #d,-,18,2456,2334,1150,275,1,252109,15630,2458,2334,1150,2456,2331,1139,90,100,0,500,2704;
@400000005e26aec208473b56 #d,-,18,2456,2332,1146,275,1,251841,15614,2456,2334,1161,2456,2332,1139,90,100,0,500,2718;
@400000005e26aec40853970a #d,-,18,2455,2333,1143,276,1,251574,15597,2456,2333,1146,2455,2331,1139,90,100,0,500,2706;
@400000005e26aec4085c2671 #d,-,18,2455,2332,1145,277,1,251309,15581,2455,2335,1148,2455,2332,1137,90,100,0,500,2711;
@400000005e26aec6086b792c #d,-,18,2454,2333,1142,277,1,251045,15564,2455,2333,1145,2454,2331,1136,90,100,0,500,2706;
@400000005e26aec60874e281 #d,-,18,2830,2330,1405,278,1,251011,15562,2830,2333,1818,2454,2329,1140,96,100,0,500,2926;
@400000005e26aec808839c80 #d,-,18,3563,2328,1762,279,1,251083,15567,3563,2330,1789,2830,2327,1369,94,100,0,500,3758;
@400000005e26aec8088cead2 #d,-,18,3882,2329,1730,280,1,251188,15573,3882,2329,1762,3563,2327,1707,95,100,0,500,4045;
@400000005e26aeca089c069b #d,-,18,3887,2327,1744,281,1,251381,15585,3887,2330,1744,3882,2327,1725,94,100,0,500,4092;
@400000005e26aeca08a5edaa #d,-,18,3892,2327,1746,283,1,251488,15592,3892,2328,1746,3887,2327,1725,95,100,0,500,4088;
@400000005e26aecc08b4e9c8 #d,-,18,3896,2329,1732,284,1,251507,15593,3896,2329,1746,3892,2326,1722,95,100,0,500,4085;
@400000005e26aecc08be4436 #d,-,18,3900,2328,1739,285,1,251697,15605,3900,2329,1746,3896,2328,1720,95,100,0,500,4085;
@400000005e26aece08cd862e #d,-,18,3904,2328,1727,286,1,251714,15606,3904,2329,1746,3900,2327,1723,95,100,0,500,4088;
@400000005e26aece08d6cd0d #d,-,18,3908,2329,1748,287,1,251821,15612,3908,2330,1748,3904,2328,1727,95,100,0,500,4097;
@400000005e26aed008e5d900 #d,-,18,3912,2331,1748,288,1,251927,15619,3912,2331,1752,3908,2328,1732,95,100,0,500,4107;
@400000005e26aed008ef3728 #d,-,18,3916,2330,1748,289,1,252035,15626,3916,2331,1757,3912,2330,1736,95,100,0,500,4102;
@400000005e26aed208fe272b #d,-,18,3920,2329,1746,290,1,252141,15632,3920,2330,1757,3916,2328,1735,95,100,0,500,4109;
@400000005e26aed209077a26 #d,-,18,3924,2328,1739,291,1,252245,15639,3924,2329,1751,3920,2328,1731,95,100,0,500,4116;
@400000005e26aed409163b98 #d,-,18,3927,2330,1750,292,1,252349,15645,3927,2330,1750,3924,2327,1734,95,100,0,500,4102;
@400000005e26aed4092007a5 #d,-,18,3930,2330,1752,294,1,252458,15652,3930,2331,1758,3927,2330,1746,95,100,0,500,4111;
@400000005e26aed6092ed08a #d,-,18,3935,2329,1754,295,1,252565,15659,3935,2331,1757,3930,2329,1744,95,100,0,500,4128;
@400000005e26aed609383713 #d,-,18,3938,2329,1752,296,1,252671,15665,3938,2329,1758,3935,2328,1745,95,100,0,500,4121;
@400000005e26aed8094755a7 #d,-,18,3942,2330,1742,297,1,252777,15672,3942,2330,1760,3938,2328,1742,95,100,0,500,4130;
@400000005e26aed80950a8a2 #d,-,18,3945,2331,1754,298,1,252882,15678,3945,2331,1757,3942,2329,1737,95,100,0,500,4126;
@400000005e26aeda095fafed #d,-,18,3948,2332,1748,299,1,252989,15685,3948,2332,1764,3945,2330,1746,95,100,0,500,4128;
@400000005e26aeda0969264c #d,-,18,3950,2333,1760,300,1,253093,15691,3950,2333,1763,3948,2331,1732,95,100,0,500,4126;
@400000005e26aedc0978648a #d,-,18,3953,2334,1746,301,1,253195,15698,3953,2334,1760,3950,2333,1744,95,100,0,500,4126;
@400000005e26aedc0981b3cb #d,-,18,3954,2333,1750,302,1,253298,15704,3954,2334,1759,3953,2332,1744,95,100,0,500,4128;
@400000005e26aede099097b2 #d,-,18,3956,2334,1755,303,1,253401,15710,3956,2334,1759,3954,2332,1745,95,100,0,500,4133;
@400000005e26aede099a7b08 #d,-,18,3958,2332,1752,304,1,253503,15717,3958,2335,1761,3956,2332,1744,95,100,0,500,4135;
@400000005e26aee009a9b58c #d,-,18,3959,2333,1757,305,1,253605,15723,3959,2335,1758,3958,2332,1740,95,100,0,500,4126;
@400000005e26aee009b313b4 #d,-,18,3960,2332,1749,307,1,253705,15729,3960,2334,1759,3959,2331,1740,95,100,0,500,4126;
@400000005e26aee209c26a28 #d,-,18,3962,2331,1759,308,1,253807,15736,3962,2333,1764,3960,2330,1745,95,100,0,500,4130;
@400000005e26aee209cbb4c2 #d,-,18,3965,2333,1759,309,1,253910,15742,3965,2333,1765,3962,2331,1750,95,100,0,500,4142;
@400000005e26aee409da00db #d,-,18,3967,2333,1761,310,1,254012,15748,3967,2333,1767,3965,2331,1750,95,100,0,500,4147;
@400000005e26aee409e3b59f #d,-,18,3969,2332,1760,311,1,254194,15760,3969,2334,1766,3967,2331,1752,95,100,0,500,4145;
@400000005e26aee609f31653 #d,-,18,3971,2333,1756,312,1,254215,15761,3971,2333,1763,3969,2330,1755,95,100,0,500,4142;
@400000005e26aee609fc8096 #d,-,18,3973,2335,1760,313,1,254395,15772,3973,2335,1764,3971,2331,1753,95,100,0,500,4145;
@400000005e26aee80a0c0d0f #d,-,18,3975,2329,1759,314,1,254495,15778,3975,2335,1769,3973,2324,1756,95,100,0,500,4149;
@400000005e26aee80a155035 #d,-,18,3976,2333,1762,315,1,254516,15780,3976,2335,1767,3975,2329,1754,95,100,0,500,4147;
@400000005e26aeea0a242535 #d,-,18,3978,2329,1763,317,1,254616,15786,3978,2333,1766,3976,2327,1754,95,100,0,500,4152;
@400000005e26aeea0a2d96ec #d,-,18,3980,2331,1770,318,1,254717,15792,3980,2332,1772,3978,2329,1758,95,100,0,500,4147;
@400000005e26aeec0a3caa52 #d,-,18,3983,2332,1763,319,1,254818,15798,3983,2332,1770,3980,2330,1759,95,100,0,500,4161;
@400000005e26aeec0a45f994 #d,-,18,3985,2330,1761,320,1,254918,15804,3985,2333,1773,3983,2330,1761,95,100,0,500,4159;
@400000005e26aeee0a549f15 #d,-,18,3987,2332,1772,321,1,255018,15811,3987,2332,1772,3985,2330,1761,95,100,0,500,4164;
@400000005e26aeee0a5e5020 #d,-,18,3989,2330,1762,322,2,255117,15817,3989,2332,1772,3987,2330,1762,95,100,0,500,4159;
@400000005e26aef00a6d28da #d,-,18,3990,2332,1772,323,2,255216,15823,3990,2332,1773,3989,2330,1761,95,100,0,500,4161;
@400000005e26aef00a768f64 #d,-,18,3992,2331,1762,324,2,255313,15829,3992,2332,1772,3990,2330,1759,95,100,0,500,4161;
@400000005e26aef20a851181 #d,-,18,3993,2332,1764,325,2,255410,15835,3993,2334,1771,3992,2330,1760,96,100,0,500,4159;
@400000005e26aef20a8ee502 #d,-,18,3994,2332,1768,327,2,255507,15841,3994,2333,1771,3993,2330,1762,96,100,0,500,4159;
@400000005e26aef40a9daed5 #d,-,18,3995,2331,1761,328,2,255602,15847,3995,2334,1774,3994,2330,1760,95,100,0,500,4164;
@400000005e26aef40aa710b7 #d,-,18,3995,2332,1768,329,2,255699,15853,3995,2333,1772,3995,2330,1759,96,100,0,500,4156;
@400000005e26aef60ab6400e #d,-,18,3995,2331,1763,330,2,255792,15859,3995,2333,1773,3995,2331,1759,96,100,0,500,4159;
@400000005e26aef60abf8245 #d,-,18,3997,2332,1769,331,2,255964,15869,3997,2333,1773,3995,2330,1762,96,100,0,500,4161;
@400000005e26aef80ace1526 #d,-,18,3998,2330,1775,332,2,255984,15871,3998,2332,1776,3997,2330,1766,96,100,0,500,4164;
@400000005e26aef80ad7e133 #d,-,18,4000,2331,1771,333,2,256081,15877,4000,2332,1779,3998,2330,1768,95,100,0,500,4178;
@400000005e26aefa0ae6c9c2 #d,-,18,4002,2332,1777,334,2,256176,15882,4002,2332,1778,4000,2330,1764,95,100,0,500,4175;
@400000005e26aefa0af03406 #d,-,18,4003,2332,1770,335,2,256270,15888,4003,2332,1777,4002,2330,1764,95,100,0,500,4171;
@400000005e26aefc0afef489 #d,-,18,4005,2331,1777,337,2,256366,15894,4005,2333,1777,4003,2330,1767,95,100,0,500,4175;
@400000005e26aefc0b08bcdd #d,-,18,4006,2333,1768,338,2,256459,15900,4006,2333,1777,4005,2330,1766,96,100,0,500,4171;
@400000005e26aefe0b180736 #d,-,18,4007,2332,1774,339,2,256552,15906,4007,2334,1778,4006,2331,1766,96,100,0,500,4173;
@400000005e26aefe0b217179 #d,-,18,4008,2333,1776,340,2,256720,15916,4008,2334,1779,4007,2331,1770,96,100,0,500,4175;
@400000005e26af000b3093c6 #d,-,18,4009,2331,1768,341,2,256812,15922,4009,2333,1776,4008,2330,1766,96,100,0,500,4175;
@400000005e26af000b39d6ec #d,-,18,4010,2330,1776,342,2,256830,15923,4010,2332,1777,4009,2330,1767,96,100,0,500,4175;
@400000005e26af020b4879a2 #d,-,18,4011,2331,1769,343,2,256922,15929,4011,2332,1778,4010,2329,1767,96,100,0,500,4175;
@400000005e26af020b52487b #d,-,18,4011,2330,1774,344,2,257012,15934,4011,2331,1776,4011,2329,1767,96,100,0,500,4175;
@400000005e26af040b60e777 #d,-,18,4012,2331,1772,345,2,257102,15940,4012,2331,1775,4011,2329,1767,96,100,0,500,4168;
@400000005e26af040b6a9794 #d,-,18,4012,2330,1771,347,2,257192,15945,4012,2332,1775,4012,2329,1766,96,100,0,500,4173;
@400000005e26af060b7a17f1 #d,-,18,4012,2330,1772,348,2,257280,15951,4012,2331,1778,4012,2329,1764,96,100,0,500,4173;
@400000005e26af060b835b17 #d,-,18,4012,2328,1772,349,2,257369,15956,4012,2331,1778,4012,2328,1767,96,100,0,500,4166;
@400000005e26af080b924c08 #d,-,18,4012,2330,1775,350,2,257530,15966,4012,2330,1779,4012,2328,1769,96,100,0,500,4171;
@400000005e26af080b9bb1a3 #d,-,18,4013,2328,1769,351,2,257618,15972,4013,2330,1778,4012,2327,1769,96,100,0,500,4178;
@400000005e26af0a0baaa64e #d,-,18,4013,2330,1773,352,2,257632,15973,4013,2331,1780,4013,2328,1769,96,100,0,500,4175;
@400000005e26af0a0bb3f0e7 #d,-,18,4013,2329,1776,353,2,257719,15978,4013,2330,1778,4013,2328,1767,96,100,0,500,4173;
@400000005e26af0c0bc23d00 #d,-,18,4014,2331,1770,354,2,257804,15983,4014,2332,1776,4013,2328,1767,96,100,0,500,4173;
@400000005e26af0c0bcbda7c #d,-,18,4013,2329,1775,356,2,257890,15989,4014,2331,1778,4013,2329,1766,96,100,0,500,4171;
@400000005e26af0e0bdaca7f #d,-,18,4013,2329,1772,357,2,257975,15994,4013,2331,1779,4013,2329,1767,96,100,0,500,4171;
@400000005e26af0e0be42133 #d,-,18,4014,2331,1774,358,2,258060,15999,4014,2331,1777,4013,2328,1767,96,100,0,500,4173;
@400000005e26af100bf2c2fb #d,-,18,4014,2329,1773,359,2,258144,16004,4014,2331,1779,4014,2328,1768,96,100,0,500,4173;
@400000005e26af100bfc77c0 #d,-,18,4014,2329,1776,360,2,258228,16010,4014,2330,1780,4014,2328,1767,96,100,0,500,4171;
@400000005e26af120c0ba9e2 #d,-,18,4014,2327,1775,361,2,258382,16019,4014,2330,1777,4014,2326,1770,96,100,0,500,4175;
@400000005e26af120c1517df #d,-,18,4014,2326,1776,362,2,258394,16020,4014,2327,1779,4014,2323,1770,96,100,0,500,4171;
@400000005e26af140c245263 #d,-,18,4014,2326,1780,363,2,258477,16025,4014,2326,1781,4014,2325,1774,96,100,0,500,4173;
@400000005e26af140c2d9943 #d,-,18,4015,2327,1775,364,2,258560,16030,4015,2328,1781,4014,2326,1773,96,100,0,500,4180;
@400000005e26af160c3c2c23 #d,-,18,4015,2327,1777,366,2,258642,16035,4015,2327,1781,4015,2326,1772,96,100,0,500,4178;
@400000005e26af160c45a194 #d,-,18,4015,2328,1775,367,2,258794,16045,4015,2328,1780,4015,2326,1771,96,100,0,500,4173;
@400000005e26af180c54a9cd #d,-,18,4015,2325,1774,368,2,258875,16050,4015,2328,1782,4015,2325,1770,96,100,0,500,4175;
@400000005e26af180c5df466 #d,-,18,4016,2327,1776,369,2,258955,16055,4016,2328,1778,4015,2325,1769,96,100,0,500,4175;
@400000005e26af1a0c6c57c8 #d,-,18,4016,2327,1773,370,2,258965,16055,4016,2328,1778,4016,2327,1769,96,100,0,500,4171;
@400000005e26af1a0c760c8d #d,-,18,4016,2328,1780,371,2,259115,16065,4016,2328,1780,4016,2327,1768,96,100,0,500,4171;
@400000005e26af1c0c8513d8 #d,-,18,4016,2325,1770,372,2,259193,16070,4016,2328,1780,4016,2325,1770,96,100,0,500,4173;
@400000005e26af1c0c8e7200 #d,-,18,4016,2326,1783,373,2,259204,16070,4016,2326,1785,4016,2324,1770,96,100,0,500,4173;
@400000005e26af1e0c9d6e1e #d,-,18,4018,2327,1785,374,2,259286,16075,4018,2327,1789,4016,2325,1777,95,100,0,500,4187;
@400000005e26af1e0ca6bd5f #d,-,18,4019,2326,1780,376,2,259365,16080,4019,2327,1786,4018,2325,1774,95,100,0,500,4190;
@400000005e26af200cb572b5 #d,-,18,4020,2327,1785,377,2,259446,16085,4020,2327,1786,4019,2326,1773,96,100,0,500,4183;
@400000005e26af200cbee0b2 #d,-,18,4022,2327,1776,378,2,259525,16090,4022,2327,1785,4020,2325,1776,96,100,0,500,4187;
@400000005e26af220cce0034 #d,-,18,4023,2328,1783,379,2,259605,16095,4023,2328,1784,4022,2326,1774,96,100,0,500,4187;
@400000005e26af220cd74714 #d,-,18,4024,2328,1783,380,2,259683,16100,4024,2328,1784,4023,2326,1774,96,100,0,500,4187;
@400000005e26af240ce63ad0 #d,-,18,4024,2326,1780,381,2,259831,16109,4024,2329,1788,4024,2326,1777,96,100,0,500,4190;
@400000005e26af240ceff708 #d,-,18,4025,2329,1778,382,2,259909,16114,4025,2330,1784,4024,2326,1774,96,100,0,500,4185;
@400000005e26af260cff58aa #d,-,18,4025,2330,1773,383,2,259918,16114,4025,2331,1785,4025,2328,1773,96,100,0,500,4185;
@400000005e26af260d08ca60 #d,-,18,4026,2331,1503,384,2,259960,16117,4026,2332,1784,4025,2328,1503,96,100,0,500,4187;
@400000005e26af280d1292b4 #d,-,18,3485,2331,1295,385,2,259858,16111,4026,2332,1503,3485,2330,1295,93,100,0,500,3735;
@400000005e26af280d1adb53 #d,-,18,3016,2331,1372,386,2,259788,16106,3485,2332,1756,3016,2330,1246,94,100,0,500,3187;
@400000005e26af2a0d2a0e64 #d,-,18,2964,2332,1161,387,2,259596,16094,3016,2332,1439,2964,2330,1027,89,100,0,500,3325;
@400000005e26af2a0d33615f #d,-,18,2581,2330,1177,388,2,259397,16082,2964,2332,1190,2581,2329,1161,91,100,0,500,2806;
@400000005e26af2c0d41fbb3 #d,-,18,2575,2332,1175,388,2,259196,16070,2581,2332,1177,2575,2330,1169,92,100,0,500,2782;
@400000005e26af2c0d4b9841 #d,-,18,2523,2331,1172,389,2,258996,16057,2575,2332,1176,2523,2330,1166,91,100,0,500,2772;
@400000005e26af2e0d5aa434 #d,-,18,2523,2331,1168,390,2,258796,16045,2523,2332,1175,2523,2330,1165,90,100,0,500,2775;
@400000005e26af2e0d640e77 #d,-,18,2521,2331,1166,390,2,258595,16032,2523,2331,1170,2521,2329,1164,91,100,0,500,2761;
@400000005e26af300d7382b9 #d,-,18,2520,2329,1160,391,2,258393,16020,2521,2331,1169,2520,2329,1157,91,100,0,500,2761;
@400000005e26af300d7cd5b4 #d,-,18,2516,2332,1157,392,2,258190,16007,2520,2332,1163,2516,2328,1154,91,100,0,500,2746;
@400000005e26af320d8c2781 #d,-,18,2512,2329,1160,393,2,257988,15995,2516,2332,1161,2512,2328,1155,91,100,0,500,2737;
@400000005e26af320d957a7c #d,-,18,2509,2328,1162,393,2,257788,15982,2512,2331,1166,2509,2328,1156,91,100,0,500,2746;
@400000005e26af340da47e0d #d,-,18,2506,2329,1158,394,2,257652,15974,2509,2329,1164,2506,2327,1155,91,100,0,500,2739;
@400000005e26af340dadd108 #d,-,18,2504,2327,1157,395,2,257387,15958,2506,2329,1159,2504,2327,1153,91,100,0,500,2737;
@400000005e26af360dbc9da7 #d,-,18,2499,2328,1149,395,2,257185,15945,2504,2329,1157,2499,2327,1148,91,100,0,500,2727;
@400000005e26af360dc684b6 #d,-,18,2495,2328,1151,396,2,256985,15933,2499,2328,1156,2495,2327,1145,91,100,0,500,2725;
@400000005e26af380dd55d70 #d,-,18,2490,2326,1148,397,2,256783,15920,2495,2328,1151,2490,2325,1141,91,100,0,500,2711;
@400000005e26af380ddec7b4 #d,-,18,2487,2328,1148,397,2,256583,15908,2490,2328,1152,2487,2325,1146,91,100,0,500,2711;
@400000005e26af3a0dee73d7 #d,-,18,2483,2327,1150,398,2,256385,15895,2487,2328,1151,2483,2325,1146,91,100,0,500,2715;
@400000005e26af3a0df7e58e #d,-,18,2480,2325,1148,399,2,256250,15887,2483,2327,1151,2480,2325,1147,91,100,0,500,2713;
@400000005e26af3c0e045978 #d,-,18,2477,2327,1055,399,2,256033,15874,2480,2328,1153,2477,2324,1031,91,100,0,500,2718;
@400000005e26af3c0e0d55d6 #d,-,18,2288,2325,1139,400,2,255825,15861,2477,2328,1167,2288,2324,1055,89,100,0,500,2559;
@400000005e26af3e0e1a4e00 #d,-,18,2439,2326,1142,401,2,255563,15844,2439,2326,1145,2288,2324,1136,90,100,0,500,2704;
@400000005e26af3e0e22e121 #d,-,18,2439,2324,1147,401,2,255366,15832,2439,2326,1147,2439,2324,1140,90,100,0,500,2692;
@400000005e26af400e305706 #d,-,18,2440,2326,1142,402,2,255171,15820,2440,2328,1148,2439,2324,1139,90,100,0,500,2704;
@400000005e26af400e39c149 #d,-,18,2440,2328,1142,403,2,254977,15808,2440,2328,1147,2440,2326,1139,90,100,0,500,2701;
@400000005e26af420e494560 #d,-,18,2437,2326,1080,403,2,254757,15794,2440,2328,1145,2437,2326,1036,90,100,0,500,2687;
@400000005e26af420e52abea #d,-,18,2337,2325,1145,404,2,254629,15787,2437,2328,1165,2337,2325,1080,90,100,0,500,2590;
@400000005e26af440e611f21 #d,-,18,2453,2328,1142,405,2,254376,15771,2453,2328,1149,2337,2325,1140,90,100,0,500,2706;
@400000005e26af440e6a2b54 #d,-,18,2452,2327,1137,405,2,254247,15763,2453,2328,1145,2452,2326,1137,90,100,0,500,2701;
@400000005e26af460e791ffe #d,-,18,2451,2326,1146,406,2,253995,15747,2452,2328,1153,2451,2326,1136,90,100,0,500,2699;
@400000005e26af460e828dfb #d,-,18,2449,2326,1142,407,2,253805,15735,2451,2327,1146,2449,2325,1140,90,100,0,500,2699;
@400000005e26af480e9231bd #d,-,18,2448,2327,1146,407,2,253618,15724,2449,2328,1147,2448,2325,1141,90,100,0,500,2701;
@400000005e26af480e9c91df #d,-,18,2447,2323,1848,408,2,253510,15717,2448,2328,1848,2447,2322,1139,90,100,0,500,2699;
@400000005e26af4a0eaa9f92 #d,-,18,3365,2323,1702,409,2,253522,15718,3365,2326,1848,2447,2323,1423,95,100,0,500,3507;
@400000005e26af4a0eb4061b #d,-,18,3815,2325,1743,410,2,253645,15725,3815,2325,1755,3365,2323,1666,97,100,0,500,3917;
@400000005e26af4c0ec222b5 #d,-,18,3904,2324,1730,411,2,253709,15729,3904,2325,1743,3815,2322,1724,96,100,0,500,4064;
@400000005e26af4c0ecb374a #d,-,18,3905,2326,1727,412,2,253714,15730,3905,2328,1740,3904,2323,1727,95,100,0,500,4071;
@400000005e26af4e0ed9d911 #d,-,18,3906,2325,1734,413,2,253779,15734,3906,2327,1741,3905,2323,1725,95,100,0,500,4074;
@400000005e26af4e0ee2eda6 #d,-,18,3908,2325,1752,414,2,253847,15738,3908,2326,1753,3906,2323,1734,95,100,0,500,4081;
@400000005e26af500ef15107 #d,-,18,3911,2324,1742,416,2,253914,15742,3911,2326,1752,3908,2324,1732,95,100,0,500,4090;
@400000005e26af500efa49ac #d,-,18,3913,2326,1736,417,2,253979,15746,3913,2326,1746,3911,2323,1732,95,100,0,500,4088;
@400000005e26af520f08e046 #d,-,18,3914,2324,1737,418,2,254046,15750,3914,2326,1750,3913,2324,1731,95,100,0,500,4081;
@400000005e26af520f12086a #d,-,18,3917,2326,1746,419,2,254114,15755,3917,2326,1753,3914,2323,1732,95,100,0,500,4097;
@400000005e26af540f214e1b #d,-,18,3921,2325,1761,420,2,254184,15759,3921,2326,1761,3917,2323,1740,95,100,0,500,4111;
@400000005e26af540f2a8d87 #d,-,18,3925,2323,1750,421,2,254253,15763,3925,2326,1762,3921,2323,1744,95,100,0,500,4109;
@400000005e26af560f3a54ac #d,-,18,3928,2324,1754,422,2,254323,15768,3928,2325,1759,3925,2323,1743,95,100,0,500,4109;
@400000005e26af560f43e253 #d,-,18,3932,2323,1746,423,2,254391,15772,3932,2325,1761,3928,2323,1745,95,100,0,500,4109;
@400000005e26af580f52c63b #d,-,18,3935,2323,1755,424,2,254462,15776,3935,2325,1765,3932,2323,1746,95,100,0,500,4121;
@400000005e26af580f5bdacf #d,-,18,3939,2326,1766,425,2,254532,15781,3939,2326,1766,3935,2323,1747,95,100,0,500,4126;
@400000005e26af5a0f6ba1f5 #d,-,18,3942,2325,1759,427,2,254603,15785,3942,2326,1768,3939,2324,1749,95,100,0,500,4126;
@400000005e26af5a0f755211 #d,-,18,3945,2326,1756,428,2,254731,15793,3945,2326,1767,3942,2324,1747,95,100,0,500,4123;
@400000005e26af5c0f840fca #d,-,18,3948,2323,1748,429,2,254800,15797,3948,2326,1764,3945,2323,1748,95,100,0,500,4123;
@400000005e26af5c0f900240 #d,-,18,3950,2325,1758,430,2,254870,15801,3950,2326,1765,3948,2323,1748,95,100,0,500,4128;
@400000005e26af5e0f9f6028 #d,-,18,3955,2325,1769,431,2,254884,15802,3955,2326,1773,3950,2324,1756,95,100,0,500,4140;
@400000005e26af5e0fa8d599 #d,-,18,3958,2324,1766,432,2,254956,15807,3958,2325,1773,3955,2323,1756,95,100,0,500,4140;
@400000005e26af600fb83eae #d,-,18,3961,2324,1765,433,2,255027,15811,3961,2326,1769,3958,2323,1756,95,100,0,500,4142;
@400000005e26af600fc19dc4 #d,-,18,3964,2325,1755,434,2,255097,15816,3964,2325,1773,3961,2322,1755,95,100,0,500,4142;
@400000005e26af620fd05a8e #d,-,18,3967,2323,1765,435,2,255168,15820,3967,2325,1770,3964,2323,1754,95,100,0,500,4142;
@400000005e26af620fda552c #d,-,18,3969,2322,1774,436,2,255295,15828,3969,2324,1774,3967,2322,1758,95,100,0,500,4142;
@400000005e26af640fe9c6a3 #d,-,18,3971,2321,1770,438,2,255309,15829,3971,2322,1776,3969,2320,1761,95,100,0,500,4142;
@400000005e26af640ff35090 #d,-,18,3973,2322,1767,439,2,255380,15833,3973,2323,1781,3971,2320,1763,95,100,0,500,4152;
@400000005e26af661001e283 #d,-,18,3976,2321,1763,440,2,255450,15837,3976,2322,1774,3973,2320,1761,95,100,0,500,4152;
@400000005e26af66100b702a #d,-,18,3979,2322,1767,441,2,255519,15842,3979,2323,1775,3976,2321,1760,95,100,0,500,4147;
@400000005e26af68101a5411 #d,-,18,3980,2320,1774,442,2,255590,15846,3980,2322,1774,3979,2320,1760,95,100,0,500,4147;
@400000005e26af681023ce29 #d,-,18,3982,2322,1773,443,2,255659,15850,3982,2323,1775,3980,2320,1764,96,100,0,500,4147;
@400000005e26af6a10332769 #d,-,18,3982,2321,1765,444,2,255728,15855,3982,2322,1777,3982,2319,1762,96,100,0,500,4145;
@400000005e26af6a103c7a64 #d,-,18,3984,2320,1766,445,2,255797,15859,3984,2323,1776,3982,2320,1763,96,100,0,500,4149;
@400000005e26af6c104b3bd6 #d,-,18,3985,2322,1768,446,2,255922,15867,3985,2322,1775,3984,2320,1765,95,100,0,500,4152;
@400000005e26af6c10553a2e #d,-,18,3986,2318,1773,448,2,255990,15871,3986,2322,1775,3985,2318,1765,96,100,0,500,4149;
@400000005e26af6e10649f89 #d,-,18,3987,2321,1772,449,2,256058,15875,3987,2322,1776,3986,2318,1764,96,100,0,500,4147;
@400000005e26af6e106e15e8 #d,-,18,3987,2323,1766,450,2,256069,15876,3987,2323,1774,3987,2320,1764,96,100,0,500,4147;
@400000005e26af70107d73d0 #d,-,18,3988,2322,1766,451,2,256136,15880,3988,2324,1775,3987,2322,1764,96,100,0,500,4152;
@400000005e26af701086e1cd #d,-,18,3989,2323,1769,452,2,256204,15884,3989,2323,1776,3988,2321,1763,96,100,0,500,4149;
@400000005e26af7210958b08 #d,-,18,3989,2321,1770,453,2,256271,15888,3989,2324,1772,3989,2321,1762,96,100,0,500,4149;
@400000005e26af72109efdad #d,-,18,3990,2323,1773,454,2,256338,15892,3990,2324,1775,3989,2321,1765,96,100,0,500,4149;
@400000005e26af7410aecfff #d,-,18,3991,2322,1773,455,2,256406,15897,3991,2324,1781,3990,2322,1771,96,100,0,500,4156;
@400000005e26af7410b83a43 #d,-,18,3993,2323,1773,456,2,256475,15901,3993,2323,1779,3991,2321,1773,95,100,0,500,4166;
@400000005e26af7610c78fc9 #d,-,18,3995,2325,1775,458,2,256598,15909,3995,2325,1780,3993,2323,1770,95,100,0,500,4166;
@400000005e26af7610d18a67 #d,-,18,3997,2322,1774,459,2,256666,15913,3997,2325,1779,3995,2322,1769,95,100,0,500,4166;
@400000005e26af7810e02d1d #d,-,18,3998,2322,1778,460,2,256678,15914,3998,2325,1778,3997,2322,1770,96,100,0,500,4164;
@400000005e26af7810e9a647 #d,-,18,3999,2324,1775,461,2,256745,15918,3999,2324,1779,3998,2322,1769,96,100,0,500,4161;
@400000005e26af7a10f90ba2 #d,-,18,4000,2322,1778,462,2,256812,15922,4000,2325,1778,3999,2322,1772,96,100,0,500,4166;
@400000005e26af7a11026e72 #d,-,18,4002,2323,1775,463,2,256879,15926,4002,2325,1781,4000,2322,1771,96,100,0,500,4164;
@400000005e26af7c1110d58d #d,-,18,4003,2324,1773,464,2,256946,15930,4003,2324,1780,4002,2322,1773,95,100,0,500,4171;
@400000005e26af7c111aa90e #d,-,18,4003,2324,1774,465,2,257012,15934,4003,2325,1779,4003,2323,1772,96,100,0,500,4166;
@400000005e26af7e112a0f58 #d,-,18,4004,2323,1776,466,2,257079,15938,4004,2325,1778,4003,2323,1771,96,100,0,500,4166;
@400000005e26af7e11337d55 #d,-,18,4005,2325,1777,468,2,257145,15943,4005,2325,1778,4004,2323,1771,96,100,0,500,4171;
@400000005e26af801142da4f #d,-,18,4006,2324,1775,469,2,257210,15947,4006,2326,1777,4005,2323,1772,96,100,0,500,4166;
@400000005e26af80114c3103 #d,-,18,4006,2322,1778,470,2,257275,15951,4006,2326,1780,4006,2322,1770,96,100,0,500,4166;
@400000005e26af82115bd96d #d,-,18,4007,2323,1774,471,2,257340,15955,4007,2324,1782,4006,2321,1771,96,100,0,500,4168;
@400000005e26af82116542c1 #d,-,18,4007,2326,1768,472,2,257405,15959,4007,2326,1777,4007,2323,1768,96,100,0,500,4166;
@400000005e26af8411749cf0 #d,-,18,4007,2325,1777,473,2,257469,15963,4007,2327,1777,4007,2324,1768,96,100,0,500,4164;
@400000005e26af84117dfed1 #d,-,18,4008,2325,1773,474,2,257533,15967,4008,2326,1779,4007,2324,1770,96,100,0,500,4166;
@400000005e26af86118c9926 #d,-,18,4008,2327,1773,475,2,257597,15971,4008,2327,1776,4008,2324,1769,96,100,0,500,4166;
@400000005e26af8611968035 #d,-,18,4008,2326,1770,477,2,257714,15978,4008,2328,1778,4008,2325,1769,96,100,0,500,4168;
@400000005e26af8811a6634b #d,-,18,4008,2327,1774,478,2,257724,15978,4008,2327,1781,4008,2325,1770,96,100,0,500,4171;
@400000005e26af8811af4860 #d,-,18,4008,2325,1772,479,2,257787,15982,4008,2327,1776,4008,2325,1768,96,100,0,500,4166;
@400000005e26af8a11bec14a #d,-,18,4008,2327,1775,480,2,257850,15986,4008,2327,1786,4008,2325,1765,96,100,0,500,4164;
@400000005e26af8a11c8108c #d,-,18,4006,2327,1769,481,2,257909,15990,4008,2328,1776,4006,2326,1750,96,100,0,500,4149;
Lost connection at /opt/powertools/bin/wattsup1 line 220.
	main::failure('Lost connection') called at /opt/powertools/bin/wattsup1 line 271
	main::recv_msg() called at /opt/powertools/bin/wattsup1 line 504
