@400000005e1d72a1179942a6 #v,-,8,1,65178,5,2,4,57,200810261703,0;
@400000005e1d72a205e5f705 #h,-,18,W,V,A,WH,Cost,WH/Mo,Cost/Mo,Wmax,Vmax,Amax,Wmin,Vmin,Amin,PF,DC,PC,Hz,VA;
@400000005e1d72a20bf602a7 #f,-,48,39,436,1,4803,0,0,65535,0,150,1177,177,10481,276,203,3340,13,121719,86,50084,105837,25,2629,11458,0,64,1,4686,0,0,65535,0,150,1030,182,11055,266,212,3240,13,121394,92,49362,104176,24,2613,13005,0,71;
@400000005e1d72a40c0642df #d,-,18,2688,2335,1159,1,0,186459,11560,2688,2336,1168,2688,2334,1156,98,100,0,500,2717;
@400000005e1d72a60c17a874 #d,-,18,2687,2336,1160,2,0,188371,11679,2688,2336,1161,2687,2335,1158,98,100,0,500,2716;
@400000005e1d72a60c21ae3f #d,-,18,2687,2334,1167,2,0,189951,11776,2687,2336,1191,2687,2333,1160,98,100,0,500,2717;
@400000005e1d72a80c2a4608 #d,-,18,2690,2334,1158,3,0,190357,11802,2690,2335,1167,2687,2333,1155,98,100,0,500,2742;
@400000005e1d72a80c34f0ab #d,-,18,2689,2333,1160,4,0,190663,11821,2690,2335,1161,2689,2332,1158,99,100,0,500,2714;
@400000005e1d72aa0c454472 #d,-,18,2688,2334,1159,5,0,190883,11834,2689,2335,1161,2688,2333,1159,98,100,0,500,2716;
@400000005e1d72aa0c4f3a68 #d,-,18,2687,2332,1159,5,0,191060,11845,2688,2334,1162,2687,2332,1159,99,100,0,500,2714;
@400000005e1d72ac0c5793cb #d,-,18,2686,2332,1181,6,0,191451,11870,2687,2333,1193,2686,2329,1159,98,100,0,500,2714;
@400000005e1d72ac0c625970 #d,-,18,2689,2333,1161,7,0,191504,11873,2689,2333,1181,2686,2329,1154,97,100,0,500,2744;
@400000005e1d72ae0c6ab1e4 #d,-,18,2688,2333,1161,8,0,193335,11986,2689,2333,1162,2688,2332,1160,98,100,0,500,2716;
@400000005e1d72ae0c753924 #d,-,18,2688,2331,1159,8,0,191638,11881,2688,2333,1162,2688,2331,1159,98,100,0,500,2716;
@400000005e1d72b00c833f63 #d,-,18,2687,2331,1160,9,0,191681,11884,2688,2332,1162,2687,2331,1159,99,100,0,500,2714;
@400000005e1d72b00c8d8483 #d,-,18,2686,2332,1197,10,0,191880,11896,2687,2332,1197,2686,2330,1160,98,100,0,500,2716;
@400000005e1d72b20c99e7aa #d,-,18,2753,2330,1192,10,0,192270,11920,2753,2333,1205,2686,2330,1190,99,100,0,500,2778;
@400000005e1d72b20ca4a223 #d,-,18,2751,2332,1179,11,0,192468,11933,2753,2332,1192,2751,2329,1174,99,100,0,500,2778;
@400000005e1d72b40cb39225 #d,-,18,2746,2334,1162,12,0,192484,11934,2751,2335,1179,2746,2332,1157,100,100,0,500,2746;
@400000005e1d72b40cbde360 #d,-,18,2684,2333,1161,13,0,192492,11934,2746,2334,1168,2684,2333,1160,98,100,0,500,2717;
@400000005e1d72b60cce55e3 #d,-,18,2684,2332,1193,13,0,192574,11939,2684,2333,1193,2684,2332,1159,98,100,0,500,2719;
@400000005e1d72b60cd8779e #d,-,18,2687,2334,1162,14,0,192587,11940,2687,2335,1193,2684,2332,1153,97,100,0,500,2748;
@400000005e1d72b80ce0f377 #d,-,18,2687,2334,1160,15,0,192569,11939,2687,2335,1162,2687,2334,1160,99,100,0,500,2714;
@400000005e1d72b80ce84adf #d,-,18,2687,2335,1159,16,0,192557,11938,2687,2335,1162,2687,2333,1159,98,100,0,500,2717;
@400000005e1d72ba0cf1473d #d,-,18,2686,2335,1160,16,0,192550,11938,2687,2336,1162,2686,2333,1159,98,100,0,500,2717;
@400000005e1d72ba0cf5e33a #d,-,18,2686,2332,1188,17,0,192576,11939,2686,2336,1188,2686,2332,1159,98,100,0,500,2716;
@400000005e1d72bc0cfeff42 #d,-,18,2689,2336,1161,18,0,193374,11989,2689,2336,1191,2686,2332,1152,97,100,0,500,2746;
@400000005e1d72bc0d091c55 #d,-,18,2688,2334,1159,19,0,192585,11940,2689,2336,1161,2688,2334,1159,99,100,0,500,2712;
@400000005e1d72be0d1912fa #d,-,18,2687,2334,1160,20,0,192574,11939,2688,2336,1161,2687,2334,1159,98,100,0,500,2716;
@400000005e1d72be0d232c54 #d,-,18,2687,2335,1160,20,0,192561,11938,2687,2335,1161,2687,2334,1160,99,100,0,500,2714;
@400000005e1d72c00d2b85b7 #d,-,18,2687,2334,1186,21,0,192604,11941,2687,2335,1186,2687,2332,1160,98,100,0,500,2717;
@400000005e1d72c00d307761 #d,-,18,2692,2333,1162,22,0,192649,11944,2692,2335,1198,2687,2333,1153,97,100,0,500,2760;
@400000005e1d72c20d3fdcbd #d,-,18,2690,2335,1161,23,0,193261,11982,2692,2335,1162,2690,2332,1160,99,100,0,500,2712;
@400000005e1d72c20d4aece4 #d,-,18,2689,2333,1161,23,0,193234,11980,2690,2335,1163,2689,2332,1160,99,100,0,500,2716;
@400000005e1d72c40d58ee7b #d,-,18,2688,2334,1162,24,0,192624,11942,2689,2335,1162,2688,2332,1160,98,100,0,500,2717;
@400000005e1d72c40d63c3f6 #d,-,18,2688,2333,1166,25,0,192618,11942,2688,2335,1166,2688,2332,1160,98,100,0,500,2717;
@400000005e1d72c60d70147d #d,-,18,2691,2332,1159,25,0,192665,11945,2691,2334,1194,2688,2332,1154,98,100,0,500,2744;
@400000005e1d72c60d7ada22 #d,-,18,2690,2334,1160,26,0,192655,11944,2691,2334,1162,2690,2332,1159,99,100,0,500,2716;
@400000005e1d72c80d83981a #d,-,18,2689,2333,1160,27,0,192645,11944,2690,2334,1162,2689,2333,1160,99,100,0,500,2716;
@400000005e1d72c80d8d447d #d,-,18,2688,2329,1161,28,0,192633,11943,2689,2333,1162,2688,2329,1160,98,100,0,500,2716;
@400000005e1d72ca0d959de0 #d,-,18,2687,2330,1164,28,0,192631,11943,2688,2332,1164,2687,2328,1161,99,100,0,500,2714;
@400000005e1d72ca0d9d1f31 #d,-,18,2690,2331,1157,29,0,192666,11945,2690,2331,1193,2687,2329,1155,98,100,0,500,2739;
@400000005e1d72cc0dab2571 #d,-,18,2689,2329,1163,30,0,192662,11945,2690,2331,1164,2689,2329,1157,98,100,0,500,2721;
@400000005e1d72cc0db6025f #d,-,18,2689,2328,1164,31,0,192649,11944,2689,2329,1164,2689,2328,1162,99,100,0,500,2716;
@400000005e1d72ce0dbf93c0 #d,-,18,2688,2329,1163,31,0,192638,11943,2689,2330,1164,2688,2328,1162,98,100,0,500,2716;
@400000005e1d72ce0dc9b57b #d,-,18,2687,2329,1163,32,0,192628,11942,2688,2330,1163,2687,2329,1161,98,100,0,500,2716;
@400000005e1d72d00dd15677 #d,-,18,2689,2328,1155,33,0,192664,11945,2689,2330,1194,2687,2328,1154,98,100,0,500,2730;
@400000005e1d72d00dd74a1c #d,-,18,2689,2328,1162,34,0,192659,11944,2689,2330,1165,2689,2328,1155,98,100,0,500,2726;
@400000005e1d72d20ddfe59e #d,-,18,2688,2330,1163,34,0,192649,11944,2689,2330,1164,2688,2328,1161,98,100,0,500,2716;
@400000005e1d72d20de4cee7 #d,-,18,2687,2330,1162,35,0,193044,11968,2688,2330,1164,2687,2329,1161,98,100,0,500,2716;
@400000005e1d72d40ded7df8 #d,-,18,2687,2329,1162,36,0,193027,11967,2687,2330,1163,2687,2329,1161,98,100,0,500,2716;
@400000005e1d72d40df25c14 #d,-,18,2688,2328,1158,37,0,193053,11969,2688,2329,1194,2687,2327,1158,98,100,0,500,2723;
@400000005e1d72d60e01e02c #d,-,18,2689,2327,1162,37,0,193037,11968,2689,2328,1165,2688,2327,1156,98,100,0,500,2735;
@400000005e1d72d60e0c11bd #d,-,18,2688,2330,1163,38,0,193018,11967,2689,2330,1164,2688,2327,1162,99,100,0,500,2714;
@400000005e1d72d80e18acc5 #d,-,18,2687,2329,1162,39,0,193003,11966,2688,2330,1163,2687,2328,1160,98,100,0,500,2716;
@400000005e1d72d80e235b22 #d,-,18,2687,2329,1162,40,0,192631,11943,2687,2329,1166,2687,2328,1160,99,100,0,500,2714;
@400000005e1d72da0e2de61b #d,-,18,2687,2329,1173,40,0,192688,11946,2687,2330,1207,2687,2329,1162,98,100,0,500,2717;
@400000005e1d72da0e34c383 #d,-,18,2743,2328,1011,41,0,192586,11940,2743,2330,1298,2687,2327,1001,99,100,0,500,2767;
@400000005e1d72dc0e4352aa #d,-,18,2565,2329,1153,42,0,192539,11937,2743,2329,1187,2565,2327,1011,97,100,0,500,2621;
@400000005e1d72dc0e4dd541 #d,-,18,2681,2329,1159,43,0,192541,11937,2681,2329,1175,2565,2328,1153,98,100,0,500,2716;
@400000005e1d72de0e5b2f35 #d,-,18,2680,2327,1180,43,0,192548,11938,2681,2329,1180,2680,2327,1159,98,100,0,500,2708;
@400000005e1d72de0e654d37 #d,-,18,2682,2328,1173,44,0,192576,11939,2682,2328,1192,2680,2327,1157,98,100,0,500,2728;
@400000005e1d72e00e752432 #d,-,18,2684,2329,1160,45,0,192559,11938,2684,2329,1173,2682,2327,1153,98,100,0,500,2735;
@400000005e1d72e00e7fc673 #d,-,18,2684,2329,1161,46,0,192550,11938,2684,2329,1164,2684,2329,1159,98,100,0,500,2712;
@400000005e1d72e20e8f20a2 #d,-,18,2684,2329,1160,46,0,192557,11938,2684,2331,1173,2684,2329,1160,98,100,0,500,2717;
@400000005e1d72e20e99ab9b #d,-,18,2683,2330,1163,47,0,192548,11937,2684,2331,1163,2683,2329,1158,98,100,0,500,2714;
@400000005e1d72e40ea49c18 #d,-,18,2683,2333,1187,48,0,192580,11940,2683,2333,1191,2683,2330,1162,98,100,0,500,2716;
@400000005e1d72e40eaeed53 #d,-,18,2687,2331,1162,49,0,192568,11939,2687,2334,1187,2683,2331,1153,97,100,0,500,2742;
@400000005e1d72e60ebeb0be #d,-,18,2686,2330,1161,49,0,192850,11956,2687,2331,1162,2686,2330,1159,98,100,0,500,2716;
@400000005e1d72e60ec9246f #d,-,18,2685,2332,1161,50,0,192842,11956,2686,2332,1162,2685,2330,1161,98,100,0,500,2714;
@400000005e1d72e80ed87daf #d,-,18,2685,2332,1162,51,0,192555,11938,2685,2332,1163,2685,2332,1160,98,100,0,500,2716;
@400000005e1d72e80ee30135 #d,-,18,2685,2329,1194,51,0,192578,11939,2685,2332,1194,2685,2328,1161,98,100,0,500,2716;
@400000005e1d72ea0ef354fb #d,-,18,2688,2328,1164,52,0,192849,11956,2688,2329,1194,2685,2327,1157,97,100,0,500,2744;
@400000005e1d72ea0efd6a9c #d,-,18,2688,2329,1161,53,0,192575,11939,2688,2329,1165,2688,2327,1161,98,100,0,500,2716;
@400000005e1d72ec0f0ab5a9 #d,-,18,2687,2330,1163,54,0,192571,11939,2688,2330,1164,2687,2328,1161,99,100,0,500,2714;
@400000005e1d72ec0f158edd #d,-,18,2687,2330,1162,54,0,192569,11939,2687,2331,1164,2687,2329,1161,98,100,0,500,2717;
@400000005e1d72ee0f2614ee #d,-,18,2686,2330,1194,55,0,192586,11940,2687,2331,1194,2686,2329,1162,98,100,0,500,2717;
@400000005e1d72ee0f3069e3 #d,-,18,2690,2328,1165,56,0,192591,11940,2690,2330,1195,2686,2328,1155,97,100,0,500,2748;
@400000005e1d72f00f406353 #d,-,18,2689,2331,1164,57,0,192590,11940,2690,2331,1165,2689,2328,1162,99,100,0,500,2714;
@400000005e1d72f00f4a88c9 #d,-,18,2688,2331,1162,57,0,192585,11940,2689,2332,1164,2688,2331,1161,98,100,0,500,2717;
@400000005e1d72f20f569376 #d,-,18,2688,2331,1163,58,0,192583,11940,2688,2332,1164,2688,2330,1161,98,100,0,500,2716;
@400000005e1d72f20f61591b #d,-,18,2687,2333,1185,59,0,192591,11940,2688,2333,1185,2687,2330,1161,98,100,0,500,2717;
@400000005e1d72f40f71897e #d,-,18,2691,2336,1161,60,0,192602,11941,2691,2336,1192,2687,2332,1153,97,100,0,500,2748;
@400000005e1d72f40f7bde73 #d,-,18,2689,2334,1160,60,0,192599,11941,2691,2336,1161,2689,2334,1159,99,100,0,500,2712;
@400000005e1d72f60f88d69d #d,-,18,2689,2335,1159,61,0,192598,11941,2689,2335,1162,2689,2333,1159,99,100,0,500,2716;
@400000005e1d72f60f930386 #d,-,18,2688,2336,1160,62,0,192824,11955,2689,2337,1161,2688,2335,1159,98,100,0,500,2717;
@400000005e1d72f80f9e71bd #d,-,18,2688,2334,1174,63,0,192596,11940,2688,2336,1174,2688,2333,1159,98,100,0,500,2717;
@400000005e1d72f80fa94af1 #d,-,18,2691,2336,1160,63,0,192837,11955,2691,2336,1192,2688,2333,1153,97,100,0,500,2746;
@400000005e1d72fa0fb7fc8e #d,-,18,2690,2336,1160,64,0,192608,11941,2691,2336,1162,2690,2335,1159,99,100,0,500,2714;
@400000005e1d72fa0fc20abb #d,-,18,2689,2335,1161,65,0,192607,11941,2690,2336,1162,2689,2334,1160,98,100,0,500,2717;
@400000005e1d72fc0fcd0b0d #d,-,18,2689,2338,1159,66,0,192605,11941,2689,2338,1161,2689,2335,1158,98,100,0,500,2717;
@400000005e1d72fc0fd803eb #d,-,18,2688,2335,1161,66,0,192604,11941,2689,2338,1161,2688,2335,1159,98,100,0,500,2717;
@400000005e1d72fe0fe853f8 #d,-,18,2691,2338,1156,67,0,192620,11942,2691,2338,1191,2688,2335,1151,98,100,0,500,2742;
@400000005e1d72fe0ff265df #d,-,18,2690,2336,1159,68,0,192616,11942,2691,2338,1160,2690,2336,1156,99,100,0,500,2717;
@400000005e1d73000ffe0dd4 #d,-,18,2689,2339,1159,69,0,192615,11942,2690,2339,1162,2689,2336,1158,99,100,0,500,2716;
@400000005e1d73001008a8a2 #d,-,18,2688,2338,1157,69,0,192611,11941,2689,2340,1159,2688,2338,1157,98,100,0,500,2716;
@400000005e1d730210148878 #d,-,18,2687,2339,1157,70,0,192607,11941,2688,2340,1159,2687,2338,1157,98,100,0,500,2716;
@400000005e1d7302101eadee #d,-,18,2690,2336,1153,71,0,192825,11955,2690,2340,1191,2687,2336,1151,98,100,0,500,2733;
@400000005e1d7304102b6b6b #d,-,18,2689,2338,1158,72,0,192619,11942,2690,2338,1160,2689,2336,1153,98,100,0,500,2723;
@400000005e1d7304103640e6 #d,-,18,2688,2338,1157,72,0,192812,11954,2689,2339,1161,2688,2337,1157,99,100,0,500,2714;
@400000005e1d73061046369c #d,-,18,2687,2336,1158,73,0,192611,11941,2688,2338,1159,2687,2336,1157,98,100,0,500,2716;
@400000005e1d730610507802 #d,-,18,2687,2338,1158,74,0,192609,11941,2687,2338,1163,2687,2335,1157,98,100,0,500,2716;
@400000005e1d730810602b99 #d,-,18,2688,2338,1153,75,0,192625,11942,2688,2338,1189,2687,2337,1153,98,100,0,500,2726;
@400000005e1d7308106a649d #d,-,18,2689,2335,1157,75,0,192620,11942,2689,2338,1159,2688,2335,1152,98,100,0,500,2730;
@400000005e1d730a1076d799 #d,-,18,2688,2336,1159,76,0,192616,11942,2689,2336,1160,2688,2335,1157,99,100,0,500,2714;
@400000005e1d730a1081bce9 #d,-,18,2687,2334,1159,77,0,192611,11941,2688,2336,1160,2687,2334,1158,98,100,0,500,2716;
@400000005e1d730c109125fe #d,-,18,2686,2336,1158,77,0,192607,11941,2687,2336,1160,2686,2333,1158,99,100,0,500,2712;
@400000005e1d730c109b7739 #d,-,18,2687,2334,1155,78,0,192624,11942,2687,2336,1191,2686,2334,1155,98,100,0,500,2721;
@400000005e1d730e10a69ea9 #d,-,18,2688,2336,1159,79,0,192798,11953,2688,2336,1162,2687,2333,1151,98,100,0,500,2733;
@400000005e1d730e10b1a2b4 #d,-,18,2688,2336,1158,80,0,192613,11942,2688,2337,1160,2688,2334,1157,99,100,0,500,2714;
@400000005e1d731010c1b45b #d,-,18,2687,2338,1158,80,0,192610,11941,2688,2338,1159,2687,2335,1157,99,100,0,500,2714;
@400000005e1d731010cc0861 #d,-,18,2686,2337,1157,81,0,192605,11941,2687,2338,1159,2686,2336,1157,98,100,0,500,2714;
@400000005e1d731210daf0f1 #d,-,18,2686,2339,1164,82,0,192622,11942,2686,2339,1190,2686,2336,1156,98,100,0,500,2714;
@400000005e1d731210e502d7 #d,-,18,2688,2337,1157,83,0,192615,11942,2688,2339,1164,2686,2337,1150,98,100,0,500,2739;
@400000005e1d731410fe8e97 #d,-,18,2687,2338,1167,83,0,192614,11942,2688,2338,1167,2687,2336,1157,98,100,0,500,2716;
@400000005e1d731411115abb #d,-,18,2688,2338,1041,84,0,192588,11940,2688,2338,1171,2687,2336,1041,98,100,0,500,2730;
@400000005e1d7316111d6cdc #d,-,18,2559,2337,1132,85,0,192534,11937,2688,2339,1266,2559,2336,999,98,100,0,500,2587;
@400000005e1d7316112651f2 #d,-,18,2662,2337,1186,86,0,192542,11937,2662,2337,1191,2559,2335,1132,97,100,0,500,2723;
@400000005e1d73181131f9e7 #d,-,18,2667,2335,1152,86,0,192533,11937,2667,2338,1186,2662,2335,1152,97,100,0,500,2739;
@400000005e1d7318113cb819 #d,-,18,2667,2334,1155,87,0,192522,11936,2667,2336,1156,2667,2332,1151,98,100,0,500,2701;
@400000005e1d731a114a67bb #d,-,18,2668,2334,1156,88,0,192515,11935,2668,2334,1159,2667,2333,1155,98,100,0,500,2707;
@400000005e1d731a1154d3f9 #d,-,18,2669,2331,1157,89,0,192507,11935,2669,2334,1157,2668,2331,1155,98,100,0,500,2707;
@400000005e1d731c11653794 #d,-,18,2669,2331,1187,89,0,192515,11935,2669,2332,1188,2669,2330,1156,98,100,0,500,2703;
@400000005e1d731c116f647d #d,-,18,2673,2331,1157,90,0,192506,11935,2673,2332,1187,2669,2331,1151,97,100,0,500,2735;
@400000005e1d731e11785e10 #d,-,18,2673,2331,1157,91,0,192498,11934,2673,2332,1159,2673,2329,1157,98,100,0,500,2703;
@400000005e1d731e117d85bf #d,-,18,2673,2330,1157,92,0,192490,11934,2673,2331,1158,2673,2329,1157,98,100,0,500,2705;
@400000005e1d7320118624fb #d,-,18,2673,2334,1157,92,0,192482,11933,2673,2334,1159,2673,2330,1156,98,100,0,500,2705;
@400000005e1d7320118c14e6 #d,-,18,2672,2333,1186,93,0,192488,11934,2673,2334,1186,2672,2332,1155,98,100,0,500,2705;
@400000005e1d73221194abc0 #d,-,18,2676,2334,1157,94,0,192483,11933,2676,2334,1186,2672,2332,1149,97,100,0,500,2733;
@400000005e1d7322119d5270 #d,-,18,2675,2334,1165,95,0,192481,11933,2676,2334,1168,2675,2333,1156,98,100,0,500,2703;
@400000005e1d732411a68e22 #d,-,18,2676,2333,1157,95,0,192475,11933,2676,2334,1165,2675,2332,1157,98,100,0,500,2717;
@400000005e1d732411ac23b7 #d,-,18,2676,2333,1159,96,0,192471,11933,2676,2334,1160,2676,2332,1157,98,100,0,500,2708;
@400000005e1d732611b4c2f3 #d,-,18,2676,2333,1187,97,0,192620,11942,2676,2333,1187,2676,2333,1158,98,100,0,500,2710;
@400000005e1d732611b9df75 #d,-,18,2680,2331,1159,97,0,192476,11933,2680,2333,1190,2676,2330,1150,97,100,0,500,2741;
@400000005e1d732811c9ae0d #d,-,18,2679,2333,1160,98,0,192472,11933,2680,2333,1161,2679,2330,1159,98,100,0,500,2707;
@400000005e1d732811d47fce #d,-,18,2679,2333,1168,99,0,192470,11933,2679,2333,1168,2679,2333,1158,98,100,0,500,2710;
@400000005e1d732a11dda34a #d,-,18,2682,2333,1167,100,0,192483,11933,2682,2333,1183,2679,2331,1167,98,100,0,500,2733;
@400000005e1d732a11e7e0f6 #d,-,18,2684,2333,1188,100,0,192495,11934,2684,2333,1188,2682,2332,1167,98,100,0,500,2733;
@400000005e1d732c11f6d86c #d,-,18,2690,2334,1161,101,0,192505,11935,2690,2334,1200,2684,2332,1148,97,100,0,500,2764;
@400000005e1d732c1201dd66 #d,-,18,2688,2332,1159,102,0,192502,11935,2690,2334,1161,2688,2332,1158,99,100,0,500,2708;
@400000005e1d732e120ad251 #d,-,18,2687,2332,1159,103,0,192497,11934,2688,2333,1160,2687,2332,1158,99,100,0,500,2712;
@400000005e1d732e12136571 #d,-,18,2686,2333,1159,103,0,192494,11934,2687,2334,1160,2686,2332,1158,99,100,0,500,2710;
@400000005e1d73301222f1ea #d,-,18,2685,2333,1166,104,0,192490,11934,2686,2333,1166,2685,2332,1159,99,100,0,500,2712;
@400000005e1d7330122d942c #d,-,18,2688,2333,1157,105,0,192499,11934,2688,2334,1191,2685,2333,1150,98,100,0,500,2739;
@400000005e1d733212362393 #d,-,18,2686,2332,1159,106,0,192496,11934,2688,2333,1160,2686,2331,1157,99,100,0,500,2710;
@400000005e1d7332123dc936 #d,-,18,2685,2331,1160,106,0,192491,11934,2686,2332,1161,2685,2330,1158,99,100,0,500,2710;
@400000005e1d73341246872e #d,-,18,2684,2332,1159,107,0,192488,11934,2685,2333,1161,2684,2331,1158,98,100,0,500,2712;
@400000005e1d73341250374b #d,-,18,2683,2331,1160,108,0,192485,11934,2684,2333,1161,2683,2330,1159,98,100,0,500,2712;
@400000005e1d7336125fd753 #d,-,18,2687,2332,1156,109,0,192494,11934,2687,2332,1191,2683,2330,1152,98,100,0,500,2733;
@400000005e1d7336126a288e #d,-,18,2685,2330,1161,109,0,192621,11942,2687,2332,1162,2685,2329,1156,98,100,0,500,2717;
@400000005e1d7338127a31d3 #d,-,18,2684,2332,1160,110,0,192487,11934,2685,2332,1161,2684,2329,1159,99,100,0,500,2710;
@400000005e1d7338128491f5 #d,-,18,2684,2330,1160,111,0,192483,11933,2684,2332,1161,2684,2330,1159,99,100,0,500,2710;
@400000005e1d733a1293d033 #d,-,18,2683,2332,1159,112,0,192478,11933,2684,2332,1161,2683,2329,1159,98,100,0,500,2712;
@400000005e1d733a129e01c3 #d,-,18,2685,2332,1153,112,0,192487,11934,2685,2333,1192,2683,2331,1152,98,100,0,500,2724;
@400000005e1d733c12a66653 #d,-,18,2685,2331,1158,113,0,192483,11933,2685,2333,1161,2685,2331,1153,98,100,0,500,2723;
@400000005e1d733c12ab6b8d #d,-,18,2684,2331,1160,114,0,192479,11933,2685,2332,1160,2684,2330,1157,99,100,0,500,2710;
@400000005e1d733e12ba0d54 #d,-,18,2683,2331,1161,115,0,192476,11933,2684,2331,1161,2683,2330,1159,99,100,0,500,2710;
@400000005e1d733e12c48d20 #d,-,18,2682,2335,1157,115,0,192472,11933,2683,2335,1161,2682,2330,1157,98,100,0,500,2710;
@400000005e1d734012cda0c7 #d,-,18,2684,2335,1151,116,0,192482,11933,2684,2335,1189,2682,2334,1151,98,100,0,500,2721;
@400000005e1d734012d889d0 #d,-,18,2684,2336,1157,117,0,192478,11933,2684,2336,1160,2684,2334,1150,98,100,0,500,2728;
@400000005e1d734212e900fa #d,-,18,2683,2334,1158,118,0,192474,11933,2684,2336,1159,2683,2333,1156,99,100,0,500,2710;
@400000005e1d734212f3611c #d,-,18,2683,2335,1157,118,0,192471,11933,2683,2335,1158,2683,2334,1156,99,100,0,500,2710;
@400000005e1d73441303ad6f #d,-,18,2682,2337,1156,119,0,192466,11932,2683,2338,1158,2682,2335,1154,98,100,0,500,2710;
@400000005e1d7344130e24da #d,-,18,2682,2338,1155,120,0,192476,11933,2682,2338,1189,2682,2334,1155,98,100,0,500,2712;
@400000005e1d734613168d23 #d,-,18,2684,2337,1155,120,0,192470,11933,2684,2339,1157,2682,2337,1147,98,100,0,500,2733;
@400000005e1d7346131c74ac #d,-,18,2683,2336,1157,121,0,192467,11933,2684,2337,1157,2683,2336,1155,98,100,0,500,2712;
@400000005e1d7348132784d3 #d,-,18,2682,2336,1157,122,0,192464,11932,2683,2336,1158,2682,2334,1156,98,100,0,500,2710;
@400000005e1d734813328525 #d,-,18,2682,2338,1156,123,0,192460,11932,2682,2338,1158,2682,2335,1155,98,100,0,500,2710;
@400000005e1d734a13432727 #d,-,18,2681,2337,1170,123,0,192471,11933,2682,2338,1189,2681,2336,1156,98,100,0,500,2710;
@400000005e1d734a134d8b02 #d,-,18,2684,2335,1157,124,0,192466,11932,2684,2337,1170,2681,2335,1150,98,100,0,500,2737;
@400000005e1d734c13575ac9 #d,-,18,2683,2335,1156,125,0,192463,11932,2684,2336,1158,2683,2334,1156,99,100,0,500,2710;
@400000005e1d734c13627ac5 #d,-,18,2682,2335,1156,126,0,192459,11932,2683,2336,1157,2682,2335,1155,98,100,0,500,2710;
@400000005e1d734e136d2922 #d,-,18,2682,2337,1157,126,0,192455,11932,2682,2337,1157,2682,2335,1156,99,100,0,500,2708;
@400000005e1d734e137780e2 #d,-,18,2681,2337,1196,127,0,192469,11933,2682,2338,1199,2681,2337,1156,98,100,0,500,2712;
@400000005e1d73501383fc40 #d,-,18,2687,2337,1275,128,0,192613,11942,2687,2339,1289,2681,2337,1159,97,100,0,500,2755;
@400000005e1d7350138b7e80 #d,-,18,2750,2336,1159,129,0,192499,11934,2750,2337,1275,2687,2333,1136,98,100,0,500,2790;
@400000005e1d73521396194e #d,-,18,2684,2339,1161,129,0,192608,11941,2750,2339,1161,2684,2336,1155,98,100,0,500,2714;
@400000005e1d735213a06e43 #d,-,18,2684,2338,1160,130,0,192498,11934,2684,2340,1161,2684,2338,1158,98,100,0,500,2721;
@400000005e1d735413aec589 #d,-,18,2684,2339,1190,131,0,192508,11935,2684,2340,1190,2684,2338,1159,98,100,0,500,2717;
@400000005e1d735413b97c48 #d,-,18,2688,2340,1162,132,0,192509,11935,2688,2340,1190,2684,2338,1152,97,100,0,500,2748;
@400000005e1d735613c9991c #d,-,18,2688,2340,1160,132,0,192511,11935,2688,2341,1162,2688,2339,1160,98,100,0,500,2721;
@400000005e1d735613d40559 #d,-,18,2688,2342,1158,133,0,192511,11935,2688,2342,1161,2688,2339,1157,98,100,0,500,2723;
@400000005e1d735813e492de #d,-,18,2687,2340,1158,134,0,192510,11935,2688,2342,1159,2687,2339,1157,98,100,0,500,2717;
@400000005e1d735813eec0b5 #d,-,18,2687,2341,1188,135,0,192517,11936,2687,2342,1188,2687,2340,1156,98,100,0,500,2719;
@400000005e1d735a13f75c37 #d,-,18,2691,2342,1159,135,0,192522,11936,2691,2342,1189,2687,2339,1152,97,100,0,500,2748;
@400000005e1d735a14026b70 #d,-,18,2690,2337,1160,136,0,192521,11936,2691,2342,1160,2690,2336,1158,99,100,0,500,2716;
@400000005e1d735c140d644e #d,-,18,2689,2336,1161,137,0,192521,11936,2690,2339,1162,2689,2335,1157,98,100,0,500,2717;
@400000005e1d735c141864a0 #d,-,18,2689,2332,1162,138,0,192520,11936,2689,2336,1164,2689,2332,1160,98,100,0,500,2719;
@400000005e1d735e142939db #d,-,18,2688,2333,1185,138,0,192525,11936,2689,2334,1185,2688,2331,1162,98,100,0,500,2717;
@400000005e1d735e1433a8e3 #d,-,18,2692,2332,1164,139,0,192531,11936,2692,2334,1194,2688,2332,1155,97,100,0,500,2749;
@400000005e1d7360143c72f6 #d,-,18,2690,2333,1162,140,0,192531,11936,2692,2333,1165,2690,2331,1162,99,100,0,500,2716;
@400000005e1d73601444bc84 #d,-,18,2690,2331,1163,141,0,192531,11936,2690,2333,1164,2690,2330,1162,98,100,0,500,2719;
@400000005e1d7362144dd02a #d,-,18,2689,2332,1162,141,0,192530,11936,2690,2332,1164,2689,2330,1161,98,100,0,500,2717;
@400000005e1d736214534703 #d,-,18,2688,2333,1173,142,0,192531,11936,2689,2334,1173,2688,2331,1161,98,100,0,500,2717;
@400000005e1d7364145fb646 #d,-,18,2692,2332,1163,143,0,192540,11937,2692,2334,1195,2688,2331,1157,97,100,0,500,2748;
@400000005e1d7364146a9422 #d,-,18,2691,2333,1163,144,0,192541,11937,2692,2333,1166,2691,2331,1161,98,100,0,500,2719;
@400000005e1d73661473521a #d,-,18,2691,2333,1163,144,0,192640,11943,2691,2333,1164,2691,2333,1163,98,100,0,500,2721;
@400000005e1d7366147e65fa #d,-,18,2690,2331,1162,145,0,192542,11937,2691,2333,1164,2690,2330,1162,98,100,0,500,2719;
@400000005e1d73681487017d #d,-,18,2690,2330,1165,146,0,192641,11943,2690,2331,1165,2690,2330,1162,98,100,0,500,2721;
@400000005e1d73681491f96d #d,-,18,2693,2333,1159,147,0,192553,11938,2693,2333,1195,2690,2330,1155,98,100,0,500,2744;
@400000005e1d736a149adf71 #d,-,18,2692,2333,1163,147,0,192554,11938,2693,2333,1166,2692,2332,1159,98,100,0,500,2724;
@400000005e1d736a14a0c340 #d,-,18,2692,2331,1164,148,0,192650,11944,2692,2333,1165,2692,2329,1162,99,100,0,500,2719;
@400000005e1d736c14a9627c #d,-,18,2691,2328,1164,149,0,192554,11938,2692,2331,1165,2691,2328,1162,98,100,0,500,2719;
@400000005e1d736c14b27269 #d,-,18,2690,2331,1163,149,0,192553,11938,2691,2331,1166,2690,2328,1163,98,100,0,500,2719;
@400000005e1d736e14bb1cd2 #d,-,18,2693,2331,1158,150,0,192563,11938,2693,2332,1195,2690,2330,1156,98,100,0,500,2735;
@400000005e1d736e14c4e16c #d,-,18,2693,2332,1163,151,0,192563,11938,2693,2332,1166,2693,2329,1158,98,100,0,500,2728;
@400000005e1d737014d42363 #d,-,18,2691,2330,1163,152,0,192562,11938,2693,2333,1164,2691,2330,1162,98,100,0,500,2719;
@400000005e1d737014df179a #d,-,18,2691,2331,1163,152,0,192562,11938,2691,2332,1164,2691,2330,1162,99,100,0,500,2717;
@400000005e1d737214e7fd9e #d,-,18,2690,2332,1163,153,0,192561,11938,2691,2332,1165,2690,2329,1163,99,100,0,500,2717;
@400000005e1d737214ed9e5f #d,-,18,2691,2328,1157,154,0,192571,11939,2691,2332,1195,2690,2328,1157,98,100,0,500,2728;
@400000005e1d737414f654e4 #d,-,18,2692,2331,1163,155,0,192663,11945,2692,2331,1166,2691,2328,1156,98,100,0,500,2735;
@400000005e1d7374150057e4 #d,-,18,2691,2328,1163,155,0,192661,11945,2692,2331,1165,2691,2328,1163,99,100,0,500,2717;
@400000005e1d7376150f8a06 #d,-,18,2691,2328,1164,156,0,192569,11939,2691,2329,1165,2691,2328,1163,99,100,0,500,2717;
@400000005e1d7376151a34a9 #d,-,18,2690,2329,1162,157,0,192568,11939,2691,2330,1164,2690,2328,1162,99,100,0,500,2717;
@400000005e1d737815276780 #d,-,18,2690,2328,1161,158,0,192578,11939,2690,2329,1196,2690,2327,1161,98,100,0,500,2719;
@400000005e1d73781531c7a2 #d,-,18,2691,2328,1163,158,0,192576,11939,2691,2329,1167,2690,2327,1157,98,100,0,500,2739;
@400000005e1d737a153c6270 #d,-,18,2691,2329,1163,159,0,192574,11939,2691,2329,1165,2691,2327,1163,99,100,0,500,2717;
@400000005e1d737a154737ea #d,-,18,2690,2327,1164,160,0,192573,11939,2691,2329,1165,2690,2327,1163,99,100,0,500,2716;
@400000005e1d737c1552ad95 #d,-,18,2689,2330,1164,161,0,192572,11939,2690,2330,1165,2689,2327,1162,99,100,0,500,2716;
@400000005e1d737c155ce699 #d,-,18,2688,2327,1173,161,1,192581,11940,2689,2330,1195,2688,2326,1162,98,100,0,500,2716;
@400000005e1d737e156c6f58 #d,-,18,2691,2327,1164,162,1,192667,11945,2691,2329,1173,2688,2327,1156,98,100,0,500,2742;
@400000005e1d737e15776bf1 #d,-,18,2690,2329,1162,163,1,192578,11939,2691,2329,1165,2690,2326,1162,99,100,0,500,2716;
@400000005e1d73801587a4b5 #d,-,18,2689,2329,1163,164,1,192577,11939,2690,2329,1165,2689,2329,1162,98,100,0,500,2717;
@400000005e1d7380159214ac #d,-,18,2688,2327,1163,164,1,192575,11939,2689,2329,1164,2688,2327,1162,99,100,0,500,2714;
@400000005e1d738215a25c57 #d,-,18,2687,2329,1186,165,1,192584,11940,2688,2329,1195,2687,2327,1163,98,100,0,500,2716;
@400000005e1d738215acc032 #d,-,18,2690,2328,1162,166,1,192582,11940,2690,2330,1186,2687,2328,1157,98,100,0,500,2742;
@400000005e1d738415b80392 #d,-,18,2690,2327,1163,167,1,192580,11940,2690,2330,1165,2690,2327,1162,99,100,0,500,2716;
@400000005e1d738415c2fb82 #d,-,18,2689,2329,1163,167,1,192579,11939,2690,2329,1164,2689,2327,1163,99,100,0,500,2716;
@400000005e1d738615d357ab #d,-,18,2688,2329,1162,168,1,192578,11939,2689,2331,1164,2688,2328,1162,98,100,0,500,2716;
@400000005e1d738615ddbb86 #d,-,18,2687,2328,1194,169,1,192669,11945,2688,2332,1194,2687,2328,1162,99,100,0,500,2714;
@400000005e1d738815ebfb84 #d,-,18,2690,2331,1163,170,1,192584,11940,2690,2331,1194,2687,2327,1155,98,100,0,500,2744;
@400000005e1d738815f6876b #d,-,18,2689,2329,1164,170,1,192582,11940,2690,2331,1164,2689,2329,1161,99,100,0,500,2714;
@400000005e1d738a1605e465 #d,-,18,2690,2330,1173,171,1,192589,11940,2690,2332,1176,2689,2329,1164,98,100,0,500,2728;
@400000005e1d738a16109b24 #d,-,18,2759,2332,1166,172,1,192603,11941,2759,2332,1267,2690,2329,1137,98,100,0,500,2792;
@400000005e1d738c16204eba #d,-,18,2671,2332,1193,173,1,192609,11941,2759,2333,1193,2671,2330,1161,98,100,0,500,2705;
@400000005e1d738c162aed42 #d,-,18,2675,2329,1163,173,1,192610,11941,2675,2332,1194,2671,2325,1157,97,100,0,500,2744;
@400000005e1d738e1635da05 #d,-,18,2676,2330,1163,174,1,192690,11946,2676,2331,1164,2675,2328,1162,98,100,0,500,2714;
@400000005e1d738e16392986 #d,-,18,2677,2329,1162,175,1,192607,11941,2677,2330,1164,2676,2328,1162,98,100,0,500,2714;
@400000005e1d739016405d8b #d,-,18,2678,2330,1162,176,1,192606,11941,2678,2330,1165,2677,2328,1161,98,100,0,500,2716;
@400000005e1d7390164a5829 #d,-,18,2679,2329,1189,176,1,192609,11941,2679,2330,1189,2678,2327,1162,98,100,0,500,2716;
@400000005e1d73921656a04e #d,-,18,2683,2330,1172,177,1,192615,11942,2683,2330,1195,2679,2328,1156,97,100,0,500,2749;
@400000005e1d73921660e56e #d,-,18,2684,2331,1161,178,1,192615,11942,2684,2331,1172,2683,2330,1160,98,100,0,500,2724;
@400000005e1d7394166cb56f #d,-,18,2684,2329,1161,178,1,192614,11942,2684,2331,1163,2684,2329,1161,98,100,0,500,2716;
@400000005e1d739416778641 #d,-,18,2684,2331,1162,179,1,192613,11942,2684,2331,1166,2684,2329,1161,98,100,0,500,2716;
@400000005e1d73961682adb1 #d,-,18,2684,2330,1177,180,1,192613,11942,2684,2332,1177,2684,2330,1160,98,100,0,500,2716;
@400000005e1d7396168d127a #d,-,18,2688,2331,1162,181,1,192698,11947,2688,2331,1194,2684,2329,1155,97,100,0,500,2746;
@400000005e1d739816983630 #d,-,18,2686,2331,1161,181,1,192695,11947,2688,2331,1164,2686,2329,1161,99,100,0,500,2710;
@400000005e1d739816a31a91 #d,-,18,2686,2330,1162,182,1,192615,11942,2686,2332,1163,2686,2329,1161,98,100,0,500,2714;
@400000005e1d739a16b3b8d9 #d,-,18,2685,2332,1161,183,1,192614,11942,2686,2333,1163,2685,2330,1161,98,100,0,500,2714;
@400000005e1d739a16bdc34d #d,-,18,2685,2330,1163,184,1,192612,11941,2685,2333,1163,2685,2330,1160,98,100,0,500,2714;
@400000005e1d739c16ce6cc2 #d,-,18,2690,2331,1155,184,1,192620,11942,2690,2333,1209,2685,2330,1147,97,100,0,500,2753;
@400000005e1d739c16d8b955 #d,-,18,2687,2331,1161,185,1,192695,11947,2690,2333,1162,2687,2331,1155,99,100,0,500,2707;
@400000005e1d739e16e8af0b #d,-,18,2686,2332,1161,186,1,192692,11946,2687,2332,1163,2686,2328,1158,99,100,0,500,2712;
@400000005e1d739e16f3a7ea #d,-,18,2685,2330,1162,187,1,192612,11941,2686,2332,1162,2685,2328,1159,99,100,0,500,2710;
@400000005e1d73a017044da5 #d,-,18,2684,2328,1161,187,1,192610,11941,2685,2330,1163,2684,2327,1161,99,100,0,500,2710;
@400000005e1d73a0170ec156 #d,-,18,2687,2329,1162,188,1,192616,11942,2687,2330,1194,2684,2327,1155,98,100,0,500,2732;
@400000005e1d73a2171f5382 #d,-,18,2688,2330,1164,189,1,192617,11942,2688,2330,1172,2687,2328,1160,98,100,0,500,2730;
@400000005e1d73a21729a877 #d,-,18,2687,2327,1164,190,1,192615,11942,2688,2330,1164,2687,2327,1162,98,100,0,500,2716;
@400000005e1d73a4173a3aa4 #d,-,18,2686,2327,1162,190,1,192614,11942,2687,2328,1164,2686,2326,1161,98,100,0,500,2714;
@400000005e1d73a4174463d3 #d,-,18,2685,2329,1162,191,1,192612,11941,2686,2329,1163,2685,2326,1161,99,100,0,500,2712;
@400000005e1d73a617544e5c #d,-,18,2687,2328,1153,192,1,192618,11942,2687,2329,1194,2685,2328,1153,98,100,0,500,2726;
@400000005e1d73a6175f33ac #d,-,18,2688,2327,1161,193,1,192690,11946,2688,2328,1164,2687,2326,1153,98,100,0,500,2728;
@400000005e1d73a8176fd4bf #d,-,18,2686,2329,1161,193,1,192613,11942,2688,2329,1162,2686,2326,1160,99,100,0,500,2712;
@400000005e1d73a8177a4870 #d,-,18,2685,2327,1162,194,1,192611,11941,2686,2329,1163,2685,2327,1161,99,100,0,500,2710;
@400000005e1d73aa178aa498 #d,-,18,2684,2327,1163,195,1,192608,11941,2685,2327,1163,2684,2326,1161,99,100,0,500,2710;
@400000005e1d73aa1794f89e #d,-,18,2685,2327,1158,196,1,192615,11942,2685,2329,1194,2684,2326,1158,98,100,0,500,2717;
@400000005e1d73ac17a5aa75 #d,-,18,2686,2330,1160,196,1,192611,11941,2686,2330,1164,2685,2326,1155,98,100,0,500,2733;
@400000005e1d73ac17afdc06 #d,-,18,2686,2331,1160,197,1,192609,11941,2686,2331,1162,2686,2328,1160,99,100,0,500,2710;
@400000005e1d73ae17bfc95a #d,-,18,2685,2329,1161,198,1,192606,11941,2686,2331,1163,2685,2329,1160,99,100,0,500,2712;
@400000005e1d73ae17cae956 #d,-,18,2684,2326,1163,199,1,192604,11941,2685,2330,1163,2684,2326,1160,99,100,0,500,2710;
@400000005e1d73b017db92cc #d,-,18,2684,2328,1169,199,1,192610,11941,2684,2328,1194,2684,2326,1161,98,100,0,500,2714;
@400000005e1d73b017e602c2 #d,-,18,2686,2328,1162,200,1,192606,11941,2686,2328,1169,2684,2326,1154,98,100,0,500,2735;
@400000005e1d73b217f69135 #d,-,18,2685,2328,1160,201,1,192603,11941,2686,2329,1162,2685,2327,1159,99,100,0,500,2710;
@400000005e1d73b21800f511 #d,-,18,2683,2329,1160,201,1,192600,11941,2685,2330,1161,2683,2328,1159,99,100,0,500,2707;
@400000005e1d73b41811a32e #d,-,18,2683,2329,1162,202,1,192598,11941,2683,2331,1162,2683,2329,1159,99,100,0,500,2708;
@400000005e1d73b4181be3a6 #d,-,18,2682,2327,1183,203,1,192674,11945,2683,2331,1194,2682,2326,1159,98,100,0,500,2710;
@400000005e1d73b6182c4388 #d,-,18,2685,2329,1161,204,1,192599,11941,2685,2330,1183,2682,2326,1154,98,100,0,500,2735;
@400000005e1d73b618372c91 #d,-,18,2684,2329,1160,204,1,192597,11941,2685,2330,1162,2684,2328,1159,99,100,0,500,2710;
@400000005e1d73b818470eb9 #d,-,18,2683,2328,1160,205,1,192594,11940,2684,2330,1162,2683,2328,1160,99,100,0,500,2707;
@400000005e1d73b81851fb7b #d,-,18,2682,2328,1161,206,1,192591,11940,2683,2330,1161,2682,2328,1160,99,100,0,500,2708;
@400000005e1d73ba1862c0e1 #d,-,18,2681,2326,1193,207,1,192665,11945,2682,2330,1194,2681,2326,1160,98,100,0,500,2710;
@400000005e1d73ba186d5baf #d,-,18,2684,2326,1162,207,1,192593,11940,2684,2329,1193,2681,2326,1153,98,100,0,500,2737;
@400000005e1d73bc187e0c98 #d,-,18,2683,2327,1161,208,1,192590,11940,2684,2327,1162,2683,2326,1160,99,100,0,500,2708;
@400000005e1d73bc1888baf5 #d,-,18,2682,2327,1162,209,1,192588,11940,2683,2328,1162,2682,2326,1160,99,100,0,500,2708;
@400000005e1d73be189945ae #d,-,18,2682,2327,1160,210,1,192585,11940,2682,2328,1162,2682,2327,1160,99,100,0,500,2708;
@400000005e1d73be18a38626 #d,-,18,2681,2329,1193,210,1,192589,11940,2682,2330,1193,2681,2327,1160,98,100,0,500,2710;
@400000005e1d73c018b3843e #d,-,18,2684,2327,1162,211,1,192588,11940,2684,2330,1193,2681,2327,1153,97,100,0,500,2741;
@400000005e1d73c018be698d #d,-,18,2683,2330,1160,212,1,192586,11940,2684,2330,1162,2683,2327,1160,99,100,0,500,2708;
@400000005e1d73c218cf463b #d,-,18,2683,2328,1161,213,1,192583,11940,2683,2330,1162,2683,2328,1160,99,100,0,500,2708;
@400000005e1d73c218d99dfb #d,-,18,2682,2327,1161,213,1,192580,11940,2683,2330,1162,2682,2327,1160,98,100,0,500,2710;
@400000005e1d73c418e6926c #d,-,18,2681,2330,1199,214,1,192585,11940,2682,2330,1199,2681,2327,1160,99,100,0,500,2708;
@400000005e1d73c418edaf28 #d,-,18,2735,2329,1164,215,1,192603,11941,2735,2330,1249,2681,2327,1164,98,100,0,500,2765;
@400000005e1d73c618fa133e #d,-,18,2732,2328,1160,216,1,192598,11941,2735,2330,1165,2732,2328,1141,99,100,0,500,2753;
@400000005e1d73c61904a1f1 #d,-,18,2677,2330,1160,216,1,192595,11940,2732,2330,1161,2677,2327,1159,98,100,0,500,2708;
@400000005e1d73c819122302 #d,-,18,2677,2328,1161,217,1,192593,11940,2677,2330,1163,2677,2328,1159,98,100,0,500,2710;
@400000005e1d73c8191c7709 #d,-,18,2677,2331,1177,218,1,192592,11940,2677,2332,1177,2677,2328,1159,98,100,0,500,2708;
@400000005e1d73ca192c2f47 #d,-,18,2681,2331,1160,219,1,192595,11940,2681,2332,1194,2677,2329,1152,97,100,0,500,2744;
@400000005e1d73ca19373353 #d,-,18,2680,2330,1160,219,1,192593,11940,2681,2331,1162,2680,2328,1160,99,100,0,500,2707;
@400000005e1d73cc19479aa8 #d,-,18,2680,2330,1160,220,1,192591,11940,2680,2331,1161,2680,2329,1159,98,100,0,500,2712;
@400000005e1d73cc19523cea #d,-,18,2680,2332,1159,221,1,192589,11940,2680,2332,1160,2680,2330,1159,98,100,0,500,2710;
@400000005e1d73ce19607dd6 #d,-,18,2679,2331,1164,222,1,192587,11940,2680,2332,1164,2679,2331,1159,98,100,0,500,2712;
@400000005e1d73ce196aaabf #d,-,18,2684,2331,1157,222,1,192592,11940,2684,2332,1192,2679,2331,1152,97,100,0,500,2739;
@400000005e1d73d019787a0b #d,-,18,2682,2330,1159,223,1,192653,11944,2684,2331,1161,2682,2329,1157,98,100,0,500,2712;
@400000005e1d73d019836315 #d,-,18,2682,2329,1159,224,1,192651,11944,2682,2331,1162,2682,2329,1158,98,100,0,500,2710;
@400000005e1d73d219938fbe #d,-,18,2681,2333,1159,224,1,192585,11940,2682,2333,1161,2681,2329,1158,99,100,0,500,2708;
@400000005e1d73d2199dffb5 #d,-,18,2680,2331,1159,225,1,192646,11944,2681,2334,1160,2680,2331,1158,98,100,0,500,2712;
@400000005e1d73d419add207 #d,-,18,2684,2333,1155,226,1,192587,11940,2684,2334,1190,2680,2331,1152,98,100,0,500,2730;
@400000005e1d73d419b8136d #d,-,18,2683,2331,1158,227,1,192585,11940,2684,2333,1160,2683,2331,1155,98,100,0,500,2717;
@400000005e1d73d619c63c22 #d,-,18,2682,2333,1159,227,1,192583,11940,2683,2333,1160,2682,2331,1158,98,100,0,500,2710;
@400000005e1d73d619d1683a #d,-,18,2681,2331,1159,228,1,192580,11940,2682,2333,1160,2681,2331,1158,99,100,0,500,2708;
@400000005e1d73d819e06f85 #d,-,18,2681,2332,1159,229,1,192578,11939,2681,2333,1160,2681,2331,1158,98,100,0,500,2710;
@400000005e1d73d819ead360 #d,-,18,2683,2334,1150,230,1,192645,11944,2683,2334,1191,2681,2331,1150,98,100,0,500,2724;
@400000005e1d73da19fb5e1a #d,-,18,2684,2334,1158,230,1,192580,11940,2684,2334,1162,2683,2331,1150,98,100,0,500,2724;
@400000005e1d73da1a05b6c8 #d,-,18,2682,2331,1159,231,1,192578,11939,2684,2334,1160,2682,2331,1158,98,100,0,500,2710;
@400000005e1d73dc1a141de3 #d,-,18,2682,2331,1161,232,1,192577,11939,2682,2333,1161,2682,2331,1159,98,100,0,500,2710;
@400000005e1d73dc1a1ef717 #d,-,18,2681,2331,1159,233,1,192574,11939,2682,2332,1161,2681,2330,1159,98,100,0,500,2710;
@400000005e1d73de1a2d149f #d,-,18,2683,2332,1155,234,1,192580,11939,2683,2333,1192,2681,2331,1155,98,100,0,500,2719;
@400000005e1d73de1a37b327 #d,-,18,2684,2333,1159,234,1,192578,11939,2684,2333,1161,2683,2332,1153,98,100,0,500,2733;
@400000005e1d73e01a48a71e #d,-,18,2684,2328,1160,235,1,192576,11939,2684,2333,1162,2684,2328,1159,98,100,0,500,2712;
@400000005e1d73e01a530fa1 #d,-,18,2683,2328,1161,236,1,192574,11939,2684,2329,1164,2683,2327,1159,98,100,0,500,2712;
@400000005e1d73e21a63a588 #d,-,18,2683,2329,1162,236,1,192573,11939,2683,2329,1164,2683,2327,1161,98,100,0,500,2712;
@400000005e1d73e21a6de246 #d,-,18,2683,2328,1165,237,1,192578,11939,2683,2329,1193,2683,2328,1162,98,100,0,500,2714;
@400000005e1d73e41a7d9d50 #d,-,18,2685,2327,1161,238,1,192576,11939,2685,2328,1165,2683,2326,1155,98,100,0,500,2737;
@400000005e1d73e41a888659 #d,-,18,2684,2328,1162,239,1,192574,11939,2685,2328,1162,2684,2326,1160,99,100,0,500,2710;
@400000005e1d73e61a96fe38 #d,-,18,2684,2326,1161,239,1,192631,11943,2684,2328,1163,2684,2326,1161,99,100,0,500,2710;
@400000005e1d73e61aa16986 #d,-,18,2683,2328,1162,240,1,192630,11943,2684,2328,1163,2683,2325,1161,99,100,0,500,2710;
@400000005e1d73e81aaf8ac8 #d,-,18,2682,2328,1181,241,1,192576,11939,2683,2328,1193,2682,2327,1162,98,100,0,500,2712;
@400000005e1d73e81ab9b89f #d,-,18,2685,2325,1162,242,1,192573,11939,2685,2328,1181,2682,2325,1155,98,100,0,500,2739;
@400000005e1d73ea1ac88184 #d,-,18,2685,2327,1163,242,1,192572,11939,2685,2327,1164,2685,2325,1162,99,100,0,500,2712;
@400000005e1d73ea1ad36e47 #d,-,18,2684,2325,1161,243,1,192570,11939,2685,2327,1164,2684,2325,1161,98,100,0,500,2714;
@400000005e1d73ec1ae26e1f #d,-,18,2683,2327,1161,244,1,192568,11939,2684,2328,1163,2683,2325,1160,99,100,0,500,2710;
@400000005e1d73ec1aecd2e9 #d,-,18,2683,2329,1190,245,1,192572,11939,2683,2330,1192,2683,2327,1161,99,100,0,500,2710;
@400000005e1d73ee1afbba8a #d,-,18,2685,2329,1161,245,1,192569,11939,2685,2330,1190,2683,2328,1154,98,100,0,500,2737;
@400000005e1d73ee1b05e4a7 #d,-,18,2684,2328,1160,246,1,192567,11939,2685,2330,1162,2684,2327,1160,99,100,0,500,2710;
@400000005e1d73f01b1580f6 #d,-,18,2683,2330,1159,247,1,192623,11942,2684,2331,1161,2683,2327,1159,99,100,0,500,2708;
@400000005e1d73f01b208147 #d,-,18,2682,2328,1160,247,1,192563,11938,2683,2331,1161,2682,2328,1159,99,100,0,500,2708;
@400000005e1d73f21b315d07 #d,-,18,2682,2331,1191,248,1,192566,11939,2682,2331,1191,2682,2328,1159,98,100,0,500,2710;
@400000005e1d73f21b3bb1fc #d,-,18,2685,2328,1161,249,1,192565,11939,2685,2331,1191,2682,2328,1152,97,100,0,500,2741;
@400000005e1d73f41b4942e3 #d,-,18,2684,2330,1160,250,1,192563,11938,2685,2331,1162,2684,2328,1160,99,100,0,500,2708;
@400000005e1d73f41b537fa1 #d,-,18,2683,2329,1160,251,1,192561,11938,2684,2330,1161,2683,2328,1160,99,100,0,500,2708;
@400000005e1d73f61b609775 #d,-,18,2682,2330,1160,251,1,192559,11938,2683,2330,1162,2682,2328,1159,98,100,0,500,2710;
@400000005e1d73f61b6b7bd6 #d,-,18,2682,2330,1189,252,1,192560,11938,2682,2330,1189,2682,2328,1159,98,100,0,500,2710;
@400000005e1d73f81b7a4963 #d,-,18,2684,2329,1162,253,1,192561,11938,2684,2330,1193,2682,2328,1153,97,100,0,500,2741;
@400000005e1d73f81b84eba5 #d,-,18,2683,2330,1159,254,1,192558,11938,2684,2332,1162,2683,2329,1158,99,100,0,500,2705;
@400000005e1d73fa1b921ac2 #d,-,18,2682,2331,1159,254,1,192556,11938,2683,2332,1160,2682,2330,1157,99,100,0,500,2707;
@400000005e1d73fa1b9d272f #d,-,18,2681,2329,1160,255,1,192553,11938,2682,2332,1161,2681,2329,1159,99,100,0,500,2708;
@400000005e1d73fc1baa2b75 #d,-,18,2681,2331,1179,256,1,192552,11938,2681,2331,1179,2681,2329,1160,99,100,0,500,2708;
@400000005e1d73fc1bb52bc7 #d,-,18,2684,2332,1161,257,1,192554,11938,2684,2332,1192,2681,2330,1151,97,100,0,500,2741;
@400000005e1d73fe1bc173ec #d,-,18,2683,2332,1172,257,1,192609,11941,2684,2333,1172,2683,2330,1159,99,100,0,500,2707;
@400000005e1d73fe1bc81b4f #d,-,18,2684,2333,1250,258,1,192563,11938,2684,2333,1250,2683,2330,1168,98,100,0,500,2724;
@400000005e1d74001bd496ad #d,-,18,2690,2330,1161,259,1,192564,11939,2690,2333,1260,2684,2330,1137,96,100,0,500,2774;
@400000005e1d74001bdf450a #d,-,18,2688,2332,1164,259,1,192563,11938,2690,2333,1164,2688,2330,1158,99,100,0,500,2705;
@400000005e1d74021bed814e #d,-,18,2691,2333,1157,260,1,192565,11939,2691,2334,1190,2688,2331,1151,98,100,0,500,2739;
@400000005e1d74021bf8669e #d,-,18,2689,2332,1161,261,1,192564,11938,2691,2334,1162,2689,2331,1157,99,100,0,500,2708;
@400000005e1d74041c055ec8 #d,-,18,2687,2331,1160,262,1,192616,11942,2689,2334,1161,2687,2331,1157,99,100,0,500,2712;
@400000005e1d74041c1020b4 #d,-,18,2686,2334,1158,262,1,192614,11942,2687,2335,1160,2686,2331,1158,99,100,0,500,2710;
@400000005e1d74061c201ecc #d,-,18,2685,2334,1158,263,1,192558,11938,2686,2335,1160,2685,2333,1157,99,100,0,500,2708;
@400000005e1d74061c2a72d2 #d,-,18,2688,2334,1153,264,1,192561,11938,2688,2336,1191,2685,2333,1151,98,100,0,500,2732;
@400000005e1d74081c3b3fab #d,-,18,2686,2333,1158,265,1,192560,11938,2688,2335,1160,2686,2333,1153,98,100,0,500,2717;
@400000005e1d74081c457c69 #d,-,18,2685,2332,1161,265,1,192559,11938,2686,2334,1162,2685,2332,1157,99,100,0,500,2710;
@400000005e1d740a1c543668 #d,-,18,2685,2334,1160,266,1,192557,11938,2685,2334,1162,2685,2332,1160,98,100,0,500,2714;
@400000005e1d740a1c5f751f #d,-,18,2684,2335,1155,267,1,192555,11938,2685,2336,1162,2684,2331,1155,98,100,0,500,2714;
@400000005e1d740c1c6f538d #d,-,18,2686,2334,1151,268,1,192559,11938,2686,2335,1191,2684,2329,1151,98,100,0,500,2724;
@400000005e1d740c1c79cbe6 #d,-,18,2685,2333,1158,268,1,192557,11938,2686,2335,1163,2685,2331,1151,98,100,0,500,2723;
@400000005e1d740e1c855077 #d,-,18,2684,2331,1159,269,1,192555,11938,2685,2333,1161,2684,2330,1158,99,100,0,500,2710;
@400000005e1d740e1c905ce4 #d,-,18,2684,2330,1161,270,1,192553,11938,2684,2332,1161,2684,2330,1159,99,100,0,500,2710;
@400000005e1d74101c9eb8d3 #d,-,18,2683,2332,1159,271,1,192551,11938,2684,2332,1161,2683,2329,1159,99,100,0,500,2708;
@400000005e1d74101ca9303d #d,-,18,2683,2330,1154,271,1,192608,11941,2683,2333,1192,2683,2329,1154,98,100,0,500,2717;
@400000005e1d74121cb98b77 #d,-,18,2685,2333,1158,272,1,192553,11938,2685,2333,1161,2683,2330,1151,98,100,0,500,2730;
@400000005e1d74121cc3e7df #d,-,18,2684,2333,1158,273,1,192552,11938,2685,2333,1161,2684,2331,1157,99,100,0,500,2710;
@400000005e1d74141cd086a1 #d,-,18,2683,2332,1159,274,1,192550,11938,2684,2333,1161,2683,2331,1158,99,100,0,500,2710;
@400000005e1d74141cdb771e #d,-,18,2682,2333,1159,274,1,192549,11938,2683,2333,1161,2682,2332,1158,98,100,0,500,2712;
@400000005e1d74161ce790b2 #d,-,18,2683,2333,1164,275,1,192553,11938,2683,2333,1192,2682,2331,1158,98,100,0,500,2712;
@400000005e1d74161cf1e960 #d,-,18,2685,2332,1159,276,1,192551,11938,2685,2333,1164,2683,2331,1152,98,100,0,500,2737;
@400000005e1d74181d01db5d #d,-,18,2684,2332,1159,277,1,192549,11938,2685,2334,1161,2684,2331,1158,99,100,0,500,2710;
@400000005e1d74181d0c2436 #d,-,18,2683,2333,1160,277,1,192599,11941,2684,2333,1160,2683,2331,1158,98,100,0,500,2712;
@400000005e1d741a1d1bd413 #d,-,18,2683,2334,1159,278,1,192546,11937,2683,2334,1162,2683,2331,1159,99,100,0,500,2710;
@400000005e1d741a1d265f0c #d,-,18,2682,2331,1180,279,1,192551,11938,2683,2334,1192,2682,2330,1159,98,100,0,500,2710;
@400000005e1d741c1d36ca1b #d,-,18,2685,2331,1160,280,1,192548,11938,2685,2333,1180,2682,2331,1152,98,100,0,500,2737;
@400000005e1d741c1d412a3d #d,-,18,2684,2332,1159,280,1,192546,11937,2685,2334,1160,2684,2331,1157,99,100,0,500,2710;
@400000005e1d741e1d4de8a9 #d,-,18,2683,2332,1158,281,1,192545,11937,2684,2334,1160,2683,2332,1158,99,100,0,500,2710;
@400000005e1d741e1d583cb0 #d,-,18,2682,2333,1158,282,1,192543,11937,2683,2334,1160,2682,2332,1157,99,100,0,500,2708;
@400000005e1d74201d67315a #d,-,18,2681,2334,1188,282,1,192546,11937,2682,2335,1190,2681,2333,1158,98,100,0,500,2710;
@400000005e1d74201d71db0f #d,-,18,2684,2334,1159,283,1,192544,11937,2684,2336,1188,2681,2333,1151,98,100,0,500,2737;
@400000005e1d74221d7ea0ef #d,-,18,2684,2334,1159,284,1,192543,11937,2684,2336,1160,2684,2333,1158,99,100,0,500,2710;
@400000005e1d74221d88c664 #d,-,18,2682,2331,1159,285,1,192541,11937,2684,2336,1162,2682,2331,1156,99,100,0,500,2708;
@400000005e1d74241d95d6c5 #d,-,18,2682,2332,1159,285,1,192589,11940,2682,2334,1160,2682,2331,1158,98,100,0,500,2712;
@400000005e1d74241da0d717 #d,-,18,2681,2333,1190,286,1,192542,11937,2682,2334,1190,2681,2332,1159,98,100,0,500,2710;
@400000005e1d74261db0d087 #d,-,18,2684,2333,1161,287,1,192541,11937,2684,2334,1190,2681,2332,1150,97,100,0,500,2739;
@400000005e1d74261dbb30a9 #d,-,18,2683,2332,1160,288,1,192539,11937,2684,2333,1161,2683,2331,1158,99,100,0,500,2707;
@400000005e1d74281dcb12d0 #d,-,18,2682,2334,1159,288,1,192537,11937,2683,2334,1160,2682,2331,1157,98,100,0,500,2710;
@400000005e1d74281dd5507d #d,-,18,2682,2331,1158,289,1,192585,11940,2682,2334,1160,2682,2331,1157,99,100,0,500,2708;
@400000005e1d742a1de5f9f2 #d,-,18,2681,2332,1186,290,1,192536,11937,2682,2334,1186,2681,2331,1157,99,100,0,500,2708;
@400000005e1d742a1df02b83 #d,-,18,2684,2332,1159,291,1,192536,11937,2684,2334,1190,2681,2332,1151,97,100,0,500,2739;
@400000005e1d742c1dffbbb5 #d,-,18,2682,2333,1158,291,1,192534,11937,2684,2334,1159,2682,2331,1157,99,100,0,500,2705;
@400000005e1d742c1e0a36d9 #d,-,18,2681,2331,1159,292,1,192532,11937,2682,2333,1161,2681,2331,1157,99,100,0,500,2708;
@400000005e1d742e1e1a410d #d,-,18,2681,2330,1160,293,1,192579,11939,2681,2332,1161,2681,2330,1158,99,100,0,500,2708;
@400000005e1d742e1e24a8a2 #d,-,18,2680,2332,1177,294,1,192530,11936,2681,2332,1177,2680,2329,1158,98,100,0,500,2708;
@400000005e1d74301e33c46a #d,-,18,2684,2331,1161,294,1,192532,11937,2684,2332,1191,2680,2330,1153,97,100,0,500,2741;
@400000005e1d74301e3df9b5 #d,-,18,2682,2332,1160,295,1,192530,11936,2684,2332,1161,2682,2329,1159,99,100,0,500,2705;
@400000005e1d74321e494fb5 #d,-,18,2682,2331,1160,296,1,192529,11936,2682,2332,1160,2682,2329,1159,99,100,0,500,2708;
@400000005e1d74321e544c4d #d,-,18,2681,2331,1161,297,1,192575,11939,2682,2331,1161,2681,2330,1159,98,100,0,500,2710;
@400000005e1d74341e615093 #d,-,18,2680,2332,1164,297,1,192573,11939,2681,2333,1164,2680,2330,1158,98,100,0,500,2708;
@400000005e1d74341e6ba0e0 #d,-,18,2684,2332,1157,298,1,192576,11939,2684,2332,1190,2680,2329,1151,98,100,0,500,2737;
@400000005e1d74361e7b8307 #d,-,18,2682,2331,1160,299,1,192575,11939,2684,2332,1161,2682,2331,1157,98,100,0,500,2710;
@400000005e1d74361e861dd5 #d,-,18,2682,2330,1161,300,1,192525,11936,2682,2331,1161,2682,2329,1158,99,100,0,500,2708;
@400000005e1d74381e90c879 #d,-,18,2681,2330,1161,300,1,192524,11936,2682,2332,1161,2681,2330,1159,98,100,0,500,2710;
@400000005e1d74381e979ab3 #d,-,18,2682,2331,1170,301,1,192526,11936,2682,2332,1174,2681,2328,1160,98,100,0,500,2716;
@400000005e1d743a1ea6f3f3 #d,-,18,2814,2329,1159,302,1,192542,11937,2814,2332,1368,2682,2329,1121,99,100,0,500,2822;
@400000005e1d743a1eb18b08 #d,-,18,2656,2331,1160,303,1,192541,11937,2814,2331,1170,2656,2329,1158,97,100,0,500,2724;
@400000005e1d743c1eba0f42 #d,-,18,2658,2330,1159,303,1,192539,11937,2658,2331,1161,2656,2329,1159,98,100,0,500,2710;
@400000005e1d743c1ec4448c #d,-,18,2660,2328,1162,304,1,192584,11940,2660,2330,1162,2658,2326,1159,98,100,0,500,2708;
@400000005e1d743e1ed49c0d #d,-,18,2662,2329,1161,305,1,192582,11940,2662,2330,1162,2660,2327,1160,98,100,0,500,2708;
@400000005e1d743e1edf2e79 #d,-,18,2667,2330,1155,305,1,192539,11937,2667,2330,1192,2662,2328,1154,97,100,0,500,2723;
@400000005e1d74401eeccf35 #d,-,18,2669,2330,1159,306,1,192537,11937,2669,2331,1161,2667,2328,1155,98,100,0,500,2723;
@400000005e1d74401ef6fd0c #d,-,18,2669,2329,1160,307,1,192535,11937,2669,2330,1161,2669,2328,1159,98,100,0,500,2707;
@400000005e1d74421efee028 #d,-,18,2670,2329,1160,308,1,192579,11939,2670,2329,1161,2669,2327,1159,98,100,0,500,2707;
@400000005e1d74421f0a0797 #d,-,18,2671,2327,1161,308,1,192577,11939,2671,2329,1163,2670,2325,1159,98,100,0,500,2707;
@400000005e1d74441f12aa8d #d,-,18,2673,2327,1156,309,1,192534,11937,2673,2329,1193,2671,2325,1156,98,100,0,500,2714;
@400000005e1d74441f184ff6 #d,-,18,2675,2327,1160,310,1,192531,11936,2675,2329,1162,2673,2327,1153,98,100,0,500,2726;
@400000005e1d74461f2298d0 #d,-,18,2675,2327,1160,311,1,192529,11936,2675,2329,1161,2675,2327,1159,98,100,0,500,2707;
@400000005e1d74461f2db7dd #d,-,18,2675,2326,1167,311,1,192576,11939,2675,2329,1169,2675,2326,1160,98,100,0,500,2712;
@400000005e1d74481f3d9291 #d,-,18,2677,2327,1161,312,1,192575,11939,2677,2329,1168,2675,2326,1161,98,100,0,500,2723;
@400000005e1d74481f48397b #d,-,18,2678,2326,1167,313,1,192534,11937,2678,2329,1192,2677,2326,1160,98,100,0,500,2716;
@400000005e1d744a1f57aaf2 #d,-,18,2681,2329,1161,314,1,192531,11936,2681,2330,1167,2678,2326,1154,98,100,0,500,2733;
@400000005e1d744a1f61d421 #d,-,18,2680,2331,1160,314,1,192529,11936,2681,2331,1162,2680,2328,1159,98,100,0,500,2710;
@400000005e1d744c1f6a9a7b #d,-,18,2679,2334,1158,315,1,192573,11939,2680,2334,1161,2679,2330,1158,98,100,0,500,2708;
@400000005e1d744c1f6ff91c #d,-,18,2679,2335,1159,316,1,192526,11936,2679,2335,1160,2679,2331,1158,98,100,0,500,2707;
@400000005e1d744e1f787d56 #d,-,18,2679,2334,1181,317,1,192529,11936,2679,2335,1193,2679,2331,1158,98,100,0,500,2710;
@400000005e1d744e1f7dfba2 #d,-,18,2682,2334,1159,317,1,192527,11936,2682,2334,1181,2679,2332,1151,97,100,0,500,2737;
@400000005e1d74501f8717aa #d,-,18,2681,2333,1159,318,1,192525,11936,2682,2334,1160,2681,2331,1158,98,100,0,500,2710;
@400000005e1d74501f91f852 #d,-,18,2681,2333,1160,319,1,192569,11939,2681,2333,1161,2681,2331,1159,99,100,0,500,2708;
@400000005e1d74521fa2969a #d,-,18,2680,2334,1158,320,1,192567,11939,2681,2334,1160,2680,2331,1157,98,100,0,500,2710;
@400000005e1d74521faccbe5 #d,-,18,2680,2334,1190,320,1,192525,11936,2680,2334,1190,2680,2332,1158,98,100,0,500,2708;
@400000005e1d74541fb537e8 #d,-,18,2683,2334,1161,321,1,192524,11936,2683,2334,1190,2680,2332,1152,98,100,0,500,2737;
@400000005e1d74541fbaaa18 #d,-,18,2682,2333,1160,322,1,192522,11936,2683,2334,1161,2682,2331,1158,98,100,0,500,2710;
@400000005e1d74561fc35929 #d,-,18,2681,2330,1160,323,2,192565,11939,2682,2333,1161,2681,2330,1158,99,100,0,500,2708;
@400000005e1d74561fc8e74b #d,-,18,2681,2330,1160,323,2,192519,11936,2681,2332,1161,2681,2329,1159,99,100,0,500,2708;
@400000005e1d74581fd1b06f #d,-,18,2680,2329,1192,324,2,192521,11936,2681,2331,1192,2680,2329,1159,98,100,0,500,2710;
@400000005e1d74581fd7b7a3 #d,-,18,2683,2330,1162,325,2,192521,11936,2683,2331,1193,2680,2328,1154,97,100,0,500,2739;
@400000005e1d745a1fe78ae4 #d,-,18,2683,2330,1161,326,2,192519,11936,2683,2330,1162,2683,2328,1159,99,100,0,500,2707;
@400000005e1d745a1ff2024e #d,-,18,2682,2329,1160,326,2,192518,11936,2683,2331,1162,2682,2329,1160,98,100,0,500,2712;
@400000005e1d745c200222dc #d,-,18,2681,2329,1161,327,2,192517,11936,2682,2330,1165,2681,2322,1159,99,100,0,500,2708;
@400000005e1d745c200c7f44 #d,-,18,2681,2331,1187,328,2,192518,11936,2681,2333,1187,2681,2329,1156,98,100,0,500,2710;
@400000005e1d745e20150af1 #d,-,18,2684,2330,1161,328,2,192519,11936,2684,2332,1191,2681,2330,1152,97,100,0,500,2742;
@400000005e1d745e20201b18 #d,-,18,2683,2333,1160,329,2,192561,11938,2684,2333,1162,2683,2330,1158,99,100,0,500,2708;
@400000005e1d7460203010ce #d,-,18,2683,2332,1159,330,2,192559,11938,2683,2333,1160,2683,2332,1157,99,100,0,500,2710;
@400000005e1d7460203a6209 #d,-,18,2682,2333,1158,331,2,192514,11935,2683,2333,1161,2682,2331,1158,98,100,0,500,2710;
@400000005e1d746220448ef2 #d,-,18,2681,2328,1177,331,2,192514,11935,2682,2333,1177,2681,2328,1157,99,100,0,500,2707;
@400000005e1d7462204f8417 #d,-,18,2684,2329,1160,332,2,192515,11935,2684,2331,1192,2681,2327,1155,97,100,0,500,2741;
@400000005e1d746420600a28 #d,-,18,2683,2329,1161,333,2,192514,11935,2684,2330,1162,2683,2328,1159,99,100,0,500,2705;
@400000005e1d7464206a7dd9 #d,-,18,2682,2328,1160,334,2,192512,11935,2683,2330,1163,2682,2326,1159,99,100,0,500,2708;
@400000005e1d74662079c832 #d,-,18,2681,2326,1161,334,2,192553,11938,2682,2328,1162,2681,2325,1160,99,100,0,500,2708;
@400000005e1d746620840136 #d,-,18,2680,2328,1163,335,2,192551,11938,2681,2329,1163,2680,2326,1159,99,100,0,500,2707;
@400000005e1d7468208ca42c #d,-,18,2683,2328,1158,336,2,192511,11935,2683,2330,1191,2680,2328,1152,98,100,0,500,2733;
@400000005e1d74682091d083 #d,-,18,2682,2329,1159,337,2,192509,11935,2683,2330,1163,2682,2328,1158,99,100,0,500,2708;
@400000005e1d746a20a1074d #d,-,18,2681,2329,1159,337,2,192508,11935,2682,2330,1161,2681,2328,1159,99,100,0,500,2707;
@400000005e1d746a20abfb84 #d,-,18,2680,2328,1160,338,2,192548,11937,2681,2330,1161,2680,2328,1159,98,100,0,500,2708;
@400000005e1d746c20bc7668 #d,-,18,2679,2329,1159,339,2,192504,11935,2680,2331,1161,2679,2328,1159,98,100,0,500,2707;
@400000005e1d746c20c6cf16 #d,-,18,2682,2329,1154,340,2,192506,11935,2682,2331,1191,2679,2328,1152,98,100,0,500,2726;
@400000005e1d746e20d76143 #d,-,18,2681,2330,1160,340,2,192505,11935,2682,2330,1163,2681,2327,1154,98,100,0,500,2716;
@400000005e1d746e20e1c51f #d,-,18,2680,2330,1159,341,2,192503,11935,2681,2330,1161,2680,2328,1159,99,100,0,500,2707;
@400000005e1d747020ea5bf9 #d,-,18,2680,2328,1159,342,2,192543,11937,2680,2330,1162,2680,2328,1159,98,100,0,500,2708;
@400000005e1d747020f02d28 #d,-,18,2679,2327,1161,343,2,192542,11937,2680,2330,1163,2679,2326,1159,98,100,0,500,2707;
@400000005e1d747220f909dc #d,-,18,2681,2329,1154,343,2,192503,11935,2681,2329,1193,2679,2326,1154,98,100,0,500,2721;
@400000005e1d7472210379d3 #d,-,18,2681,2327,1172,344,2,192504,11935,2681,2329,1174,2681,2326,1154,98,100,0,500,2723;
@400000005e1d7474211279aa #d,-,18,2684,2326,1152,345,2,192517,11936,2684,2328,1336,2681,2325,1152,98,100,0,500,2730;
@400000005e1d7474211b1173 #d,-,18,2747,2325,1160,346,2,192513,11935,2747,2327,1171,2684,2325,1122,98,100,0,500,2790;
@400000005e1d7476212336ae #d,-,18,2678,2327,1162,346,2,192512,11935,2747,2328,1163,2678,2325,1160,98,100,0,500,2712;
@400000005e1d7476212d6bf9 #d,-,18,2679,2324,1158,347,2,192515,11935,2679,2328,1194,2678,2324,1158,98,100,0,500,2714;
@400000005e1d7478213def3f #d,-,18,2680,2325,1162,348,2,192513,11935,2680,2326,1164,2679,2324,1154,98,100,0,500,2728;
@400000005e1d747821481fe1 #d,-,18,2680,2325,1162,349,2,192512,11935,2680,2326,1163,2680,2325,1161,98,100,0,500,2710;
@400000005e1d747a2150758a #d,-,18,2679,2326,1161,349,2,192510,11935,2680,2326,1162,2679,2324,1160,98,100,0,500,2707;
@400000005e1d747a2155a955 #d,-,18,2678,2325,1162,350,2,192508,11935,2679,2326,1164,2678,2323,1161,98,100,0,500,2707;
@400000005e1d747c2165707a #d,-,18,2679,2321,1172,351,2,192512,11935,2679,2325,1195,2678,2320,1162,98,100,0,500,2708;
@400000005e1d747c21700f02 #d,-,18,2681,2322,1161,351,2,192550,11938,2681,2324,1172,2679,2320,1156,98,100,0,500,2735;
@400000005e1d747e217896f6 #d,-,18,2681,2325,1163,352,2,192508,11935,2681,2325,1164,2681,2322,1161,99,100,0,500,2708;
@400000005e1d747e217eef30 #d,-,18,2680,2323,1163,353,2,192547,11937,2681,2325,1164,2680,2323,1162,98,100,0,500,2708;
@400000005e1d7480218f243a #d,-,18,2680,2325,1164,354,2,192505,11935,2680,2325,1164,2680,2322,1162,98,100,0,500,2708;
@400000005e1d74802199a318 #d,-,18,2679,2325,1183,354,2,192508,11935,2680,2325,1194,2679,2323,1162,98,100,0,500,2708;
@400000005e1d748221a4de16 #d,-,18,2682,2325,1169,355,2,192507,11935,2682,2326,1183,2679,2324,1155,98,100,0,500,2735;
@400000005e1d748221afb391 #d,-,18,2683,2324,1168,356,2,192508,11935,2683,2326,1169,2682,2324,1167,98,100,0,500,2723;
@400000005e1d748421bfbdc4 #d,-,18,2684,2324,1165,357,2,192509,11935,2684,2326,1170,2683,2323,1165,98,100,0,500,2721;
@400000005e1d748421ca3175 #d,-,18,2684,2324,1161,357,2,192507,11935,2684,2326,1165,2684,2324,1160,98,100,0,500,2716;
@400000005e1d748621d9ec7f #d,-,18,2683,2324,1192,358,2,192509,11935,2684,2326,1192,2683,2324,1161,99,100,0,500,2707;
@400000005e1d748621e44173 #d,-,18,2685,2325,1163,359,2,192508,11935,2685,2326,1192,2683,2324,1155,98,100,0,500,2735;
@400000005e1d748821ef221b #d,-,18,2684,2325,1162,360,2,192506,11935,2685,2326,1164,2684,2324,1160,99,100,0,500,2708;
@400000005e1d748821fa2acf #d,-,18,2683,2324,1163,360,2,192505,11935,2684,2326,1164,2683,2323,1161,99,100,0,500,2708;
@400000005e1d748a2203272c #d,-,18,2682,2325,1162,361,2,192503,11935,2683,2327,1164,2682,2324,1161,99,100,0,500,2708;
@400000005e1d748a220c9d8b #d,-,18,2681,2324,1194,362,2,192505,11935,2682,2326,1194,2681,2324,1162,99,100,0,500,2707;
@400000005e1d748c22164634 #d,-,18,2684,2321,1165,363,2,192504,11935,2684,2325,1194,2681,2321,1156,97,100,0,500,2739;
@400000005e1d748c2219c08d #d,-,18,2683,2321,1164,363,2,192503,11935,2684,2323,1166,2683,2321,1163,99,100,0,500,2705;
@400000005e1d748e2225ce05 #d,-,18,2682,2323,1163,364,2,192501,11935,2683,2323,1165,2682,2320,1163,99,100,0,500,2707;
@400000005e1d748e22301f40 #d,-,18,2681,2324,1162,365,2,192500,11935,2682,2325,1164,2681,2322,1161,99,100,0,500,2707;
@400000005e1d74902240b527 #d,-,18,2680,2325,1189,366,2,192500,11935,2681,2325,1189,2680,2321,1162,99,100,0,500,2705;
@400000005e1d7490224af1e5 #d,-,18,2683,2325,1182,366,2,192502,11935,2683,2326,1195,2680,2324,1155,97,100,0,500,2741;
@400000005e1d749222597c64 #d,-,18,2687,2325,1178,367,2,192509,11935,2687,2325,1200,2683,2323,1178,97,100,0,500,2742;
@400000005e1d74922263f103 #d,-,18,2691,2324,1181,368,2,192552,11938,2691,2325,1183,2687,2321,1173,97,100,0,500,2749;
@400000005e1d749422730f96 #d,-,18,2692,2325,1165,369,2,192512,11935,2692,2325,1181,2691,2323,1161,98,100,0,500,2733;
@400000005e1d7494227d6bfe #d,-,18,2691,2325,1180,369,2,192512,11935,2692,2325,1180,2691,2323,1164,99,100,0,500,2712;
@400000005e1d749622860781 #d,-,18,2693,2326,1163,370,2,192514,11935,2693,2326,1196,2691,2323,1157,98,100,0,500,2744;
@400000005e1d7496229030b0 #d,-,18,2690,2325,1158,371,2,192511,11935,2693,2326,1163,2690,2323,1157,99,100,0,500,2703;
@400000005e1d7498229906df #d,-,18,2687,2325,1158,372,2,192508,11935,2690,2325,1159,2687,2322,1157,99,100,0,500,2698;
@400000005e1d749822a055e6 #d,-,18,2684,2324,1158,372,2,192505,11935,2687,2325,1159,2684,2322,1158,99,100,0,500,2696;
@400000005e1d749a22b0ff5b #d,-,18,2682,2325,1161,373,2,192502,11935,2684,2325,1161,2682,2322,1158,99,100,0,500,2698;
@400000005e1d749a22bb6336 #d,-,18,2684,2324,1155,374,2,192503,11935,2684,2325,1190,2682,2323,1150,98,100,0,500,2723;
@400000005e1d749c22c4212e #d,-,18,2680,2323,1158,374,2,192500,11935,2684,2325,1160,2680,2323,1155,99,100,0,500,2698;
@400000005e1d749c22ce2ba1 #d,-,18,2679,2325,1157,375,2,192497,11934,2680,2326,1159,2679,2323,1157,99,100,0,500,2698;
@400000005e1d749e22d864a5 #d,-,18,2677,2325,1158,376,2,192494,11934,2679,2326,1160,2677,2323,1156,99,100,0,500,2694;
@400000005e1d749e22e2a60b #d,-,18,2675,2323,1158,377,2,192491,11934,2677,2326,1159,2675,2323,1157,99,100,0,500,2696;
@400000005e1d74a022f274a4 #d,-,18,2677,2322,1152,377,2,192492,11934,2677,2324,1191,2675,2322,1151,98,100,0,500,2716;
@400000005e1d74a022fd69c9 #d,-,18,2675,2323,1158,378,2,192488,11934,2677,2325,1160,2675,2322,1152,98,100,0,500,2707;
@400000005e1d74a22306a0d3 #d,-,18,2674,2325,1157,379,2,192485,11934,2675,2325,1159,2674,2322,1157,99,100,0,500,2694;
@400000005e1d74a2230f28c7 #d,-,18,2672,2325,1159,380,2,192482,11933,2674,2325,1159,2672,2322,1157,99,100,0,500,2696;
@400000005e1d74a4231f93d6 #d,-,18,2671,2327,1157,380,2,192479,11933,2672,2327,1159,2671,2323,1156,99,100,0,500,2696;
@400000005e1d74a4232a03cd #d,-,18,2673,2327,1150,381,2,192518,11936,2673,2328,1187,2671,2325,1150,98,100,0,500,2708;
@400000005e1d74a6233a9240 #d,-,18,2673,2324,1156,382,2,192477,11933,2673,2328,1161,2673,2323,1150,98,100,0,500,2714;
@400000005e1d74a62345197f #d,-,18,2672,2324,1158,383,2,192475,11933,2673,2326,1159,2672,2323,1156,99,100,0,500,2698;
@400000005e1d74a823558848 #d,-,18,2671,2323,1158,383,2,192471,11933,2672,2325,1159,2671,2323,1157,98,100,0,500,2698;
@400000005e1d74a8235fcd67 #d,-,18,2670,2322,1159,384,2,192506,11935,2671,2324,1159,2670,2322,1157,99,100,0,500,2696;
@400000005e1d74aa236fedf5 #d,-,18,2670,2325,1157,385,2,192470,11933,2670,2325,1191,2670,2321,1157,98,100,0,500,2701;
@400000005e1d74aa237abbfc #d,-,18,2672,2325,1157,386,2,192467,11932,2672,2325,1161,2670,2323,1152,98,100,0,500,2721;
@400000005e1d74ac238af3d2 #d,-,18,2671,2325,1159,386,2,192464,11932,2672,2325,1159,2671,2323,1156,98,100,0,500,2698;
@400000005e1d74ac23958ae7 #d,-,18,2671,2324,1158,387,2,192461,11932,2671,2325,1159,2671,2323,1156,98,100,0,500,2698;
@400000005e1d74ae23a12b68 #d,-,18,2671,2325,1169,388,2,192462,11932,2671,2325,1171,2671,2323,1158,98,100,0,500,2708;
@400000005e1d74ae23a7e2a1 #d,-,18,2747,2324,1171,389,2,192471,11933,2747,2325,1258,2671,2323,1169,99,100,0,500,2769;
@400000005e1d74b023b3ffef #d,-,18,2680,2326,1157,389,2,192468,11933,2747,2327,1171,2680,2324,1153,98,100,0,500,2724;
@400000005e1d74b023be7fbb #d,-,18,2678,2324,1157,390,2,192466,11932,2680,2326,1159,2678,2324,1157,99,100,0,500,2700;
@400000005e1d74b223ce520d #d,-,18,2676,2325,1157,391,2,192499,11934,2678,2326,1159,2676,2324,1157,99,100,0,500,2698;
@400000005e1d74b223d88ecb #d,-,18,2675,2325,1157,391,2,192460,11932,2676,2327,1158,2675,2325,1156,99,100,0,500,2698;
@400000005e1d74b423e2fec2 #d,-,18,2673,2327,1183,392,2,192461,11932,2675,2327,1188,2673,2325,1157,99,100,0,500,2696;
@400000005e1d74b423ede058 #d,-,18,2675,2327,1157,393,2,192494,11934,2675,2327,1183,2673,2324,1149,98,100,0,501,2723;
@400000005e1d74b623fa8e01 #d,-,18,2674,2328,1157,394,2,192455,11932,2675,2328,1158,2674,2324,1156,99,100,0,501,2694;
@400000005e1d74b62404cf67 #d,-,18,2672,2328,1157,394,2,192451,11932,2674,2328,1159,2672,2326,1155,99,100,0,501,2696;
@400000005e1d74b8240fa89b #d,-,18,2671,2326,1157,395,2,192448,11931,2672,2328,1158,2671,2325,1156,99,100,0,501,2694;
@400000005e1d74b8241ab508 #d,-,18,2670,2326,1189,396,2,192449,11931,2671,2327,1189,2670,2324,1157,99,100,0,501,2694;
@400000005e1d74ba2424fde2 #d,-,18,2673,2325,1159,397,2,192446,11931,2673,2326,1189,2670,2324,1151,98,100,0,501,2726;
@400000005e1d74ba242ff5d2 #d,-,18,2672,2326,1158,397,2,192479,11933,2673,2326,1159,2672,2323,1157,99,100,0,501,2696;
@400000005e1d74bc243efa51 #d,-,18,2671,2325,1157,398,2,192440,11931,2672,2326,1159,2671,2323,1156,99,100,0,501,2696;
@400000005e1d74bc24496e02 #d,-,18,2670,2323,1158,399,2,192438,11931,2671,2325,1160,2670,2322,1157,99,100,0,501,2696;
@400000005e1d74be24593c9b #d,-,18,2669,2324,1189,400,2,192437,11931,2670,2324,1189,2669,2322,1158,98,100,0,501,2696;
@400000005e1d74be2463759f #d,-,18,2672,2323,1161,400,2,192436,11931,2672,2324,1192,2669,2321,1152,97,100,0,501,2730;
@400000005e1d74c024738eb9 #d,-,18,2671,2323,1159,401,2,192434,11930,2672,2324,1161,2671,2321,1159,99,100,0,501,2694;
@400000005e1d74c0247e8f0b #d,-,18,2670,2324,1158,402,2,192431,11930,2671,2324,1161,2670,2322,1157,98,100,0,501,2698;
@400000005e1d74c2248de0d8 #d,-,18,2669,2322,1159,403,2,192464,11932,2670,2324,1160,2669,2321,1158,98,100,0,501,2696;
@400000005e1d74c22498645d #d,-,18,2669,2322,1181,403,2,192427,11930,2669,2323,1181,2669,2321,1159,98,100,0,501,2700;
@400000005e1d74c424a7d98e #d,-,18,2673,2325,1160,404,2,192427,11930,2673,2325,1192,2669,2321,1152,97,100,0,501,2728;
@400000005e1d74c424b2595a #d,-,18,2671,2324,1159,405,2,192424,11930,2673,2325,1161,2671,2323,1158,99,100,0,501,2696;
@400000005e1d74c624bb1752 #d,-,18,2671,2323,1159,406,2,192457,11932,2671,2325,1160,2671,2323,1158,98,100,0,501,2700;
@400000005e1d74c624c50a7d #d,-,18,2670,2326,1158,406,2,192420,11930,2671,2326,1161,2670,2323,1158,98,100,0,501,2698;
@400000005e1d74c824d352dc #d,-,18,2669,2323,1165,407,2,192417,11929,2670,2326,1165,2669,2323,1158,98,100,0,501,2698;
@400000005e1d74c824dd837e #d,-,18,2673,2323,1159,408,2,192418,11929,2673,2325,1192,2669,2323,1152,98,100,0,501,2726;
@400000005e1d74ca24ed9525 #d,-,18,2671,2325,1157,408,2,192416,11929,2673,2325,1161,2671,2321,1157,98,100,0,501,2700;
@400000005e1d74ca24f88e04 #d,-,18,2671,2322,1160,409,2,192413,11929,2671,2325,1160,2671,2322,1157,99,100,0,501,2696;
@400000005e1d74cc25011d6b #d,-,18,2670,2325,1158,410,2,192411,11929,2671,2325,1161,2670,2322,1158,99,100,0,501,2696;
@400000005e1d74cc250ad9a3 #d,-,18,2669,2323,1159,411,2,192408,11929,2670,2325,1160,2669,2322,1158,98,100,0,501,2698;
@400000005e1d74ce25138052 #d,-,18,2672,2325,1154,411,2,192409,11929,2672,2325,1192,2669,2322,1151,98,100,0,501,2719;
@400000005e1d74ce25199b14 #d,-,18,2671,2325,1158,412,2,192406,11929,2672,2325,1161,2671,2323,1154,98,100,0,501,2703;
@400000005e1d74d0252225d3 #d,-,18,2670,2325,1157,413,2,192438,11931,2671,2327,1161,2670,2323,1157,98,100,0,501,2698;
@400000005e1d74d025277d02 #d,-,18,2669,2330,1156,414,2,192401,11928,2670,2330,1159,2669,2324,1155,98,100,0,501,2698;
@400000005e1d74d22532d7aa #d,-,18,2669,2328,1157,414,2,192399,11928,2669,2330,1160,2669,2326,1155,98,100,0,501,2698;
@400000005e1d74d2253e4139 #d,-,18,2671,2329,1150,415,2,192400,11928,2671,2330,1189,2669,2327,1150,98,100,0,501,2712;
@400000005e1d74d4254d50e6 #d,-,18,2671,2327,1155,416,2,192431,11930,2671,2329,1159,2671,2326,1150,98,100,0,501,2710;
@400000005e1d74d425579606 #d,-,18,2670,2327,1156,417,2,192394,11928,2671,2328,1158,2670,2325,1155,98,100,0,501,2698;
@400000005e1d74d62566e05f #d,-,18,2669,2327,1158,417,2,192391,11928,2670,2328,1158,2669,2324,1156,99,100,0,501,2694;
@400000005e1d74d62571c87a #d,-,18,2668,2326,1156,418,2,192389,11928,2669,2327,1158,2668,2325,1156,98,100,0,501,2698;
@400000005e1d74d8257aece4 #d,-,18,2669,2329,1151,419,2,192390,11928,2669,2329,1188,2668,2326,1151,98,100,0,501,2703;
@400000005e1d74d82585706a #d,-,18,2671,2330,1155,420,2,192387,11928,2671,2330,1158,2669,2327,1149,98,100,0,501,2717;
@400000005e1d74da258d635a #d,-,18,2670,2328,1156,420,2,192384,11927,2671,2330,1157,2670,2328,1155,99,100,0,501,2696;
@400000005e1d74da2592a6fa #d,-,18,2669,2331,1154,421,2,192416,11929,2670,2331,1157,2669,2327,1154,98,100,0,501,2696;
@400000005e1d74dc25a2a512 #d,-,18,2668,2330,1156,422,2,192379,11927,2669,2331,1156,2668,2329,1154,98,100,0,501,2696;
@400000005e1d74dc25ada564 #d,-,18,2668,2331,1160,423,2,192380,11927,2668,2331,1187,2668,2329,1155,98,100,0,501,2698;
@400000005e1d74de25bdc9ab #d,-,18,2670,2331,1154,423,2,192411,11929,2670,2331,1160,2668,2329,1148,98,100,0,501,2723;
@400000005e1d74de25c83d5b #d,-,18,2670,2329,1155,424,2,192408,11929,2670,2331,1156,2670,2328,1154,99,100,0,501,2696;
@400000005e1d74e025d0ccc2 #d,-,18,2669,2328,1156,425,2,192372,11927,2670,2330,1157,2669,2327,1155,98,100,0,501,2696;
@400000005e1d74e025d70ae9 #d,-,18,2668,2330,1155,425,2,192369,11926,2669,2330,1157,2668,2327,1155,98,100,0,501,2698;
@400000005e1d74e225e76269 #d,-,18,2667,2331,1175,426,2,192404,11929,2668,2332,1187,2667,2329,1155,98,100,0,500,2696;
@400000005e1d74e225f1c28b #d,-,18,2670,2330,1155,427,2,192368,11926,2670,2331,1175,2667,2328,1149,98,100,0,500,2724;
@400000005e1d74e42601ad14 #d,-,18,2669,2329,1155,428,2,192366,11926,2670,2331,1157,2669,2329,1154,98,100,0,500,2698;
@400000005e1d74e4260be25f #d,-,18,2669,2328,1155,428,2,192363,11926,2669,2330,1158,2669,2328,1155,98,100,0,500,2696;
@400000005e1d74e62616da4f #d,-,18,2668,2329,1156,429,2,192360,11926,2669,2330,1158,2668,2327,1155,98,100,0,500,2698;
@400000005e1d74e62621c358 #d,-,18,2668,2329,1187,430,2,192395,11928,2668,2329,1188,2668,2325,1154,98,100,0,500,2698;
@400000005e1d74e8262aad15 #d,-,18,2671,2327,1173,431,2,192361,11926,2671,2329,1187,2668,2323,1150,97,100,0,500,2726;
@400000005e1d74e82630a82e #d,-,18,2676,2326,1157,431,2,192373,11927,2676,2328,1314,2671,2324,1157,97,100,0,500,2739;
@400000005e1d74ea263a398e #d,-,18,2737,2326,1162,432,2,192370,11926,2737,2327,1167,2676,2324,1122,98,100,0,500,2778;
@400000005e1d74ea2644d45d #d,-,18,2677,2324,1161,433,2,192402,11928,2737,2326,1166,2677,2324,1161,98,100,0,500,2710;
@400000005e1d74ec264fe83d #d,-,18,2676,2323,1195,434,2,192370,11926,2677,2326,1195,2676,2323,1161,98,100,0,500,2707;
@400000005e1d74ec265a1d88 #d,-,18,2679,2325,1163,434,2,192370,11926,2679,2326,1195,2676,2323,1155,97,100,0,501,2737;
@400000005e1d74ee26659332 #d,-,18,2679,2327,1162,435,2,192369,11926,2679,2327,1164,2679,2324,1162,99,100,0,501,2705;
@400000005e1d74ee267068ad #d,-,18,2678,2325,1162,436,2,192400,11928,2679,2327,1163,2678,2324,1161,98,100,0,501,2707;
@400000005e1d74f026792a5e #d,-,18,2678,2325,1163,437,2,192366,11926,2678,2327,1163,2678,2325,1162,98,100,0,501,2708;
@400000005e1d74f02682eef8 #d,-,18,2677,2327,1187,437,2,192366,11926,2678,2328,1187,2677,2325,1160,98,100,0,501,2707;
@400000005e1d74f2268be029 #d,-,18,2681,2324,1163,438,2,192367,11926,2681,2328,1193,2677,2324,1154,97,100,0,501,2739;
@400000005e1d74f226915e75 #d,-,18,2679,2328,1160,439,2,192366,11926,2681,2328,1164,2679,2324,1160,99,100,0,501,2703;
@400000005e1d74f4269a279a #d,-,18,2679,2326,1162,440,2,192365,11926,2679,2328,1163,2679,2325,1160,98,100,0,501,2707;
@400000005e1d74f4269fae48 #d,-,18,2678,2325,1163,440,2,192364,11926,2679,2326,1164,2678,2324,1161,98,100,0,501,2707;
@400000005e1d74f626b05049 #d,-,18,2678,2325,1176,441,2,192363,11926,2678,2326,1176,2678,2323,1161,98,100,0,501,2707;
@400000005e1d74f626baacb2 #d,-,18,2681,2323,1164,442,2,192365,11926,2681,2325,1195,2678,2322,1157,97,100,0,501,2737;
@400000005e1d74f826c4f49c #d,-,18,2680,2323,1163,443,2,192364,11926,2681,2324,1166,2680,2322,1163,99,100,0,501,2707;
@400000005e1d74f826cfdda6 #d,-,18,2679,2324,1164,443,2,192362,11926,2680,2325,1165,2679,2322,1162,98,100,0,500,2707;
@400000005e1d74fa26da64e5 #d,-,18,2679,2324,1164,444,2,192394,11928,2679,2324,1165,2679,2321,1163,98,100,0,500,2710;
@400000005e1d74fa26e4a64b #d,-,18,2678,2323,1165,445,2,192361,11926,2679,2324,1165,2678,2321,1163,98,100,0,500,2707;
@400000005e1d74fc26ee6283 #d,-,18,2681,2324,1161,445,2,192362,11926,2681,2325,1194,2678,2322,1156,98,100,0,501,2733;
@400000005e1d74fc26f9b4ca #d,-,18,2680,2325,1162,446,2,192394,11928,2681,2326,1166,2680,2323,1161,98,100,0,500,2710;
@400000005e1d74fe270a4ab0 #d,-,18,2680,2324,1163,447,2,192393,11928,2680,2325,1165,2680,2323,1162,98,100,0,500,2708;
@400000005e1d74fe2714baa7 #d,-,18,2679,2324,1164,448,2,192360,11926,2680,2325,1165,2679,2323,1162,98,100,0,500,2710;
@400000005e1d7500271d9490 #d,-,18,2679,2326,1163,448,2,192359,11926,2679,2326,1164,2679,2324,1162,98,100,0,501,2708;
@400000005e1d7500272466ca #d,-,18,2682,2326,1156,449,2,192361,11926,2682,2328,1193,2679,2325,1155,98,100,0,501,2728;
@400000005e1d7502272d0606 #d,-,18,2681,2327,1162,450,2,192360,11926,2682,2328,1165,2681,2325,1156,98,100,0,501,2717;
@400000005e1d750227371ba7 #d,-,18,2681,2329,1162,451,2,192359,11926,2681,2329,1163,2681,2326,1161,98,100,0,501,2710;
@400000005e1d750427448570 #d,-,18,2680,2326,1162,451,2,192358,11926,2681,2329,1163,2680,2326,1161,98,100,0,501,2708;
@400000005e1d7504274ec5e8 #d,-,18,2679,2327,1163,452,2,192389,11928,2680,2328,1163,2679,2325,1161,98,100,0,501,2707;
@400000005e1d7506275cebd1 #d,-,18,2681,2325,1154,453,2,192360,11926,2681,2327,1195,2679,2324,1154,98,100,0,501,2721;
@400000005e1d75062767ec23 #d,-,18,2682,2327,1162,454,2,192359,11926,2682,2327,1163,2681,2325,1154,98,100,0,501,2723;
@400000005e1d750827739b8c #d,-,18,2681,2325,1161,454,2,192357,11926,2682,2327,1164,2681,2325,1160,99,100,0,501,2708;
@400000005e1d7508277dc963 #d,-,18,2680,2327,1172,455,2,192357,11926,2681,2327,1172,2680,2325,1161,99,100,0,501,2707;
@400000005e1d750a278abdd3 #d,-,18,2684,2325,1184,456,2,192363,11926,2684,2327,1196,2680,2325,1172,97,100,0,501,2741;
@400000005e1d750a2795aa96 #d,-,18,2735,2327,1181,457,2,192371,11927,2735,2327,1214,2684,2324,1181,98,100,0,501,2767;
Lost connection at /opt/powertools/bin/wattsup1 line 220.
	main::failure('Lost connection') called at /opt/powertools/bin/wattsup1 line 271
	main::recv_msg() called at /opt/powertools/bin/wattsup1 line 504
