@400000005e70813f0a382e00 #v,-,8,1,65178,5,2,4,57,200810261703,0;
@400000005e70813f34361ae9 #h,-,18,W,V,A,WH,Cost,WH/Mo,Cost/Mo,Wmax,Vmax,Amax,Wmin,Vmin,Amin,PF,DC,PC,Hz,VA;
@400000005e70813f3a4b3b99 #f,-,48,37,436,1,4803,0,0,65535,0,150,1177,177,10481,276,203,3340,13,121719,86,50084,105837,25,2629,11458,0,64,1,4686,0,0,65535,0,150,1030,182,11055,266,212,3240,13,121394,92,49362,104176,24,2613,13005,0,71;
@400000005e7081413a63a1fa #d,-,18,2746,2375,1162,1,0,193873,12020,2750,2375,1165,2746,2373,1162,99,100,0,501,2767;
@400000005e7081433a75ba60 #d,-,18,2744,2373,1162,2,0,201040,12464,2746,2375,1164,2744,2372,1162,99,100,0,501,2765;
@400000005e7081433a8041a0 #d,-,18,2742,2374,1182,3,0,194957,12087,2744,2375,1182,2742,2372,1162,99,100,0,501,2765;
@400000005e7081453a90d013 #d,-,18,2745,2373,1162,3,0,195435,12117,2745,2375,1196,2742,2372,1155,98,100,0,501,2797;
@400000005e7081453a9b28c1 #d,-,18,2743,2373,1161,4,0,195472,12119,2745,2375,1164,2743,2373,1161,99,100,0,501,2762;
@400000005e7081473aab87b5 #d,-,18,2741,2375,1162,5,0,198323,12296,2743,2375,1164,2741,2372,1161,99,100,0,501,2765;
@400000005e7081473ab5f3f2 #d,-,18,2740,2374,1163,6,0,195533,12123,2741,2375,1163,2740,2373,1161,99,100,0,501,2764;
@400000005e7081493ac6cce6 #d,-,18,2739,2373,1169,6,0,195595,12126,2740,2375,1169,2739,2373,1160,99,100,0,501,2765;
@400000005e7081493ad105eb #d,-,18,2742,2374,1162,7,0,197741,12259,2742,2374,1194,2739,2372,1156,98,100,0,501,2794;
@400000005e70814b3ae04f56 #d,-,18,2740,2374,1164,8,0,195782,12138,2742,2375,1165,2740,2372,1161,99,100,0,501,2764;
@400000005e70814b3aeb1141 #d,-,18,2739,2376,1161,9,0,195781,12138,2740,2376,1164,2739,2373,1161,99,100,0,501,2765;
@400000005e70814d3afd51b3 #d,-,18,2737,2373,1206,9,0,195880,12144,2739,2376,1206,2737,2373,1160,99,100,0,501,2762;
@400000005e70814d3b0b6a93 #d,-,18,2820,2374,1194,10,0,196425,12178,2820,2375,1231,2737,2372,1194,99,100,0,501,2844;
@400000005e70814f3b1ba711 #d,-,18,2821,2375,1179,11,0,196812,12202,2821,2375,1219,2820,2373,1175,98,100,0,501,2865;
@400000005e70814f3b261ac2 #d,-,18,2768,2373,1081,12,0,196290,12170,2821,2376,1196,2768,2372,1055,98,100,0,501,2822;
@400000005e7081513b32f077 #d,-,18,2573,2374,1190,12,0,196247,12167,2768,2375,1205,2573,2371,1081,99,100,0,501,2596;
@400000005e7081513b3aee94 #d,-,18,2713,2375,1142,13,0,195730,12135,2713,2376,1191,2573,2373,1055,97,100,0,501,2774;
@400000005e7081533b49cbf7 #d,-,18,2650,2373,1081,14,0,195245,12105,2713,2376,1180,2650,2373,1060,99,100,0,501,2669;
@400000005e7081533b54285f #d,-,18,2541,2375,1074,15,0,194662,12069,2650,2376,1111,2541,2372,1073,98,100,0,501,2584;
@400000005e7081553b5d9a15 #d,-,18,2547,2374,1098,15,0,194525,12060,2547,2376,1221,2541,2374,1074,97,100,0,501,2611;
@400000005e7081553b62d9fb #d,-,18,2991,2375,1231,16,0,195801,12139,2991,2375,1421,2547,2371,1098,99,100,0,501,2999;
@400000005e7081573b6e0524 #d,-,18,2887,2373,1239,17,0,197089,12219,2991,2376,1239,2887,2373,1188,97,100,0,501,2947;
@400000005e7081573b742ece #d,-,18,2891,2376,1238,18,0,196832,12203,2891,2376,1253,2887,2373,1238,97,100,0,501,2951;
@400000005e7081593b7e3941 #d,-,18,2896,2375,1217,19,0,197312,12233,2896,2376,1267,2891,2371,1217,98,100,0,501,2954;
@400000005e7081593b846792 #d,-,18,2895,2375,1215,19,0,198390,12300,2896,2375,1226,2895,2373,1215,98,100,0,501,2933;
@400000005e70815b3b9261b6 #d,-,18,2891,2374,1214,20,0,197893,12269,2895,2375,1219,2891,2372,1211,99,100,0,501,2894;
@400000005e70815c00000000 #d,-,18,2885,2375,1214,21,0,198118,12283,2891,2376,1214,2885,2374,1203,100,100,0,501,2885;
@400000005e70815e00130317 #d,-,18,2881,2373,1417,22,0,198756,12322,2885,2376,1424,2881,2373,1204,100,100,0,501,2881;
@400000005e70815e0021183d #d,-,18,3114,2373,1208,23,0,199864,12391,3114,2376,1417,2881,2373,1208,99,100,0,501,3136;
@400000005e708160002f41e1 #d,-,18,2823,2375,1160,23,0,199034,12340,3114,2376,1208,2823,2373,1107,97,100,0,501,2885;
@400000005e70816000375fa9 #d,-,18,2683,2374,1212,24,0,199084,12343,2823,2376,1233,2683,2373,1126,99,100,0,501,2705;
@400000005e708162004507d8 #d,-,18,2767,2376,1118,25,0,198781,12324,2767,2376,1212,2683,2373,1093,98,100,0,501,2819;
@400000005e708162004f0276 #d,-,18,2627,2375,1173,26,0,198734,12321,2767,2376,1248,2627,2373,1104,99,100,0,501,2648;
@400000005e708164005f32d9 #d,-,18,2800,2376,1111,26,0,198554,12310,2800,2376,1213,2627,2374,1107,99,100,0,501,2824;
@400000005e708164006ac82e #d,-,18,2720,2374,1084,27,0,198357,12298,2800,2376,1230,2720,2373,1073,98,100,0,501,2765;
@400000005e70816600755f42 #d,-,18,2543,2376,1089,28,0,197940,12272,2720,2376,1090,2543,2373,1084,97,100,0,501,2595;
@400000005e708166007c53f2 #d,-,18,2893,2374,1189,29,0,198562,12310,2893,2376,1423,2543,2372,1089,100,100,0,501,2893;
@400000005e708168008986c9 #d,-,18,2890,2376,1201,29,0,198660,12316,2893,2376,1226,2890,2374,1152,98,100,0,501,2943;
@400000005e708168009179ba #d,-,18,2886,2374,1225,30,0,199374,12361,2890,2376,1250,2886,2373,1200,99,100,0,501,2890;
@400000005e70816a009da7cb #d,-,18,2885,2375,1199,31,0,198980,12336,2886,2376,1225,2885,2374,1199,99,100,0,501,2908;
@400000005e70816a00a5872d #d,-,18,2826,2374,1194,32,0,199058,12341,2885,2376,1206,2826,2373,1192,98,100,0,501,2858;
@400000005e70816c00b00ab3 #d,-,18,2823,2374,1150,33,0,199007,12338,2826,2376,1212,2823,2373,1121,99,100,0,501,2849;
@400000005e70816c00b68a0a #d,-,18,2618,2374,1093,33,0,198651,12316,2823,2375,1150,2618,2372,1076,98,100,0,501,2671;
@400000005e70816e00be1004 #d,-,18,2707,2373,1230,34,0,198782,12324,2707,2375,1233,2618,2372,1093,99,100,0,501,2714;
@400000005e70816e00c1ec26 #d,-,18,2982,2375,1260,35,0,199308,12357,2982,2375,1423,2707,2371,1221,100,100,0,501,2982;
@400000005e70817000cf275e #d,-,18,2926,2373,1052,36,0,199139,12346,2982,2375,1260,2926,2371,1052,96,100,0,501,3022;
@400000005e70817000d82002 #d,-,18,2474,2372,1112,36,0,198583,12312,2926,2376,1112,2474,2372,989,97,100,0,501,2536;
@400000005e70817200e848f2 #d,-,18,2603,2375,1200,37,0,198554,12310,2603,2375,1200,2474,2372,1112,99,100,0,501,2612;
@400000005e70817200f291cb #d,-,18,2768,2374,1196,38,0,198948,12334,2768,2375,1202,2603,2370,1160,98,100,0,500,2799;
@400000005e708174010268c6 #d,-,18,2768,2374,1170,39,0,198532,12309,2768,2375,1198,2768,2372,1162,98,100,0,500,2801;
@400000005e708174010d41fa #d,-,18,2765,2373,1166,39,0,198494,12306,2768,2375,1171,2765,2373,1165,99,100,0,501,2776;
@400000005e708176011db836 #d,-,18,2761,2373,1166,40,0,198457,12304,2765,2376,1170,2761,2372,1166,99,100,0,501,2774;
@400000005e70817601285b66 #d,-,18,2759,2376,1164,41,0,198419,12302,2761,2376,1167,2759,2372,1164,99,100,0,501,2774;
@400000005e7081780138f14c #d,-,18,2757,2374,1186,42,0,198396,12300,2759,2376,1186,2757,2373,1164,99,100,0,501,2776;
@400000005e7081780143516e #d,-,18,2758,2376,1166,42,0,198737,12321,2758,2376,1197,2757,2374,1158,98,100,0,501,2805;
@400000005e70817a0153f370 #d,-,18,2756,2373,1167,43,0,198346,12297,2758,2376,1168,2756,2371,1164,99,100,0,501,2769;
@400000005e70817a015e33e7 #d,-,18,2754,2373,1166,44,0,198313,12295,2756,2375,1169,2754,2370,1165,99,100,0,501,2774;
@400000005e70817c016e35b9 #d,-,18,2751,2373,1166,45,0,198279,12293,2754,2374,1167,2751,2372,1165,99,100,0,501,2771;
@400000005e70817c01791395 #d,-,18,2750,2371,1173,45,0,198582,12312,2751,2373,1173,2750,2371,1165,99,100,0,501,2773;
@400000005e70817e01895efa #d,-,18,2753,2373,1173,46,0,198252,12291,2753,2373,1198,2750,2371,1158,98,100,0,501,2803;
@400000005e70817e01940d57 #d,-,18,2752,2372,1171,47,0,198238,12290,2753,2373,1177,2752,2371,1171,98,100,0,501,2781;
@400000005e708180019ce386 #d,-,18,2752,2373,1171,48,0,198225,12289,2752,2373,1173,2752,2370,1171,98,100,0,501,2785;
@400000005e70818001a0ea7f #d,-,18,2752,2371,1205,48,0,198224,12289,2752,2373,1205,2752,2371,1170,98,100,0,501,2785;
@400000005e70818201aeffa5 #d,-,18,2853,2373,1230,49,0,198376,12299,2853,2373,1250,2752,2371,1205,99,100,0,501,2872;
@400000005e70818201b919ee #d,-,18,2910,2371,1201,50,0,198801,12325,2910,2373,1253,2853,2370,1199,99,100,0,501,2938;
@400000005e70818401c48f98 #d,-,18,2830,2373,1225,51,0,198585,12312,2910,2373,1225,2830,2371,1201,98,100,0,501,2870;
@400000005e70818401cb1b0b #d,-,18,2835,2371,1216,52,0,198695,12319,2835,2373,1232,2830,2371,1216,97,100,0,501,2904;
@400000005e70818601d71d57 #d,-,18,2838,2371,1220,52,0,198780,12324,2838,2373,1220,2835,2371,1212,98,100,0,501,2890;
@400000005e70818601df895a #d,-,18,2840,2373,1214,53,0,198866,12329,2840,2373,1220,2838,2370,1214,98,100,0,501,2888;
@400000005e70818801ec00ff #d,-,18,2846,2370,1396,54,0,199198,12350,2846,2373,1429,2840,2370,1212,98,100,0,501,2904;
@400000005e70818801f3b589 #d,-,18,3147,2372,1248,55,0,199377,12361,3147,2372,1396,2846,2369,1223,98,100,0,501,3185;
@400000005e70818a01fe7775 #d,-,18,2916,2370,1250,56,0,199793,12387,3147,2373,1250,2916,2369,1241,99,100,0,501,2943;
@400000005e70818a0204b59b #d,-,18,2918,2370,1241,56,0,199658,12378,2918,2373,1251,2916,2370,1241,98,100,0,501,2963;
@400000005e70818c020ec782 #d,-,18,2917,2370,1237,57,0,199785,12386,2918,2373,1247,2917,2368,1237,98,100,0,501,2949;
@400000005e70818c02168380 #d,-,18,2921,2372,1246,58,0,199957,12397,2921,2372,1286,2917,2369,1237,98,100,0,501,2965;
@400000005e70818e0220929b #d,-,18,2926,2368,1232,59,0,200084,12405,2926,2372,1259,2921,2368,1229,97,100,0,501,2997;
@400000005e70818e0226766b #d,-,18,2926,2371,1342,60,0,200397,12424,2926,2371,1444,2926,2368,1232,99,100,0,501,2945;
@400000005e708190022f6f0f #d,-,18,3119,2369,1244,61,0,200778,12448,3119,2372,1342,2926,2369,1223,98,100,0,501,3178;
@400000005e70819002349f20 #d,-,18,2923,2369,1239,61,0,200632,12439,3119,2371,1244,2923,2368,1239,99,100,0,501,2949;
@400000005e708192023d5d18 #d,-,18,2921,2372,1225,62,0,200746,12446,2923,2372,1272,2921,2368,1225,99,100,0,501,2942;
@400000005e70819202427d53 #d,-,18,2919,2370,1225,63,0,200806,12450,2921,2372,1231,2919,2369,1207,99,100,0,501,2938;
@400000005e7081940249ec05 #d,-,18,2914,2369,1224,64,0,200880,12454,2919,2372,1235,2914,2369,1224,99,100,0,501,2917;
@400000005e708194024ddbb5 #d,-,18,2910,2371,1235,65,0,200965,12459,2914,2371,1245,2910,2369,1221,99,100,0,501,2911;
@400000005e70819602584bac #d,-,18,2909,2369,1444,66,0,201153,12471,2910,2371,1444,2909,2369,1215,99,100,0,501,2933;
@400000005e708196025ebc1d #d,-,18,3141,2369,1251,66,0,201330,12482,3141,2371,1444,2909,2368,1234,99,100,0,501,3161;
@400000005e7081980267b96a #d,-,18,2913,2371,1241,67,0,201416,12487,3141,2371,1251,2913,2368,1227,98,100,0,501,2951;
@400000005e708198026ce97a #d,-,18,2912,2369,1174,68,0,201421,12488,2913,2371,1241,2912,2369,1136,98,100,0,501,2943;
@400000005e70819a027587c8 #d,-,18,2809,2369,1223,69,0,201478,12491,2912,2371,1234,2809,2369,1174,98,100,0,501,2846;
@400000005e70819a027a9cd7 #d,-,18,2814,2371,1229,69,0,201523,12494,2814,2371,1243,2809,2368,1186,97,100,0,501,2885;
@400000005e70819c028a7efe #d,-,18,2893,2370,1242,70,0,201820,12512,2893,2371,1254,2814,2368,1224,99,100,0,501,2920;
@400000005e70819c02956808 #d,-,18,2893,2371,1240,71,0,201640,12501,2893,2372,1242,2893,2369,1211,98,100,0,501,2929;
@400000005e70819e02a69a64 #d,-,18,3092,2372,1178,72,0,201876,12516,3092,2372,1434,2893,2369,1178,99,100,0,501,3093;
@400000005e70819e02b164b2 #d,-,18,2786,2371,1042,73,0,201940,12520,3092,2372,1178,2786,2370,1042,97,100,0,501,2867;
@400000005e7081a002bc7031 #d,-,18,2532,2373,1149,73,0,201569,12497,2786,2373,1178,2532,2370,1024,98,100,0,501,2575;
@400000005e7081a002c72336 #d,-,18,2714,2371,1233,74,0,201533,12495,2714,2373,1233,2532,2370,1142,98,100,0,501,2742;
@400000005e7081a202d315ac #d,-,18,2792,2369,1159,75,0,201475,12491,2792,2372,1233,2714,2369,1150,98,100,0,501,2828;
@400000005e7081a202ddd798 #d,-,18,2728,2370,1162,76,0,201421,12488,2792,2372,1172,2728,2369,1158,98,100,0,501,2757;
@400000005e7081a402ed4bda #d,-,18,2728,2370,1167,76,0,201365,12484,2728,2372,1168,2728,2368,1162,98,100,0,501,2765;
@400000005e7081a402f7a0cf #d,-,18,2729,2370,1166,77,0,201310,12481,2729,2372,1168,2728,2369,1163,98,100,0,501,2769;
@400000005e7081a603060077 #d,-,18,2729,2371,1193,78,0,201267,12478,2729,2372,1193,2729,2369,1163,98,100,0,501,2765;
@400000005e7081a60310b647 #d,-,18,2733,2365,1165,79,0,201223,12475,2733,2371,1195,2729,2365,1160,97,100,0,501,2796;
@400000005e7081a803204768 #d,-,18,2733,2369,1166,80,0,201172,12472,2733,2370,1168,2733,2362,1164,98,100,0,501,2764;
@400000005e7081a8032aaefd #d,-,18,2733,2365,1167,80,0,201121,12469,2733,2370,1168,2733,2364,1165,98,100,0,501,2765;
@400000005e7081aa0335cb40 #d,-,18,2733,2369,1165,81,0,201070,12466,2733,2370,1167,2733,2365,1165,98,100,0,501,2767;
@400000005e7081aa0340ee07 #d,-,18,2733,2368,1186,82,0,201028,12463,2733,2370,1186,2733,2367,1165,98,100,0,501,2764;
@400000005e7081ac034b5dfe #d,-,18,2736,2369,1166,83,0,201179,12473,2736,2369,1195,2733,2365,1160,97,100,0,501,2796;
@400000005e7081ac0350f392 #d,-,18,2735,2366,1165,83,0,200941,12458,2736,2369,1166,2735,2365,1164,99,100,0,501,2762;
@400000005e7081ae035f4453 #d,-,18,2736,2369,1174,84,0,200907,12456,2736,2369,1178,2735,2366,1164,98,100,0,501,2769;
@400000005e7081ae0369afa2 #d,-,18,2737,2368,1179,85,0,200874,12454,2737,2369,1179,2736,2367,1170,98,100,0,501,2785;
@400000005e7081b00378d2de #d,-,18,2792,2369,1224,86,0,201088,12467,2792,2370,1236,2737,2366,1178,99,100,0,501,2812;
@400000005e7081b00382f853 #d,-,18,2889,2367,1207,86,0,200943,12458,2889,2369,1240,2792,2367,1201,98,100,0,501,2922;
@400000005e7081b203923780 #d,-,18,2830,2368,1215,87,0,200973,12460,2889,2368,1223,2830,2366,1207,98,100,0,501,2863;
@400000005e7081b2039c97a1 #d,-,18,2832,2368,1209,88,0,200998,12461,2832,2368,1215,2830,2365,1209,98,100,0,501,2885;
@400000005e7081b403b105f0 #d,-,18,2833,2366,1211,89,0,201020,12463,2833,2368,1213,2832,2365,1209,98,100,0,501,2870;
@400000005e7081b403bedcb0 #d,-,18,2834,2368,1210,89,0,201040,12464,2834,2368,1211,2833,2366,1208,98,100,0,501,2870;
@400000005e7081b603c9d58f #d,-,18,2838,2366,1204,90,0,201247,12477,2838,2368,1239,2834,2365,1200,98,100,0,501,2892;
@400000005e7081b603cfb5a5 #d,-,18,3036,2368,1238,91,0,201280,12479,3036,2368,1439,2838,2365,1204,100,100,0,501,3036;
@400000005e7081b803d9697b #d,-,18,2923,2366,1242,92,0,201319,12481,3036,2368,1263,2923,2365,1153,97,100,0,501,2990;
@400000005e7081b803dfe9c1 #d,-,18,2923,2367,1239,93,0,201380,12485,2923,2367,1244,2923,2365,1236,98,100,0,501,2958;
@400000005e7081ba03eb015b #d,-,18,2919,2366,1229,93,0,201428,12488,2923,2368,1244,2919,2365,1225,99,100,0,501,2929;
@400000005e7081ba03f221d1 #d,-,18,2920,2367,1242,94,0,201509,12493,2920,2367,1277,2919,2365,1229,99,100,0,501,2943;
@400000005e7081bc04024ac1 #d,-,18,2920,2367,1224,95,0,201556,12496,2920,2368,1243,2920,2366,1223,98,100,0,501,2961;
@400000005e7081bc040ce949 #d,-,18,2915,2366,1240,96,0,201765,12509,2920,2368,1240,2915,2365,1224,100,100,0,501,2915;
@400000005e7081be041c797b #d,-,18,2919,2368,1349,97,0,201796,12511,2919,2368,1445,2915,2365,1240,98,100,0,501,2951;
@400000005e7081be0425fb07 #d,-,18,3101,2367,1211,98,0,201837,12513,3101,2369,1349,2919,2364,1208,98,100,0,501,3162;
@400000005e7081c0042fbaf9 #d,-,18,2764,2368,1108,98,0,201762,12509,3101,2369,1211,2764,2366,1108,98,100,0,501,2808;
@400000005e7081c004350ab4 #d,-,18,2689,2365,1112,99,0,201658,12502,2764,2369,1182,2689,2364,1091,98,100,0,501,2739;
@400000005e7081c20440f5b7 #d,-,18,2577,2368,1109,100,0,201526,12494,2689,2369,1113,2577,2364,1098,98,100,0,501,2614;
@400000005e7081c20449692e #d,-,18,2579,2367,1210,101,0,201482,12491,2579,2368,1225,2577,2366,1105,98,100,0,501,2625;
@400000005e7081c40458daa4 #d,-,18,2826,2368,1210,101,0,201638,12501,2826,2368,1210,2579,2364,1191,99,100,0,501,2846;
@400000005e7081c404638cbb #d,-,18,2825,2365,1201,102,0,201502,12493,2826,2369,1246,2825,2365,1180,99,100,0,501,2847;
@400000005e7081c6046ed01b #d,-,18,2759,2363,1400,103,0,201468,12491,2825,2368,1400,2759,2362,1072,97,100,0,501,2826;
@400000005e7081c6047632b1 #d,-,18,3015,2367,1176,104,0,201703,12505,3015,2367,1433,2759,2363,1149,99,100,0,501,3018;
@400000005e7081c804810f9f #d,-,18,2829,2366,1215,104,0,201736,12507,3015,2368,1248,2829,2364,1176,98,100,0,501,2872;
@400000005e7081c804870e70 #d,-,18,2830,2368,1210,105,0,201600,12499,2830,2368,1215,2829,2366,1209,98,100,0,501,2876;
@400000005e7081ca04926919 #d,-,18,2831,2368,1220,106,0,201624,12500,2831,2368,1234,2830,2366,1203,98,100,0,501,2869;
@400000005e7081ca0499bbd9 #d,-,18,2828,2366,1141,107,0,201743,12508,2831,2368,1221,2828,2366,1136,99,100,0,501,2842;
@400000005e7081cc04a54513 #d,-,18,2687,2367,1101,107,0,201480,12491,2828,2369,1142,2687,2366,1087,97,100,0,501,2749;
@400000005e7081cc04af014b #d,-,18,2683,2368,1206,108,0,201472,12491,2687,2369,1236,2683,2366,1098,100,100,0,501,2683;
@400000005e7081ce04b9888a #d,-,18,2833,2368,1078,109,0,201404,12487,2833,2369,1209,2683,2366,1069,98,100,0,501,2878;
@400000005e7081ce04beff63 #d,-,18,2761,2368,1272,110,0,201674,12503,2833,2368,1428,2761,2364,1078,100,100,0,501,2761;
@400000005e7081d004cc9403 #d,-,18,2941,2369,1113,111,0,201475,12491,2941,2369,1272,2761,2366,1113,96,100,0,501,3036;
@400000005e7081d004d4fc4d #d,-,18,2510,2367,1143,111,0,201300,12480,2941,2369,1143,2510,2367,1000,97,100,0,501,2568;
@400000005e7081d204e53c85 #d,-,18,2633,2369,1155,112,0,201389,12486,2633,2369,1175,2510,2367,1143,99,100,0,501,2646;
@400000005e7081d204efd2ab #d,-,18,2726,2367,1167,113,0,201370,12484,2726,2369,1209,2633,2366,1155,99,100,0,501,2749;
@400000005e7081d4050007b5 #d,-,18,2729,2368,1203,114,0,201202,12474,2729,2368,1203,2726,2366,1158,97,100,0,501,2792;
@400000005e7081d4050af832 #d,-,18,2733,2367,1166,114,0,201170,12472,2733,2368,1204,2729,2366,1160,97,100,0,501,2796;
@400000005e7081d6051bd4e0 #d,-,18,2733,2367,1166,115,0,201270,12478,2733,2368,1167,2733,2366,1166,98,100,0,501,2765;
@400000005e7081d605267adb #d,-,18,2733,2368,1165,116,0,201102,12468,2733,2368,1169,2733,2366,1165,98,100,0,501,2769;
@400000005e7081d805375789 #d,-,18,2733,2369,1166,117,0,201067,12466,2733,2369,1167,2733,2366,1165,98,100,0,501,2765;
@400000005e7081d80541cef4 #d,-,18,2733,2366,1194,117,0,201041,12464,2733,2369,1194,2733,2366,1165,98,100,0,501,2769;
@400000005e7081da0552a075 #d,-,18,2737,2368,1166,118,0,201013,12462,2737,2369,1196,2733,2365,1160,97,100,0,501,2796;
@400000005e7081da055d0450 #d,-,18,2736,2367,1166,119,0,200980,12460,2737,2369,1167,2736,2366,1166,98,100,0,501,2764;
@400000005e7081dc056e1abc #d,-,18,2735,2367,1168,120,0,200947,12458,2736,2369,1169,2735,2364,1166,98,100,0,501,2767;
@400000005e7081dc05787bcd #d,-,18,2735,2366,1166,120,0,200915,12456,2735,2369,1168,2735,2366,1165,98,100,0,501,2767;
@400000005e7081de0587c537 #d,-,18,2735,2368,1184,121,0,200886,12454,2735,2368,1184,2735,2366,1165,98,100,0,501,2765;
@400000005e7081de0592ddc0 #d,-,18,2738,2367,1166,122,0,200862,12453,2738,2369,1197,2735,2364,1160,97,100,0,501,2796;
@400000005e7081e005a256aa #d,-,18,2737,2367,1166,123,0,200832,12451,2738,2368,1168,2737,2366,1165,99,100,0,501,2762;
@400000005e7081e005acb312 #d,-,18,2738,2367,1233,123,0,200847,12452,2738,2369,1249,2737,2363,1165,98,100,0,501,2771;
@400000005e7081e205c134f0 #d,-,18,2893,2366,1207,124,0,200871,12454,2893,2369,1233,2738,2366,1207,99,100,0,501,2922;
@400000005e7081e205d00daa #d,-,18,2830,2368,1216,125,0,200882,12454,2893,2368,1216,2830,2366,1201,98,100,0,501,2867;
@400000005e7081e405e04de2 #d,-,18,2835,2368,1214,126,0,201041,12464,2835,2369,1249,2830,2366,1210,97,100,0,501,2901;
@400000005e7081e405ea9213 #d,-,18,2837,2366,1212,127,0,200937,12458,2837,2368,1216,2835,2366,1211,98,100,0,501,2883;
@400000005e7081e605f7a274 #d,-,18,2838,2368,1215,127,0,200957,12459,2838,2368,1216,2837,2366,1212,98,100,0,501,2876;
@400000005e7081e605ff2fe1 #d,-,18,2839,2367,1213,128,0,200976,12460,2839,2369,1216,2838,2367,1212,98,100,0,501,2881;
@400000005e7081e806089a25 #d,-,18,2992,2368,1274,129,0,201237,12476,2992,2368,1434,2839,2365,1211,100,100,0,501,2992;
@400000005e7081e8060dd1a9 #d,-,18,2995,2366,1207,130,0,201152,12471,2995,2368,1274,2992,2366,1207,96,100,0,501,3096;
@400000005e7081ea06188fdb #d,-,18,2854,2366,1205,131,0,201169,12472,2995,2367,1224,2854,2365,1205,98,100,0,501,2888;
@400000005e7081ea061f8933 #d,-,18,2851,2368,1219,131,0,201187,12473,2854,2368,1223,2851,2366,1205,99,100,0,501,2872;
@400000005e7081ec062e13b2 #d,-,18,2853,2368,1232,132,0,201335,12482,2853,2369,1236,2851,2366,1216,98,100,0,501,2890;
@400000005e7081ec06386c61 #d,-,18,2859,2368,1212,133,0,201253,12477,2859,2369,1238,2853,2366,1212,97,100,0,501,2929;
@400000005e7081ee06456bfe #d,-,18,2861,2368,1211,134,0,201281,12479,2861,2369,1243,2859,2366,1208,98,100,0,501,2910;
@400000005e7081ee064ca3bd #d,-,18,2860,2367,1329,135,0,201314,12481,2861,2368,1329,2860,2366,1210,98,100,0,501,2894;
@400000005e7081f0065798e2 #d,-,18,3105,2367,1154,135,0,201413,12487,3105,2368,1431,2860,2364,1154,99,100,0,501,3111;
@400000005e7081f0065e3f57 #d,-,18,2863,2367,1222,136,0,201445,12489,3105,2368,1255,2863,2365,1154,98,100,0,501,2915;
@400000005e7081f20668e9fa #d,-,18,2864,2368,1232,137,0,201477,12491,2864,2368,1236,2863,2365,1222,98,100,0,501,2910;
@400000005e7081f2066f915e #d,-,18,2867,2365,1208,138,0,201618,12500,2867,2368,1253,2864,2365,1208,98,100,0,501,2915;
@400000005e7081f4067c6e86 #d,-,18,2865,2367,1209,139,0,201515,12493,2867,2368,1214,2865,2364,1205,98,100,0,501,2895;
@400000005e7081f406856e9d #d,-,18,2862,2366,1207,140,0,201525,12494,2865,2368,1216,2862,2366,1207,99,100,0,501,2867;
@400000005e7081f6069600ca #d,-,18,2858,2367,1217,140,0,201536,12495,2862,2368,1217,2858,2366,1204,99,100,0,501,2869;
@400000005e7081f606a0e61a #d,-,18,2858,2367,1417,141,0,201697,12505,2858,2368,1417,2858,2363,1186,99,100,0,501,2881;
@400000005e7081f806b0dbd0 #d,-,18,3093,2366,1211,142,0,201667,12503,3093,2368,1432,2858,2365,1210,99,100,0,501,3114;
@400000005e7081f806bb30c5 #d,-,18,2862,2365,1109,143,0,201639,12501,3093,2368,1222,2862,2365,1108,98,100,0,501,2910;
@400000005e7081fa06cd9766 #d,-,18,2635,2365,1104,143,0,201670,12503,2862,2367,1148,2635,2364,1098,98,100,0,501,2687;
@400000005e7081fa06db3bdb #d,-,18,2582,2366,1217,144,0,201513,12493,2635,2368,1222,2582,2365,1104,98,100,0,501,2625;
@400000005e7081fc06eacfc8 #d,-,18,2695,2368,1087,145,0,201420,12488,2695,2368,1217,2582,2364,1061,98,100,0,501,2739;
@400000005e7081fc06f514e7 #d,-,18,2564,2367,1153,146,0,201359,12484,2695,2368,1198,2564,2365,1084,99,100,0,501,2580;
@400000005e7081fe0708082a #d,-,18,2779,2367,1152,146,0,201448,12489,2779,2368,1220,2564,2366,1108,99,100,0,500,2803;
@400000005e7081fe0717e2de #d,-,18,2669,2367,1089,147,0,201259,12478,2779,2369,1205,2669,2366,1053,97,100,0,500,2737;
@400000005e7082000724b893 #d,-,18,2526,2366,1422,148,0,201252,12477,2669,2368,1422,2526,2364,1081,98,100,0,500,2557;
@400000005e708200072be436 #d,-,18,3033,2368,1145,149,0,201277,12479,3033,2368,1422,2526,2365,1145,99,100,0,500,3047;
@400000005e708202073b6cf5 #d,-,18,2683,2368,1064,149,0,201175,12472,3033,2369,1145,2683,2366,1020,97,100,0,500,2744;
@400000005e70820207451958 #d,-,18,2457,2368,1151,150,0,201206,12474,2683,2369,1177,2457,2365,1041,98,100,0,500,2495;
@400000005e7082040755e277 #d,-,18,2710,2367,1208,151,0,201076,12466,2710,2368,1208,2457,2366,1141,99,100,0,500,2732;
@400000005e708204076069b7 #d,-,18,2776,2367,1164,152,0,201053,12465,2776,2367,1211,2710,2365,1159,98,100,0,500,2808;
@400000005e70820607705f6d #d,-,18,2770,2368,1169,152,0,201032,12464,2776,2368,1175,2770,2365,1164,100,100,0,500,2770;
@400000005e708206077b4c30 #d,-,18,2767,2368,1199,153,0,201017,12463,2770,2368,1200,2767,2366,1168,99,100,0,500,2774;
@400000005e708208078c2c98 #d,-,18,2767,2367,1169,154,0,201097,12468,2767,2369,1199,2767,2367,1162,98,100,0,500,2803;
@400000005e7082080796bc39 #d,-,18,2763,2368,1169,155,0,200974,12460,2767,2370,1170,2763,2367,1168,99,100,0,500,2774;
@400000005e70820a07a78ccc #d,-,18,2761,2370,1168,155,0,200951,12458,2763,2370,1169,2761,2367,1167,99,100,0,500,2773;
@400000005e70820a07b21051 #d,-,18,2758,2369,1168,156,0,200928,12457,2761,2370,1169,2758,2368,1166,99,100,0,500,2773;
@400000005e70820c07c2bd80 #d,-,18,2755,2367,1195,157,0,201010,12462,2758,2370,1195,2755,2367,1167,99,100,0,500,2773;
@400000005e70820c07cd215c #d,-,18,2757,2368,1169,158,0,200893,12455,2757,2370,1199,2755,2367,1162,98,100,0,500,2803;
@400000005e70820e07dd5666 #d,-,18,2754,2369,1168,158,0,200871,12454,2757,2369,1172,2754,2363,1167,99,100,0,500,2769;
@400000005e70820e07e852fe #d,-,18,2752,2366,1169,159,0,200849,12452,2754,2369,1171,2752,2365,1168,99,100,0,500,2773;
@400000005e70821007f8e52b #d,-,18,2751,2368,1167,160,0,200826,12451,2752,2369,1169,2751,2366,1167,99,100,0,500,2771;
@400000005e7082100803c98c #d,-,18,2749,2367,1186,161,0,200807,12450,2751,2370,1186,2749,2367,1166,99,100,0,501,2771;
@400000005e70821208181cd9 #d,-,18,2751,2367,1169,161,1,200791,12449,2751,2368,1198,2749,2365,1162,98,100,0,501,2801;
@400000005e7082120825c508 #d,-,18,2814,2368,1213,162,1,200915,12456,2814,2370,1247,2751,2366,1169,99,100,0,501,2833;
@400000005e70821408399f42 #d,-,18,2818,2366,1204,163,1,200924,12457,2818,2369,1213,2814,2366,1204,97,100,0,501,2888;
@400000005e70821408480a17 #d,-,18,2819,2369,1223,164,1,200845,12452,2819,2370,1225,2818,2366,1200,98,100,0,501,2858;
@400000005e708216085bb5c1 #d,-,18,2824,2369,1217,165,1,200860,12453,2824,2370,1223,2819,2367,1209,97,100,0,501,2890;
@400000005e7082160868e124 #d,-,18,2875,2368,1213,165,1,200977,12460,2875,2369,1244,2824,2366,1207,99,100,0,501,2904;
@400000005e7082180878afbd #d,-,18,2871,2370,1184,166,1,200893,12455,2875,2370,1215,2871,2368,1184,99,100,0,501,2878;
@400000005e7082180883791c #d,-,18,2711,2369,1074,167,1,200814,12450,2871,2371,1184,2711,2369,1070,98,100,0,501,2765;
@400000005e70821a088d8faa #d,-,18,2803,2368,1248,168,1,200899,12455,2803,2370,1419,2711,2367,1074,100,100,0,501,2803;
@400000005e70821a0892c72f #d,-,18,2964,2370,1213,169,1,201018,12463,2964,2370,1248,2803,2367,1213,97,100,0,501,3031;
@400000005e70821c089b94fc #d,-,18,2887,2369,1229,169,1,200956,12459,2964,2370,1243,2887,2368,1213,98,100,0,501,2920;
@400000005e70821c08a0c153 #d,-,18,2885,2368,1237,170,1,200983,12460,2887,2370,1238,2885,2368,1222,99,100,0,501,2913;
@400000005e70821e08aa4efa #d,-,18,2887,2370,1246,171,1,201014,12462,2887,2370,1246,2885,2368,1229,98,100,0,501,2924;
@400000005e70821e08aff464 #d,-,18,2891,2370,1247,172,1,201056,12465,2891,2370,1250,2887,2367,1246,98,100,0,501,2947;
@400000005e70822008bacd98 #d,-,18,2893,2369,1205,172,1,201079,12466,2893,2370,1247,2891,2367,1205,98,100,0,501,2947;
@400000005e70822008c14dde #d,-,18,2895,2369,1338,173,1,201177,12473,2895,2370,1438,2893,2367,1184,99,100,0,501,2908;
@400000005e70822208cdff40 #d,-,18,3078,2370,1241,174,1,201295,12480,3078,2370,1338,2895,2368,1189,97,100,0,501,3146;
@400000005e70822208d6aa98 #d,-,18,2896,2369,1199,175,1,201224,12475,3078,2371,1241,2896,2368,1199,99,100,0,501,2918;
@400000005e70822408e18ef9 #d,-,18,2835,2368,1169,176,1,201221,12475,2896,2370,1225,2835,2368,1153,98,100,0,501,2869;
@400000005e70822408e812f9 #d,-,18,2833,2369,1163,177,1,201232,12476,2835,2370,1229,2833,2367,1163,99,100,0,500,2856;
@400000005e70822608f3c709 #d,-,18,2782,2370,1112,177,1,201197,12474,2833,2370,1208,2782,2367,1112,98,100,0,500,2821;
@400000005e70822608fb50bc #d,-,18,2617,2371,1150,178,1,201136,12470,2782,2371,1150,2617,2368,1105,98,100,0,500,2669;
@400000005e70822809057ada #d,-,18,2756,2371,1214,179,1,201154,12471,2756,2371,1237,2617,2368,1150,99,100,0,500,2769;
@400000005e708228090b75f2 #d,-,18,3029,2370,1239,180,1,201256,12477,3029,2371,1443,2756,2367,1214,100,100,0,500,3029;
@400000005e70822a091967b5 #d,-,18,2935,2371,1133,180,1,201253,12477,3029,2371,1239,2935,2366,1133,97,100,0,500,3015;
@400000005e70822a09231c79 #d,-,18,2692,2369,1102,181,1,201196,12474,2935,2371,1140,2692,2369,1102,98,100,0,500,2744;
@400000005e70822c09326319 #d,-,18,2594,2366,1104,182,1,201129,12470,2692,2371,1129,2594,2366,1085,98,100,0,500,2639;
@400000005e70822c093cab04 #d,-,18,2592,2367,1224,183,1,201098,12468,2594,2371,1236,2592,2366,1082,99,100,0,500,2616;
@400000005e70822e0949b303 #d,-,18,2847,2369,1087,183,1,201070,12466,2847,2370,1224,2592,2367,1083,99,100,0,500,2860;
@400000005e70822e0950ac5c #d,-,18,2609,2367,1146,184,1,201095,12467,2847,2370,1146,2609,2366,1081,97,100,0,500,2669;
@400000005e708230095db815 #d,-,18,2615,2369,1082,185,1,200976,12460,2615,2371,1207,2609,2367,1082,97,100,0,500,2675;
@400000005e7082300965abf4 #d,-,18,2617,2368,1283,186,1,200943,12458,2617,2371,1283,2615,2368,1074,97,100,0,500,2685;
@400000005e7082320974a36a #d,-,18,3018,2369,1154,186,1,201012,12462,3018,2370,1429,2617,2366,1154,100,100,0,500,3018;
@400000005e708232097f0fa7 #d,-,18,2714,2369,1146,187,1,200969,12460,3018,2371,1154,2714,2369,1108,97,100,0,500,2789;
@400000005e708234098fd064 #d,-,18,2714,2370,1160,188,1,200953,12459,2714,2371,1190,2714,2369,1146,98,100,0,500,2746;
@400000005e708234099a4c77 #d,-,18,2720,2368,1192,189,1,200946,12458,2720,2371,1193,2714,2368,1160,97,100,0,500,2794;
@400000005e70823609ab14a8 #d,-,18,2725,2368,1168,189,1,200928,12457,2725,2371,1192,2720,2368,1163,97,100,0,500,2797;
@400000005e70823609b580e5 #d,-,18,2728,2368,1168,190,1,200909,12456,2728,2370,1169,2725,2368,1167,98,100,0,500,2778;
@400000005e70823809c5a261 #d,-,18,2729,2368,1170,191,1,200891,12455,2729,2370,1170,2728,2368,1167,98,100,0,500,2773;
@400000005e70823809d09a51 #d,-,18,2730,2368,1168,192,1,200874,12454,2730,2370,1170,2729,2368,1168,98,100,0,500,2774;
@400000005e70823a09e15bfd #d,-,18,2732,2368,1200,192,1,200863,12453,2732,2370,1200,2730,2367,1167,98,100,0,500,2774;
@400000005e70823a09ebfe3e #d,-,18,2736,2368,1169,193,1,200927,12457,2736,2370,1200,2732,2367,1160,97,100,0,500,2803;
@400000005e70823c09fcced1 #d,-,18,2737,2369,1167,194,1,200828,12451,2737,2370,1169,2736,2368,1167,98,100,0,500,2773;
@400000005e70823c0a074e9d #d,-,18,2737,2369,1168,195,1,200810,12450,2737,2370,1168,2737,2368,1166,98,100,0,500,2773;
@400000005e70823e0a180f5b #d,-,18,2737,2371,1167,195,1,200792,12449,2737,2371,1168,2737,2368,1166,98,100,0,500,2773;
@400000005e70823e0a228b6d #d,-,18,2737,2371,1195,196,1,200779,12448,2737,2371,1195,2737,2368,1166,98,100,0,500,2773;
@400000005e7082400a323a5b #d,-,18,2741,2369,1167,197,1,200765,12447,2741,2371,1199,2737,2369,1159,97,100,0,500,2803;
@400000005e7082400a3c9f25 #d,-,18,2740,2369,1166,198,1,200747,12446,2741,2371,1168,2740,2369,1166,98,100,0,500,2769;
@400000005e7082420a4bed38 #d,-,18,2740,2368,1167,198,1,200729,12445,2740,2371,1168,2740,2368,1165,98,100,0,500,2771;
@400000005e7082420a565887 #d,-,18,2739,2370,1167,199,1,200790,12448,2740,2371,1168,2739,2367,1167,98,100,0,500,2771;
@400000005e7082440a66df87 #d,-,18,2811,2370,1225,200,1,200732,12445,2811,2370,1242,2739,2368,1167,99,100,0,500,2829;
@400000005e7082440a718582 #d,-,18,2862,2368,1202,201,1,200742,12446,2862,2370,1235,2811,2367,1192,98,100,0,500,2902;
@400000005e7082460a81258a #d,-,18,2856,2369,1214,202,1,200754,12446,2862,2370,1221,2856,2368,1202,100,100,0,500,2856;
@400000005e7082460a8b571b #d,-,18,2855,2370,1208,202,1,200764,12447,2856,2371,1214,2855,2368,1206,99,100,0,500,2881;
@400000005e7082480a9a4bc5 #d,-,18,2852,2370,1196,203,1,200767,12447,2855,2370,1208,2852,2366,1194,99,100,0,500,2860;
@400000005e7082480aa4b35b #d,-,18,2845,2368,1205,204,1,200769,12447,2852,2370,1205,2845,2368,1189,100,100,0,500,2845;
@400000005e70824a0aae7f68 #d,-,18,2846,2368,1194,205,1,200781,12448,2846,2370,1228,2845,2368,1194,98,100,0,500,2876;
@400000005e70824a0ab3baa6 #d,-,18,2919,2368,1269,206,1,200934,12457,2919,2370,1426,2846,2368,1193,100,100,0,500,2919;
@400000005e70824c0ac22ddc #d,-,18,3009,2370,1229,206,1,200879,12454,3009,2371,1269,2919,2368,1219,97,100,0,500,3082;
@400000005e70824c0acc8eec #d,-,18,2886,2368,1218,207,1,200897,12455,3009,2371,1238,2886,2366,1211,98,100,0,500,2918;
@400000005e70824e0ad64b25 #d,-,18,2880,2368,1220,208,1,200910,12456,2886,2371,1220,2880,2367,1204,100,100,0,500,2880;
@400000005e70824e0adb99f1 #d,-,18,2882,2370,1212,209,1,200931,12457,2882,2371,1249,2880,2368,1203,98,100,0,500,2918;
@400000005e7082500ae58d1c #d,-,18,2878,2369,1212,210,1,200942,12458,2882,2371,1216,2878,2369,1202,99,100,0,500,2885;
@400000005e7082500aec769f #d,-,18,2875,2369,1206,210,1,200956,12459,2878,2371,1225,2875,2369,1202,99,100,0,500,2886;
@400000005e7082520affd7c7 #d,-,18,2872,2369,1213,211,1,200970,12460,2875,2371,1219,2872,2368,1206,99,100,0,500,2883;
@400000005e7082520b0e6600 #d,-,18,3071,2371,1204,212,1,201053,12465,3071,2371,1436,2872,2368,1204,100,100,0,500,3071;
@400000005e7082540b25ca67 #d,-,18,2911,2370,1213,213,1,201071,12466,3071,2372,1257,2911,2369,1177,97,100,0,500,2974;
@400000005e7082540b334b79 #d,-,18,2904,2370,1220,214,1,201085,12467,2911,2372,1220,2904,2369,1213,100,100,0,500,2904;
@400000005e7082560b46e2a5 #d,-,18,2847,2371,1219,214,1,201096,12467,2904,2372,1220,2847,2369,1199,98,100,0,500,2879;
@400000005e7082560b54dcc9 #d,-,18,2848,2370,1214,215,1,201108,12468,2848,2371,1221,2847,2369,1211,98,100,0,500,2890;
@400000005e7082580b5fe57d #d,-,18,2848,2369,1205,216,1,201115,12469,2848,2371,1214,2848,2369,1196,98,100,0,500,2878;
@400000005e7082580b65925a #d,-,18,2843,2370,1086,217,1,201084,12467,2848,2371,1217,2843,2369,1083,99,100,0,500,2856;
@400000005e70825a0b716d88 #d,-,18,2686,2368,1203,218,1,201159,12471,2843,2371,1234,2686,2368,1086,99,100,0,500,2708;
@400000005e70825a0b7916e6 #d,-,18,3042,2371,1223,218,1,201169,12472,3042,2371,1435,2686,2367,1203,100,100,0,500,3042;
@400000005e70825c0b88b245 #d,-,18,2898,2371,1154,219,1,201169,12472,3042,2371,1242,2898,2369,1153,97,100,0,500,2970;
@400000005e70825c0b931e83 #d,-,18,2720,2370,1117,220,1,201125,12469,2898,2371,1154,2720,2369,1112,97,100,0,500,2778;
@400000005e70825e0b9fe0a8 #d,-,18,2663,2369,1103,221,1,201089,12467,2720,2371,1184,2663,2369,1103,99,100,0,500,2687;
@400000005e70825e0ba70c4b #d,-,18,2658,2371,1112,221,1,201054,12465,2663,2371,1199,2658,2369,1100,99,100,0,500,2668;
@400000005e7082600bb6dae4 #d,-,18,2710,2372,1116,222,1,201010,12462,2710,2372,1190,2658,2367,1083,98,100,0,500,2749;
@400000005e7082600bc18587 #d,-,18,2659,2368,1097,223,1,200972,12460,2710,2372,1208,2659,2368,1082,98,100,0,500,2689;
@400000005e7082620bcc671d #d,-,18,2553,2366,1094,224,1,200980,12460,2659,2370,1103,2553,2366,1086,98,100,0,500,2605;
@400000005e7082620bd78271 #d,-,18,2553,2369,1169,224,1,200867,12453,2553,2369,1169,2553,2366,1092,98,100,0,500,2593;
@400000005e7082640be7f99c #d,-,18,2986,2369,1190,225,1,200938,12458,2986,2369,1431,2553,2366,1169,100,100,0,500,2986;
@400000005e7082640bf30161 #d,-,18,2627,2370,1019,226,1,200833,12451,2986,2371,1190,2627,2366,981,95,100,0,500,2744;
@400000005e7082660bff9408 #d,-,18,2371,2368,1014,226,1,200794,12449,2627,2371,1019,2371,2368,1003,98,100,0,500,2406;
@400000005e7082660c09fc8b #d,-,18,2427,2366,1145,227,1,200677,12441,2427,2370,1176,2371,2366,1013,99,100,0,500,2440;
@400000005e7082680c15df2d #d,-,18,2738,2368,1187,228,1,200674,12441,2738,2369,1215,2427,2365,1144,99,100,0,500,2760;
@400000005e7082680c2102e2 #d,-,18,2742,2370,1166,229,1,200658,12440,2742,2370,1187,2738,2367,1157,97,100,0,500,2812;
@400000005e70826a0c2c4554 #d,-,18,2742,2371,1167,229,1,200643,12439,2742,2371,1167,2742,2368,1165,98,100,0,500,2773;
@400000005e70826a0c36e884 #d,-,18,2741,2371,1167,230,1,200628,12438,2742,2371,1168,2741,2368,1166,98,100,0,500,2771;
@400000005e70826c0c45b523 #d,-,18,2740,2370,1167,231,1,200613,12438,2741,2371,1168,2740,2368,1166,98,100,0,500,2771;
@400000005e70826c0c50e8ad #d,-,18,2740,2369,1198,232,1,200605,12437,2740,2371,1198,2740,2368,1166,98,100,0,500,2771;
@400000005e70826e0c5c6985 #d,-,18,2743,2369,1167,232,1,200590,12436,2743,2371,1198,2740,2369,1159,97,100,0,500,2799;
@400000005e70826e0c66f0c4 #d,-,18,2742,2368,1167,233,1,200642,12439,2743,2371,1167,2742,2368,1165,99,100,0,500,2769;
@400000005e7082700c7466a9 #d,-,18,2741,2370,1165,234,1,200561,12434,2742,2371,1168,2741,2368,1165,98,100,0,500,2771;
@400000005e7082700c7f5726 #d,-,18,2741,2370,1168,235,1,200547,12433,2741,2370,1168,2741,2368,1165,98,100,0,500,2769;
@400000005e7082720c8f1230 #d,-,18,2740,2369,1197,235,1,200537,12433,2741,2370,1197,2740,2368,1167,98,100,0,500,2773;
@400000005e7082720c99b919 #d,-,18,2744,2368,1168,236,1,200591,12436,2744,2370,1199,2740,2367,1159,97,100,0,500,2801;
@400000005e7082740caa4b46 #d,-,18,2743,2369,1165,237,1,200510,12431,2744,2370,1168,2743,2367,1165,99,100,0,500,2767;
@400000005e7082740cb4cecc #d,-,18,2742,2369,1166,238,1,200495,12430,2743,2370,1167,2742,2368,1165,99,100,0,500,2769;
@400000005e7082760cc5af33 #d,-,18,2741,2369,1165,238,1,200481,12429,2742,2371,1167,2741,2368,1164,98,100,0,500,2769;
@400000005e7082760cd04a01 #d,-,18,2798,2370,1243,239,1,200498,12430,2798,2370,1243,2741,2367,1165,99,100,0,500,2817;
@400000005e7082780ce2573a #d,-,18,2880,2371,1195,240,1,200572,12435,2880,2371,1254,2798,2368,1183,98,100,0,500,2920;
@400000005e7082780cedf403 #d,-,18,2654,2371,1081,241,1,200444,12427,2880,2371,1195,2654,2369,1053,97,100,0,500,2717;
@400000005e70827a0cffe191 #d,-,18,2537,2366,1223,241,1,200421,12426,2654,2371,1235,2537,2366,1078,98,100,0,500,2566;
@400000005e70827a0d0c681d #d,-,18,2802,2368,1181,242,1,200407,12425,2802,2370,1223,2537,2365,1103,99,100,0,500,2829;
@400000005e70827c0d1efa83 #d,-,18,2606,2368,1093,243,1,200347,12421,2802,2370,1181,2606,2367,1053,98,100,0,500,2653;
@400000005e70827c0d2ac5dc #d,-,18,2601,2367,1082,244,1,200291,12418,2606,2370,1111,2601,2366,1076,99,100,0,500,2605;
@400000005e70827e0d33f1ba #d,-,18,2520,2368,1082,244,1,200230,12414,2601,2371,1083,2520,2367,1075,98,100,0,500,2561;
@400000005e70827e0d380115 #d,-,18,2617,2368,1313,245,1,200270,12416,2617,2370,1427,2520,2367,1075,100,100,0,500,2617;
@400000005e7082800d3f5f02 #d,-,18,3042,2368,1250,246,1,200286,12417,3042,2369,1313,2617,2365,1185,97,100,0,500,3107;
@400000005e7082800d435e88 #d,-,18,2902,2367,1240,247,1,200312,12419,3042,2369,1252,2902,2366,1234,99,100,0,500,2922;
@400000005e7082820d4cc158 #d,-,18,2906,2366,1242,248,1,200407,12425,2906,2369,1273,2902,2366,1229,98,100,0,500,2965;
@400000005e7082820d52c02a #d,-,18,2905,2369,1226,248,1,200366,12422,2906,2369,1246,2905,2365,1220,98,100,0,500,2940;
@400000005e7082840d5ee5da #d,-,18,2902,2369,1237,249,1,200387,12424,2905,2369,1237,2902,2367,1226,99,100,0,500,2911;
@400000005e7082840d66fc2e #d,-,18,2903,2370,1174,250,1,200404,12425,2903,2370,1246,2902,2367,1171,98,100,0,500,2936;
@400000005e7082860d7213c9 #d,-,18,2817,2369,1426,251,1,200441,12427,2903,2371,1427,2817,2368,1143,98,100,0,500,2867;
@400000005e7082860d78af11 #d,-,18,3126,2368,1208,252,1,200544,12433,3126,2371,1426,2817,2368,1189,99,100,0,500,3139;
@400000005e7082880d8a3362 #d,-,18,2854,2371,1203,252,1,200499,12430,3126,2371,1231,2854,2368,1203,98,100,0,500,2901;
@400000005e7082880d96c609 #d,-,18,2851,2371,1204,253,1,200504,12431,2854,2371,1206,2851,2369,1196,99,100,0,500,2872;
@400000005e70828a0da792e2 #d,-,18,2845,2370,1128,254,1,200494,12430,2851,2371,1209,2845,2369,1128,99,100,0,500,2846;
@400000005e70828a0db3088c #d,-,18,2776,2369,1208,255,1,200500,12431,2845,2371,1217,2776,2369,1128,99,100,0,500,2796;
@400000005e70828c0dc1c644 #d,-,18,2848,2372,1094,256,1,200499,12430,2848,2372,1236,2776,2368,1092,99,100,0,500,2874;
@400000005e70828c0dcc6d2e #d,-,18,2710,2372,1080,256,1,200459,12428,2848,2372,1172,2710,2369,1062,98,100,0,500,2765;
@400000005e70828e0dd9de6b #d,-,18,2528,2368,1209,257,1,200420,12426,2710,2372,1209,2528,2368,1080,98,100,0,500,2579;
@400000005e70828e0de16bd8 #d,-,18,2985,2370,1196,258,1,200486,12430,2985,2371,1434,2528,2368,1196,100,100,0,500,2985;
@400000005e7082900deec5cc #d,-,18,2862,2371,1110,259,1,200474,12429,2985,2372,1233,2862,2370,1110,97,100,0,500,2926;
@400000005e7082900df7455e #d,-,18,2641,2370,1097,259,1,200435,12426,2862,2372,1140,2641,2370,1090,97,100,0,500,2698;
@400000005e7082920e04325b #d,-,18,2637,2372,1194,260,1,200419,12426,2641,2373,1229,2637,2370,1090,99,100,0,500,2648;
@400000005e7082920e0c38da #d,-,18,2749,2372,1206,261,1,200393,12424,2749,2372,1206,2637,2369,1082,98,100,0,500,2796;
@400000005e7082940e1afa4c #d,-,18,2750,2371,1203,262,1,200399,12424,2750,2372,1214,2749,2369,1196,99,100,0,500,2769;
@400000005e7082940e253350 #d,-,18,2821,2370,1212,262,1,200407,12425,2821,2371,1215,2750,2367,1197,98,100,0,500,2854;
@400000005e7082960e328129 #d,-,18,2822,2371,1194,263,1,200409,12425,2822,2371,1225,2821,2368,1159,98,100,0,500,2867;
@400000005e7082960e3d10ca #d,-,18,2645,2367,1407,264,1,200449,12427,2822,2371,1407,2645,2367,1052,97,100,0,500,2705;
@400000005e7082980e4d29e4 #d,-,18,3026,2369,1086,265,1,200418,12425,3026,2370,1420,2645,2365,1086,99,100,0,500,3029;
@400000005e7082980e580f34 #d,-,18,2513,2369,1019,265,1,200325,12420,3026,2371,1086,2513,2369,976,96,100,0,500,2605;
@400000005e70829a0e67589f #d,-,18,2410,2367,1152,266,1,200280,12417,2513,2371,1172,2410,2367,1018,99,100,0,500,2433;
@400000005e70829a0e720ba4 #d,-,18,2707,2370,1227,267,1,200273,12416,2707,2371,1227,2410,2367,1139,99,100,0,500,2726;
@400000005e70829c0e820c87 #d,-,18,2827,2370,1167,268,1,200269,12416,2827,2371,1227,2707,2369,1167,98,100,0,500,2856;
@400000005e70829c0e8c84e0 #d,-,18,2743,2368,1176,268,1,200318,12419,2827,2370,1178,2743,2366,1166,98,100,0,500,2776;
@400000005e70829e0e95663c #d,-,18,2746,2368,1195,269,1,200261,12416,2746,2371,1202,2743,2367,1172,98,100,0,500,2797;
@400000005e70829e0ea0818f #d,-,18,2820,2372,1202,270,1,200268,12416,2820,2372,1206,2746,2368,1195,98,100,0,500,2851;
@400000005e7082a00ea9926b #d,-,18,2820,2370,1231,271,1,200279,12417,2820,2372,1232,2820,2369,1199,98,100,0,500,2856;
@400000005e7082a00eb0a30b #d,-,18,2820,2372,1178,272,1,200274,12417,2820,2372,1231,2820,2370,1166,98,100,0,500,2860;
@400000005e7082a20eb964bd #d,-,18,2768,2373,1178,272,1,200268,12416,2820,2373,1179,2768,2370,1177,98,100,0,500,2801;
@400000005e7082a20ebf638f #d,-,18,2766,2371,1173,273,1,200260,12416,2768,2373,1178,2766,2370,1169,98,100,0,500,2794;
@400000005e7082a40ecfe6d5 #d,-,18,2765,2370,1172,274,1,200252,12415,2766,2372,1174,2765,2370,1172,99,100,0,500,2785;
@400000005e7082a40eda61f9 #d,-,18,2763,2371,1202,275,1,200248,12415,2765,2372,1202,2763,2369,1172,99,100,0,500,2789;
@400000005e7082a60ee4876e #d,-,18,2765,2372,1173,275,1,200241,12414,2765,2372,1203,2763,2370,1165,98,100,0,500,2815;
@400000005e7082a60eef9022 #d,-,18,2764,2372,1171,276,1,200233,12414,2765,2373,1174,2764,2370,1169,99,100,0,500,2783;
@400000005e7082a80ef8afe3 #d,-,18,2762,2370,1172,277,1,200224,12413,2764,2372,1172,2762,2370,1170,99,100,0,500,2783;
@400000005e7082a80efe83de #d,-,18,2760,2370,1171,278,1,200215,12413,2762,2372,1172,2760,2369,1171,99,100,0,500,2783;
@400000005e7082aa0f08a1e0 #d,-,18,2759,2370,1188,278,1,200210,12413,2760,2372,1199,2759,2370,1170,99,100,0,500,2783;
@400000005e7082aa0f0e0c9d #d,-,18,2845,2372,1220,279,1,200230,12414,2845,2372,1261,2759,2370,1179,99,100,0,500,2862;
@400000005e7082ac0f19e412 #d,-,18,2845,2372,1151,280,1,200283,12417,2845,2372,1220,2845,2370,1146,98,100,0,500,2892;
@400000005e7082ac0f21e31e #d,-,18,2731,2370,1200,281,1,200278,12417,2845,2372,1206,2731,2369,1127,98,100,0,500,2778;
@400000005e7082ae0f317350 #d,-,18,2794,2370,1215,281,1,200217,12413,2794,2372,1215,2731,2370,1110,98,100,0,500,2828;
@400000005e7082ae0f3e9eb4 #d,-,18,2794,2371,1214,282,1,200225,12413,2794,2372,1215,2794,2369,1198,99,100,0,500,2812;
@400000005e7082b00f4ddcf2 #d,-,18,2741,2372,1097,283,1,200188,12411,2794,2372,1224,2741,2368,1070,97,100,0,500,2805;
@400000005e7082b00f57859b #d,-,18,2576,2369,1211,284,1,200176,12410,2741,2373,1234,2576,2368,1086,99,100,0,500,2595;
@400000005e7082b20f6c649a #d,-,18,3017,2368,1250,285,1,200239,12414,3017,2371,1427,2576,2368,1203,100,100,0,500,3017;
@400000005e7082b20f7b7447 #d,-,18,2934,2370,1216,285,1,200249,12415,3017,2370,1250,2934,2367,1167,97,100,0,500,3009;
@400000005e7082b40f862b06 #d,-,18,2928,2371,1234,286,1,200323,12420,2934,2371,1236,2928,2369,1216,100,100,0,500,2928;
@400000005e7082b40f8b5ed0 #d,-,18,2928,2368,1236,287,1,200294,12418,2928,2371,1260,2928,2367,1230,99,100,0,500,2951;
@400000005e7082b60f95e610 #d,-,18,2925,2369,1236,288,1,200316,12419,2928,2372,1242,2925,2368,1235,99,100,0,500,2938;
@400000005e7082b60f9bb297 #d,-,18,2922,2371,1232,289,1,200335,12420,2925,2372,1238,2922,2369,1226,99,100,0,500,2936;
@400000005e7082b80fa61a2c #d,-,18,2920,2372,1238,289,1,200359,12422,2922,2372,1247,2920,2368,1232,99,100,0,500,2933;
@400000005e7082b80facdc92 #d,-,18,3005,2370,1306,290,1,200428,12426,3005,2372,1440,2920,2367,1238,100,100,0,500,3005;
@400000005e7082ba0fb7b6b5 #d,-,18,3077,2370,1213,291,1,200450,12427,3077,2372,1306,3005,2369,1213,97,100,0,500,3144;
@400000005e7082ba0fbe360c #d,-,18,2880,2370,1223,292,1,200465,12428,3077,2371,1230,2880,2369,1211,98,100,0,500,2917;
@400000005e7082bc0fcaa284 #d,-,18,2821,2370,1240,293,1,200461,12428,2880,2372,1240,2821,2370,1117,98,100,0,500,2876;
@400000005e7082bc0fd41081 #d,-,18,2817,2371,1229,293,1,200473,12429,2821,2372,1250,2817,2368,1161,100,100,0,500,2817;
@400000005e7082be0fe0837d #d,-,18,2886,2371,1216,294,1,200485,12430,2886,2371,1230,2817,2369,1206,98,100,0,500,2926;
@400000005e7082be0fe8a233 #d,-,18,2884,2371,1207,295,1,200501,12431,2886,2371,1251,2884,2369,1207,99,100,0,500,2897;
@400000005e7082c00ff26998 #d,-,18,2881,2369,1422,296,1,200534,12433,2884,2371,1422,2881,2369,1207,99,100,0,500,2897;
@400000005e7082c00ff85122 #d,-,18,3113,2371,1223,297,1,200566,12435,3113,2372,1427,2881,2369,1173,99,100,0,500,3136;
@400000005e7082c21002e836 #d,-,18,2877,2371,1234,297,1,200589,12436,3113,2371,1253,2877,2368,1223,98,100,0,500,2913;
@400000005e7082c21009601a #d,-,18,2879,2371,1149,298,1,200598,12437,2879,2371,1237,2877,2369,1149,98,100,0,500,2931;
@400000005e7082c41013cc58 #d,-,18,2734,2371,1121,299,1,200576,12435,2879,2371,1170,2734,2369,1117,98,100,0,500,2780;
@400000005e7082c4101a5411 #d,-,18,2653,2371,1167,300,1,200558,12434,2734,2372,1224,2653,2369,1117,98,100,0,500,2698;
@400000005e7082c610250ad0 #d,-,18,2738,2371,1091,300,1,200577,12435,2738,2371,1170,2653,2368,1082,98,100,0,500,2769;
@400000005e7082c6102b8b16 #d,-,18,2567,2370,1097,301,1,200536,12433,2738,2371,1103,2567,2368,1091,98,100,0,500,2612;
@400000005e7082c810365be8 #d,-,18,2565,2369,1225,302,1,200446,12427,2567,2371,1225,2565,2368,1080,98,100,0,500,2598;
@400000005e7082c8103c286f #d,-,18,2950,2370,1169,303,1,200500,12431,2950,2370,1414,2565,2366,1169,100,100,0,500,2950;
@400000005e7082ca10494044 #d,-,18,2780,2369,1145,303,1,200476,12429,2950,2370,1169,2780,2367,1121,97,100,0,500,2856;
@400000005e7082ca10516de1 #d,-,18,2707,2368,1191,304,1,200472,12429,2780,2369,1206,2707,2366,1145,99,100,0,500,2733;
@400000005e7082cc1060e311 #d,-,18,2773,2368,1168,305,1,200461,12428,2773,2369,1191,2707,2367,1164,98,100,0,500,2808;
@400000005e7082cc106bef7f #d,-,18,2769,2366,1171,306,1,200452,12428,2773,2370,1171,2769,2366,1168,99,100,0,500,2776;
@400000005e7082ce107c6e1c #d,-,18,2766,2367,1189,306,1,200448,12427,2769,2369,1199,2766,2366,1171,99,100,0,500,2781;
@400000005e7082ce10870089 #d,-,18,2766,2369,1169,307,1,200438,12427,2766,2370,1189,2766,2367,1162,98,100,0,500,2799;
@400000005e7082d0109767de #d,-,18,2763,2367,1169,308,1,200428,12426,2766,2370,1171,2763,2366,1168,99,100,0,500,2778;
@400000005e7082d010a1e7aa #d,-,18,2760,2368,1168,309,1,200468,12429,2763,2370,1171,2760,2367,1168,99,100,0,500,2774;
@400000005e7082d210b2afdb #d,-,18,2758,2366,1169,310,1,200409,12425,2760,2370,1170,2758,2366,1168,99,100,0,500,2776;
@400000005e7082d210bd04d0 #d,-,18,2756,2370,1198,310,1,200404,12425,2758,2370,1199,2756,2365,1169,99,100,0,500,2776;
@400000005e7082d410cc3339 #d,-,18,2757,2370,1169,311,1,200394,12424,2757,2370,1198,2756,2368,1161,98,100,0,500,2801;
@400000005e7082d410d75aa8 #d,-,18,2756,2370,1169,312,1,200385,12423,2757,2370,1170,2756,2368,1167,99,100,0,500,2776;
@400000005e7082d610e72a2f #d,-,18,2754,2370,1169,313,1,200376,12423,2756,2370,1170,2754,2368,1168,99,100,0,500,2776;
@400000005e7082d610f1cc71 #d,-,18,2753,2370,1168,313,1,200366,12422,2754,2370,1171,2753,2368,1168,99,100,0,500,2776;
@400000005e7082d81101614b #d,-,18,2751,2369,1199,314,1,200361,12422,2753,2370,1199,2751,2367,1167,99,100,0,500,2774;
@400000005e7082d8110ba57d #d,-,18,2753,2367,1169,315,1,200352,12421,2753,2370,1199,2751,2366,1161,98,100,0,500,2803;
@400000005e7082da111a09cc #d,-,18,2752,2367,1240,316,1,200352,12421,2753,2369,1240,2752,2367,1166,99,100,0,500,2773;
@400000005e7082da11239a3f #d,-,18,2854,2369,1199,316,1,200408,12425,2854,2370,1240,2752,2367,1199,99,100,0,500,2878;
@400000005e7082dc112c0ea4 #d,-,18,2849,2369,1208,317,1,200365,12422,2854,2369,1208,2849,2366,1199,99,100,0,500,2853;
@400000005e7082dc11301dff #d,-,18,2848,2368,1232,318,1,200375,12423,2849,2369,1232,2848,2367,1208,99,100,0,500,2867;
@400000005e7082de113b58fd #d,-,18,2849,2369,1188,319,1,200379,12423,2849,2369,1235,2848,2367,1182,98,100,0,500,2892;
@400000005e7082de11429fa2 #d,-,18,2653,2367,1077,320,1,200332,12420,2849,2370,1188,2653,2367,1057,97,100,0,500,2714;
@400000005e7082e011523faa #d,-,18,2526,2370,1078,320,1,200286,12417,2653,2370,1083,2526,2366,1077,98,100,0,500,2561;
@400000005e7082e0115cb35b #d,-,18,2525,2369,1073,321,1,200239,12414,2526,2370,1082,2525,2368,1069,98,100,0,500,2559;
@400000005e7082e2116692f7 #d,-,18,2525,2369,1440,322,1,200242,12415,2525,2371,1440,2525,2369,1072,98,100,0,500,2559;
@400000005e7082e2116be2b2 #d,-,18,3096,2368,1241,323,2,200273,12416,3096,2369,1440,2525,2368,1199,99,100,0,500,3107;
@400000005e7082e4117490d4 #d,-,18,2878,2369,1181,323,2,200282,12417,3096,2370,1246,2878,2368,1181,98,100,0,500,2913;
@400000005e7082e4117a0b67 #d,-,18,2759,2368,1224,324,2,200320,12419,2878,2370,1224,2759,2368,1127,98,100,0,500,2813;
@400000005e7082e6118594a0 #d,-,18,2760,2370,1165,325,2,200267,12416,2760,2370,1235,2759,2367,1110,98,100,0,500,2803;
@400000005e7082e6118d93ac #d,-,18,2708,2368,1163,326,2,200241,12414,2760,2370,1166,2708,2367,1086,98,100,0,500,2744;
@400000005e7082e8119a1a37 #d,-,18,2776,2368,1201,326,2,200256,12415,2776,2370,1267,2708,2367,1163,99,100,0,500,2787;
@400000005e7082e811a1bb33 #d,-,18,2832,2368,1218,327,2,200265,12416,2832,2370,1218,2776,2367,1201,98,100,0,500,2867;
@400000005e7082ea11ab63dc #d,-,18,2834,2366,1427,328,2,200304,12418,2834,2369,1430,2832,2366,1199,98,100,0,500,2886;
@400000005e7082ea11b09c4f #d,-,18,3107,2368,1228,329,2,200372,12423,3107,2369,1427,2834,2365,1174,99,100,0,500,3137;
@400000005e7082ec11beffb1 #d,-,18,2817,2368,1247,329,2,200325,12420,3107,2370,1247,2817,2367,1111,98,100,0,500,2863;
@400000005e7082ec11c9585f #d,-,18,2822,2366,1221,330,2,200345,12421,2822,2370,1262,2817,2365,1221,98,100,0,500,2870;
@400000005e7082ee11d63941 #d,-,18,2828,2368,1219,331,2,200357,12422,2828,2369,1225,2822,2364,1218,97,100,0,500,2911;
@400000005e7082ee11dd70ff #d,-,18,2832,2370,1225,332,2,200416,12425,2832,2370,1225,2828,2367,1214,98,100,0,500,2888;
@400000005e7082f011eba5d0 #d,-,18,2838,2369,1222,333,2,200383,12423,2838,2370,1229,2832,2368,1221,97,100,0,500,2911;
@400000005e7082f011f69dc0 #d,-,18,2841,2368,1221,334,2,200386,12423,2841,2370,1225,2838,2368,1142,97,100,0,500,2902;
@400000005e7082f2120772fb #d,-,18,3009,2369,1240,334,2,200445,12427,3009,2370,1462,2841,2367,1220,100,100,0,500,3009;
@400000005e7082f21212153c #d,-,18,3003,2371,1225,335,2,200459,12428,3009,2372,1240,3003,2368,1214,98,100,0,500,3043;
@400000005e7082f4121d8ea0 #d,-,18,2883,2371,1216,336,2,200472,12429,3003,2373,1227,2883,2370,1216,98,100,0,500,2918;
@400000005e7082f41224e9c3 #d,-,18,2880,2371,1214,337,2,200481,12429,2883,2373,1218,2880,2371,1206,99,100,0,500,2899;
@400000005e7082f612395f85 #d,-,18,2877,2371,1226,338,2,200492,12430,2880,2373,1226,2877,2371,1211,99,100,0,500,2885;
@400000005e7082f6124867be #d,-,18,2879,2372,1218,338,2,200511,12431,2879,2373,1256,2877,2371,1218,98,100,0,500,2913;
@400000005e7082f812595bb5 #d,-,18,2880,2371,1219,339,2,200523,12432,2880,2373,1225,2879,2371,1218,98,100,0,500,2931;
@400000005e7082f812646bdc #d,-,18,2879,2372,1430,340,2,200610,12437,2880,2373,1434,2879,2370,1219,99,100,0,500,2902;
@400000005e7082fa1275190b #d,-,18,3137,2374,1126,341,2,200576,12435,3137,2374,1430,2879,2371,1125,99,100,0,500,3166;
@400000005e7082fa127fc767 #d,-,18,2642,2374,1035,341,2,200528,12432,3137,2374,1148,2642,2372,1018,97,100,0,500,2717;
@400000005e7082fc12909f6d #d,-,18,2493,2374,1143,342,2,200507,12431,2642,2375,1202,2493,2372,1027,99,100,0,500,2502;
@400000005e7082fc129b1f39 #d,-,18,2747,2374,1172,343,2,200503,12431,2747,2374,1209,2493,2372,1137,98,100,0,500,2780;
@400000005e7082fe12ab5f71 #d,-,18,2748,2374,1173,344,2,200537,12433,2748,2375,1173,2747,2371,1156,98,100,0,500,2803;
@400000005e7082fe12b5b820 #d,-,18,2748,2374,1168,344,2,200484,12430,2748,2374,1173,2748,2372,1166,98,100,0,500,2778;
@400000005e70830012c5968e #d,-,18,2747,2373,1169,345,2,200476,12429,2748,2374,1169,2747,2370,1166,98,100,0,500,2776;
@400000005e70830012d0a2fb #d,-,18,2747,2373,1186,346,2,200472,12429,2747,2374,1198,2747,2371,1166,98,100,0,500,2778;
@400000005e70830212e0c388 #d,-,18,2750,2373,1168,347,2,200463,12428,2750,2373,1186,2747,2371,1160,98,100,0,500,2803;
@400000005e70830212eb6a72 #d,-,18,2749,2372,1169,348,2,200454,12428,2750,2373,1171,2749,2368,1166,99,100,0,500,2776;
@400000005e70830412fbfc9f #d,-,18,2748,2373,1168,348,2,200446,12427,2749,2373,1170,2748,2370,1166,98,100,0,500,2776;
@400000005e70830413068f0b #d,-,18,2747,2372,1168,349,2,200437,12427,2748,2373,1169,2747,2371,1166,98,100,0,500,2776;
@400000005e708306131740e2 #d,-,18,2746,2371,1197,350,2,200433,12426,2747,2372,1199,2746,2369,1166,98,100,0,500,2776;
@400000005e70830613219990 #d,-,18,2749,2371,1169,351,2,200425,12426,2749,2373,1197,2746,2370,1161,98,100,0,500,2805;
@400000005e70830813328c98 #d,-,18,2749,2369,1170,351,2,200416,12425,2749,2373,1170,2749,2368,1167,99,100,0,500,2776;
@400000005e708308133ce547 #d,-,18,2748,2371,1168,352,2,200408,12425,2749,2373,1170,2748,2369,1166,98,100,0,500,2776;
@400000005e70830a134c0883 #d,-,18,2747,2372,1167,353,2,200399,12424,2748,2373,1168,2747,2371,1166,98,100,0,500,2776;
@400000005e70830a13565516 #d,-,18,2746,2371,1268,354,2,200400,12424,2747,2373,1268,2746,2371,1165,98,100,0,500,2774;
@400000005e70830c136675a3 #d,-,18,2886,2371,1209,354,2,200413,12425,2886,2372,1277,2746,2369,1208,99,100,0,500,2908;
@400000005e70830c1372707c #d,-,18,2833,2370,1193,355,2,200458,12428,2886,2372,1209,2833,2370,1188,98,100,0,500,2867;
@400000005e70830e137f787b #d,-,18,2761,2371,1083,356,2,200388,12424,2833,2373,1203,2761,2370,1066,98,100,0,500,2817;
@400000005e70830e1387c11a #d,-,18,2528,2372,1090,357,2,200349,12421,2761,2373,1090,2528,2371,1082,98,100,0,500,2568;
@400000005e7083101397a430 #d,-,18,2531,2371,1129,357,2,200326,12420,2531,2373,1197,2528,2370,1087,97,100,0,500,2591;
@400000005e70831013a24671 #d,-,18,2626,2372,1085,358,2,200285,12417,2626,2373,1129,2531,2370,1072,98,100,0,500,2666;
@400000005e70831213aa0ad1 #d,-,18,2535,2373,1084,359,2,200288,12417,2626,2373,1085,2535,2370,1078,98,100,0,500,2571;
@400000005e70831213ad79fc #d,-,18,2621,2371,1415,360,2,200253,12415,2621,2373,1415,2535,2370,1084,99,100,0,500,2637;
@400000005e70831413bb83f6 #d,-,18,3072,2370,1181,360,2,200282,12417,3072,2372,1425,2621,2369,1161,99,100,0,500,3091;
@400000005e70831413c425fd #d,-,18,2859,2368,1243,361,2,200294,12418,3072,2372,1245,2859,2368,1181,98,100,0,500,2902;
@400000005e70831613ce2543 #d,-,18,2940,2368,1232,362,2,200363,12422,2940,2370,1305,2859,2366,1227,99,100,0,500,2963;
@400000005e70831613d39000 #d,-,18,2934,2371,1226,363,2,200379,12423,2940,2371,1239,2934,2367,1226,99,100,0,500,2936;
@400000005e70831813dd8e58 #d,-,18,2930,2370,1233,364,2,200353,12421,2934,2371,1238,2930,2369,1226,99,100,0,500,2931;
@400000005e70831813e4494b #d,-,18,2927,2369,1219,364,2,200370,12423,2930,2371,1245,2927,2369,1219,99,100,0,500,2938;
@400000005e70831a13f02bec #d,-,18,2860,2372,1139,365,2,200361,12422,2927,2373,1219,2860,2369,1121,98,100,0,500,2908;
@400000005e70831a13f7218b #d,-,18,2994,2368,1201,366,2,200412,12425,2994,2372,1453,2860,2367,1139,100,100,0,500,2994;
@400000005e70831c14053e24 #d,-,18,2892,2370,1219,367,2,200423,12426,2994,2371,1238,2892,2368,1193,97,100,0,500,2959;
@400000005e70831c140f314f #d,-,18,2892,2371,1240,368,2,200441,12427,2892,2371,1248,2892,2369,1219,98,100,0,500,2926;
@400000005e70831e141c92b7 #d,-,18,2894,2371,1233,368,2,200500,12431,2894,2371,1240,2892,2366,1233,98,100,0,500,2942;
@400000005e70831e14254582 #d,-,18,2895,2371,1229,369,2,200473,12429,2895,2372,1235,2894,2369,1229,98,100,0,500,2933;
@400000005e708320142ebf9a #d,-,18,2898,2369,1216,370,2,200489,12430,2898,2371,1261,2895,2369,1214,98,100,0,500,2949;
@400000005e7083201433efab #d,-,18,2895,2371,1211,371,2,200499,12430,2898,2372,1225,2895,2368,1200,99,100,0,500,2910;
@400000005e7083221440c919 #d,-,18,3071,2370,1210,372,2,200589,12436,3071,2372,1439,2895,2369,1210,99,100,0,500,3073;
@400000005e70832214493163 #d,-,18,2904,2370,1123,372,2,200550,12434,3071,2370,1236,2904,2368,1123,97,100,0,500,2968;
@400000005e7083241456e879 #d,-,18,2808,2369,1179,373,2,200552,12434,2904,2371,1244,2808,2369,1123,98,100,0,500,2849;
@400000005e708324145f2e4d #d,-,18,2693,2373,1098,374,2,200526,12432,2808,2373,1179,2693,2369,1098,98,100,0,500,2741;
@400000005e708326146e8019 #d,-,18,2603,2373,1088,375,2,200534,12433,2693,2373,1109,2603,2371,1086,98,100,0,500,2646;
@400000005e70832614790759 #d,-,18,2550,2372,1084,375,2,200496,12430,2603,2373,1091,2550,2370,1082,98,100,0,500,2591;
@400000005e70832814896292 #d,-,18,2548,2372,1081,376,2,200416,12425,2550,2372,1086,2548,2370,1081,98,100,0,500,2577;
@400000005e7083281496d3cf #d,-,18,2546,2371,1078,377,2,200377,12423,2548,2373,1081,2546,2371,1076,99,100,0,500,2568;
@400000005e70832a14a43d98 #d,-,18,2546,2371,1119,377,2,200345,12421,2546,2373,1119,2546,2371,1075,98,100,0,500,2577;
@400000005e70832a14aa96c1 #d,-,18,2961,2369,1166,378,2,200430,12426,2961,2372,1440,2546,2369,1119,100,100,0,500,2961;
@400000005e70832c14b4ef6f #d,-,18,2729,2372,1005,379,2,200385,12423,2961,2373,1166,2729,2369,995,96,100,0,500,2824;
@400000005e70832c14bad6f9 #d,-,18,2420,2371,1014,380,2,200288,12417,2729,2373,1089,2420,2371,994,97,100,0,500,2481;
@400000005e70832e14c4c935 #d,-,18,2510,2371,1177,380,2,200273,12416,2510,2373,1177,2420,2370,1014,99,100,0,500,2513;
@400000005e70832e14caa94b #d,-,18,2743,2372,1182,381,2,200272,12416,2743,2372,1210,2510,2370,1165,98,100,0,500,2774;
@400000005e70833014d511cf #d,-,18,2745,2372,1158,382,2,200301,12418,2745,2372,1182,2743,2369,1156,98,100,0,500,2799;
@400000005e70833014db304b #d,-,18,2743,2372,1161,383,2,200251,12415,2745,2372,1165,2743,2370,1158,99,100,0,500,2758;
@400000005e70833214e4d53a #d,-,18,2740,2371,1161,383,2,200242,12415,2743,2372,1163,2740,2370,1161,99,100,0,500,2764;
@400000005e70833214eabcc4 #d,-,18,2739,2370,1163,384,2,200232,12414,2740,2372,1163,2739,2370,1161,99,100,0,500,2760;
@400000005e70833414f47454 #d,-,18,2738,2371,1179,385,2,200228,12414,2739,2371,1194,2738,2368,1163,99,100,0,500,2764;
@400000005e70833414fa493d #d,-,18,2740,2372,1162,386,2,200218,12413,2740,2372,1179,2738,2369,1156,98,100,0,500,2787;
@400000005e7083361503d5f5 #d,-,18,2738,2369,1163,386,2,200208,12412,2740,2372,1165,2738,2368,1161,99,100,0,500,2762;
@400000005e7083361509a636 #d,-,18,2737,2370,1161,387,2,200199,12412,2738,2371,1163,2737,2368,1161,99,100,0,500,2762;
@400000005e70833815135eb5 #d,-,18,2735,2369,1162,388,2,200229,12414,2737,2371,1163,2735,2368,1161,99,100,0,500,2760;
@400000005e70833815193ecb #d,-,18,2734,2371,1191,389,2,200185,12411,2735,2371,1194,2734,2367,1162,99,100,0,500,2760;
@400000005e70833a1523a2a6 #d,-,18,2737,2371,1163,389,2,200175,12410,2737,2371,1191,2734,2369,1156,98,100,0,500,2790;
@400000005e70833a152a1b79 #d,-,18,2736,2369,1165,390,2,200166,12410,2737,2371,1165,2736,2369,1161,99,100,0,500,2762;
@400000005e70833c1536217e #d,-,18,2735,2370,1162,391,2,200157,12409,2736,2372,1165,2735,2368,1160,99,100,0,500,2762;
@400000005e70833c153e5ef0 #d,-,18,2734,2370,1220,392,2,200156,12409,2735,2372,1226,2734,2369,1161,99,100,0,500,2758;
@400000005e70833e15461735 #d,-,18,2832,2370,1232,393,2,200163,12410,2832,2370,1232,2734,2368,1194,99,100,0,500,2856;
@400000005e70833e154a3576 #d,-,18,2832,2369,1195,393,2,200165,12410,2832,2371,1232,2832,2369,1186,98,100,0,500,2874;
@400000005e70834015516208 #d,-,18,2830,2370,1189,394,2,200168,12410,2832,2372,1205,2830,2369,1188,99,100,0,500,2842;
@400000005e7083401555618e #d,-,18,2826,2372,1191,395,2,200207,12412,2830,2372,1193,2826,2369,1186,99,100,0,500,2829;
@400000005e70834215600c31 #d,-,18,2821,2372,1186,396,2,200167,12410,2826,2372,1192,2821,2370,1178,99,100,0,500,2822;
@400000005e7083421567049b #d,-,18,2732,2372,1107,396,2,200140,12408,2821,2373,1187,2732,2370,1051,97,100,0,500,2790;
@400000005e7083441571d65c #d,-,18,2544,2372,1085,397,2,200106,12406,2732,2372,1113,2544,2370,1071,98,100,0,500,2580;
@400000005e70834415791df0 #d,-,18,2543,2369,1376,398,2,200121,12407,2544,2372,1420,2543,2368,1079,98,100,0,500,2570;
@400000005e7083461587f2f0 #d,-,18,3093,2370,1241,399,2,200135,12408,3093,2372,1376,2543,2368,1182,99,100,0,500,3116;
@400000005e70834615921fd9 #d,-,18,2830,2372,1206,400,2,200136,12408,3093,2372,1241,2830,2369,1150,98,100,0,500,2872;
@400000005e70834815a09b71 #d,-,18,2829,2372,1208,400,2,200136,12408,2830,2372,1230,2829,2370,1124,99,100,0,500,2853;
@400000005e70834815ab12dc #d,-,18,2728,2369,1167,401,2,200125,12407,2829,2372,1219,2728,2369,1124,98,100,0,500,2776;
@400000005e70834a15b7c52c #d,-,18,2798,2370,1230,402,2,200139,12408,2798,2371,1250,2728,2368,1167,99,100,0,500,2810;
@400000005e70834a15bf3f0b #d,-,18,2862,2372,1201,403,2,200147,12409,2862,2372,1230,2798,2369,1201,98,100,0,500,2897;
@400000005e70834c15cd6b79 #d,-,18,2859,2371,1205,403,2,200153,12409,2862,2372,1215,2859,2369,1200,99,100,0,500,2878;
@400000005e70834c15d7f2b9 #d,-,18,2916,2369,1329,404,2,200198,12412,2916,2371,1428,2859,2368,1204,100,100,0,500,2916;
@400000005e70834e15e5e56a #d,-,18,3104,2370,1213,405,2,200213,12413,3104,2371,1329,2916,2368,1208,98,100,0,500,3166;
@400000005e70834e15ecf60a #d,-,18,2758,2372,1129,406,2,200196,12412,3104,2372,1214,2758,2370,1102,97,100,0,500,2819;
@400000005e70835015f6f0a9 #d,-,18,2632,2372,1112,406,2,200171,12410,2758,2373,1129,2632,2369,1112,98,100,0,500,2662;
@400000005e70835015fc62d9 #d,-,18,2708,2368,1220,407,2,200177,12411,2708,2372,1248,2632,2367,1111,99,100,0,500,2717;
@400000005e7083521607349a #d,-,18,2881,2368,1226,408,2,200190,12411,2881,2369,1231,2708,2366,1220,98,100,0,500,2917;
@400000005e708352160e689f #d,-,18,2882,2364,1218,409,2,200202,12412,2882,2370,1248,2881,2364,1211,98,100,0,500,2926;
@400000005e70835416190727 #d,-,18,2878,2369,1210,410,2,200209,12412,2882,2369,1221,2878,2364,1206,99,100,0,500,2883;
@400000005e708354161f73de #d,-,18,3044,2369,1214,411,2,200254,12415,3044,2369,1444,2878,2366,1210,100,100,0,500,3044;
@400000005e708356162d2381 #d,-,18,2923,2369,1224,411,2,200301,12418,3044,2370,1239,2923,2365,1181,97,100,0,500,2997;
@400000005e7083561635942c #d,-,18,2917,2369,1223,412,2,200273,12416,2923,2370,1228,2917,2367,1218,100,100,0,500,2917;
@400000005e7083581643d429 #d,-,18,2915,2368,1217,413,2,200289,12417,2917,2370,1263,2915,2368,1217,99,100,0,500,2920;
@400000005e708358164cec78 #d,-,18,2912,2370,1223,414,2,200301,12418,2915,2371,1234,2912,2367,1217,99,100,0,500,2929;
@400000005e70835a165be034 #d,-,18,2853,2369,1161,414,2,200342,12421,2912,2371,1223,2853,2368,1161,98,100,0,500,2894;
@400000005e70835a1664e4f4 #d,-,18,2741,2370,1159,415,2,200337,12420,2853,2372,1247,2741,2369,1091,98,100,0,500,2769;
@400000005e70835c1674c71b #d,-,18,2798,2369,1424,416,2,200313,12419,2798,2372,1424,2741,2369,1116,98,100,0,500,2837;
@400000005e70835c167ff6ec #d,-,18,3086,2372,1005,417,2,200321,12419,3086,2372,1426,2798,2369,1005,99,100,0,500,3109;
@400000005e70835e168adc3c #d,-,18,2459,2372,1013,417,2,200264,12416,3086,2373,1019,2459,2371,988,96,100,0,500,2554;
@400000005e70835e1695478b #d,-,18,2371,2370,1015,418,2,200208,12412,2459,2373,1017,2371,2369,1012,98,100,0,500,2413;
@400000005e70836016a3f56e #d,-,18,2523,2372,1142,419,2,200193,12411,2523,2372,1175,2371,2369,1015,99,100,0,500,2527;
@400000005e70836016af253f #d,-,18,2702,2371,1205,420,2,200190,12411,2702,2372,1213,2523,2369,1142,98,100,0,500,2735;
@400000005e70836216c00960 #d,-,18,2791,2371,1168,420,2,200187,12411,2791,2371,1205,2702,2369,1163,98,100,0,500,2822;
@400000005e70836216ca90a0 #d,-,18,2787,2371,1169,421,2,200180,12411,2791,2372,1174,2787,2369,1162,99,100,0,500,2796;
@400000005e70836416d3436b #d,-,18,2781,2371,1167,422,2,200211,12413,2787,2371,1170,2781,2368,1167,100,100,0,500,2781;
@400000005e70836416da3bd5 #d,-,18,2776,2371,1168,423,2,200167,12410,2781,2371,1170,2776,2369,1167,100,100,0,500,2776;
@400000005e70836616eb3385 #d,-,18,2772,2369,1167,423,2,200161,12409,2776,2371,1169,2772,2369,1167,99,100,0,500,2776;
@400000005e70836616f618d4 #d,-,18,2768,2370,1186,424,2,200158,12409,2772,2371,1201,2768,2368,1166,99,100,0,500,2774;
@400000005e7083681706d21f #d,-,18,2768,2369,1167,425,2,200151,12409,2768,2371,1186,2768,2368,1160,98,100,0,500,2803;
@400000005e7083681711226b #d,-,18,2765,2369,1168,426,2,200181,12411,2768,2371,1169,2765,2368,1166,99,100,0,500,2774;
@400000005e70836a1721f3ec #d,-,18,2762,2369,1167,426,2,200138,12408,2765,2371,1168,2762,2369,1166,99,100,0,500,2774;
@400000005e70836a172c62f5 #d,-,18,2759,2368,1170,427,2,200131,12408,2762,2371,1170,2759,2366,1167,99,100,0,500,2773;
@400000005e70836c1735294f #d,-,18,2756,2369,1197,428,2,200128,12407,2759,2370,1199,2756,2367,1166,99,100,0,500,2774;
@400000005e70836c1740072b #d,-,18,2758,2370,1169,429,2,200121,12407,2758,2370,1197,2756,2367,1162,98,100,0,500,2801;
@400000005e70836e174c6a52 #d,-,18,2756,2367,1170,429,2,200115,12407,2758,2370,1170,2756,2365,1167,99,100,0,500,2774;
@400000005e70836e175396e4 #d,-,18,2754,2368,1243,430,2,200116,12407,2756,2370,1244,2754,2367,1166,99,100,0,500,2774;
@400000005e70837017627357 #d,-,18,2874,2367,1207,431,2,200125,12407,2874,2370,1243,2754,2367,1207,99,100,0,500,2894;
@400000005e708370176d3543 #d,-,18,2868,2368,1232,432,2,200132,12408,2874,2370,1232,2868,2365,1201,99,100,0,500,2869;
@400000005e708372177cb1e7 #d,-,18,2867,2368,1209,433,2,200139,12408,2868,2370,1232,2867,2367,1208,99,100,0,500,2890;
@400000005e7083721786f34d #d,-,18,2864,2367,1206,434,2,200144,12408,2867,2370,1209,2864,2367,1204,99,100,0,500,2874;
@400000005e70837417978933 #d,-,18,2860,2370,1209,434,2,200150,12409,2864,2370,1211,2860,2367,1204,100,100,0,500,2860;
@400000005e70837417a2fb24 #d,-,18,2857,2371,1206,435,2,200155,12409,2860,2371,1209,2857,2368,1204,99,100,0,500,2869;
@400000005e70837617b1cb7d #d,-,18,2853,2369,1441,436,2,200189,12411,2857,2371,1456,2853,2368,1203,99,100,0,500,2862;
@400000005e70837617bb4595 #d,-,18,3167,2369,1217,437,2,200207,12412,3167,2370,1441,2853,2368,1189,99,100,0,500,3196;
@400000005e70837817c98a3b #d,-,18,2848,2367,1244,437,2,200220,12413,3167,2369,1245,2848,2367,1216,98,100,0,500,2879;
@400000005e70837817d2e4a9 #d,-,18,2914,2368,1242,438,2,200270,12416,2914,2369,1244,2848,2367,1238,99,100,0,500,2943;
@400000005e70837a17de2361 #d,-,18,2915,2369,1239,439,2,200252,12415,2915,2370,1249,2914,2367,1239,98,100,0,500,2952;
@400000005e70837a17e59985 #d,-,18,2915,2370,1255,440,2,200268,12416,2915,2371,1255,2915,2368,1236,98,100,0,500,2947;
@400000005e70837c17f30ac2 #d,-,18,2917,2370,1235,441,2,200283,12417,2917,2370,1266,2915,2368,1217,98,100,0,500,2968;
@400000005e70837c17fb4bee #d,-,18,2912,2369,1438,441,2,200342,12421,2917,2370,1438,2912,2368,1214,100,100,0,500,2912;
@400000005e70837e1808ae44 #d,-,18,3149,2370,1220,442,2,200367,12422,3149,2371,1443,2912,2367,1158,99,100,0,500,3173;
@400000005e70837e18116020 #d,-,18,2881,2370,1247,443,2,200351,12421,3149,2370,1269,2881,2368,1220,98,100,0,500,2917;
@400000005e708380181eab2d #d,-,18,2886,2370,1247,444,2,200366,12422,2886,2371,1247,2881,2368,1238,97,100,0,500,2956;
@400000005e708380182751dd #d,-,18,2946,2371,1242,445,2,200385,12423,2946,2371,1269,2886,2368,1238,99,100,0,500,2974;
@400000005e70838218329095 #d,-,18,2942,2371,1242,446,2,200399,12424,2946,2371,1244,2942,2369,1237,99,100,0,500,2949;
@400000005e7083821838ca13 #d,-,18,2937,2370,1248,446,2,200449,12427,2942,2371,1248,2937,2368,1230,99,100,0,500,2940;
@400000005e70838418458c39 #d,-,18,2935,2371,1433,447,2,200453,12428,2937,2371,1452,2935,2369,1241,99,100,0,500,2951;
@400000005e708384184e0811 #d,-,18,3173,2372,1238,448,2,200474,12429,3173,2372,1433,2935,2370,1221,99,100,0,500,3201;
@400000005e7083861857477d #d,-,18,2934,2370,1241,449,2,200494,12430,3173,2372,1274,2934,2367,1238,99,100,0,500,2963;
@400000005e708386185c72e6 #d,-,18,2932,2372,1219,450,2,200506,12431,2934,2372,1245,2932,2367,1218,99,100,0,500,2958;
@400000005e708388186aab70 #d,-,18,2869,2371,1230,451,2,200515,12431,2932,2372,1230,2869,2368,1217,98,100,0,500,2906;
@400000005e70838818750c80 #d,-,18,2870,2371,1210,451,2,200525,12432,2870,2371,1231,2869,2367,1210,98,100,0,500,2910;
@400000005e70838a1885ebfa #d,-,18,2869,2371,1219,452,2,200532,12432,2870,2371,1219,2869,2369,1206,99,100,0,500,2892;
@400000005e70838a1890e11e #d,-,18,2785,2370,1180,453,2,200522,12432,2869,2372,1219,2785,2367,1115,98,100,0,500,2840;
Lost connection at /opt/powertools/bin/wattsup1 line 220.
	main::failure('Lost connection') called at /opt/powertools/bin/wattsup1 line 271
	main::recv_msg() called at /opt/powertools/bin/wattsup1 line 504
