@400000005e7b0e2629c0ad29 #v,-,8,2,261786,5,2,4,57,200810261703,0;
@400000005e7b0e2718117c11 #h,-,18,W,V,A,WH,Cost,WH/Mo,Cost/Mo,Wmax,Vmax,Amax,Wmin,Vmin,Amin,PF,DC,PC,Hz,VA;
@400000005e7b0e271e1e4f7a #f,-,48,93,436,1,4775,0,0,65533,0,199,810,237,17949,177,311,4753,4,92217,151,32123,69906,40,694,17008,0,93,1,4659,0,0,65533,0,199,822,242,18484,171,318,5362,2,92206,150,32190,70407,42,536,17029,0,92;
@400000005e7b0e291e30b709 #d,-,18,2404,2360,1127,1,0,179721,11142,2404,2362,1129,2398,2360,1123,88,100,0,500,2708;
@400000005e7b0e2b1e3dcdef #d,-,18,2406,2359,1133,1,0,171564,10636,2406,2360,1133,2404,2358,1123,88,100,0,500,2704;
@400000005e7b0e2b1e46a41e #d,-,18,2409,2360,1127,2,0,176805,10961,2409,2360,1133,2406,2359,1126,88,100,0,500,2708;
@400000005e7b0e2d1e53d33b #d,-,18,2411,2360,1125,3,0,176198,10924,2411,2360,1133,2409,2359,1124,89,100,0,500,2706;
@400000005e7b0e2d1e5c42f8 #d,-,18,2412,2360,1129,3,0,175826,10901,2412,2360,1129,2411,2359,1123,89,100,0,500,2704;
@400000005e7b0e2f1e6923d9 #d,-,18,2414,2359,1125,4,0,175520,10882,2414,2360,1130,2412,2358,1122,89,100,0,500,2701;
@400000005e7b0e2f1e72017b #d,-,18,2415,2356,1131,5,0,173092,10731,2415,2359,1131,2414,2356,1122,89,100,0,500,2699;
@400000005e7b0e311e7f380c #d,-,18,2416,2358,1124,5,0,173134,10734,2416,2358,1132,2415,2356,1124,89,100,0,500,2704;
@400000005e7b0e311e87e363 #d,-,18,2416,2357,1130,6,0,173196,10738,2416,2359,1130,2416,2357,1124,89,100,0,500,2701;
@400000005e7b0e331e94cbb8 #d,-,18,2416,2360,1127,7,0,174824,10839,2416,2360,1132,2416,2357,1125,89,100,0,500,2704;
@400000005e7b0e331e9d6381 #d,-,18,2418,2359,1124,7,0,173265,10742,2418,2360,1133,2416,2359,1123,89,100,0,500,2711;
@400000005e7b0e351eaa91af #d,-,18,2417,2361,1123,8,0,174634,10827,2418,2362,1130,2417,2359,1121,89,100,0,500,2701;
@400000005e7b0e351eb3447a #d,-,18,2418,2363,1125,9,0,173293,10744,2418,2363,1129,2417,2361,1122,89,100,0,500,2701;
@400000005e7b0e371ec063c2 #d,-,18,2418,2363,1126,9,0,173314,10745,2418,2363,1131,2418,2363,1121,89,100,0,500,2701;
@400000005e7b0e371ec92dd5 #d,-,18,2417,2363,1126,10,0,173314,10745,2418,2363,1127,2417,2362,1121,89,100,0,500,2704;
@400000005e7b0e391ed6690e #d,-,18,2417,2365,1126,11,0,173332,10746,2417,2365,1131,2417,2363,1122,89,100,0,500,2701;
@400000005e7b0e391edf51dd #d,-,18,2418,2365,1130,11,0,173339,10747,2418,2366,1130,2417,2365,1122,89,100,0,500,2706;
@400000005e7b0e3b1eec22e9 #d,-,18,2418,2366,1124,12,0,174267,10804,2418,2366,1134,2418,2364,1121,89,100,0,500,2708;
@400000005e7b0e3b1ef4c226 #d,-,18,2418,2364,1127,13,0,174241,10802,2418,2366,1131,2418,2364,1123,89,100,0,500,2706;
@400000005e7b0e3d1f05606e #d,-,18,2418,2362,1124,13,0,173391,10750,2418,2364,1131,2418,2362,1123,89,100,0,500,2708;
@400000005e7b0e3d1f0f6ae1 #d,-,18,2419,2359,1723,14,0,175561,10884,2419,2363,1723,2418,2359,1123,89,100,0,500,2706;
@400000005e7b0e3f1f1ed3f6 #d,-,18,3337,2363,1216,15,0,178690,11078,3337,2363,1725,2419,2359,1216,96,100,0,500,3450;
@400000005e7b0e3f1f283a80 #d,-,18,3206,2363,1345,16,0,180257,11175,3337,2363,1431,3206,2361,1214,92,100,0,500,3469;
@400000005e7b0e411f38663a #d,-,18,2898,2365,1395,17,0,180951,11218,3206,2366,1395,2898,2363,1146,91,100,0,500,3175;
@400000005e7b0e411f425d1f #d,-,18,3218,2366,1407,18,0,184326,11428,3218,2366,1781,2898,2363,1395,95,100,0,500,3372;
@400000005e7b0e431f5944ba #d,-,18,3222,2365,1307,18,0,185122,11477,3222,2367,1449,3218,2365,1130,91,100,0,500,3512;
@400000005e7b0e431f636de9 #d,-,18,2864,2365,1163,19,0,185318,11489,3222,2366,1309,2864,2365,1135,90,100,0,500,3149;
@400000005e7b0e451f73e514 #d,-,18,3176,2364,1705,20,0,188594,11692,3176,2365,1879,2864,2362,1163,96,100,0,500,3303;
@400000005e7b0e451f7d433b #d,-,18,3373,2365,1292,21,0,189176,11728,3373,2366,1705,3176,2364,1153,92,100,0,500,3666;
@400000005e7b0e471f8d450d #d,-,18,2848,2365,1150,22,0,189127,11725,3373,2366,1301,2848,2364,1150,90,100,0,500,3137;
@400000005e7b0e471f977a58 #d,-,18,2988,2362,1791,23,0,191613,11880,2988,2365,1850,2848,2362,1141,96,100,0,500,3097;
@400000005e7b0e491fa72dee #d,-,18,3425,2365,1283,24,0,191693,11885,3425,2365,1794,2988,2362,1140,90,100,0,500,3773;
@400000005e7b0e491fb0c6c3 #d,-,18,2948,2363,1134,24,0,191745,11888,3425,2365,1315,2948,2363,1134,92,100,0,500,3192;
@400000005e7b0e4b1fbd9416 #d,-,18,2525,2364,1135,25,0,191283,11859,2948,2364,1145,2525,2363,1121,89,100,0,500,2822;
@400000005e7b0e4b1fc6668b #d,-,18,2443,2363,1128,26,0,190818,11830,2525,2364,1142,2443,2363,1122,89,100,0,500,2730;
@400000005e7b0e4d1fd3acf0 #d,-,18,2441,2364,1128,26,0,190363,11802,2443,2364,1134,2441,2362,1123,90,100,0,500,2708;
@400000005e7b0e4d1fdc539f #d,-,18,2439,2363,1130,27,0,189940,11776,2441,2364,1132,2439,2363,1123,89,100,0,500,2713;
@400000005e7b0e4f1fe95f58 #d,-,18,2437,2363,1129,28,0,189539,11751,2439,2363,1133,2437,2363,1123,89,100,0,500,2711;
@400000005e7b0e4f1ff282d4 #d,-,18,2436,2363,1128,28,0,189154,11727,2437,2364,1133,2436,2362,1125,89,100,0,500,2713;
@400000005e7b0e512000fe6c #d,-,18,2436,2363,1131,29,0,188798,11705,2436,2364,1135,2436,2363,1128,89,100,0,500,2713;
@400000005e7b0e5120092c09 #d,-,18,2436,2361,1130,30,0,188467,11684,2436,2364,1137,2436,2361,1128,89,100,0,500,2720;
@400000005e7b0e53201760da #d,-,18,2435,2362,1130,31,0,188137,11664,2436,2363,1133,2435,2360,1127,89,100,0,500,2715;
@400000005e7b0e5320205d38 #d,-,18,2435,2360,1133,31,0,187829,11645,2435,2363,1134,2435,2360,1126,89,100,0,500,2713;
@400000005e7b0e55202f1af0 #d,-,18,2434,2360,1126,32,0,187525,11626,2435,2362,1134,2434,2360,1124,89,100,0,500,2711;
@400000005e7b0e552037d174 #d,-,18,2434,2360,1128,33,0,187240,11608,2434,2361,1133,2434,2359,1124,89,100,0,500,2713;
@400000005e7b0e572044e0e7 #d,-,18,2433,2361,1123,33,0,186965,11591,2434,2361,1134,2433,2359,1123,89,100,0,500,2708;
@400000005e7b0e57204df1c2 #d,-,18,2433,2360,1133,34,0,186707,11575,2433,2362,1133,2433,2360,1123,89,100,0,500,2711;
@400000005e7b0e59205cb6ed #d,-,18,2432,2360,1128,35,0,186451,11559,2433,2361,1133,2432,2360,1122,89,100,0,500,2708;
@400000005e7b0e5920656156 #d,-,18,2432,2360,1132,35,0,186208,11544,2432,2361,1133,2432,2359,1125,89,100,0,500,2708;
@400000005e7b0e5b2072a402 #d,-,18,2431,2360,1130,36,0,185972,11530,2432,2361,1132,2431,2360,1124,89,100,0,500,2708;
@400000005e7b0e5b207bac7c #d,-,18,2431,2360,1133,37,0,185761,11517,2431,2360,1140,2431,2359,1127,89,100,0,500,2711;
@400000005e7b0e5d20892172 #d,-,18,2433,2360,1136,37,0,185569,11505,2433,2360,1141,2431,2359,1132,89,100,0,500,2727;
@400000005e7b0e5d209202ce #d,-,18,2434,2360,1132,38,0,185371,11493,2434,2360,1137,2433,2359,1129,89,100,0,500,2720;
@400000005e7b0e5f20a04773 #d,-,18,2435,2359,1135,39,0,185186,11481,2435,2360,1137,2434,2359,1130,89,100,0,500,2720;
@400000005e7b0e5f20a944c0 #d,-,18,2435,2359,1134,39,0,185007,11470,2435,2359,1137,2435,2358,1131,89,100,0,500,2718;
@400000005e7b0e6120b61d40 #d,-,18,2436,2361,1133,40,0,184829,11459,2436,2361,1137,2435,2359,1131,89,100,0,500,2720;
@400000005e7b0e6120bec035 #d,-,18,2437,2360,1139,41,0,184663,11449,2437,2361,1139,2436,2360,1131,89,100,0,500,2723;
@400000005e7b0e6320d05bcf #d,-,18,2437,2357,1567,41,0,185290,11488,2437,2361,1757,2437,2356,1133,89,100,0,500,2723;
@400000005e7b0e6320da27dc #d,-,18,3693,2359,1172,42,0,186315,11551,3693,2360,1778,2437,2355,1092,98,100,0,500,3754;
@400000005e7b0e6520ecd8ff #d,-,18,2826,2359,1302,43,0,186725,11577,3693,2359,1400,2826,2357,1172,89,100,0,500,3168;
@400000005e7b0e6520f7d1de #d,-,18,2824,2359,1709,44,0,187083,11599,2826,2361,1709,2824,2359,1162,91,100,0,500,3083;
@400000005e7b0e672107178f #d,-,18,3341,2363,1196,45,0,188147,11665,3341,2363,1791,2824,2359,1196,95,100,0,500,3481;
@400000005e7b0e672110a536 #d,-,18,3192,2362,1324,46,0,188498,11686,3341,2363,1443,3192,2361,1131,92,100,0,500,3453;
@400000005e7b0e692120ece1 #d,-,18,2848,2360,1680,47,0,188492,11686,3192,2363,1680,2848,2360,1179,90,100,0,500,3135;
@400000005e7b0e69212ac062 #d,-,18,3385,2363,1159,48,0,189883,11772,3385,2363,1859,2848,2359,1159,96,100,0,500,3524;
@400000005e7b0e6b213a68cb #d,-,18,3270,2360,1299,48,0,190218,11793,3385,2363,1463,3270,2360,1125,92,100,0,500,3543;
@400000005e7b0e6b21434de1 #d,-,18,2809,2359,1744,49,0,190571,11815,3270,2361,1844,2809,2358,1222,91,100,0,500,3085;
@400000005e7b0e6d215386a5 #d,-,18,3733,2359,1372,50,0,191234,11856,3733,2362,1780,2809,2358,1079,97,100,0,500,3813;
@400000005e7b0e6d215cfc15 #d,-,18,2932,2362,1243,51,0,191771,11889,3733,2362,1482,2932,2359,1243,88,100,0,500,3299;
@400000005e7b0e6f216a65df #d,-,18,2717,2363,1141,52,0,191555,11876,2932,2363,1243,2717,2362,1044,90,100,0,500,3002;
@400000005e7b0e6f21730073 #d,-,18,2403,2362,1130,52,0,191047,11844,2717,2363,1141,2403,2362,1120,89,100,0,500,2680;
@400000005e7b0e71217f745d #d,-,18,2406,2362,1131,53,0,190821,11830,2406,2363,1134,2403,2361,1125,88,100,0,500,2713;
@400000005e7b0e712187c55e #d,-,18,2409,2362,1125,54,0,190596,11816,2409,2363,1132,2406,2361,1124,88,100,0,500,2711;
@400000005e7b0e73219569d4 #d,-,18,2412,2362,1129,54,0,190381,11803,2412,2362,1133,2409,2361,1124,88,100,0,500,2713;
@400000005e7b0e73219de966 #d,-,18,2414,2365,1125,55,0,190167,11790,2414,2365,1132,2412,2362,1124,89,100,0,500,2711;
@400000005e7b0e7521ab2c11 #d,-,18,2415,2363,1132,56,0,189959,11777,2415,2365,1133,2414,2363,1124,89,100,0,500,2713;
@400000005e7b0e7521b3edc3 #d,-,18,2416,2362,1127,56,0,189757,11764,2416,2364,1132,2415,2361,1123,89,100,0,500,2708;
@400000005e7b0e7721c239dc #d,-,18,2418,2361,1128,57,0,189557,11752,2418,2362,1134,2416,2361,1123,89,100,0,500,2708;
@400000005e7b0e7721cb6200 #d,-,18,2419,2363,1124,58,0,189363,11740,2419,2363,1129,2418,2361,1122,89,100,0,500,2708;
@400000005e7b0e7921d901cd #d,-,18,2420,2363,1128,58,0,189174,11728,2420,2364,1130,2419,2363,1123,89,100,0,500,2706;
@400000005e7b0e7921e1b0de #d,-,18,2421,2361,1131,59,0,188991,11717,2421,2363,1131,2420,2360,1122,89,100,0,500,2706;
@400000005e7b0e7b21ef5554 #d,-,18,2422,2361,1130,60,0,188815,11706,2422,2362,1133,2421,2361,1126,89,100,0,500,2711;
@400000005e7b0e7b21f888a5 #d,-,18,2422,2360,1129,60,0,188639,11695,2422,2361,1132,2422,2360,1124,89,100,0,500,2711;
@400000005e7b0e7d220741b5 #d,-,18,2423,2360,1128,61,0,188469,11685,2423,2360,1131,2422,2359,1125,89,100,0,500,2708;
@400000005e7b0e7d220ffbf3 #d,-,18,2423,2361,1126,62,0,188301,11674,2423,2362,1132,2423,2360,1123,89,100,0,500,2708;
@400000005e7b0e7f221ca317 #d,-,18,2424,2362,1130,63,0,188140,11664,2424,2363,1134,2423,2361,1125,89,100,0,500,2711;
@400000005e7b0e7f2225fd85 #d,-,18,2424,2363,1128,63,0,187981,11654,2424,2363,1131,2424,2362,1125,89,100,0,500,2708;
@400000005e7b0e812234b695 #d,-,18,2425,2364,1128,64,0,187826,11645,2425,2364,1131,2424,2363,1125,89,100,0,500,2711;
@400000005e7b0e81223d7cee #d,-,18,2425,2363,1130,65,0,187676,11635,2425,2364,1132,2425,2363,1126,89,100,0,500,2708;
@400000005e7b0e83224bdc96 #d,-,18,2425,2362,1129,65,0,187526,11626,2425,2363,1130,2425,2362,1126,89,100,0,500,2711;
@400000005e7b0e832254d181 #d,-,18,2426,2361,1129,66,0,187382,11617,2426,2363,1131,2425,2360,1128,89,100,0,500,2711;
@400000005e7b0e852263b1ae #d,-,18,2425,2360,1131,67,0,187243,11609,2426,2361,1134,2425,2359,1129,89,100,0,500,2711;
@400000005e7b0e85226c50ea #d,-,18,2427,2360,1133,67,0,187109,11600,2427,2361,1136,2425,2359,1128,89,100,0,500,2718;
@400000005e7b0e87227c1bc9 #d,-,18,2427,2361,1130,68,0,186972,11592,2427,2361,1133,2427,2360,1127,89,100,0,500,2713;
@400000005e7b0e87228589c6 #d,-,18,2848,2356,1734,69,0,187692,11636,2848,2361,1734,2427,2356,1129,95,100,0,500,2983;
@400000005e7b0e892293e1fb #d,-,18,3421,2358,1329,70,0,188036,11658,3421,2359,1736,2848,2355,1184,91,100,0,500,3739;
@400000005e7b0e892299ece8 #d,-,18,3016,2360,1198,71,0,188161,11666,3421,2360,1333,3016,2358,1198,93,100,0,500,3216;
@400000005e7b0e8b22a8ae5a #d,-,18,2902,2355,1713,71,0,188841,11708,3016,2361,1835,2902,2355,1172,95,100,0,500,3054;
@400000005e7b0e8b22b208c8 #d,-,18,3537,2358,1298,72,0,189166,11728,3537,2358,1773,2902,2355,1108,91,100,0,500,3886;
@400000005e7b0e8d22c09f62 #d,-,18,2974,2358,1163,73,0,189254,11733,3537,2358,1326,2974,2356,1163,93,100,0,500,3166;
@400000005e7b0e8d22c93e9e #d,-,18,3078,2357,1788,74,0,190030,11781,3078,2359,1884,2974,2356,1143,96,100,0,500,3194;
@400000005e7b0e8f22d9e814 #d,-,18,3413,2360,1304,75,0,190266,11796,3413,2361,1788,3078,2357,1150,90,100,0,500,3765;
@400000005e7b0e8f22e3b7da #d,-,18,2968,2359,1186,76,0,190300,11798,3413,2360,1323,2968,2358,1171,92,100,0,500,3204;
@400000005e7b0e9122f36b71 #d,-,18,3166,2357,1697,77,0,191128,11849,3166,2359,1856,2968,2355,1186,96,100,0,500,3294;
@400000005e7b0e9122fd07ff #d,-,18,3357,2359,1314,78,0,191281,11859,3357,2359,1697,3166,2356,1148,91,100,0,500,3649;
@400000005e7b0e93230c90be #d,-,18,2886,2361,1095,78,0,191235,11856,3357,2361,1316,2886,2359,1095,91,100,0,500,3166;
@400000005e7b0e932315d3e4 #d,-,18,2403,2360,1137,79,0,191025,11843,2886,2361,1161,2403,2360,1023,88,100,0,500,2718;
@400000005e7b0e9523249556 #d,-,18,2401,2359,1130,80,0,190868,11833,2403,2361,1137,2401,2358,1116,90,100,0,500,2663;
@400000005e7b0e95232d384b #d,-,18,2404,2359,1126,80,0,190715,11824,2404,2360,1132,2401,2359,1125,88,100,0,500,2708;
@400000005e7b0e97233a5b4d #d,-,18,2407,2358,1129,81,0,190567,11815,2407,2359,1134,2404,2358,1126,88,100,0,500,2708;
@400000005e7b0e972343872a #d,-,18,2409,2359,1130,82,0,190421,11806,2409,2359,1135,2407,2358,1126,88,100,0,500,2708;
@400000005e7b0e992352500f #d,-,18,2412,2360,1131,82,0,190281,11797,2412,2360,1134,2409,2359,1127,89,100,0,500,2708;
@400000005e7b0e99235ac82e #d,-,18,2414,2362,1128,83,0,190139,11788,2414,2362,1132,2412,2359,1126,89,100,0,500,2711;
@400000005e7b0e9b23683d24 #d,-,18,2416,2363,1126,84,0,189998,11779,2416,2363,1131,2414,2361,1126,89,100,0,500,2711;
@400000005e7b0e9b23719792 #d,-,18,2417,2363,1129,84,0,189864,11771,2417,2363,1132,2416,2362,1125,89,100,0,500,2706;
@400000005e7b0e9d237f6f41 #d,-,18,2419,2363,1128,85,0,189728,11763,2419,2364,1131,2417,2362,1126,89,100,0,500,2711;
@400000005e7b0e9d23881237 #d,-,18,2420,2361,1129,86,0,189598,11755,2420,2363,1131,2419,2361,1127,89,100,0,500,2711;
@400000005e7b0e9f23965234 #d,-,18,2421,2360,1129,86,0,189469,11747,2421,2362,1131,2420,2360,1127,89,100,0,500,2708;
@400000005e7b0e9f239f533a #d,-,18,2422,2361,1130,87,0,189343,11739,2422,2361,1133,2421,2360,1127,89,100,0,500,2711;
@400000005e7b0ea123adfc75 #d,-,18,2423,2361,1127,88,0,189218,11731,2423,2361,1133,2422,2360,1126,89,100,0,500,2711;
@400000005e7b0ea123b697f7 #d,-,18,2423,2363,1128,88,0,189095,11723,2423,2363,1132,2423,2361,1125,89,100,0,500,2713;
@400000005e7b0ea323c3baf9 #d,-,18,2424,2363,1129,89,0,188974,11716,2424,2364,1134,2423,2362,1126,89,100,0,500,2708;
@400000005e7b0ea323ccdabb #d,-,18,2425,2363,1130,90,0,188857,11709,2425,2363,1132,2424,2362,1125,89,100,0,500,2715;
@400000005e7b0ea523daf489 #d,-,18,2425,2362,1127,90,0,188737,11701,2425,2364,1131,2425,2361,1126,89,100,0,500,2708;
@400000005e7b0ea523e377d5 #d,-,18,2425,2363,1128,91,0,188621,11694,2425,2363,1131,2425,2361,1127,89,100,0,500,2711;
@400000005e7b0ea723f0b6c7 #d,-,18,2425,2362,1125,92,0,188508,11687,2425,2364,1133,2425,2362,1124,89,100,0,500,2708;
@400000005e7b0ea723f99bdc #d,-,18,2425,2363,1128,92,0,188395,11680,2425,2363,1133,2425,2361,1124,89,100,0,500,2708;
@400000005e7b0ea924087cf8 #d,-,18,2425,2363,1125,93,0,188281,11673,2425,2364,1131,2425,2362,1124,89,100,0,500,2706;
@400000005e7b0ea924111c34 #d,-,18,2424,2362,1128,94,0,188170,11666,2425,2364,1129,2424,2361,1125,89,100,0,500,2706;
@400000005e7b0eab24248889 #d,-,18,2424,2363,1129,94,0,188059,11659,2424,2363,1129,2424,2361,1124,89,100,0,500,2706;
@400000005e7b0eab242f6dd8 #d,-,18,2424,2359,1710,95,0,188165,11666,2424,2363,1710,2424,2359,1125,89,100,0,500,2706;
@400000005e7b0ead243bf0aa #d,-,18,3316,2360,1222,96,0,188621,11694,3316,2360,1738,2424,2356,1222,96,100,0,500,3426;
@400000005e7b0ead2441e095 #d,-,18,3188,2361,1329,97,0,188782,11704,3316,2362,1426,3188,2359,1159,92,100,0,500,3457;
@400000005e7b0eaf244e28ba #d,-,18,2852,2358,1570,98,0,188886,11710,3188,2362,1570,2852,2358,1163,91,100,0,500,3130;
@400000005e7b0eaf2455a298 #d,-,18,3339,2362,1228,99,0,189457,11746,3339,2362,1838,2852,2356,1228,95,100,0,500,3481;
@400000005e7b0eb12464f0ab #d,-,18,3240,2360,1332,100,0,189582,11754,3339,2362,1476,3240,2359,1052,92,100,0,500,3500;
@400000005e7b0eb1246e0cb3 #d,-,18,2836,2357,1782,100,0,189746,11764,3240,2361,1782,2836,2357,1162,90,100,0,500,3130;
@400000005e7b0eb32479ff2a #d,-,18,3395,2364,1123,101,0,190220,11793,3395,2364,1853,2836,2357,1123,96,100,0,500,3528;
@400000005e7b0eb3248050df #d,-,18,3230,2364,1319,102,0,190369,11802,3395,2364,1450,3230,2361,1098,91,100,0,500,3514;
@400000005e7b0eb52490e30c #d,-,18,2791,2360,1858,103,0,190573,11815,3230,2365,1858,2791,2360,1180,90,100,0,500,3076;
@400000005e7b0eb5249aa6b7 #d,-,18,3515,2364,1102,104,0,190941,11838,3515,2364,1861,2791,2359,1067,96,100,0,500,3626;
@400000005e7b0eb724aa8525 #d,-,18,3136,2364,1283,105,0,191115,11849,3515,2364,1504,3136,2363,1102,90,100,0,500,3455;
@400000005e7b0eb724b3e34d #d,-,18,2789,2365,1156,105,0,191044,11844,3136,2366,1283,2789,2364,1052,91,100,0,500,3062;
@400000005e7b0eb924c21bd7 #d,-,18,2405,2365,1129,106,0,190927,11837,2789,2365,1156,2405,2364,1117,88,100,0,500,2704;
@400000005e7b0eb924cad704 #d,-,18,2408,2364,1130,107,0,190814,11830,2408,2365,1134,2405,2363,1125,88,100,0,500,2713;
@400000005e7b0ebb24d83c25 #d,-,18,2410,2363,1127,107,0,190703,11823,2410,2364,1135,2408,2362,1125,88,100,0,500,2713;
@400000005e7b0ebb24e1608f #d,-,18,2413,2363,1132,108,0,190720,11824,2413,2363,1132,2410,2361,1126,88,100,0,500,2713;
@400000005e7b0ebd24ef3b09 #d,-,18,2415,2367,1126,109,0,190611,11817,2415,2367,1134,2413,2362,1125,89,100,0,500,2713;
@400000005e7b0ebd24f7ce29 #d,-,18,2417,2366,1132,109,0,190376,11803,2417,2367,1133,2415,2366,1120,89,100,0,500,2715;
@400000005e7b0ebf2506265e #d,-,18,2418,2363,1123,110,0,190395,11804,2418,2366,1133,2417,2363,1123,89,100,0,500,2713;
@400000005e7b0ebf250f4266 #d,-,18,2420,2362,1130,111,0,190289,11797,2420,2364,1132,2418,2362,1123,89,100,0,500,2711;
@400000005e7b0ec1251d8e7f #d,-,18,2420,2365,1126,111,0,190184,11791,2420,2365,1134,2420,2362,1123,89,100,0,500,2708;
@400000005e7b0ec125264c77 #d,-,18,2422,2365,1125,112,0,189957,11777,2422,2367,1134,2420,2365,1122,89,100,0,500,2713;
@400000005e7b0ec32533d142 #d,-,18,2422,2363,1127,113,0,189855,11771,2422,2365,1131,2422,2363,1121,89,100,0,500,2708;
@400000005e7b0ec3253cf966 #d,-,18,2423,2364,1123,113,0,189752,11764,2423,2364,1130,2422,2363,1123,89,100,0,500,2708;
@400000005e7b0ec5254afafd #d,-,18,2423,2364,1128,114,0,189653,11758,2423,2365,1131,2423,2363,1123,89,100,0,500,2708;
@400000005e7b0ec52553bd9d #d,-,18,2423,2362,1124,115,0,189551,11752,2423,2364,1129,2423,2362,1123,89,100,0,500,2708;
@400000005e7b0ec72561795b #d,-,18,2423,2363,1128,115,0,189454,11746,2423,2363,1131,2423,2362,1123,89,100,0,500,2708;
@400000005e7b0ec7256ab41f #d,-,18,2423,2362,1126,116,0,189356,11740,2423,2363,1130,2423,2362,1123,89,100,0,500,2706;
@400000005e7b0ec92578a317 #d,-,18,2423,2364,1124,117,0,189259,11734,2423,2364,1131,2423,2362,1122,89,100,0,500,2708;
@400000005e7b0ec925814253 #d,-,18,2423,2363,1132,117,0,189164,11728,2423,2364,1133,2423,2363,1121,89,100,0,500,2706;
@400000005e7b0ecb258e7529 #d,-,18,2423,2363,1127,118,0,189071,11722,2423,2363,1133,2423,2363,1122,89,100,0,500,2708;
@400000005e7b0ecb2597b3a7 #d,-,18,2423,2361,1131,119,0,188981,11716,2423,2363,1133,2423,2361,1123,89,100,0,500,2708;
@400000005e7b0ecd25a5e104 #d,-,18,2423,2361,1129,120,0,188890,11711,2423,2362,1131,2423,2361,1122,89,100,0,500,2708;
@400000005e7b0ecd25aeaed1 #d,-,18,2424,2363,1124,120,0,188800,11705,2424,2363,1133,2423,2360,1123,89,100,0,500,2708;
@400000005e7b0ecf25bf4871 #d,-,18,2424,2362,1132,121,0,188712,11700,2424,2363,1132,2424,2362,1122,89,100,0,500,2708;
@400000005e7b0ecf25c9b4ae #d,-,18,2424,2362,1127,122,0,188625,11694,2424,2363,1135,2424,2362,1125,89,100,0,500,2708;
@400000005e7b0ed125d939b4 #d,-,18,2763,2358,1744,122,0,188992,11717,2763,2363,1744,2424,2358,1126,95,100,0,500,2903;
@400000005e7b0ed125e2cb15 #d,-,18,3557,2360,1346,123,0,189223,11731,3557,2360,1770,2763,2357,1187,92,100,0,500,3863;
@400000005e7b0ed325f2bd11 #d,-,18,2988,2361,1154,124,0,189278,11735,3557,2361,1346,2988,2359,1154,93,100,0,500,3201;
@400000005e7b0ed325fc55e6 #d,-,18,2986,2356,1760,125,0,189686,11760,2988,2361,1772,2986,2356,1139,95,100,0,500,3121;
@400000005e7b0ed5260cc0f5 #d,-,18,3441,2361,1326,126,0,189829,11769,3441,2361,1768,2986,2356,1096,90,100,0,500,3801;
@400000005e7b0ed52616da4f #d,-,18,2936,2359,1224,127,0,189892,11773,3441,2361,1326,2936,2359,1223,93,100,0,500,3128;
@400000005e7b0ed7262672e3 #d,-,18,3180,2358,1761,128,0,190478,11809,3180,2360,1793,2936,2357,1224,95,100,0,500,3313;
@400000005e7b0ed7263007fe #d,-,18,3401,2362,1301,129,0,190590,11816,3401,2363,1761,3180,2358,1166,91,100,0,500,3697;
@400000005e7b0ed926404835 #d,-,18,2914,2359,1785,129,0,190618,11818,3401,2363,1785,2914,2359,1166,91,100,0,500,3180;
@400000005e7b0ed92649e96b #d,-,18,3403,2363,1096,130,0,190965,11839,3403,2363,1848,2914,2359,1096,96,100,0,500,3538;
@400000005e7b0edb26596256 #d,-,18,3192,2362,1311,131,0,191078,11846,3403,2364,1469,3192,2362,1062,91,100,0,500,3472;
@400000005e7b0edb26630657 #d,-,18,2809,2364,1121,132,0,191038,11844,3192,2365,1311,2809,2362,1109,90,100,0,500,3102;
@400000005e7b0edd267175d4 #d,-,18,2423,2362,1130,133,0,190942,11838,2809,2364,1139,2423,2361,1107,88,100,0,500,2730;
@400000005e7b0edd267a3012 #d,-,18,2424,2361,1126,133,0,190851,11832,2424,2363,1134,2423,2361,1123,89,100,0,500,2711;
@400000005e7b0edf2688267c #d,-,18,2424,2363,1131,134,0,190761,11827,2424,2365,1132,2424,2361,1123,89,100,0,500,2713;
@400000005e7b0edf2690f449 #d,-,18,2425,2362,1127,135,0,190669,11821,2425,2364,1131,2424,2362,1123,89,100,0,500,2708;
@400000005e7b0ee1269fe092 #d,-,18,2425,2363,1128,135,0,190580,11815,2425,2363,1132,2425,2362,1124,89,100,0,500,2711;
@400000005e7b0ee126a89717 #d,-,18,2425,2365,1125,136,0,190490,11810,2425,2365,1130,2425,2363,1123,89,100,0,500,2711;
@400000005e7b0ee326b6a110 #d,-,18,2425,2365,1126,137,0,190402,11804,2425,2366,1131,2425,2365,1121,89,100,0,500,2708;
@400000005e7b0ee326bf47c0 #d,-,18,2424,2365,1128,137,0,190314,11799,2425,2366,1129,2424,2365,1121,89,100,0,500,2708;
@400000005e7b0ee526cce4c2 #d,-,18,2424,2363,1129,138,0,190229,11794,2424,2365,1132,2424,2362,1123,89,100,0,500,2711;
@400000005e7b0ee526d5c61e #d,-,18,2425,2361,1126,139,0,190145,11789,2425,2363,1134,2424,2361,1126,89,100,0,500,2713;
@400000005e7b0ee726e3eed3 #d,-,18,2425,2363,1132,139,0,190160,11789,2425,2364,1132,2425,2361,1123,89,100,0,500,2711;
@400000005e7b0ee726ec81f3 #d,-,18,2425,2360,1123,140,0,190074,11784,2425,2364,1134,2425,2360,1122,89,100,0,500,2708;
@400000005e7b0ee926fac2df #d,-,18,2425,2359,1129,141,0,189993,11779,2425,2361,1132,2425,2358,1122,89,100,0,500,2711;
@400000005e7b0ee92703b7ca #d,-,18,2425,2362,1124,141,0,189813,11768,2425,2362,1132,2425,2359,1122,89,100,0,500,2706;
@400000005e7b0eeb2711ad46 #d,-,18,2426,2360,1129,142,0,189733,11763,2426,2362,1131,2425,2359,1122,89,100,0,500,2708;
@400000005e7b0eeb271a73a0 #d,-,18,2426,2363,1129,143,0,189654,11758,2426,2363,1132,2426,2360,1123,89,100,0,500,2708;
@400000005e7b0eed27282f5e #d,-,18,2426,2361,1126,143,0,189576,11753,2426,2363,1132,2426,2360,1123,89,100,0,500,2708;
@400000005e7b0eed2730e5e2 #d,-,18,2426,2361,1133,144,0,189498,11748,2426,2361,1133,2426,2360,1124,89,100,0,500,2711;
@400000005e7b0eef273fa39a #d,-,18,2426,2363,1127,145,0,189421,11744,2426,2363,1134,2426,2361,1125,89,100,0,500,2708;
@400000005e7b0eef27487521 #d,-,18,2427,2361,1135,145,0,189348,11739,2427,2363,1136,2426,2361,1126,89,100,0,500,2713;
@400000005e7b0ef1275609c1 #d,-,18,2428,2361,1128,146,0,189272,11734,2428,2362,1135,2427,2360,1125,89,100,0,500,2711;
@400000005e7b0ef1275ee764 #d,-,18,2428,2362,1131,147,0,189199,11730,2428,2362,1132,2428,2360,1123,89,100,0,500,2713;
@400000005e7b0ef3276f1f3a #d,-,18,2428,2362,1132,147,0,189127,11725,2428,2362,1135,2428,2362,1125,89,100,0,500,2711;
@400000005e7b0ef32778b8fc #d,-,18,2429,2361,1128,148,0,189148,11727,2429,2362,1133,2428,2360,1124,89,100,0,500,2715;
@400000005e7b0ef52788cd6e #d,-,18,2431,2360,1564,149,0,189236,11732,2431,2362,1770,2429,2359,1122,89,100,0,500,2711;
@400000005e7b0ef52792a1dd #d,-,18,3773,2358,1451,150,0,189571,11753,3773,2363,1774,2431,2358,1138,98,100,0,500,3844;
@400000005e7b0ef727a250cc #d,-,18,2952,2360,1251,151,0,189576,11753,3773,2360,1489,2952,2358,1251,89,100,0,500,3287;
@400000005e7b0ef727ab5945 #d,-,18,2743,2359,1652,152,0,189881,11772,2952,2361,1808,2743,2358,1177,91,100,0,500,3009;
@400000005e7b0ef927ba9fe5 #d,-,18,3821,2360,1441,153,0,190007,11780,3821,2363,1766,2743,2359,1070,98,100,0,500,3891;
@400000005e7b0ef927c44c48 #d,-,18,2866,2361,1243,153,0,190090,11785,3821,2362,1469,2866,2360,1243,89,100,0,500,3216;
@400000005e7b0efb27d3cca5 #d,-,18,2721,2358,1731,154,0,190277,11797,2866,2361,1890,2721,2356,1145,90,100,0,500,3005;
@400000005e7b0efb27dd9c6c #d,-,18,3753,2358,1403,155,0,190506,11811,3753,2360,1805,2721,2357,1093,98,100,0,500,3808;
@400000005e7b0efd27eabbb4 #d,-,18,2954,2359,1246,156,0,190591,11816,3753,2359,1467,2954,2356,1246,89,100,0,500,3317;
@400000005e7b0efd27ef7b14 #d,-,18,2743,2358,1581,157,0,190819,11830,2954,2360,1877,2743,2356,1174,91,100,0,500,3002;
@400000005e7b0eff27fda010 #d,-,18,3892,2361,1455,158,0,191029,11843,3892,2362,1790,2743,2357,1090,97,100,0,500,3988;
@400000005e7b0eff28070e0d #d,-,18,2832,2361,1223,159,0,191083,11847,3892,2362,1455,2832,2360,1223,89,100,0,500,3159;
@400000005e7b0f0128148f1e #d,-,18,2647,2361,1135,159,0,191014,11842,2832,2362,1223,2647,2360,1126,89,100,0,500,2943;
@400000005e7b0f01281d3e30 #d,-,18,2437,2362,1126,160,0,191024,11843,2647,2362,1136,2437,2360,1123,89,100,0,500,2715;
@400000005e7b0f03282b3fc7 #d,-,18,2436,2361,1132,161,0,190949,11838,2437,2362,1134,2436,2361,1126,89,100,0,500,2711;
@400000005e7b0f032833f64c #d,-,18,2435,2360,1128,161,1,190873,11834,2436,2361,1132,2435,2360,1126,89,100,0,500,2708;
@400000005e7b0f05284138f7 #d,-,18,2434,2358,1129,162,1,190798,11829,2435,2361,1133,2434,2357,1127,89,100,0,500,2711;
@400000005e7b0f05284a64d5 #d,-,18,2433,2360,1132,163,1,190724,11824,2434,2360,1135,2433,2357,1125,89,100,0,500,2708;
@400000005e7b0f072857d9cb #d,-,18,2433,2359,1129,163,1,190565,11815,2433,2360,1134,2433,2359,1124,89,100,0,500,2711;
@400000005e7b0f07285ffb4c #d,-,18,2433,2360,1132,164,1,190494,11810,2433,2360,1137,2433,2359,1126,89,100,0,500,2711;
@400000005e7b0f09286e86ba #d,-,18,2433,2361,1130,165,1,190423,11806,2433,2361,1132,2433,2359,1123,89,100,0,500,2713;
@400000005e7b0f0928778a8b #d,-,18,2432,2360,1125,165,1,190351,11801,2433,2362,1132,2432,2359,1123,89,100,0,500,2706;
@400000005e7b0f0b28857982 #d,-,18,2431,2360,1131,166,1,190280,11797,2432,2361,1131,2431,2359,1125,89,100,0,500,2708;
@400000005e7b0f0b288e0ca3 #d,-,18,2431,2362,1126,167,1,190208,11792,2431,2362,1132,2431,2360,1124,89,100,0,500,2706;
@400000005e7b0f0d289c12e2 #d,-,18,2430,2362,1132,167,1,190138,11788,2431,2362,1132,2430,2362,1124,89,100,0,500,2708;
@400000005e7b0f0d28a53a18 #d,-,18,2430,2362,1128,168,1,190067,11784,2430,2362,1132,2430,2360,1126,89,100,0,500,2708;
@400000005e7b0f0f28b35b59 #d,-,18,2429,2361,1128,169,1,189997,11779,2430,2362,1134,2429,2361,1125,89,100,0,500,2708;
@400000005e7b0f0f28bc1df9 #d,-,18,2428,2361,1127,169,1,189928,11775,2429,2362,1132,2428,2360,1125,89,100,0,500,2706;
@400000005e7b0f1128c9cd9c #d,-,18,2428,2359,1130,170,1,189861,11771,2428,2361,1136,2428,2358,1125,89,100,0,500,2711;
@400000005e7b0f1128d2cea2 #d,-,18,2427,2360,1124,171,1,189793,11767,2428,2361,1131,2427,2359,1124,89,100,0,500,2708;
@400000005e7b0f1328e1494c #d,-,18,2427,2361,1127,171,1,189725,11762,2427,2362,1130,2427,2359,1123,89,100,0,500,2704;
@400000005e7b0f1328ea2334 #d,-,18,2426,2361,1126,172,1,189658,11758,2427,2361,1130,2426,2360,1126,89,100,0,500,2706;
@400000005e7b0f1528f79471 #d,-,18,2426,2360,1129,173,1,189592,11754,2426,2361,1130,2426,2359,1125,89,100,0,500,2706;
@400000005e7b0f15290085a2 #d,-,18,2426,2360,1131,173,1,189607,11755,2426,2361,1132,2426,2359,1126,89,100,0,500,2708;
@400000005e7b0f17290d88f9 #d,-,18,2427,2362,1131,174,1,189464,11746,2427,2362,1133,2426,2360,1128,89,100,0,500,2713;
@400000005e7b0f1729162835 #d,-,18,2427,2360,1127,175,1,189400,11742,2427,2362,1134,2427,2359,1125,89,100,0,500,2713;
@400000005e7b0f192925ff30 #d,-,18,2427,2359,1218,175,1,189347,11739,2427,2360,1218,2427,2359,1127,89,100,0,500,2708;
@400000005e7b0f1929305f51 #d,-,18,3064,2358,1660,176,1,189692,11760,3064,2359,1782,2427,2357,1218,95,100,0,500,3201;
@400000005e7b0f1b2942c5f3 #d,-,18,3337,2357,1304,177,1,189763,11765,3337,2360,1660,3064,2357,1142,92,100,0,500,3609;
@400000005e7b0f1b294cfb3d #d,-,18,2908,2359,1181,178,1,189772,11765,3337,2360,1318,2908,2357,1137,91,100,0,500,3178;
@400000005e7b0f1d295d0571 #d,-,18,3170,2357,1672,179,1,190136,11788,3170,2359,1859,2908,2356,1181,96,100,0,500,3301;
@400000005e7b0f1d29667ae1 #d,-,18,3320,2358,1313,180,1,190195,11792,3320,2359,1672,3170,2356,1075,91,100,0,500,3609;
@400000005e7b0f1f29772cb8 #d,-,18,2900,2360,1271,181,1,190216,11793,3320,2361,1324,2900,2357,1172,91,100,0,500,3182;
@400000005e7b0f1f2980e08e #d,-,18,3268,2360,1564,182,1,190573,11815,3268,2360,1872,2900,2357,1271,96,100,0,500,3398;
@400000005e7b0f21298c4664 #d,-,18,3345,2358,1317,183,1,190637,11819,3345,2362,1564,3268,2358,1145,92,100,0,500,3614;
@400000005e7b0f2129920b77 #d,-,18,2850,2356,1726,183,1,190707,11823,3345,2360,1726,2850,2356,1157,90,100,0,500,3142;
@400000005e7b0f2329a22fbf #d,-,18,3377,2362,1101,184,1,190964,11839,3377,2362,1874,2850,2356,1101,95,100,0,500,3524;
@400000005e7b0f2329ab9648 #d,-,18,3226,2359,1303,185,1,191050,11845,3377,2362,1491,3226,2359,1083,92,100,0,500,3500;
@400000005e7b0f2529b9272f #d,-,18,2775,2358,1122,186,1,191086,11847,3226,2359,1303,2775,2357,1119,90,100,0,500,3066;
@400000005e7b0f2529c1e527 #d,-,18,2413,2359,1136,187,1,191022,11843,2775,2360,1140,2413,2358,1120,89,100,0,500,2708;
@400000005e7b0f2729cffef5 #d,-,18,2417,2357,1129,187,1,190881,11834,2417,2360,1139,2413,2357,1123,88,100,0,500,2723;
@400000005e7b0f2729d88e5c #d,-,18,2418,2359,1127,188,1,190816,11830,2418,2360,1130,2417,2357,1124,89,100,0,500,2706;
@400000005e7b0f2929e60f6e #d,-,18,2418,2358,1131,189,1,190751,11826,2418,2360,1131,2418,2357,1126,89,100,0,500,2706;
@400000005e7b0f2929eef0ca #d,-,18,2419,2361,1127,189,1,190687,11822,2419,2362,1132,2418,2357,1123,89,100,0,500,2708;
@400000005e7b0f2b29fdf45b #d,-,18,2421,2360,1132,190,1,190624,11818,2421,2362,1134,2419,2360,1123,89,100,0,500,2708;
@400000005e7b0f2b2a06be6f #d,-,18,2422,2360,1128,191,1,190561,11814,2422,2361,1134,2421,2360,1127,89,100,0,500,2713;
@400000005e7b0f2d2a1511fb #d,-,18,2423,2361,1130,191,1,190498,11810,2423,2361,1131,2422,2360,1126,89,100,0,500,2713;
@400000005e7b0f2d2a1e31bd #d,-,18,2423,2362,1127,192,1,190436,11807,2423,2363,1131,2423,2361,1126,89,100,0,500,2708;
@400000005e7b0f2f2a2bfd50 #d,-,18,2424,2362,1130,193,1,190376,11803,2424,2363,1134,2423,2362,1127,89,100,0,500,2713;
@400000005e7b0f2f2a34c763 #d,-,18,2425,2362,1126,193,1,190316,11799,2425,2362,1131,2424,2361,1125,89,100,0,500,2711;
@400000005e7b0f312a430fc3 #d,-,18,2426,2362,1130,194,1,190255,11795,2426,2362,1131,2425,2361,1124,89,100,0,500,2708;
@400000005e7b0f312a4c4313 #d,-,18,2426,2358,1127,195,1,190195,11792,2426,2362,1130,2426,2358,1123,89,100,0,500,2706;
@400000005e7b0f332a5a161a #d,-,18,2426,2358,1128,195,1,190135,11788,2426,2359,1133,2426,2358,1125,89,100,0,500,2708;
@400000005e7b0f332a62a581 #d,-,18,2426,2360,1127,196,1,190075,11784,2426,2361,1131,2426,2358,1126,89,100,0,500,2706;
@400000005e7b0f352a70b6ed #d,-,18,2427,2360,1130,197,1,190016,11781,2427,2361,1131,2426,2359,1126,89,100,0,500,2708;
@400000005e7b0f352a79e2cb #d,-,18,2427,2360,1128,197,1,189958,11777,2427,2360,1131,2427,2358,1127,89,100,0,500,2706;
@400000005e7b0f372a88a083 #d,-,18,2427,2359,1130,198,1,189970,11778,2427,2360,1130,2427,2358,1126,89,100,0,500,2708;
@400000005e7b0f372a915707 #d,-,18,2427,2359,1128,199,1,189842,11770,2427,2360,1130,2427,2359,1125,89,100,0,500,2708;
@400000005e7b0f392a9eb0fb #d,-,18,2427,2357,1134,199,1,189855,11771,2427,2359,1134,2427,2356,1126,89,100,0,500,2706;
@400000005e7b0f392aa79d84 #d,-,18,2428,2360,1128,200,1,189730,11763,2428,2360,1136,2427,2357,1127,89,100,0,500,2711;
@400000005e7b0f3b2ab526f8 #d,-,18,2428,2357,1127,200,1,189673,11759,2428,2361,1132,2428,2357,1124,89,100,0,500,2708;
@400000005e7b0f3b2abe1be2 #d,-,18,2428,2357,1127,201,1,189616,11756,2428,2359,1132,2428,2357,1124,89,100,0,500,2704;
@400000005e7b0f3d2acea5ad #d,-,18,2427,2358,1127,202,1,189560,11752,2428,2359,1131,2427,2357,1125,89,100,0,500,2704;
@400000005e7b0f3d2ad90e31 #d,-,18,2430,2355,1522,203,1,189692,11760,2430,2358,1744,2427,2354,1125,89,100,0,500,2708;
@400000005e7b0f3f2aef60c9 #d,-,18,3785,2354,1484,204,1,189884,11772,3785,2356,1789,2430,2351,1174,97,100,0,500,3867;
@400000005e7b0f3f2afdeff0 #d,-,18,2956,2357,1230,204,1,189939,11776,3785,2357,1491,2956,2354,1230,90,100,0,500,3282;
@400000005e7b0f412b0f96b7 #d,-,18,2697,2356,1647,205,1,190094,11785,2956,2357,1853,2697,2353,1169,90,100,0,500,2969;
@400000005e7b0f412b193434 #d,-,18,3824,2356,1452,206,1,190271,11796,3824,2357,1785,2697,2354,1140,98,100,0,500,3886;
@400000005e7b0f432b246316 #d,-,18,2918,2359,1225,207,1,190322,11800,3824,2359,1454,2918,2356,1225,89,100,0,500,3263;
@400000005e7b0f432b2c9ccf #d,-,18,2713,2357,1572,208,1,190495,11810,2918,2360,1882,2713,2355,1144,91,100,0,500,2974;
@400000005e7b0f452b3dede7 #d,-,18,3892,2359,1427,209,1,190661,11820,3892,2360,1794,2713,2357,1133,97,100,0,500,4012;
@400000005e7b0f452b481805 #d,-,18,2874,2359,1238,210,1,190702,11823,3892,2359,1427,2874,2358,1238,90,100,0,500,3173;
@400000005e7b0f472b57d6c8 #d,-,18,2994,2359,1745,211,1,190935,11838,2994,2360,1808,2874,2357,1185,95,100,0,500,3135;
@400000005e7b0f472b61708b #d,-,18,3497,2359,1332,212,1,191026,11843,3497,2362,1777,2994,2358,1039,90,100,0,500,3865;
@400000005e7b0f492b715a26 #d,-,18,2940,2360,1168,212,1,191054,11845,3497,2360,1332,2940,2358,1168,94,100,0,500,3118;
@400000005e7b0f492b7ab0da #d,-,18,2585,2362,1125,213,1,190997,11841,2940,2362,1168,2585,2360,1114,89,100,0,500,2884;
@400000005e7b0f4b2b8835a6 #d,-,18,2433,2359,1129,214,1,190943,11838,2585,2362,1152,2433,2359,1123,89,100,0,500,2723;
@400000005e7b0f4b2b916183 #d,-,18,2432,2358,1129,214,1,190886,11834,2433,2359,1133,2432,2357,1127,89,100,0,500,2708;
@400000005e7b0f4d2ba007f2 #d,-,18,2432,2361,1136,215,1,190831,11831,2432,2361,1136,2432,2357,1128,89,100,0,500,2715;
@400000005e7b0f4d2ba8e94e #d,-,18,2433,2360,1125,216,1,190775,11828,2433,2361,1136,2432,2359,1125,89,100,0,500,2715;
@400000005e7b0f4f2bb81044 #d,-,18,2432,2357,1132,216,1,190720,11824,2433,2360,1132,2432,2357,1124,89,100,0,500,2708;
@400000005e7b0f4f2bc0a364 #d,-,18,2432,2360,1126,217,1,190663,11821,2432,2361,1132,2432,2356,1124,89,100,0,500,2706;
@400000005e7b0f512bcf9f82 #d,-,18,2431,2359,1128,218,1,190609,11817,2432,2361,1132,2431,2359,1125,89,100,0,500,2708;
@400000005e7b0f512bd849eb #d,-,18,2431,2361,1128,218,1,190553,11814,2431,2361,1131,2431,2358,1125,89,100,0,500,2706;
@400000005e7b0f532be5c38a #d,-,18,2430,2359,1129,219,1,190499,11810,2431,2361,1132,2430,2359,1124,89,100,0,500,2708;
@400000005e7b0f532bee88f5 #d,-,18,2429,2360,1128,220,1,190444,11807,2430,2360,1131,2429,2359,1123,89,100,0,500,2706;
@400000005e7b0f552bfc5842 #d,-,18,2429,2361,1126,220,1,190389,11804,2429,2361,1131,2429,2359,1124,89,100,0,500,2706;
@400000005e7b0f552c051280 #d,-,18,2428,2361,1127,221,1,190334,11800,2429,2362,1132,2428,2361,1124,89,100,0,500,2706;
@400000005e7b0f572c133c24 #d,-,18,2428,2360,1130,222,1,190280,11797,2428,2361,1132,2428,2359,1123,89,100,0,500,2706;
@400000005e7b0f572c1bd2fe #d,-,18,2428,2359,1126,222,1,190228,11794,2428,2360,1135,2428,2359,1124,89,100,0,500,2708;
@400000005e7b0f592c2982a1 #d,-,18,2428,2360,1129,223,1,190236,11794,2428,2360,1132,2428,2358,1122,89,100,0,500,2708;
@400000005e7b0f592c3273d1 #d,-,18,2427,2360,1123,224,1,190121,11787,2428,2361,1136,2427,2359,1122,89,100,0,500,2706;
@400000005e7b0f5b2c415c61 #d,-,18,2427,2361,1127,224,1,190069,11784,2427,2361,1131,2427,2360,1122,89,100,0,500,2704;
@400000005e7b0f5b2c4a22ba #d,-,18,2427,2359,1131,225,1,190080,11784,2427,2361,1135,2427,2357,1124,89,100,0,500,2706;
@400000005e7b0f5d2c57d25d #d,-,18,2427,2358,1128,226,1,190029,11781,2427,2359,1134,2427,2357,1126,89,100,0,500,2711;
@400000005e7b0f5d2c6098b7 #d,-,18,2428,2361,1131,226,1,189918,11774,2428,2361,1135,2427,2358,1123,89,100,0,500,2711;
@400000005e7b0f5f2c6ef85e #d,-,18,2428,2360,1126,227,1,189867,11771,2428,2361,1132,2428,2359,1125,89,100,0,500,2706;
@400000005e7b0f5f2c77beb8 #d,-,18,2428,2360,1132,228,1,189817,11768,2428,2360,1132,2428,2359,1125,89,100,0,500,2708;
@400000005e7b0f612c8a9250 #d,-,18,2428,2360,1127,228,1,189767,11765,2428,2360,1133,2428,2359,1125,89,100,0,500,2708;
@400000005e7b0f612c950e63 #d,-,18,2428,2361,1132,229,1,189718,11762,2428,2361,1133,2428,2359,1126,89,100,0,500,2711;
@400000005e7b0f632ca4e917 #d,-,18,2719,2358,1692,230,1,189908,11774,2719,2361,1796,2428,2357,1129,95,100,0,500,2858;
@400000005e7b0f632cae85a5 #d,-,18,3643,2358,1389,231,1,190043,11782,3643,2361,1752,2719,2357,1173,92,100,0,500,3934;
@400000005e7b0f652cb99985 #d,-,18,2994,2358,1240,232,1,190085,11785,3643,2359,1389,2994,2358,1240,93,100,0,500,3213;
@400000005e7b0f652cbeb9c1 #d,-,18,2779,2357,1620,233,1,190265,11796,2994,2359,1866,2779,2355,1192,92,100,0,500,3002;
@400000005e7b0f672ccdf8ed #d,-,18,3840,2358,1390,234,1,190399,11804,3840,2360,1786,2779,2356,1112,95,100,0,500,4040;
@400000005e7b0f672cd78960 #d,-,18,2880,2358,1212,234,1,190433,11806,3840,2358,1390,2880,2356,1212,91,100,0,500,3133;
@400000005e7b0f692ce7e0e0 #d,-,18,2711,2357,1577,235,1,190587,11816,2880,2359,1854,2711,2355,1136,91,100,0,500,2957;
@400000005e7b0f692cf1effb #d,-,18,3838,2356,1450,236,1,190758,11827,3838,2360,1780,2711,2355,1027,95,100,0,500,4005;
@400000005e7b0f6b2d00b8e0 #d,-,18,2775,2360,1227,237,1,190744,11826,3838,2361,1450,2775,2356,1227,90,100,0,500,3069;
@400000005e7b0f6b2d058ae1 #d,-,18,2691,2357,1619,238,1,190937,11838,2775,2361,1884,2691,2356,1142,90,100,0,500,2981;
@400000005e7b0f6d2d14217c #d,-,18,3862,2359,1457,239,1,191018,11843,3862,2360,1797,2691,2356,1091,98,100,0,500,3927;
@400000005e7b0f6d2d1dd640 #d,-,18,2852,2362,1241,240,1,191124,11849,3862,2362,1463,2852,2359,1241,88,100,0,500,3208;
@400000005e7b0f6f2d2b8229 #d,-,18,2699,2362,1141,240,1,191024,11843,2852,2363,1241,2699,2362,1127,90,100,0,500,2986;
@400000005e7b0f6f2d343c68 #d,-,18,2447,2361,1132,241,1,190978,11840,2699,2363,1143,2447,2361,1132,89,100,0,500,2727;
@400000005e7b0f712d41dc35 #d,-,18,2447,2362,1133,242,1,190928,11837,2447,2362,1136,2447,2361,1125,89,100,0,500,2727;
@400000005e7b0f712d4af484 #d,-,18,2444,2361,1124,242,1,190877,11834,2447,2362,1133,2444,2361,1123,90,100,0,500,2711;
@400000005e7b0f732d59542b #d,-,18,2442,2362,1128,243,1,190827,11831,2444,2362,1131,2442,2361,1124,90,100,0,500,2706;
@400000005e7b0f732d623de9 #d,-,18,2440,2357,1128,244,1,190776,11828,2442,2362,1132,2440,2357,1125,90,100,0,500,2708;
@400000005e7b0f752d6fe52a #d,-,18,2438,2358,1128,244,1,190726,11825,2440,2359,1133,2438,2357,1126,89,100,0,500,2711;
@400000005e7b0f752d791969 #d,-,18,2437,2361,1130,245,1,190677,11822,2438,2361,1135,2437,2358,1126,89,100,0,500,2708;
@400000005e7b0f772d873602 #d,-,18,2436,2360,1127,246,1,190628,11818,2437,2362,1136,2436,2359,1127,89,100,0,500,2713;
@400000005e7b0f772d8fdda0 #d,-,18,2435,2360,1129,246,1,190580,11815,2436,2361,1133,2435,2360,1127,89,100,0,500,2713;
@400000005e7b0f792d9e584a #d,-,18,2434,2361,1130,247,1,190531,11812,2435,2362,1136,2434,2360,1127,89,100,0,500,2711;
@400000005e7b0f792da79b70 #d,-,18,2434,2362,1128,248,1,190483,11809,2434,2362,1133,2434,2361,1125,89,100,0,500,2711;
@400000005e7b0f7b2db59d07 #d,-,18,2433,2361,1130,248,1,190435,11806,2434,2363,1131,2433,2361,1124,89,100,0,500,2711;
@400000005e7b0f7b2dbe76f0 #d,-,18,2432,2363,1125,249,1,190387,11804,2433,2363,1132,2432,2361,1124,89,100,0,500,2708;
@400000005e7b0f7d2dcc7114 #d,-,18,2432,2364,1130,250,1,190340,11801,2432,2364,1131,2432,2362,1123,89,100,0,500,2706;
@400000005e7b0f7d2dd590d6 #d,-,18,2431,2362,1126,250,1,190293,11798,2432,2364,1131,2431,2362,1125,89,100,0,500,2708;
@400000005e7b0f7f2de44272 #d,-,18,2431,2362,1133,251,1,190247,11795,2431,2363,1133,2431,2362,1124,89,100,0,500,2711;
@400000005e7b0f7f2ded33a3 #d,-,18,2431,2363,1131,252,1,190201,11792,2431,2363,1134,2431,2362,1127,89,100,0,500,2715;
@400000005e7b0f812dfa89de #d,-,18,2431,2366,1127,252,1,190211,11793,2431,2366,1131,2431,2363,1124,89,100,0,500,2715;
@400000005e7b0f812e03863c #d,-,18,2431,2364,1134,253,1,190110,11786,2431,2366,1134,2431,2364,1125,89,100,0,500,2711;
@400000005e7b0f832e12639e #d,-,18,2430,2364,1126,254,1,190118,11787,2431,2365,1134,2430,2364,1123,89,100,0,500,2711;
@400000005e7b0f832e1b2550 #d,-,18,2430,2364,1129,254,1,190018,11781,2430,2364,1130,2430,2364,1123,89,100,0,500,2708;
@400000005e7b0f852e2a2527 #d,-,18,2430,2363,1128,255,1,190026,11781,2430,2364,1129,2430,2363,1123,89,100,0,500,2708;
@400000005e7b0f852e32fb56 #d,-,18,2430,2363,1130,256,1,189927,11775,2430,2363,1131,2430,2362,1123,89,100,0,500,2708;
@400000005e7b0f872e3debd3 #d,-,18,2429,2361,1127,256,1,189936,11776,2430,2363,1130,2429,2361,1122,89,100,0,500,2708;
@400000005e7b0f872e42f880 #d,-,18,2667,2359,1650,257,1,190096,11785,2667,2362,1793,2429,2357,1127,94,100,0,500,2825;
@400000005e7b0f892e53e149 #d,-,18,3669,2361,1339,258,1,190211,11793,3669,2361,1779,2667,2358,1165,92,100,0,500,3950;
@400000005e7b0f892e5e3db1 #d,-,18,2926,2363,1194,259,1,190181,11791,3669,2363,1339,2926,2360,1194,92,100,0,500,3156;
@400000005e7b0f8b2e6e7cfb #d,-,18,3044,2361,1747,260,1,190384,11803,3044,2363,1826,2926,2360,1173,96,100,0,500,3168;
@400000005e7b0f8b2e7806e8 #d,-,18,3345,2363,1295,261,1,190443,11807,3345,2365,1747,3044,2361,1074,89,100,0,500,3727;
Lost connection at /opt/powertools/bin/wattsup1 line 220.
	main::failure('Lost connection') called at /opt/powertools/bin/wattsup1 line 271
	main::recv_msg() called at /opt/powertools/bin/wattsup1 line 504
