@400000005e5cbb5d2d0233ed #v,-,8,1,65178,5,2,4,57,200810261703,0;
@400000005e5cbb5e1841a7b5 #h,-,18,W,V,A,WH,Cost,WH/Mo,Cost/Mo,Wmax,Vmax,Amax,Wmin,Vmin,Amin,PF,DC,PC,Hz,VA;
@400000005e5cbb5e1e471d30 #f,-,48,233,436,1,4803,0,0,65535,0,150,1177,177,10481,276,203,3340,13,121719,86,50084,105837,25,2629,11458,0,64,1,4686,0,0,65535,0,150,1030,182,11055,266,212,3240,13,121394,92,49362,104176,24,2613,13005,0,71;
@400000005e5cbb601e5428e9 #d,-,18,2738,2346,1178,1,0,192258,11919,2738,2349,1182,2735,2346,1173,98,100,0,500,2776;
@400000005e5cbb621e5efe64 #d,-,18,2739,2348,1180,1,0,193899,12021,2739,2349,1182,2738,2346,1178,98,100,0,500,2778;
@400000005e5cbb621e64fd36 #d,-,18,2740,2350,1194,2,0,195246,12105,2740,2350,1210,2739,2348,1178,98,100,0,500,2776;
@400000005e5cbb641e6e405b #d,-,18,2743,2348,1179,3,0,195468,12119,2743,2350,1194,2740,2347,1172,97,100,0,500,2805;
@400000005e5cbb641e73ce7d #d,-,18,2743,2350,1179,4,0,195632,12129,2743,2350,1179,2743,2347,1177,98,100,0,500,2774;
@400000005e5cbb661e7d736c #d,-,18,2743,2350,1177,5,0,195780,12138,2743,2350,1181,2743,2349,1176,98,100,0,500,2778;
@400000005e5cbb661e833792 #d,-,18,2742,2349,1178,5,0,198420,12302,2743,2350,1181,2742,2348,1176,98,100,0,500,2774;
@400000005e5cbb681e8cdc81 #d,-,18,2743,2351,1204,6,0,198439,12303,2743,2352,1207,2742,2349,1176,98,100,0,500,2778;
@400000005e5cbb681e927216 #d,-,18,2746,2349,1177,7,0,196175,12162,2746,2352,1204,2743,2349,1168,98,100,0,500,2801;
@400000005e5cbb6a1e9bc157 #d,-,18,2745,2352,1176,8,0,196198,12164,2746,2352,1179,2745,2349,1175,98,100,0,500,2776;
@400000005e5cbb6a1ea15332 #d,-,18,2744,2351,1178,8,0,197884,12268,2745,2353,1178,2744,2351,1175,99,100,0,500,2771;
@400000005e5cbb6c1eaa91af #d,-,18,2744,2353,1175,9,0,196216,12165,2744,2353,1178,2744,2351,1174,98,100,0,500,2774;
@400000005e5cbb6c1eb0335f #d,-,18,2743,2355,1207,10,0,196356,12174,2744,2355,1207,2743,2351,1174,98,100,0,500,2773;
@400000005e5cbb6e1eb97685 #d,-,18,2745,2351,1175,11,0,196346,12173,2745,2356,1207,2743,2351,1166,98,100,0,500,2799;
@400000005e5cbb6e1ebf00ed #d,-,18,2744,2353,1175,11,0,196337,12172,2745,2353,1177,2744,2351,1174,99,100,0,500,2769;
@400000005e5cbb701ec83f6a #d,-,18,2744,2352,1174,12,0,196322,12172,2744,2353,1177,2744,2351,1173,99,100,0,500,2771;
@400000005e5cbb701ecdd4ff #d,-,18,2743,2354,1174,13,0,197437,12241,2744,2354,1178,2743,2351,1173,98,100,0,500,2773;
@400000005e5cbb721ed727fa #d,-,18,2742,2352,1204,14,0,196390,12176,2743,2354,1204,2742,2352,1173,98,100,0,500,2771;
@400000005e5cbb721edccd63 #d,-,18,2745,2355,1175,14,0,196425,12178,2745,2355,1206,2742,2352,1168,97,100,0,500,2803;
@400000005e5cbb741ee627d1 #d,-,18,2744,2355,1174,15,0,196414,12177,2745,2355,1176,2744,2353,1173,99,100,0,500,2771;
@400000005e5cbb741eebc981 #d,-,18,2744,2353,1173,16,0,196409,12177,2744,2355,1177,2744,2353,1173,98,100,0,500,2773;
@400000005e5cbb761ef517d4 #d,-,18,2741,2353,1172,17,0,196348,12173,2744,2355,1173,2741,2353,1164,99,100,0,500,2762;
@400000005e5cbb761efaae57 #d,-,18,2740,2354,1195,17,0,196356,12174,2741,2354,1195,2740,2352,1171,99,100,0,500,2762;
@400000005e5cbb781f05b262 #d,-,18,2742,2352,1170,18,0,196363,12174,2742,2354,1202,2740,2352,1163,98,100,0,500,2794;
@400000005e5cbb781f0c6d55 #d,-,18,2739,2351,1171,19,0,196331,12172,2742,2354,1172,2739,2351,1170,99,100,0,500,2757;
@400000005e5cbb7a1f15b434 #d,-,18,2738,2353,1169,20,0,196298,12170,2739,2354,1172,2738,2351,1169,99,100,0,500,2762;
@400000005e5cbb7a1f1b460f #d,-,18,2737,2353,1170,20,0,196268,12168,2738,2354,1172,2737,2351,1169,99,100,0,500,2760;
@400000005e5cbb7c1f249462 #d,-,18,2735,2350,1185,21,0,196250,12167,2737,2354,1185,2735,2350,1169,99,100,0,500,2762;
@400000005e5cbb7c1f2a2283 #d,-,18,2738,2353,1166,22,0,196267,12168,2738,2353,1204,2735,2350,1160,98,100,0,500,2792;
@400000005e5cbb7e1f33890d #d,-,18,2735,2352,1171,23,0,196233,12166,2738,2353,1171,2735,2350,1166,99,100,0,500,2749;
@400000005e5cbb7e1f392d88 #d,-,18,2734,2350,1169,24,0,196198,12164,2735,2352,1171,2734,2350,1169,99,100,0,500,2758;
@400000005e5cbb801f428c9e #d,-,18,2732,2349,1172,24,0,196165,12162,2734,2351,1172,2732,2349,1168,99,100,0,500,2755;
@400000005e5cbb801f485cdf #d,-,18,2731,2350,1172,25,0,196138,12160,2732,2351,1172,2731,2349,1169,99,100,0,500,2758;
@400000005e5cbb821f51ce96 #d,-,18,2734,2349,1168,26,0,196165,12162,2734,2350,1201,2731,2347,1164,98,100,0,500,2783;
@400000005e5cbb821f5773ff #d,-,18,2732,2351,1169,27,0,196135,12160,2734,2351,1172,2732,2348,1168,99,100,0,500,2758;
@400000005e5cbb841f60ce6d #d,-,18,2731,2349,1170,27,0,196114,12159,2732,2351,1172,2731,2349,1169,99,100,0,500,2757;
@400000005e5cbb841f666c64 #d,-,18,2730,2350,1170,28,0,196087,12157,2731,2351,1171,2730,2348,1169,98,100,0,500,2758;
@400000005e5cbb861f6fc6d2 #d,-,18,2729,2351,1161,29,0,196046,12154,2730,2351,1171,2729,2348,1161,99,100,0,500,2755;
@400000005e5cbb861f756793 #d,-,18,2729,2349,1165,30,0,196055,12155,2729,2351,1196,2729,2349,1160,98,100,0,500,2764;
@400000005e5cbb881f7ebe48 #d,-,18,2728,2350,1167,30,0,196027,12153,2729,2351,1172,2728,2349,1165,98,100,0,500,2764;
@400000005e5cbb881f846fcd #d,-,18,2727,2350,1170,31,0,196000,12152,2728,2351,1170,2727,2348,1166,99,100,0,500,2749;
@400000005e5cbb8a1f8dddca #d,-,18,2726,2350,1168,32,0,196431,12178,2727,2351,1170,2726,2348,1167,98,100,0,500,2755;
@400000005e5cbb8a1f937e8b #d,-,18,2725,2350,1170,33,0,195945,12148,2726,2350,1171,2725,2347,1168,99,100,0,500,2749;
@400000005e5cbb8c1f9d1fc1 #d,-,18,2726,2348,1160,33,0,195963,12149,2726,2350,1198,2725,2348,1160,98,100,0,500,2767;
@400000005e5cbb8c1fa2f3bc #d,-,18,2726,2349,1166,34,0,195935,12148,2726,2350,1171,2726,2348,1160,98,100,0,500,2762;
@400000005e5cbb8e1fac4e2a #d,-,18,2724,2349,1166,35,0,195904,12146,2726,2350,1168,2724,2348,1165,99,100,0,500,2749;
@400000005e5cbb8e1fb1ec20 #d,-,18,2723,2350,1167,36,0,195876,12144,2724,2350,1168,2723,2348,1165,99,100,0,500,2748;
@400000005e5cbb901fbb2f46 #d,-,18,2722,2348,1166,36,0,195847,12142,2723,2350,1167,2722,2347,1165,99,100,0,500,2748;
@400000005e5cbb901fc0c4db #d,-,18,2722,2350,1162,37,0,195865,12143,2722,2350,1198,2722,2347,1162,98,100,0,500,2757;
@400000005e5cbb921fca3a4b #d,-,18,2723,2348,1168,38,0,195834,12141,2723,2350,1168,2722,2347,1159,98,100,0,500,2765;
@400000005e5cbb921fcfd841 #d,-,18,2722,2349,1165,39,0,195807,12140,2723,2349,1168,2722,2347,1165,99,100,0,500,2749;
@400000005e5cbb941fd93ecb #d,-,18,2721,2348,1167,39,0,195786,12138,2722,2349,1170,2721,2348,1165,99,100,0,500,2746;
@400000005e5cbb941fdedf8c #d,-,18,2720,2348,1161,40,0,195758,12137,2721,2348,1168,2720,2346,1161,98,100,0,500,2749;
@400000005e5cbb961fef7661 #d,-,18,2719,2349,1167,41,0,195760,12137,2720,2349,1194,2719,2347,1159,99,100,0,500,2741;
@400000005e5cbb961ffb68d8 #d,-,18,3188,2347,1663,42,0,197082,12219,3188,2349,1713,2719,2345,1159,100,100,0,500,3188;
@400000005e5cbb98200cb27d #d,-,18,3898,2348,1669,43,0,198526,12308,3898,2348,1669,3188,2346,1659,99,100,0,500,3931;
@400000005e5cbb9820194c97 #d,-,18,3898,2349,1667,44,0,199944,12396,3898,2349,1675,3898,2348,1665,99,100,0,500,3922;
@400000005e5cbb9a20337886 #d,-,18,3898,2348,1670,45,0,201309,12481,3898,2349,1671,3898,2348,1667,99,100,0,500,3926;
@400000005e5cbb9a203e78d8 #d,-,18,3900,2347,1690,46,0,202672,12565,3900,2348,1703,3898,2347,1668,99,100,0,500,3928;
@400000005e5cbb9c204fd252 #d,-,18,3904,2345,1673,47,0,203948,12644,3904,2347,1690,3900,2345,1665,98,100,0,500,3958;
@400000005e5cbb9c205af9c1 #d,-,18,3905,2342,1678,48,0,205196,12722,3905,2346,1678,3904,2338,1673,99,100,0,500,3935;
@400000005e5cbb9e206b6c44 #d,-,18,3906,2344,1675,49,0,206396,12796,3906,2344,1679,3905,2342,1672,99,100,0,500,3936;
@400000005e5cbb9e2075efc9 #d,-,18,3908,2344,1673,50,0,207574,12869,3908,2345,1688,3906,2343,1673,99,100,0,500,3944;
@400000005e5cbba020878036 #d,-,18,3908,2344,1711,52,0,208740,12941,3908,2346,1711,3908,2343,1673,99,100,0,500,3935;
@400000005e5cbba02092b68c #d,-,18,3914,2345,1675,53,0,209851,13010,3914,2345,1711,3908,2343,1675,98,100,0,500,3976;
@400000005e5cbba220a354d4 #d,-,18,3915,2341,1686,54,0,210923,13077,3915,2345,1686,3914,2341,1675,99,100,0,500,3938;
@400000005e5cbba220adebe9 #d,-,18,3917,2345,1684,55,0,211980,13142,3917,2345,1691,3915,2341,1681,99,100,0,500,3956;
@400000005e5cbba420be7e16 #d,-,18,3918,2344,1684,56,0,212997,13205,3918,2345,1686,3917,2342,1679,99,100,0,500,3951;
@400000005e5cbba420c92411 #d,-,18,3920,2343,1716,57,0,214013,13268,3920,2345,1716,3918,2342,1684,99,100,0,500,3952;
@400000005e5cbba620d935b8 #d,-,18,3975,2343,1686,58,0,214994,13329,3975,2345,1723,3920,2343,1684,99,100,0,500,3997;
@400000005e5cbba620e5344a #d,-,18,3969,2345,1685,59,0,215938,13388,3975,2345,1689,3969,2343,1685,100,100,0,500,3969;
@400000005e5cbba820f6917e #d,-,18,3966,2346,1687,60,0,217153,13463,3969,2346,1688,3966,2343,1684,100,100,0,500,3966;
@400000005e5cbba82101a918 #d,-,18,3963,2346,1688,61,0,217758,13501,3966,2346,1696,3963,2343,1687,99,100,0,500,3967;
@400000005e5cbbaa21125735 #d,-,18,3961,2343,1719,63,0,218646,13556,3963,2346,1719,3961,2342,1688,99,100,0,500,3965;
@400000005e5cbbaa211cce9f #d,-,18,3963,2344,1691,64,0,219509,13609,3963,2345,1723,3961,2342,1683,99,100,0,500,3999;
@400000005e5cbbac212d50f7 #d,-,18,3960,2346,1689,65,0,220336,13660,3963,2347,1692,3960,2344,1686,99,100,0,500,3965;
@400000005e5cbbac2137ef7f #d,-,18,3958,2346,1696,66,0,221148,13711,3960,2346,1696,3958,2344,1689,99,100,0,500,3967;
@400000005e5cbbae214906d9 #d,-,18,3959,2344,1693,67,0,221947,13760,3959,2346,1705,3958,2342,1690,99,100,0,500,3983;
@400000005e5cbbae2153d038 #d,-,18,3958,2342,1714,68,0,222732,13809,3959,2345,1714,3958,2342,1692,99,100,0,500,3972;
@400000005e5cbbb02165073d #d,-,18,3961,2342,1694,69,0,223783,13874,3961,2345,1723,3958,2342,1689,98,100,0,500,4008;
@400000005e5cbbb0216f8261 #d,-,18,3960,2343,1693,70,0,224243,13903,3961,2344,1695,3960,2342,1693,99,100,0,500,3974;
@400000005e5cbbb2217fbedf #d,-,18,3959,2342,1697,71,0,224965,13947,3960,2343,1699,3959,2339,1693,99,100,0,500,3977;
@400000005e5cbbb2218b2c28 #d,-,18,3961,2341,1692,72,0,225680,13992,3961,2343,1710,3959,2340,1692,99,100,0,500,3988;
@400000005e5cbbb4219be1b8 #d,-,18,3961,2342,1706,73,0,226373,14035,3961,2343,1706,3961,2340,1691,99,100,0,500,3983;
@400000005e5cbbb421a7242a #d,-,18,3965,2343,1697,75,0,227071,14078,3965,2343,1732,3961,2340,1689,98,100,0,500,4017;
@400000005e5cbbb621b7ce8d #d,-,18,3964,2341,1700,76,0,227734,14119,3965,2343,1702,3964,2341,1697,99,100,0,500,3981;
@400000005e5cbbb621c28817 #d,-,18,3964,2342,1699,77,0,228642,14175,3964,2343,1702,3964,2340,1698,99,100,0,500,3988;
@400000005e5cbbb821d31a44 #d,-,18,3964,2343,1699,78,0,229014,14198,3964,2343,1701,3964,2340,1698,99,100,0,500,3986;
@400000005e5cbbb821dd6f39 #d,-,18,3964,2342,1699,79,0,229631,14237,3964,2343,1701,3964,2341,1697,99,100,0,500,3986;
@400000005e5cbbba21ee2c3c #d,-,18,3969,2343,1702,80,0,230277,14277,3969,2344,1738,3964,2340,1699,98,100,0,500,4013;
@400000005e5cbbba21f89018 #d,-,18,3970,2342,1705,81,0,230872,14314,3970,2343,1705,3969,2341,1698,98,100,0,500,4011;
@400000005e5cbbbc22084fca #d,-,18,3971,2343,1700,82,0,231462,14350,3971,2344,1709,3970,2341,1699,99,100,0,500,3997;
@400000005e5cbbbc22138266 #d,-,18,3972,2342,1704,83,0,232037,14386,3972,2344,1707,3971,2341,1699,99,100,0,500,3999;
@400000005e5cbbbe22248278 #d,-,18,3972,2344,1703,84,0,232847,14436,3972,2344,1706,3972,2341,1702,99,100,0,500,3999;
@400000005e5cbbbe222fe494 #d,-,18,3976,2342,1696,86,0,233416,14471,3976,2344,1734,3972,2341,1695,98,100,0,500,4017;
@400000005e5cbbc02240a90b #d,-,18,3976,2342,1703,87,0,233953,14505,3976,2344,1705,3976,2341,1696,99,100,0,500,4004;
@400000005e5cbbc0224be409 #d,-,18,3976,2344,1703,88,0,234236,14522,3976,2344,1705,3976,2342,1700,99,100,0,500,3995;
@400000005e5cbbc2225ca10d #d,-,18,3975,2344,1702,89,0,234750,14554,3976,2345,1703,3975,2342,1700,99,100,0,500,3995;
@400000005e5cbbc22267443d #d,-,18,3975,2343,1703,90,0,235259,14586,3975,2345,1708,3975,2341,1702,99,100,0,500,3995;
@400000005e5cbbc422784361 #d,-,18,3978,2341,1696,91,0,235775,14618,3978,2344,1736,3975,2341,1696,99,100,0,500,4009;
@400000005e5cbbc422829856 #d,-,18,3978,2340,1703,92,0,236492,14662,3978,2344,1706,3978,2340,1696,99,100,0,500,4013;
@400000005e5cbbc622927e37 #d,-,18,3977,2341,1707,93,0,236736,14677,3978,2343,1707,3977,2340,1703,99,100,0,500,3993;
@400000005e5cbbc6229da1ed #d,-,18,3978,2341,1712,94,0,237216,14707,3978,2342,1723,3977,2340,1705,99,100,0,500,4001;
@400000005e5cbbc822afab6c #d,-,18,3979,2342,1710,96,0,237679,14736,3979,2342,1712,3978,2339,1704,99,100,0,500,4013;
@400000005e5cbbc822bc133b #d,-,18,3865,2341,1611,97,0,237990,14755,3979,2342,1710,3865,2338,1573,98,100,0,500,3913;
@400000005e5cbbca22ceef35 #d,-,18,3770,2342,1615,98,0,238285,14773,3865,2342,1615,3770,2340,1605,99,100,0,500,3789;
@400000005e5cbbca22da6c53 #d,-,18,3768,2341,1613,99,0,238581,14792,3770,2342,1615,3768,2340,1613,99,100,0,500,3785;
@400000005e5cbbcc22ed3104 #d,-,18,3768,2343,1613,100,0,238870,14809,3768,2343,1616,3768,2341,1612,99,100,0,500,3787;
@400000005e5cbbcc22f94a99 #d,-,18,3767,2342,1614,101,0,239155,14827,3768,2344,1615,3767,2342,1612,99,100,0,500,3789;
@400000005e5cbbce230cfdb5 #d,-,18,3768,2342,1624,102,0,239457,14846,3768,2343,1646,3767,2341,1613,99,100,0,500,3789;
@400000005e5cbbce2318930a #d,-,18,3770,2344,1612,103,0,239727,14863,3770,2345,1624,3768,2342,1605,98,100,0,500,3814;
@400000005e5cbbd0232a8cb4 #d,-,18,3769,2344,1613,104,0,239997,14879,3770,2344,1615,3769,2342,1612,99,100,0,500,3789;
@400000005e5cbbd02336211b #d,-,18,3769,2342,1611,105,0,240261,14896,3769,2344,1617,3769,2342,1610,99,100,0,500,3791;
@400000005e5cbbd22349576b #d,-,18,3768,2342,1611,106,0,240520,14912,3769,2343,1616,3768,2341,1611,99,100,0,500,3783;
@400000005e5cbbd22354e818 #d,-,18,3767,2342,1639,107,0,240795,14929,3768,2343,1647,3767,2341,1611,99,100,0,500,3785;
@400000005e5cbbd42367e3bc #d,-,18,3770,2343,1614,108,0,241042,14944,3770,2344,1639,3767,2341,1606,98,100,0,500,3814;
@400000005e5cbbd42373f996 #d,-,18,3769,2342,1612,109,0,241288,14959,3770,2344,1614,3769,2342,1612,99,100,0,500,3787;
@400000005e5cbbd623867ef3 #d,-,18,3768,2343,1614,110,0,241530,14974,3769,2343,1615,3768,2341,1611,99,100,0,500,3783;
@400000005e5cbbd623923b66 #d,-,18,3767,2341,1613,111,0,241768,14989,3768,2343,1615,3767,2341,1613,99,100,0,500,3789;
@400000005e5cbbd823a4c1b1 #d,-,18,3767,2342,1647,112,0,242020,15005,3767,2343,1648,3767,2340,1612,99,100,0,500,3789;
@400000005e5cbbd823b08950 #d,-,18,3770,2341,1615,113,0,242250,15019,3770,2343,1647,3767,2341,1606,98,100,0,500,3815;
@400000005e5cbbda23c2b545 #d,-,18,3769,2341,1615,114,0,242478,15033,3770,2341,1616,3769,2340,1613,99,100,0,500,3787;
@400000005e5cbbda23ceb01e #d,-,18,3768,2341,1613,115,0,242700,15047,3769,2342,1615,3768,2340,1613,99,100,0,500,3787;
@400000005e5cbbdc23e18c18 #d,-,18,3768,2341,1613,116,0,242920,15061,3768,2342,1616,3768,2341,1612,99,100,0,500,3785;
@400000005e5cbbdc23edeb85 #d,-,18,3767,2341,1644,117,0,243148,15075,3768,2341,1644,3767,2339,1613,99,100,0,500,3785;
@400000005e5cbbde2400a50a #d,-,18,3770,2342,1613,118,0,243366,15088,3770,2343,1645,3767,2340,1608,98,100,0,500,3819;
@400000005e5cbbde240cc257 #d,-,18,3770,2341,1615,120,0,243577,15101,3770,2343,1618,3770,2341,1613,99,100,0,500,3785;
@400000005e5cbbe0241dd9b2 #d,-,18,3770,2340,1615,121,0,243786,15114,3770,2342,1619,3770,2340,1614,99,100,0,500,3794;
@400000005e5cbbe0242897e4 #d,-,18,3769,2346,1214,121,0,243837,15117,3770,2346,1616,3769,2340,1214,99,100,0,500,3789;
@400000005e5cbbe22439d927 #d,-,18,2991,2345,1237,122,0,243516,15097,3769,2346,1237,2991,2343,1174,96,100,0,500,3112;
@400000005e5cbbe224443df1 #d,-,18,2809,2343,1204,123,0,243191,15077,2991,2345,1256,2809,2343,1155,98,100,0,500,2853;
@400000005e5cbbe42454eb20 #d,-,18,2807,2345,1212,124,0,242867,15057,2809,2346,1215,2807,2343,1187,99,100,0,500,2822;
@400000005e5cbbe4245f4788 #d,-,18,2806,2343,1207,125,0,242547,15037,2807,2345,1212,2806,2343,1196,99,100,0,500,2833;
@400000005e5cbbe6247010a7 #d,-,18,2805,2343,1202,125,0,242233,15018,2806,2344,1207,2805,2342,1201,99,100,0,500,2828;
@400000005e5cbbe6247a49ac #d,-,18,2802,2343,1213,126,0,241917,14998,2805,2343,1213,2802,2341,1189,99,100,0,500,2815;
@400000005e5cbbe8248a20a6 #d,-,18,2803,2341,1198,127,0,241617,14980,2803,2343,1230,2802,2341,1190,98,100,0,500,2842;
@400000005e5cbbe8249566d1 #d,-,18,2799,2344,1194,128,0,241304,14960,2803,2344,1198,2799,2341,1191,99,100,0,500,2805;
@400000005e5cbbea24a65354 #d,-,18,2795,2342,1192,129,0,240996,14941,2799,2344,1195,2795,2342,1192,99,100,0,500,2803;
@400000005e5cbbea24b12427 #d,-,18,2791,2342,1188,129,0,240684,14922,2795,2344,1193,2791,2341,1182,99,100,0,500,2799;
@400000005e5cbbec24c1fd1b #d,-,18,2787,2343,1191,130,0,240552,14914,2791,2344,1192,2787,2341,1188,99,100,0,500,2789;
@400000005e5cbbec24cc64b1 #d,-,18,2787,2343,1189,131,0,240094,14885,2787,2344,1218,2787,2342,1182,98,100,0,500,2819;
@400000005e5cbbee24dd5134 #d,-,18,2782,2341,1178,132,0,239788,14866,2787,2344,1191,2782,2341,1177,99,100,0,500,2789;
@400000005e5cbbee24e79dc7 #d,-,18,2777,2343,1182,132,0,239491,14848,2782,2344,1189,2777,2341,1178,100,100,0,500,2777;
@400000005e5cbbf024f88a4a #d,-,18,2773,2341,1182,133,0,239195,14830,2777,2343,1185,2773,2340,1180,99,100,0,500,2780;
@400000005e5cbbf02502da97 #d,-,18,2770,2341,1185,134,0,238906,14812,2773,2342,1187,2770,2340,1182,99,100,0,500,2778;
@400000005e5cbbf22513979b #d,-,18,2770,2340,1170,135,0,238625,14794,2770,2342,1213,2770,2340,1167,98,100,0,500,2801;
@400000005e5cbbf2251e3e84 #d,-,18,2765,2339,1182,135,0,238340,14777,2770,2340,1185,2765,2338,1170,99,100,0,500,2769;
@400000005e5cbbf4252f2dd3 #d,-,18,2762,2340,1179,136,0,238056,14759,2765,2341,1183,2762,2338,1179,99,100,0,500,2773;
@400000005e5cbbf42539a183 #d,-,18,2758,2339,1182,137,0,237776,14742,2762,2340,1182,2758,2339,1178,99,100,0,500,2769;
@400000005e5cbbf6254a81eb #d,-,18,2756,2338,1172,138,0,237494,14724,2758,2339,1182,2756,2337,1169,99,100,0,500,2771;
@400000005e5cbbf62554ea6f #d,-,18,2754,2336,1172,138,0,237388,14718,2756,2338,1211,2754,2336,1172,99,100,0,500,2771;
@400000005e5cbbf82565d24a #d,-,18,2752,2337,1178,139,0,237113,14701,2754,2338,1179,2752,2335,1172,99,100,0,500,2774;
@400000005e5cbbf825701edd #d,-,18,2748,2336,1178,140,0,236687,14674,2752,2337,1179,2748,2336,1177,99,100,0,500,2760;
@400000005e5cbbfa25804412 #d,-,18,2745,2335,1178,141,0,236573,14667,2748,2336,1180,2745,2334,1177,99,100,0,500,2760;
@400000005e5cbbfa258b6b82 #d,-,18,2743,2339,1176,141,0,236155,14641,2745,2339,1178,2743,2335,1176,99,100,0,500,2757;
@400000005e5cbbfc259b4636 #d,-,18,2743,2341,1171,142,0,235909,14626,2743,2341,1209,2743,2339,1171,99,100,0,500,2769;
@400000005e5cbbfc25a688a7 #d,-,18,2742,2339,1171,143,0,235648,14610,2743,2341,1177,2742,2337,1168,98,100,0,500,2778;
@400000005e5cbbfe25b7902d #d,-,18,2738,2340,1173,144,0,235392,14594,2742,2341,1175,2738,2339,1171,99,100,0,500,2749;
@400000005e5cbbfe25c203dd #d,-,18,2736,2336,1180,144,0,235140,14578,2738,2340,1180,2736,2336,1173,99,100,0,500,2753;
@400000005e5cbc0025d2d0b6 #d,-,18,2736,2339,1180,145,0,234897,14563,2736,2339,1183,2736,2336,1180,98,100,0,500,2765;
@400000005e5cbc0025dd3cf4 #d,-,18,2736,2337,1177,146,0,234667,14549,2736,2339,1207,2736,2337,1177,98,100,0,500,2769;
@400000005e5cbc0225ee1d5b #d,-,18,2736,2341,1175,147,0,234421,14534,2736,2341,1177,2736,2337,1167,98,100,0,500,2778;
@400000005e5cbc0225f84a44 #d,-,18,2735,2340,1164,147,0,234179,14519,2736,2341,1175,2735,2340,1164,99,100,0,500,2757;
@400000005e5cbc04260828b2 #d,-,18,2731,2337,1174,148,0,234078,14512,2735,2340,1174,2731,2337,1162,99,100,0,500,2737;
@400000005e5cbc0426135021 #d,-,18,2728,2337,1171,149,0,233836,14497,2731,2340,1174,2728,2337,1169,99,100,0,500,2749;
@400000005e5cbc0626241cfa #d,-,18,2727,2341,1186,150,0,233475,14475,2728,2341,1204,2727,2336,1170,99,100,0,500,2744;
@400000005e5cbc06262ea080 #d,-,18,2728,2340,1169,150,0,233239,14460,2728,2342,1186,2727,2340,1162,98,100,0,500,2774;
@400000005e5cbc08263f7d2e #d,-,18,2726,2341,1169,151,0,233010,14446,2728,2342,1172,2726,2340,1168,99,100,0,500,2744;
@400000005e5cbc082649e10a #d,-,18,2724,2340,1168,152,0,232782,14432,2726,2342,1170,2724,2339,1168,99,100,0,500,2746;
@400000005e5cbc0a265acd8d #d,-,18,2722,2341,1169,153,0,232556,14418,2724,2342,1171,2722,2340,1168,99,100,0,500,2744;
@400000005e5cbc0a26650e04 #d,-,18,2721,2339,1197,153,0,232346,14405,2722,2342,1201,2721,2338,1169,99,100,0,500,2746;
@400000005e5cbc0c2676255f #d,-,18,2723,2339,1170,154,0,232260,14400,2723,2340,1197,2721,2334,1167,98,100,0,500,2773;
@400000005e5cbc0c268075ab #d,-,18,2722,2338,1171,155,0,231909,14378,2723,2340,1172,2722,2337,1170,99,100,0,500,2746;
@400000005e5cbc0e26909727 #d,-,18,2720,2340,1171,156,0,231694,14365,2722,2341,1172,2720,2338,1169,99,100,0,500,2746;
@400000005e5cbc0e269bd999 #d,-,18,2719,2341,1165,156,0,231477,14351,2720,2341,1172,2719,2340,1161,99,100,0,500,2742;
@400000005e5cbc1026accd90 #d,-,18,2717,2338,1199,157,0,231405,14347,2719,2341,1200,2717,2338,1163,99,100,0,500,2732;
@400000005e5cbc1026b72db1 #d,-,18,2719,2340,1168,158,0,231065,14326,2719,2340,1199,2717,2338,1159,98,100,0,500,2769;
@400000005e5cbc1226c82562 #d,-,18,2716,2340,1169,159,0,230856,14313,2719,2340,1169,2716,2339,1165,99,100,0,500,2737;
@400000005e5cbc1226d28de5 #d,-,18,2715,2338,1167,159,0,230650,14300,2716,2340,1169,2715,2337,1165,99,100,0,500,2737;
@400000005e5cbc1426e35616 #d,-,18,2713,2340,1169,160,0,230446,14287,2715,2340,1169,2713,2338,1165,99,100,0,500,2737;
@400000005e5cbc1426ed8034 #d,-,18,2712,2339,1197,161,1,230252,14275,2713,2340,1197,2712,2337,1166,99,100,0,500,2737;
@400000005e5cbc1626fd8979 #d,-,18,2715,2339,1170,162,1,230056,14263,2715,2340,1198,2712,2338,1159,98,100,0,500,2767;
@400000005e5cbc162708b0e8 #d,-,18,2713,2339,1166,162,1,229858,14251,2715,2340,1170,2713,2339,1165,99,100,0,500,2737;
@400000005e5cbc1827195e17 #d,-,18,2712,2341,1167,163,1,229662,14239,2713,2341,1167,2712,2339,1165,99,100,0,500,2733;
@400000005e5cbc18272414d6 #d,-,18,2710,2339,1166,164,1,229468,14227,2712,2341,1168,2710,2338,1165,99,100,0,500,2737;
@400000005e5cbc1a2734e922 #d,-,18,2709,2340,1190,165,1,229404,14223,2710,2341,1190,2709,2338,1165,99,100,0,500,2735;
@400000005e5cbc1a273f41d0 #d,-,18,2712,2340,1167,165,1,229098,14204,2712,2341,1199,2709,2339,1159,97,100,0,500,2769;
@400000005e5cbc1c27511bd0 #d,-,18,2711,2336,1715,166,1,229057,14201,2712,2341,1715,2711,2336,1166,99,100,0,500,2732;
@400000005e5cbc1c275d48f3 #d,-,18,3699,2336,1663,167,1,229320,14217,3699,2338,1716,2711,2336,1661,100,100,0,500,3699;
@400000005e5cbc1e276f2f0f #d,-,18,3881,2337,1674,168,1,229585,14234,3881,2339,1683,3699,2336,1663,99,100,0,500,3899;
@400000005e5cbc1e277a5ee0 #d,-,18,3883,2338,1689,169,1,229968,14258,3883,2338,1689,3881,2335,1671,98,100,0,500,3926;
@400000005e5cbc20278c1936 #d,-,18,3889,2338,1676,171,1,230118,14267,3889,2339,1709,3883,2336,1672,98,100,0,500,3952;
@400000005e5cbc202797a26f #d,-,18,3890,2337,1675,172,1,230374,14283,3890,2338,1677,3889,2335,1673,99,100,0,500,3920;
@400000005e5cbc2227a9466b #d,-,18,3891,2336,1677,173,1,230630,14299,3891,2337,1684,3890,2335,1675,99,100,0,500,3919;
@400000005e5cbc2227b48c96 #d,-,18,3893,2337,1676,174,1,231002,14322,3893,2339,1681,3891,2335,1674,99,100,0,500,3929;
@400000005e5cbc2427c69615 #d,-,18,3895,2338,1683,175,1,231140,14330,3895,2339,1689,3893,2336,1676,99,100,0,500,3929;
@400000005e5cbc2427d16b90 #d,-,18,3947,2339,1679,176,1,231401,14346,3947,2340,1710,3895,2338,1674,99,100,0,500,3967;
@400000005e5cbc2627e39784 #d,-,18,3942,2340,1690,177,1,231655,14362,3947,2340,1694,3942,2337,1679,100,100,0,500,3942;
@400000005e5cbc2627eebb3a #d,-,18,3940,2340,1681,178,1,231903,14378,3942,2340,1690,3940,2338,1680,99,100,0,500,3949;
@400000005e5cbc2827ffa404 #d,-,18,3938,2339,1682,179,1,232265,14400,3940,2340,1686,3938,2337,1681,99,100,0,500,3940;
@400000005e5cbc28280aea2f #d,-,18,3935,2338,1695,180,1,232399,14408,3938,2339,1699,3935,2337,1682,99,100,0,500,3944;
@400000005e5cbc2a281c8a71 #d,-,18,3939,2339,1679,181,1,232653,14424,3939,2339,1718,3935,2337,1678,98,100,0,500,3981;
@400000005e5cbc2a2829fbad #d,-,18,3938,2336,1685,183,1,232894,14439,3939,2339,1690,3938,2336,1679,99,100,0,500,3956;
@400000005e5cbc2c283e42df #d,-,18,3937,2336,1700,184,1,233139,14454,3938,2338,1705,3937,2336,1685,99,100,0,500,3949;
@400000005e5cbc2c284971c1 #d,-,18,3937,2335,1692,185,1,233378,14469,3937,2337,1700,3937,2335,1689,99,100,0,500,3968;
@400000005e5cbc2e285aee9f #d,-,18,3937,2338,1690,186,1,233729,14491,3937,2338,1693,3937,2334,1690,99,100,0,500,3956;
@400000005e5cbc2e2865bca7 #d,-,18,3940,2338,1697,187,1,233866,14499,3940,2338,1727,3937,2336,1690,99,100,0,500,3972;
@400000005e5cbc30287719da #d,-,18,3942,2337,1693,188,1,234101,14514,3942,2339,1697,3940,2336,1693,98,100,0,500,3988;
@400000005e5cbc302882069d #d,-,18,3943,2337,1694,189,1,234335,14528,3943,2339,1695,3942,2336,1692,99,100,0,500,3967;
@400000005e5cbc32289357b6 #d,-,18,3943,2336,1695,190,1,234566,14543,3943,2338,1697,3943,2336,1693,99,100,0,500,3967;
@400000005e5cbc32289e2203 #d,-,18,3943,2336,1702,191,1,234910,14564,3943,2338,1710,3943,2335,1694,99,100,0,500,3965;
@400000005e5cbc3428b0715c #d,-,18,3946,2337,1695,192,1,235039,14572,3946,2337,1730,3943,2334,1695,98,100,0,500,3990;
@400000005e5cbc3428bb98cb #d,-,18,3949,2335,1697,194,1,235377,14593,3949,2337,1702,3946,2335,1692,98,100,0,500,3995;
@400000005e5cbc3628ccf9b9 #d,-,18,3950,2337,1696,195,1,235492,14600,3950,2338,1703,3949,2334,1695,99,100,0,500,3976;
@400000005e5cbc3628d7895a #d,-,18,3950,2337,1698,196,1,235715,14614,3950,2337,1700,3950,2335,1696,99,100,0,500,3972;
@400000005e5cbc3828e918d9 #d,-,18,3950,2336,1698,197,1,235937,14628,3950,2337,1701,3950,2335,1698,99,100,0,500,3976;
@400000005e5cbc3828f44c63 #d,-,18,3951,2336,1710,198,1,236167,14642,3951,2338,1730,3950,2335,1697,99,100,0,500,3976;
@400000005e5cbc3a2905e7fd #d,-,18,3954,2336,1708,199,1,236496,14662,3954,2338,1714,3951,2336,1693,98,100,0,500,4002;
@400000005e5cbc3a291082cc #d,-,18,3956,2336,1706,200,1,236605,14669,3956,2339,1708,3954,2335,1696,99,100,0,500,3990;
@400000005e5cbc3c29214478 #d,-,18,3957,2339,1701,201,1,236821,14682,3957,2339,1706,3956,2335,1701,99,100,0,500,3983;
@400000005e5cbc3c292c2165 #d,-,18,3957,2340,1702,202,1,237036,14696,3957,2340,1705,3957,2337,1700,99,100,0,500,3981;
@400000005e5cbc3e293d5b35 #d,-,18,3958,2337,1724,203,1,237364,14716,3958,2340,1731,3957,2337,1700,99,100,0,500,3984;
@400000005e5cbc3e2947faac #d,-,18,3962,2338,1702,204,1,237467,14722,3962,2339,1724,3958,2337,1694,98,100,0,500,4009;
@400000005e5cbc402958bb69 #d,-,18,3962,2339,1699,206,1,237676,14735,3962,2339,1704,3962,2337,1699,99,100,0,500,3984;
@400000005e5cbc4029635637 #d,-,18,3962,2338,1700,207,1,237883,14748,3962,2339,1706,3962,2337,1699,99,100,0,500,3981;
@400000005e5cbc4229742f2c #d,-,18,3961,2339,1719,208,1,238092,14761,3962,2339,1722,3961,2336,1697,99,100,0,500,3983;
@400000005e5cbc42297ed16d #d,-,18,3963,2339,1733,209,1,238304,14774,3963,2340,1733,3961,2337,1700,99,100,0,500,4001;
@400000005e5cbc442990139f #d,-,18,3967,2339,1703,210,1,238508,14787,3967,2341,1733,3963,2338,1698,98,100,0,500,4015;
@400000005e5cbc44299a7007 #d,-,18,3967,2338,1701,211,1,238709,14799,3967,2340,1705,3967,2338,1700,99,100,0,500,3988;
@400000005e5cbc4629aa425a #d,-,18,3967,2337,1704,212,1,238908,14812,3967,2340,1705,3967,2337,1701,99,100,0,500,3988;
@400000005e5cbc4629b58973 #d,-,18,3967,2339,1705,213,1,239106,14824,3967,2340,1706,3967,2337,1703,99,100,0,500,3990;
@400000005e5cbc4829c5ffaf #d,-,18,3967,2339,1735,214,1,239309,14837,3967,2341,1735,3967,2337,1701,99,100,0,500,3988;
@400000005e5cbc4829d0a2df #d,-,18,3972,2339,1704,215,1,239507,14849,3972,2340,1736,3967,2337,1701,98,100,0,500,4022;
@400000005e5cbc4a29e17ae5 #d,-,18,3971,2338,1702,217,1,239699,14861,3972,2339,1706,3971,2337,1701,99,100,0,500,3988;
@400000005e5cbc4a29ebeadc #d,-,18,3970,2335,1703,218,1,239890,14873,3971,2338,1706,3970,2335,1701,99,100,0,500,3988;
@400000005e5cbc4c29fcbb6f #d,-,18,3970,2335,1707,219,1,240079,14884,3970,2337,1707,3970,2334,1703,99,100,0,500,3986;
@400000005e5cbc4c2a077d5a #d,-,18,3970,2336,1748,220,1,240276,14897,3970,2338,1748,3970,2335,1704,99,100,0,500,3993;
@400000005e5cbc4e2a1a0fc1 #d,-,18,3976,2337,1565,221,1,240438,14907,3976,2337,1751,3970,2335,1565,98,100,0,500,4040;
@400000005e5cbc4e2a2598fb #d,-,18,3743,2337,1610,222,1,240554,14914,3976,2337,1614,3743,2335,1565,98,100,0,500,3785;
@400000005e5cbc502a384dd7 #d,-,18,3744,2335,1617,223,1,240677,14922,3744,2337,1620,3743,2335,1610,99,100,0,500,3774;
@400000005e5cbc502a439048 #d,-,18,3746,2335,1615,224,1,240897,14935,3746,2337,1618,3744,2335,1615,99,100,0,500,3783;
@400000005e5cbc522a5612da #d,-,18,3748,2337,1626,225,1,240919,14936,3748,2339,1626,3746,2335,1615,99,100,0,500,3783;
@400000005e5cbc522a616d83 #d,-,18,3753,2340,1611,226,1,241044,14944,3753,2342,1646,3748,2336,1606,98,100,0,500,3814;
@400000005e5cbc542a73e7b3 #d,-,18,3753,2340,1614,227,1,241161,14952,3753,2342,1616,3753,2339,1611,99,100,0,500,3778;
@400000005e5cbc542a7f5d5d #d,-,18,3754,2341,1611,228,1,241276,14959,3754,2342,1614,3753,2339,1611,99,100,0,500,3780;
@400000005e5cbc562a90c204 #d,-,18,3754,2342,1614,229,1,241392,14966,3754,2342,1615,3754,2339,1611,99,100,0,500,3778;
@400000005e5cbc562a9d497e #d,-,18,3755,2340,1615,230,1,241506,14973,3755,2342,1617,3754,2339,1610,99,100,0,500,3783;
@400000005e5cbc582aadc462 #d,-,18,3759,2341,1610,231,1,241628,14980,3759,2341,1648,3755,2339,1605,98,100,0,500,3808;
@400000005e5cbc582aba6e51 #d,-,18,3759,2340,1613,232,1,241740,14987,3759,2341,1615,3759,2339,1610,99,100,0,500,3782;
@400000005e5cbc5a2acce10e #d,-,18,3758,2342,1610,234,1,241948,15000,3759,2342,1614,3758,2339,1610,99,100,0,500,3780;
@400000005e5cbc5a2ad8a04b #d,-,18,3758,2343,1613,234,1,241962,15001,3758,2343,1613,3758,2341,1610,99,100,0,500,3778;
@400000005e5cbc5c2aeac113 #d,-,18,3758,2343,1611,235,1,242072,15008,3758,2343,1613,3758,2341,1610,99,100,0,500,3782;
@400000005e5cbc5c2af6716a #d,-,18,3761,2341,1605,237,1,242188,15015,3761,2343,1647,3758,2340,1604,98,100,0,500,3801;
@400000005e5cbc5e2b098810 #d,-,18,3761,2341,1611,238,1,242296,15022,3761,2341,1618,3761,2339,1605,99,100,0,500,3789;
@400000005e5cbc5e2b1530f4 #d,-,18,3761,2340,1612,239,1,242499,15034,3761,2342,1618,3761,2340,1611,99,100,0,500,3780;
@400000005e5cbc602b275575 #d,-,18,3761,2343,1612,240,1,242511,15035,3761,2343,1614,3761,2339,1612,99,100,0,500,3785;
@400000005e5cbc602b3310f9 #d,-,18,3760,2341,1614,241,1,242617,15042,3761,2343,1615,3760,2341,1611,99,100,0,500,3782;
@400000005e5cbc622b456052 #d,-,18,3763,2344,1604,242,1,242731,15049,3763,2344,1643,3760,2341,1604,99,100,0,500,3801;
@400000005e5cbc622b50f5a7 #d,-,18,3764,2343,1613,243,1,242835,15055,3764,2344,1615,3763,2341,1604,99,100,0,500,3796;
@400000005e5cbc642b633171 #d,-,18,3763,2342,1611,244,1,242938,15062,3764,2343,1613,3763,2342,1611,99,100,0,500,3785;
@400000005e5cbc642b6f7e3e #d,-,18,3763,2344,1614,245,1,243042,15068,3763,2344,1619,3763,2341,1611,99,100,0,500,3782;
@400000005e5cbc662b809d0c #d,-,18,3763,2345,1615,246,1,243238,15080,3763,2345,1616,3763,2342,1612,99,100,0,500,3791;
@400000005e5cbc662b8b1830 #d,-,18,3765,2345,1464,247,1,243241,15080,3765,2345,1646,3763,2342,1464,99,100,0,500,3796;
@400000005e5cbc682b9bcdc0 #d,-,18,3245,2345,1212,248,1,243087,15071,3765,2347,1464,3245,2345,1169,96,100,0,500,3378;
@400000005e5cbc682ba648e4 #d,-,18,2776,2348,1072,249,1,242872,15058,3245,2348,1212,2776,2344,1047,98,100,0,500,2826;
@400000005e5cbc6a2bb6a8c6 #d,-,18,2504,2345,1150,249,1,242669,15045,2776,2348,1191,2504,2345,1061,98,100,0,500,2531;
@400000005e5cbc6a2bc0e584 #d,-,18,2717,2347,1178,250,1,242496,15034,2717,2347,1204,2504,2344,1147,99,100,0,501,2744;
@400000005e5cbc6c2bcea142 #d,-,18,2720,2345,1185,251,1,242330,15024,2720,2347,1208,2717,2345,1171,97,100,0,501,2783;
@400000005e5cbc6c2bd9adaf #d,-,18,2725,2346,1177,252,1,242246,15019,2725,2347,1185,2720,2344,1172,97,100,0,501,2790;
@400000005e5cbc6e2bea18be #d,-,18,2726,2345,1177,252,1,242074,15008,2726,2346,1179,2725,2343,1175,98,100,0,501,2767;
@400000005e5cbc6e2bf493e2 #d,-,18,2726,2346,1177,253,1,241815,14992,2726,2347,1178,2726,2344,1175,98,100,0,501,2762;
@400000005e5cbc702c04c445 #d,-,18,2727,2346,1177,254,1,241646,14982,2727,2346,1179,2726,2344,1175,98,100,0,500,2765;
@400000005e5cbc702c0ef98f #d,-,18,2727,2346,1198,255,1,241575,14977,2727,2346,1207,2727,2344,1176,98,100,0,500,2765;
@400000005e5cbc722c17b876 #d,-,18,2731,2346,1174,255,1,241406,14967,2731,2346,1198,2727,2343,1169,97,100,0,500,2789;
@400000005e5cbc722c220c7c #d,-,18,2730,2346,1175,256,1,241152,14951,2731,2347,1176,2730,2345,1174,98,100,0,500,2762;
@400000005e5cbc742c2afdad #d,-,18,2730,2347,1175,257,1,240988,14941,2730,2347,1176,2730,2345,1175,98,100,0,500,2764;
@400000005e5cbc742c352f3e #d,-,18,2730,2346,1175,258,1,240825,14931,2730,2347,1175,2730,2345,1173,98,100,0,500,2762;
@400000005e5cbc762c43f823 #d,-,18,2730,2344,1206,258,1,240670,14921,2730,2347,1207,2730,2344,1174,98,100,0,500,2762;
@400000005e5cbc762c4e96ab #d,-,18,2733,2346,1176,259,1,240508,14911,2733,2347,1206,2730,2344,1166,97,100,0,500,2789;
@400000005e5cbc782c5f3c66 #d,-,18,2732,2346,1174,260,1,240347,14901,2733,2347,1176,2732,2345,1173,98,100,0,500,2762;
@400000005e5cbc782c698da1 #d,-,18,2731,2346,1175,261,1,240189,14891,2732,2347,1176,2731,2344,1173,99,100,0,500,2758;
@400000005e5cbc7a2c723bc4 #d,-,18,2731,2344,1174,261,1,240115,14887,2731,2347,1175,2731,2344,1173,98,100,0,500,2762;
@400000005e5cbc7a2c7800d8 #d,-,18,2730,2347,1204,262,1,239878,14872,2731,2347,1204,2730,2344,1174,98,100,0,500,2758;
@400000005e5cbc7c2c8448fd #d,-,18,2733,2347,1175,263,1,239723,14862,2733,2347,1205,2730,2345,1166,97,100,0,500,2789;
@400000005e5cbc7c2c8f2e4d #d,-,18,2732,2345,1175,264,1,239568,14853,2733,2347,1175,2732,2345,1171,99,100,0,500,2755;
@400000005e5cbc7e2c9a6591 #d,-,18,2731,2347,1173,264,1,239497,14848,2732,2347,1177,2731,2344,1173,98,100,0,500,2760;
@400000005e5cbc7e2ca4a609 #d,-,18,2730,2345,1174,265,1,239261,14834,2731,2347,1177,2730,2345,1172,98,100,0,500,2758;
@400000005e5cbc802cb12d82 #d,-,18,2730,2346,1200,266,1,239112,14824,2730,2346,1200,2730,2344,1172,98,100,0,501,2760;
@400000005e5cbc802cbc0e2a #d,-,18,2733,2344,1175,267,1,238965,14815,2733,2346,1205,2730,2344,1168,97,100,0,501,2789;
@400000005e5cbc822cc50f30 #d,-,18,2732,2345,1173,267,1,238815,14806,2733,2346,1175,2732,2343,1172,99,100,0,501,2757;
@400000005e5cbc822cd0080e #d,-,18,2730,2347,1169,268,1,238664,14797,2732,2347,1175,2730,2344,1167,99,100,0,501,2757;
@400000005e5cbc842ce034b7 #d,-,18,2729,2348,1170,269,1,238515,14787,2730,2348,1173,2729,2345,1169,99,100,0,501,2749;
@400000005e5cbc842ceac724 #d,-,18,2728,2346,1183,270,1,238448,14783,2729,2348,1183,2728,2346,1169,99,100,0,501,2753;
@400000005e5cbc862cfba018 #d,-,18,2730,2349,1170,270,1,238225,14770,2730,2349,1202,2728,2345,1163,98,100,0,501,2783;
@400000005e5cbc862d06003a #d,-,18,2728,2348,1171,271,1,238078,14760,2730,2349,1171,2728,2346,1168,99,100,0,501,2748;
@400000005e5cbc882d16bd3e #d,-,18,2727,2346,1170,272,1,237933,14751,2728,2348,1174,2727,2346,1170,99,100,0,501,2753;
@400000005e5cbc882d20f288 #d,-,18,2726,2346,1164,273,1,237787,14742,2727,2347,1172,2726,2344,1164,99,100,0,501,2753;
@400000005e5cbc8a2d306f2c #d,-,18,2723,2345,1172,273,1,237641,14733,2726,2346,1172,2723,2344,1163,99,100,0,501,2739;
@400000005e5cbc8a2d3b77e0 #d,-,18,2726,2344,1166,274,1,237503,14725,2726,2346,1200,2723,2343,1162,98,100,0,500,2774;
@400000005e5cbc8c2d443e39 #d,-,18,2724,2342,1168,275,1,237359,14716,2726,2344,1171,2724,2342,1166,99,100,0,500,2746;
@400000005e5cbc8c2d4d0fc0 #d,-,18,2722,2341,1170,276,1,237296,14712,2724,2343,1171,2722,2341,1168,99,100,0,500,2744;
@400000005e5cbc8e2d5a526c #d,-,18,2721,2343,1170,276,1,237076,14698,2722,2343,1171,2721,2340,1168,99,100,0,500,2746;
@400000005e5cbc8e2d654a5c #d,-,18,2719,2343,1172,277,1,236935,14690,2721,2343,1172,2719,2341,1168,99,100,0,500,2746;
@400000005e5cbc902d76270a #d,-,18,2722,2342,1165,278,1,236802,14681,2722,2343,1200,2719,2341,1162,98,100,0,500,2767;
@400000005e5cbc902d808ae5 #d,-,18,2721,2341,1170,279,1,236663,14673,2722,2343,1171,2721,2340,1165,98,100,0,500,2751;
@400000005e5cbc922d908cb7 #d,-,18,2720,2340,1163,279,1,236525,14664,2721,2342,1171,2720,2340,1163,99,100,0,500,2746;
@400000005e5cbc922d9ae565 #d,-,18,2717,2342,1168,280,1,236462,14660,2720,2342,1168,2717,2339,1162,99,100,0,500,2733;
@400000005e5cbc942da39bea #d,-,18,2716,2342,1167,281,1,236248,14647,2717,2342,1169,2716,2340,1166,99,100,0,500,2739;
@400000005e5cbc942dacabd7 #d,-,18,2717,2341,1159,282,1,236117,14639,2717,2343,1197,2716,2340,1159,98,100,0,500,2753;
@400000005e5cbc962db575ea #d,-,18,2716,2340,1168,282,1,235981,14630,2717,2342,1168,2716,2340,1159,98,100,0,500,2749;
@400000005e5cbc962dbc2969 #d,-,18,2715,2339,1166,283,1,235845,14622,2716,2342,1168,2715,2339,1166,99,100,0,500,2741;
@400000005e5cbc982dcd24d3 #d,-,18,2713,2339,1170,284,1,235711,14614,2715,2340,1170,2713,2337,1166,99,100,0,500,2735;
@400000005e5cbc982dd75664 #d,-,18,2712,2336,1167,285,1,235652,14610,2713,2340,1170,2712,2335,1167,99,100,0,500,2737;
@400000005e5cbc9a2de7a582 #d,-,18,2712,2334,1166,285,1,235451,14597,2712,2337,1201,2712,2334,1166,98,100,0,500,2744;
@400000005e5cbc9a2df29334 #d,-,18,2712,2338,1168,286,1,235318,14589,2712,2338,1170,2712,2334,1162,98,100,0,500,2755;
@400000005e5cbc9c2dfb48ca #d,-,18,2711,2338,1168,287,1,235187,14581,2712,2339,1169,2711,2337,1166,99,100,0,500,2737;
@400000005e5cbc9c2e030970 #d,-,18,2711,2336,1168,288,1,235057,14573,2711,2340,1171,2711,2336,1166,98,100,0,500,2739;
@400000005e5cbc9e2e0bd73d #d,-,18,2710,2339,1168,288,1,234927,14565,2711,2339,1169,2710,2336,1166,99,100,0,500,2737;
@400000005e5cbc9e2e1691b5 #d,-,18,2710,2336,1173,289,1,234806,14558,2710,2339,1199,2710,2335,1168,98,100,0,500,2741;
@400000005e5cbca02e26be5e #d,-,18,2710,2335,1166,290,1,234747,14554,2710,2338,1173,2710,2335,1154,98,100,0,500,2753;
@400000005e5cbca02e30fb1c #d,-,18,2709,2338,1165,291,1,234618,14546,2710,2338,1169,2709,2335,1165,99,100,0,500,2730;
@400000005e5cbca22e42c9ef #d,-,18,2707,2339,1167,291,1,234417,14533,2709,2339,1167,2707,2336,1164,99,100,0,500,2730;
@400000005e5cbca22e4f7c40 #d,-,18,2792,2337,1681,292,1,234450,14535,2792,2339,1716,2707,2335,1164,100,100,0,500,2792;
@400000005e5cbca42e60dd2d #d,-,18,3917,2338,1689,293,1,234592,14544,3917,2338,1700,2792,2335,1664,99,100,0,500,3920;
@400000005e5cbca42e6bd164 #d,-,18,3916,2335,1674,294,1,234729,14553,3917,2339,1689,3916,2335,1668,99,100,0,500,3936;
@400000005e5cbca62e7d3ab3 #d,-,18,3913,2337,1676,296,1,234865,14561,3916,2338,1679,3913,2335,1670,100,100,0,500,3913;
@400000005e5cbca62e8881cc #d,-,18,3911,2333,1678,297,1,235003,14570,3913,2337,1680,3911,2333,1676,99,100,0,500,3920;
@400000005e5cbca82e99d69f #d,-,18,3910,2335,1682,298,1,235139,14578,3911,2336,1682,3910,2333,1676,99,100,0,501,3920;
@400000005e5cbca82ea6eab9 #d,-,18,3909,2332,1711,299,1,235354,14592,3910,2335,1711,3909,2332,1680,99,100,0,501,3928;
@400000005e5cbcaa2ec0b3f0 #d,-,18,3912,2334,1683,300,1,235420,14596,3912,2335,1711,3909,2332,1676,98,100,0,501,3956;
@400000005e5cbcaa2ecb4391 #d,-,18,3913,2336,1682,301,1,235558,14604,3913,2336,1691,3912,2333,1678,99,100,0,500,3936;
@400000005e5cbcac2edd40f5 #d,-,18,3913,2336,1682,302,1,235696,14613,3913,2337,1696,3913,2334,1681,99,100,0,500,3942;
@400000005e5cbcac2ee84d63 #d,-,18,3914,2335,1687,303,1,235903,14626,3914,2336,1687,3913,2333,1682,99,100,0,500,3938;
@400000005e5cbcae2ef9b20a #d,-,18,3914,2335,1721,304,1,235973,14630,3914,2336,1721,3914,2333,1685,99,100,0,500,3942;
@400000005e5cbcae2f04c9a4 #d,-,18,3921,2334,1687,305,1,236113,14639,3921,2335,1726,3914,2333,1685,98,100,0,500,3984;
@400000005e5cbcb02f15d129 #d,-,18,3921,2334,1689,306,1,236249,14647,3921,2335,1694,3921,2333,1685,99,100,0,500,3944;
@400000005e5cbcb02f20ca08 #d,-,18,3922,2334,1691,307,1,236384,14655,3922,2336,1691,3921,2333,1688,99,100,0,500,3951;
@400000005e5cbcb22f32b023 #d,-,18,3924,2336,1688,309,1,236522,14664,3924,2337,1706,3922,2334,1688,99,100,0,500,3963;
@400000005e5cbcb22f3d3b1c #d,-,18,3925,2337,1717,310,1,236660,14672,3925,2338,1717,3924,2335,1688,99,100,0,500,3954;
@400000005e5cbcb42f4e043c #d,-,18,3931,2337,1694,311,1,236798,14681,3931,2338,1725,3925,2336,1686,98,100,0,500,3990;
@400000005e5cbcb42f5892ee #d,-,18,3932,2335,1693,312,1,236933,14689,3932,2338,1697,3931,2334,1693,99,100,0,500,3958;
@400000005e5cbcb62f697bb8 #d,-,18,3932,2336,1694,313,1,237067,14698,3932,2338,1701,3932,2335,1692,99,100,0,501,3961;
@400000005e5cbcb62f73cfbe #d,-,18,3933,2338,1693,314,1,237200,14706,3933,2338,1695,3932,2335,1691,99,100,0,501,3961;
@400000005e5cbcb82f85dcf7 #d,-,18,3934,2335,1708,315,1,237402,14718,3934,2338,1708,3933,2335,1691,99,100,0,501,3960;
@400000005e5cbcb82f906437 #d,-,18,3938,2336,1697,316,1,237469,14723,3938,2337,1725,3934,2334,1685,98,100,0,501,3990;
@400000005e5cbcba2fa06d7c #d,-,18,3940,2337,1695,317,1,237603,14731,3940,2338,1713,3938,2334,1693,99,100,0,501,3972;
@400000005e5cbcba2fabdf6c #d,-,18,3941,2334,1702,318,1,237804,14743,3941,2337,1702,3940,2334,1695,99,100,0,501,3965;
@400000005e5cbcbc2fbcdad6 #d,-,18,3942,2337,1699,320,1,237866,14747,3942,2337,1702,3941,2334,1696,99,100,0,501,3974;
@400000005e5cbcbc2fc7c026 #d,-,18,3943,2337,1699,321,1,237997,14755,3943,2338,1702,3942,2335,1697,99,100,0,501,3970;
@400000005e5cbcbe2fd890b9 #d,-,18,3948,2340,1689,322,1,238132,14764,3948,2341,1730,3943,2336,1686,98,100,0,501,3999;
@400000005e5cbcbe2fe34eeb #d,-,18,3947,2340,1695,323,2,238261,14772,3948,2341,1699,3947,2337,1689,99,100,0,501,3970;
@400000005e5cbcc02ff48147 #d,-,18,3947,2339,1694,324,2,238388,14780,3947,2341,1697,3947,2338,1694,99,100,0,501,3970;
@400000005e5cbcc02fff98e2 #d,-,18,3949,2338,1695,325,2,238520,14788,3949,2340,1716,3947,2337,1694,99,100,0,501,3983;
@400000005e5cbcc23010decd #d,-,18,3950,2340,1702,326,2,238648,14796,3950,2340,1702,3949,2337,1695,99,100,0,501,3977;
@400000005e5cbcc2301c2d5a #d,-,18,3956,2340,1695,327,2,238849,14808,3956,2340,1737,3950,2337,1693,98,100,0,500,4008;
@400000005e5cbcc4302daa38 #d,-,18,3956,2340,1698,328,2,238910,14812,3956,2342,1700,3956,2339,1695,99,100,0,500,3986;
@400000005e5cbcc430383ca5 #d,-,18,3956,2340,1697,329,2,239036,14820,3956,2342,1701,3956,2340,1697,99,100,0,500,3983;
@400000005e5cbcc630485a67 #d,-,18,3957,2342,1699,331,2,239162,14828,3957,2342,1700,3956,2340,1697,99,100,0,500,3979;
@400000005e5cbcc630543595 #d,-,18,3959,2341,1699,332,2,239358,14840,3959,2342,1720,3957,2339,1699,99,100,0,500,3995;
@400000005e5cbcc830660733 #d,-,18,3963,2340,1696,333,2,239424,14844,3963,2341,1737,3959,2339,1696,98,100,0,500,4004;
@400000005e5cbcc83070931b #d,-,18,3965,2341,1705,334,2,239550,14852,3965,2342,1708,3963,2339,1695,99,100,0,500,4004;
@400000005e5cbcca308138d6 #d,-,18,3965,2339,1706,335,2,239741,14863,3965,2341,1707,3965,2339,1700,99,100,0,500,3993;
@400000005e5cbcca308beaed #d,-,18,3966,2339,1701,336,2,239799,14867,3966,2341,1707,3965,2338,1701,99,100,0,501,3992;
@400000005e5cbccc309d30d8 #d,-,18,3967,2341,1703,337,2,239923,14875,3967,2341,1705,3966,2339,1701,99,100,0,501,3992;
@400000005e5cbccc30a7b817 #d,-,18,3968,2339,1703,338,2,240052,14883,3968,2341,1740,3967,2338,1701,99,100,0,501,3995;
@400000005e5cbcce30b8b381 #d,-,18,3971,2341,1701,339,2,240239,14894,3971,2342,1706,3968,2338,1696,98,100,0,501,4013;
@400000005e5cbcce30c30fea #d,-,18,3970,2340,1707,340,2,240296,14898,3971,2342,1707,3970,2339,1701,99,100,0,501,3990;
@400000005e5cbcd030d39e5c #d,-,18,3970,2341,1704,341,2,240417,14905,3970,2342,1708,3970,2340,1701,99,100,0,501,3993;
@400000005e5cbcd030df65fc #d,-,18,3970,2339,1705,343,2,240537,14913,3970,2342,1705,3970,2339,1702,99,100,0,501,3990;
@400000005e5cbcd230ef15d9 #d,-,18,3971,2342,1713,344,2,240663,14921,3971,2342,1735,3970,2339,1703,99,100,0,501,3993;
@400000005e5cbcd230fa4d1d #d,-,18,3974,2340,1704,345,2,240781,14928,3974,2342,1713,3971,2339,1695,98,100,0,501,4015;
@400000005e5cbcd4310cd722 #d,-,18,3973,2339,1705,346,2,240900,14935,3974,2340,1707,3973,2338,1702,99,100,0,501,3993;
@400000005e5cbcd4311857fa #d,-,18,3970,2338,1591,347,2,241050,14945,3973,2340,1705,3970,2337,1557,99,100,0,500,3984;
@400000005e5cbcd6312a555e #d,-,18,3701,2340,1606,348,2,241058,14945,3970,2340,1609,3701,2337,1591,99,100,0,500,3734;
@400000005e5cbcd63135cec2 #d,-,18,3706,2342,1637,349,2,241139,14950,3706,2342,1643,3701,2339,1605,98,100,0,500,3766;
@400000005e5cbcd83147cc26 #d,-,18,3778,2342,1608,350,2,241212,14955,3778,2342,1637,3706,2339,1600,99,100,0,500,3799;
@400000005e5cbcd831545759 #d,-,18,3774,2341,1610,351,2,241350,14963,3778,2342,1612,3774,2340,1606,100,100,0,500,3774;
@400000005e5cbcda3166843c #d,-,18,3771,2339,1610,352,2,241359,14964,3774,2342,1611,3771,2338,1607,99,100,0,500,3773;
@400000005e5cbcda317218a3 #d,-,18,3768,2337,1610,353,2,241432,14968,3771,2340,1612,3768,2337,1610,99,100,0,500,3771;
@400000005e5cbcdc3184f49d #d,-,18,3765,2339,1644,354,2,241509,14973,3768,2339,1644,3765,2337,1610,99,100,0,500,3771;
@400000005e5cbcdc31907662 #d,-,18,3767,2339,1611,355,2,241645,14982,3767,2339,1644,3765,2336,1604,99,100,0,500,3799;
@400000005e5cbcde31a2700d #d,-,18,3764,2339,1610,356,2,241652,14982,3767,2340,1611,3764,2337,1608,99,100,0,500,3769;
@400000005e5cbcde31aeeb6b #d,-,18,3762,2338,1610,357,2,241723,14986,3764,2340,1613,3762,2338,1608,99,100,0,500,3771;
@400000005e5cbce031c1fd69 #d,-,18,3760,2339,1608,358,2,241794,14991,3762,2342,1611,3760,2338,1607,99,100,0,500,3771;
@400000005e5cbce031ce69e0 #d,-,18,3758,2340,1640,359,2,241867,14995,3760,2342,1640,3758,2339,1607,99,100,0,500,3769;
@400000005e5cbce231e13d79 #d,-,18,3761,2340,1613,360,2,241939,15000,3761,2342,1640,3758,2338,1599,98,100,0,500,3799;
@400000005e5cbce231ed015e #d,-,18,3759,2341,1610,361,2,242009,15004,3761,2341,1614,3759,2338,1607,99,100,0,500,3769;
@400000005e5cbce431ffe112 #d,-,18,3757,2341,1610,363,2,242078,15008,3759,2342,1612,3757,2339,1608,99,100,0,500,3767;
@400000005e5cbce4320c3552 #d,-,18,3756,2342,1607,364,2,242147,15013,3757,2342,1611,3756,2339,1606,99,100,0,500,3773;
@400000005e5cbce6321f09d9 #d,-,18,3755,2343,1629,365,2,242217,15017,3756,2345,1629,3755,2340,1607,99,100,0,501,3769;
@400000005e5cbce6322a8b9f #d,-,18,3757,2342,1607,366,2,242288,15021,3757,2344,1640,3755,2341,1599,98,100,0,501,3799;
@400000005e5cbce8323cbb4d #d,-,18,3755,2344,1607,367,2,242356,15026,3757,2344,1608,3755,2342,1606,99,100,0,501,3764;
@400000005e5cbce8324867eb #d,-,18,3754,2342,1605,368,2,242422,15030,3755,2344,1608,3754,2341,1605,99,100,0,501,3769;
@400000005e5cbcea325af5a9 #d,-,18,3753,2343,1607,369,2,242489,15034,3754,2343,1609,3753,2340,1605,99,100,0,501,3767;
@400000005e5cbcea32667ee3 #d,-,18,3752,2340,1622,370,2,242557,15038,3753,2343,1622,3752,2340,1606,99,100,0,501,3767;
@400000005e5cbcec3277099c #d,-,18,3756,2343,1609,371,2,242628,15042,3756,2343,1644,3752,2339,1602,98,100,0,501,3807;
@400000005e5cbcec3281db5d #d,-,18,3755,2343,1533,372,2,242751,15050,3756,2343,1613,3755,2339,1533,99,100,0,501,3771;
@400000005e5cbcee3291c4f8 #d,-,18,3266,2343,1204,373,2,242590,15040,3755,2346,1533,3266,2342,1155,96,100,0,501,3394;
@400000005e5cbcee329af0d5 #d,-,18,2779,2345,1195,373,2,242478,15033,3266,2345,1204,2779,2343,1174,98,100,0,501,2810;
@400000005e5cbcf032a94909 #d,-,18,2776,2346,1188,374,2,242427,15030,2779,2346,1195,2776,2343,1188,99,100,0,500,2790;
@400000005e5cbcf032b2ca95 #d,-,18,2778,2344,1185,375,2,242261,15020,2778,2346,1221,2776,2342,1183,98,100,0,500,2821;
@400000005e5cbcf232c1a709 #d,-,18,2776,2342,1189,376,2,242150,15013,2778,2345,1191,2776,2342,1185,99,100,0,500,2797;
@400000005e5cbcf232cbbca9 #d,-,18,2774,2342,1188,377,2,242040,15006,2776,2343,1192,2774,2341,1188,99,100,0,500,2792;
@400000005e5cbcf432dc959e #d,-,18,2772,2341,1192,377,2,241931,14999,2774,2344,1192,2772,2341,1188,99,100,0,500,2792;
@400000005e5cbcf432e6cae8 #d,-,18,2770,2341,1189,378,2,241882,14996,2772,2343,1192,2770,2340,1188,99,100,0,500,2792;
@400000005e5cbcf632f6a59d #d,-,18,2771,2341,1185,379,2,241719,14986,2771,2343,1219,2770,2341,1185,98,100,0,500,2808;
@400000005e5cbcf63301f429 #d,-,18,2770,2343,1190,380,2,241611,14979,2771,2343,1191,2770,2341,1185,98,100,0,500,2803;
@400000005e5cbcf83312ebda #d,-,18,2768,2340,1190,380,2,241503,14973,2770,2343,1192,2768,2338,1188,99,100,0,500,2789;
@400000005e5cbcf8331d82ee #d,-,18,2767,2341,1191,381,2,241454,14970,2768,2341,1191,2767,2338,1189,99,100,0,500,2789;
@400000005e5cbcfa332e7e58 #d,-,18,2765,2339,1179,382,2,241287,14959,2767,2341,1191,2765,2338,1179,99,100,0,500,2789;
@400000005e5cbcfa3338e234 #d,-,18,2764,2339,1179,383,2,241184,14953,2765,2340,1218,2764,2338,1178,99,100,0,500,2783;
@400000005e5cbcfc3349b2c6 #d,-,18,2763,2340,1184,383,2,241076,14946,2764,2341,1186,2763,2338,1177,98,100,0,500,2794;
@400000005e5cbcfc3353fba0 #d,-,18,2760,2340,1178,384,2,240968,14940,2763,2341,1187,2760,2338,1178,99,100,0,500,2778;
@400000005e5cbcfe3364fbb2 #d,-,18,2757,2339,1182,385,2,240858,14933,2760,2340,1182,2757,2337,1174,99,100,0,500,2764;
@400000005e5cbcfe336f40d1 #d,-,18,2754,2338,1179,386,2,240750,14926,2757,2339,1184,2754,2337,1178,99,100,0,500,2767;
@400000005e5cbd00337f1324 #d,-,18,2752,2338,1180,386,2,240648,14920,2754,2339,1212,2752,2337,1179,99,100,0,500,2771;
@400000005e5cbd00338a3320 #d,-,18,2752,2338,1178,387,2,240540,14913,2752,2339,1185,2752,2336,1175,98,100,0,500,2789;
@400000005e5cbd02339b3aa5 #d,-,18,2748,2337,1180,388,2,240431,14906,2752,2338,1180,2748,2335,1170,99,100,0,500,2755;
@400000005e5cbd0233a5f075 #d,-,18,2745,2338,1176,389,2,240324,14900,2748,2338,1182,2745,2334,1175,99,100,0,500,2760;
@400000005e5cbd0433b6dc0a #d,-,18,2743,2338,1176,389,2,240216,14893,2745,2338,1177,2743,2336,1176,99,100,0,500,2755;
@400000005e5cbd0433c15f90 #d,-,18,2740,2337,1188,390,2,240115,14887,2743,2338,1208,2740,2335,1176,99,100,0,500,2760;
@400000005e5cbd0633d24fcd #d,-,18,2740,2335,1175,391,2,240063,14883,2740,2338,1188,2740,2335,1163,98,100,0,500,2774;
@400000005e5cbd0633dc8517 #d,-,18,2738,2335,1176,392,2,239957,14877,2740,2337,1177,2738,2335,1175,99,100,0,500,2751;
@400000005e5cbd0833ec96be #d,-,18,2735,2334,1176,392,2,239794,14867,2738,2336,1177,2735,2334,1175,99,100,0,500,2753;
@400000005e5cbd0833f7be2e #d,-,18,2733,2335,1178,393,2,239688,14860,2735,2335,1178,2733,2333,1175,99,100,0,500,2751;
@400000005e5cbd0a34086b5c #d,-,18,2731,2336,1203,394,2,239588,14854,2733,2336,1208,2731,2333,1176,99,100,0,500,2753;
@400000005e5cbd0a341325d5 #d,-,18,2733,2337,1177,395,2,239539,14851,2733,2337,1203,2731,2334,1168,98,100,0,500,2778;
Lost connection at /opt/powertools/bin/wattsup1 line 220.
	main::failure('Lost connection') called at /opt/powertools/bin/wattsup1 line 271
	main::recv_msg() called at /opt/powertools/bin/wattsup1 line 504
