@400000005e4a479c111867a3 #v,-,8,2,261786,5,2,4,57,200810261703,0;
@400000005e4a479c3b040444 #h,-,18,W,V,A,WH,Cost,WH/Mo,Cost/Mo,Wmax,Vmax,Amax,Wmin,Vmin,Amin,PF,DC,PC,Hz,VA;
@400000005e4a479d05777619 #f,-,48,181,436,1,4775,0,0,65533,0,199,810,237,17949,177,311,4753,4,92217,151,32123,69906,40,694,17008,0,93,1,4659,0,0,65533,0,199,822,242,18484,171,318,5362,2,92206,150,32190,70407,42,536,17029,0,92;
@400000005e4a479f058ab796 #d,-,18,2533,2347,1158,1,0,175481,10879,2535,2347,1173,2533,2344,1158,90,100,0,500,2784;
@400000005e4a47a10598d076 #d,-,18,2531,2345,1166,1,0,183542,11379,2533,2347,1167,2531,2345,1158,91,100,0,500,2775;
@400000005e4a47a105a150f7 #d,-,18,2529,2348,1154,2,0,177873,11028,2531,2349,1166,2529,2345,1151,91,100,0,500,2772;
@400000005e4a47a305ae703e #d,-,18,2526,2349,1159,3,0,178234,11050,2529,2350,1162,2526,2347,1151,91,100,0,500,2763;
@400000005e4a47a305b74de1 #d,-,18,2523,2350,1155,3,0,178448,11063,2526,2351,1164,2523,2347,1149,91,100,0,500,2763;
@400000005e4a47a505c45d53 #d,-,18,2520,2348,1155,4,0,178600,11073,2523,2350,1161,2520,2348,1152,91,100,0,500,2763;
@400000005e4a47a505cd70fa #d,-,18,2518,2350,1145,5,0,178586,11072,2520,2350,1159,2518,2347,1145,91,100,0,500,2758;
@400000005e4a47a705db0dfc #d,-,18,2513,2350,1149,5,0,178560,11070,2518,2350,1154,2513,2349,1144,91,100,0,500,2744;
@400000005e4a47a705e3861a #d,-,18,2509,2348,1147,6,0,178451,11063,2513,2350,1155,2509,2348,1143,91,100,0,500,2749;
@400000005e4a47a905efe588 #d,-,18,2505,2349,1148,7,0,178362,11058,2509,2349,1152,2505,2347,1141,91,100,0,500,2737;
@400000005e4a47a905f91d81 #d,-,18,2501,2347,1148,8,0,178301,11054,2505,2349,1151,2501,2346,1143,91,100,0,500,2739;
@400000005e4a47ab0606c4c2 #d,-,18,2497,2347,1144,8,0,178193,11048,2501,2348,1149,2497,2346,1139,91,100,0,500,2737;
@400000005e4a47ab060f778c #d,-,18,2493,2348,1138,9,0,178070,11040,2497,2349,1148,2493,2347,1138,91,100,0,500,2730;
@400000005e4a47ad061d2f91 #d,-,18,2489,2345,1145,10,0,179185,11109,2493,2348,1145,2489,2345,1138,91,100,0,500,2725;
@400000005e4a47ad0625ddb4 #d,-,18,2485,2346,1143,10,0,179032,11100,2489,2347,1147,2485,2344,1140,91,100,0,500,2727;
@400000005e4a47af06329866 #d,-,18,2482,2345,1144,11,0,177830,11025,2485,2347,1146,2482,2344,1138,91,100,0,500,2727;
@400000005e4a47af063b4a43 #d,-,18,2480,2346,1139,12,0,177739,11019,2482,2346,1148,2480,2344,1135,91,100,0,500,2725;
@400000005e4a47b10648db2a #d,-,18,2476,2344,1136,12,0,177634,11013,2480,2346,1141,2476,2344,1131,91,100,0,500,2715;
@400000005e4a47b106518593 #d,-,18,2473,2345,1141,13,0,177554,11008,2476,2345,1143,2473,2343,1134,91,100,0,500,2715;
@400000005e4a47b3066d8d6a #d,-,18,2471,2342,1139,14,0,177482,11003,2473,2345,1144,2471,2341,1135,90,100,0,500,2718;
@400000005e4a47b306802fa6 #d,-,18,2469,2341,1368,14,0,177719,11018,2471,2343,1368,2469,2341,1137,90,100,0,500,2718;
@400000005e4a47b5069257e1 #d,-,18,3068,2340,1144,15,0,179874,11152,3068,2342,1745,2469,2339,1144,95,100,0,500,3227;
@400000005e4a47b5069c527f #d,-,18,2922,2338,1965,16,0,183484,11376,3068,2341,2325,2922,2336,1144,95,100,0,500,3071;
@400000005e4a47b706ada397 #d,-,18,4437,2336,2091,18,0,190617,11818,4437,2339,2117,2922,2336,1965,94,100,0,500,4687;
@400000005e4a47b706b89149 #d,-,18,4761,2338,1954,19,0,195272,12106,4761,2339,2102,4437,2336,1926,96,100,0,500,4929;
@400000005e4a47b906c7ee42 #d,-,18,4461,2338,2006,20,0,199857,12391,4761,2339,2010,4461,2337,1825,96,100,0,500,4628;
@400000005e4a47b906d1f4fc #d,-,18,4456,2335,1955,21,0,204176,12658,4461,2340,2006,4456,2335,1925,97,100,0,500,4569;
@400000005e4a47bb06e171a0 #d,-,18,4456,2337,1947,23,0,208200,12908,4456,2338,1970,4456,2335,1932,96,100,0,500,4614;
@400000005e4a47bb06ebae5e #d,-,18,4457,2337,1960,24,0,211970,13142,4457,2338,1981,4456,2335,1926,96,100,0,500,4612;
@400000005e4a47bd06fbeadc #d,-,18,4459,2337,1825,25,0,215384,13353,4459,2338,1974,4457,2336,1825,96,100,0,500,4616;
@400000005e4a47bd0705de07 #d,-,18,4453,2337,1906,26,0,219438,13605,4459,2339,2074,4453,2336,1822,97,100,0,500,4590;
@400000005e4a47bf0716877c #d,-,18,4507,2339,1960,28,0,222576,13799,4507,2339,1984,4453,2335,1906,97,100,0,500,4626;
@400000005e4a47bf0720f773 #d,-,18,4503,2338,1957,29,0,224854,13940,4507,2340,1962,4503,2338,1950,97,100,0,500,4623;
@400000005e4a47c107315b0e #d,-,18,4500,2339,1961,30,0,227635,14113,4503,2340,1965,4500,2338,1944,97,100,0,500,4623;
@400000005e4a47c1073b5966 #d,-,18,4498,2339,1969,31,0,230285,14277,4500,2339,1972,4498,2337,1952,97,100,0,500,4626;
@400000005e4a47c3074abb08 #d,-,18,4498,2339,1965,33,0,232804,14433,4498,2341,1976,4498,2339,1954,96,100,0,500,4642;
@400000005e4a47c307554247 #d,-,18,4498,2340,1962,34,0,235185,14581,4498,2341,1966,4498,2339,1958,96,100,0,500,4640;
@400000005e4a47c507654f46 #d,-,18,4497,2341,1963,35,0,237441,14721,4498,2341,1968,4497,2340,1956,96,100,0,500,4640;
@400000005e4a47c5076f0b7e #d,-,18,4497,2340,1960,36,0,240200,14892,4497,2341,1975,4497,2339,1957,96,100,0,500,4640;
@400000005e4a47c7077db5a8 #d,-,18,4498,2342,1962,38,0,242252,15019,4498,2342,1974,4497,2338,1960,96,100,0,500,4652;
@400000005e4a47c7078713cf #d,-,18,4499,2340,1967,39,0,243620,15104,4499,2342,1970,4498,2340,1958,96,100,0,500,4649;
@400000005e4a47c907955102 #d,-,18,4493,2341,2035,40,0,245451,15218,4499,2342,2071,4493,2340,1890,97,100,0,500,4614;
@400000005e4a47c9079e3d8b #d,-,18,4496,2343,1971,41,0,247193,15326,4496,2343,2035,4493,2341,1912,96,100,0,500,4645;
@400000005e4a47cb07ae086a #d,-,18,4496,2340,1958,43,0,248893,15431,4496,2344,1974,4496,2340,1953,96,100,0,500,4652;
@400000005e4a47cb07b8c2e2 #d,-,18,4497,2341,1966,44,0,250524,15532,4497,2342,1972,4496,2340,1956,96,100,0,500,4647;
@400000005e4a47cd07c89534 #d,-,18,4499,2340,1971,45,0,252650,15664,4499,2341,1978,4497,2340,1964,96,100,0,500,4654;
@400000005e4a47cd07d2de0e #d,-,18,4501,2342,1963,46,0,254150,15757,4501,2342,1975,4499,2340,1963,96,100,0,500,4664;
@400000005e4a47cf07e33df0 #d,-,18,4504,2341,1969,48,0,255595,15846,4504,2342,1976,4501,2338,1962,96,100,0,500,4661;
@400000005e4a47cf07ed43bb #d,-,18,4505,2341,1970,49,0,256463,15900,4505,2342,1979,4504,2340,1958,96,100,0,500,4657;
@400000005e4a47d107fd2a8b #d,-,18,4506,2342,1977,50,0,257794,15983,4506,2343,1984,4505,2340,1952,96,100,0,500,4659;
@400000005e4a47d1080701c5 #d,-,18,4506,2341,1969,51,0,259080,16062,4506,2342,1977,4506,2340,1961,96,100,0,500,4657;
@400000005e4a47d30817a00d #d,-,18,4509,2343,1981,53,0,260341,16141,4509,2343,1983,4506,2340,1967,96,100,0,500,4668;
@400000005e4a47d308220c4a #d,-,18,4512,2340,1980,54,0,261555,16216,4512,2343,1982,4509,2340,1970,96,100,0,500,4678;
@400000005e4a47d5083257af #d,-,18,4514,2342,1970,55,0,262718,16288,4514,2342,1980,4512,2340,1969,96,100,0,500,4673;
@400000005e4a47d5083d3945 #d,-,18,4517,2341,1977,56,0,264314,16387,4517,2342,1982,4514,2340,1967,96,100,0,500,4676;
@400000005e4a47d7084d59d2 #d,-,18,4518,2340,1973,58,0,264925,16425,4518,2342,1979,4517,2339,1970,96,100,0,500,4671;
@400000005e4a47d70857608c #d,-,18,4519,2342,1977,59,0,265974,16490,4519,2343,1979,4518,2340,1968,96,100,0,500,4673;
@400000005e4a47d9086759fc #d,-,18,4521,2343,1977,60,0,266982,16552,4521,2343,1988,4519,2339,1951,96,100,0,500,4671;
@400000005e4a47d9087135de #d,-,18,4521,2342,1967,61,0,267954,16613,4521,2344,1979,4521,2342,1964,96,100,0,500,4668;
@400000005e4a47db08810477 #d,-,18,4522,2344,1977,63,0,268897,16671,4522,2344,1978,4521,2341,1966,96,100,0,500,4671;
@400000005e4a47db088b4d50 #d,-,18,4523,2341,1974,64,0,269807,16728,4523,2344,1977,4522,2341,1967,96,100,0,500,4671;
@400000005e4a47dd089b5a4f #d,-,18,4523,2341,1983,65,0,270700,16783,4523,2343,1985,4523,2340,1970,96,100,0,500,4673;
@400000005e4a47dd08a5a6e2 #d,-,18,4526,2342,1980,66,0,271573,16837,4526,2342,1986,4523,2340,1977,96,100,0,500,4685;
@400000005e4a47df08b5bc43 #d,-,18,4528,2341,1983,68,0,272844,16916,4528,2342,1987,4526,2340,1978,96,100,0,500,4687;
@400000005e4a47df08bff18d #d,-,18,4530,2342,1984,69,0,273245,16941,4530,2343,1986,4528,2341,1975,96,100,0,500,4687;
@400000005e4a47e108cee9f2 #d,-,18,4532,2343,1979,70,0,274046,16990,4532,2343,1987,4530,2341,1977,96,100,0,500,4692;
@400000005e4a47e108d96d77 #d,-,18,4534,2343,1984,71,0,274820,17038,4534,2344,1988,4532,2341,1975,96,100,0,500,4690;
@400000005e4a47e308e9c13e #d,-,18,4535,2342,1980,73,0,275573,17085,4535,2343,1988,4534,2342,1976,96,100,0,500,4690;
@400000005e4a47e308f4a59f #d,-,18,4537,2340,1985,74,0,276308,17131,4537,2343,1988,4535,2336,1974,96,100,0,500,4690;
@400000005e4a47e508fef6da #d,-,18,4538,2341,1988,75,0,277020,17175,4538,2341,1988,4537,2339,1977,96,100,0,500,4690;
@400000005e4a47e509031d7e #d,-,18,4479,2340,1621,76,0,277631,17213,4538,2341,1989,4479,2339,1621,96,100,0,500,4661;
@400000005e4a47e7090fcee0 #d,-,18,3329,2343,1167,77,0,276046,17114,4479,2344,1621,3329,2340,1078,90,100,0,500,3687;
@400000005e4a47e70918d3a0 #d,-,18,2609,2342,1186,78,0,274819,17038,3329,2344,1209,2609,2341,1167,91,100,0,500,2846;
@400000005e4a47e90925e7bb #d,-,18,2603,2342,1181,79,0,273598,16963,2609,2343,1187,2603,2341,1175,92,100,0,500,2820;
@400000005e4a47e9092e8e6a #d,-,18,2597,2342,1172,79,0,272400,16888,2603,2344,1181,2597,2341,1172,92,100,0,500,2808;
@400000005e4a47eb093b0d82 #d,-,18,2539,2342,1168,80,0,271222,16815,2597,2344,1176,2539,2341,1168,90,100,0,500,2794;
@400000005e4a47eb094430fd #d,-,18,2538,2343,1177,81,0,270078,16744,2539,2343,1177,2538,2341,1167,90,100,0,500,2791;
@400000005e4a47ed0950bc31 #d,-,18,2538,2344,1166,81,0,269296,16696,2538,2344,1177,2538,2341,1166,90,100,0,500,2791;
@400000005e4a47ed09596b42 #d,-,18,2536,2343,1169,82,0,267855,16607,2538,2345,1170,2536,2343,1162,91,100,0,500,2784;
@400000005e4a47ef09661ca4 #d,-,18,2534,2345,1161,83,0,266775,16540,2536,2345,1169,2534,2343,1158,91,100,0,500,2777;
@400000005e4a47ef096f28d7 #d,-,18,2531,2343,1161,83,0,265713,16474,2534,2345,1164,2531,2343,1157,91,100,0,500,2770;
@400000005e4a47f1097c15d4 #d,-,18,2528,2343,1160,84,0,264679,16410,2531,2345,1164,2528,2343,1158,91,100,0,500,2763;
@400000005e4a47f10984bc84 #d,-,18,2526,2344,1163,85,0,263670,16347,2528,2345,1168,2526,2343,1158,91,100,0,500,2770;
@400000005e4a47f30990903f #d,-,18,2523,2343,1158,86,0,262682,16286,2526,2345,1164,2523,2343,1153,91,100,0,500,2765;
@400000005e4a47f30998f026 #d,-,18,2520,2343,1157,86,0,261705,16225,2523,2345,1159,2520,2342,1149,91,100,0,500,2761;
@400000005e4a47f509a55c9e #d,-,18,2516,2346,1151,87,0,260751,16166,2520,2346,1159,2516,2342,1150,91,100,0,500,2751;
@400000005e4a47f509ae878d #d,-,18,2513,2345,1153,88,0,259810,16108,2516,2346,1155,2513,2343,1146,91,100,0,500,2749;
@400000005e4a47f709bb326a #d,-,18,2509,2344,1149,88,0,258892,16051,2513,2345,1159,2509,2343,1147,91,100,0,500,2744;
@400000005e4a47f709c3b5b5 #d,-,18,2506,2343,1153,89,0,257996,15995,2509,2345,1154,2506,2342,1147,91,100,0,500,2742;
@400000005e4a47f909d05fa5 #d,-,18,2503,2342,1143,90,0,257114,15941,2506,2345,1154,2503,2341,1142,91,100,0,500,2742;
@400000005e4a47f909d96464 #d,-,18,2499,2342,1145,90,0,256523,15904,2503,2345,1149,2499,2342,1140,91,100,0,500,2734;
@400000005e4a47fb09e64da8 #d,-,18,2495,2344,1144,91,0,255392,15834,2499,2345,1150,2495,2342,1141,91,100,0,500,2727;
@400000005e4a47fb09eed4ad #d,-,18,2492,2343,1144,92,0,254558,15782,2495,2344,1149,2492,2342,1142,91,100,0,500,2730;
@400000005e4a47fd09fb922b #d,-,18,2489,2341,1147,92,0,253742,15732,2492,2344,1149,2489,2341,1142,91,100,0,500,2730;
@400000005e4a47fd0a046c13 #d,-,18,2486,2341,1139,93,0,252940,15682,2489,2343,1148,2486,2341,1139,91,100,0,500,2727;
@400000005e4a47ff0a130ddb #d,-,18,2483,2341,1141,94,0,252146,15633,2486,2343,1144,2483,2340,1135,91,100,0,500,2723;
@400000005e4a47ff0a1cab57 #d,-,18,2771,2338,1392,95,0,251939,15620,2771,2341,1720,2483,2337,1137,95,100,0,500,2896;
@400000005e4a48010a2d9b94 #d,-,18,3347,2337,1974,96,0,252146,15633,3347,2340,2314,2771,2334,1169,94,100,0,500,3552;
@400000005e4a48010a37ebe1 #d,-,18,4272,2338,2087,97,0,252980,15684,4272,2338,2118,3347,2334,1827,93,100,0,500,4564;
@400000005e4a48030a483745 #d,-,18,4777,2334,1961,98,0,253759,15733,4777,2338,2127,4272,2334,1908,96,100,0,500,4936;
@400000005e4a48030a5231e4 #d,-,18,4475,2335,1986,100,0,254403,15773,4777,2338,2004,4475,2334,1846,96,100,0,500,4649;
@400000005e4a48050a63071e #d,-,18,4470,2334,1955,101,0,255048,15813,4475,2337,1986,4470,2334,1936,97,100,0,500,4574;
@400000005e4a48050a6d576b #d,-,18,4469,2337,1958,102,0,255685,15852,4470,2338,1963,4469,2334,1944,96,100,0,500,4616;
@400000005e4a48070a7d7ca1 #d,-,18,4470,2338,1959,103,0,256316,15891,4470,2338,1963,4469,2336,1948,96,100,0,500,4616;
@400000005e4a48070a87c0d2 #d,-,18,4471,2339,1967,104,0,256937,15930,4471,2339,1971,4470,2336,1944,96,100,0,500,4626;
@400000005e4a48090a97a3e8 #d,-,18,4473,2338,1980,106,0,257545,15967,4473,2339,1980,4471,2336,1939,96,100,0,500,4626;
@400000005e4a48090aa24270 #d,-,18,4474,2337,1968,107,0,258384,16019,4474,2339,1980,4473,2337,1929,96,100,0,500,4630;
@400000005e4a480b0ab26f19 #d,-,18,4477,2336,1954,108,0,258984,16057,4477,2339,2001,4474,2336,1943,96,100,0,500,4645;
@400000005e4a480b0abcdf10 #d,-,18,4391,2338,1849,109,0,259310,16077,4477,2340,2203,4391,2336,1763,95,100,0,500,4578;
Lost connection at /opt/powertools/bin/wattsup1 line 220.
	main::failure('Lost connection') called at /opt/powertools/bin/wattsup1 line 271
	main::recv_msg() called at /opt/powertools/bin/wattsup1 line 504
