@400000005e33dc6702d5ffaa #v,-,8,1,65178,5,2,4,57,200810261703,0;
@400000005e33dc672cba8f64 #h,-,18,W,V,A,WH,Cost,WH/Mo,Cost/Mo,Wmax,Vmax,Amax,Wmin,Vmin,Amin,PF,DC,PC,Hz,VA;
@400000005e33dc6732c0d3a0 #f,-,48,77,436,1,4803,0,0,65535,0,150,1177,177,10481,276,203,3340,13,121719,86,50084,105837,25,2629,11458,0,64,1,4686,0,0,65535,0,150,1030,182,11055,266,212,3240,13,121394,92,49362,104176,24,2613,13005,0,71;
@400000005e33dc6932d14711 #d,-,18,2791,2359,1179,0,0,187170,11604,2797,2359,1210,2791,2357,1179,99,100,0,500,2817;
@400000005e33dc6b32daf72e #d,-,18,2786,2360,1178,1,0,191430,11868,2791,2360,1179,2786,2358,1177,99,100,0,500,2789;
@400000005e33dc6b32e46171 #d,-,18,2783,2359,1178,2,0,193248,11981,2786,2360,1179,2783,2359,1177,99,100,0,500,2787;
@400000005e33dc6d32f58c5a #d,-,18,2779,2357,1178,3,0,194191,12039,2783,2359,1179,2779,2356,1177,99,100,0,500,2787;
@400000005e33dc6d32ffbdeb #d,-,18,2776,2357,1208,4,0,195185,12101,2779,2357,1210,2776,2356,1177,99,100,0,500,2785;
@400000005e33dc6f3307f2fb #d,-,18,2776,2357,1169,4,0,195344,12111,2776,2358,1208,2776,2357,1167,98,100,0,500,2812;
@400000005e33dc6f3310ad39 #d,-,18,2771,2357,1173,5,0,195548,12124,2776,2357,1176,2771,2357,1169,100,100,0,500,2771;
@400000005e33dc713320745f #d,-,18,2768,2356,1173,6,0,195678,12132,2771,2357,1174,2768,2356,1172,99,100,0,500,2776;
@400000005e33dc71332b22bc #d,-,18,2765,2356,1173,7,0,195780,12138,2768,2357,1176,2765,2355,1171,99,100,0,500,2776;
@400000005e33dc73333a695b #d,-,18,2761,2358,1196,7,0,195914,12146,2765,2358,1196,2761,2356,1163,99,100,0,500,2771;
@400000005e33dc7333449644 #d,-,18,2760,2358,1169,8,0,195959,12149,2761,2358,1196,2760,2356,1164,99,100,0,500,2787;
@400000005e33dc753353c955 #d,-,18,2757,2359,1166,9,0,195935,12147,2760,2359,1169,2757,2358,1166,99,100,0,500,2765;
@400000005e33dc75335ddef5 #d,-,18,2754,2358,1167,10,0,195939,12148,2757,2359,1172,2754,2358,1166,99,100,0,500,2764;
@400000005e33dc77336c0c52 #d,-,18,2751,2357,1158,10,0,195867,12143,2754,2359,1169,2751,2356,1157,99,100,0,500,2765;
@400000005e33dc773376d5b2 #d,-,18,2746,2356,1194,11,0,195896,12145,2751,2357,1194,2746,2356,1158,99,100,0,500,2748;
@400000005e33dc793382cbe2 #d,-,18,2747,2356,1167,12,0,195901,12145,2747,2357,1197,2746,2356,1158,98,100,0,500,2785;
@400000005e33dc79338d5b83 #d,-,18,2744,2356,1166,13,0,196995,12213,2747,2357,1167,2744,2356,1164,99,100,0,500,2753;
@400000005e33dc7b3398f84b #d,-,18,2741,2354,1166,13,0,196892,12207,2744,2357,1168,2741,2353,1165,99,100,0,500,2755;
@400000005e33dc7b33a3bdf1 #d,-,18,2739,2353,1163,14,0,195770,12137,2741,2354,1167,2739,2352,1161,99,100,0,500,2755;
@400000005e33dc7d33b2389a #d,-,18,2736,2350,1188,15,0,195754,12136,2739,2353,1188,2736,2350,1163,99,100,0,500,2746;
@400000005e33dc7d33bcf313 #d,-,18,2737,2352,1165,16,0,195775,12138,2737,2352,1197,2736,2350,1158,98,100,0,500,2783;
@400000005e33dc7f33cae11c #d,-,18,2735,2351,1164,16,0,195731,12135,2737,2352,1166,2735,2350,1164,99,100,0,500,2746;
@400000005e33dc7f33d502d7 #d,-,18,2732,2353,1163,17,0,196531,12184,2735,2354,1166,2732,2350,1163,99,100,0,500,2751;
@400000005e33dc8133e47bc2 #d,-,18,2730,2355,1164,18,0,195654,12130,2732,2355,1165,2730,2353,1162,99,100,0,500,2749;
@400000005e33dc8133ef460f #d,-,18,2729,2353,1174,19,0,195621,12128,2730,2355,1174,2729,2353,1162,99,100,0,500,2748;
@400000005e33dc8333ff7a2b #d,-,18,2731,2353,1154,19,0,195626,12128,2731,2354,1196,2729,2352,1150,98,100,0,500,2781;
@400000005e33dc833409c6be #d,-,18,2727,2355,1166,20,0,195580,12126,2731,2355,1166,2727,2353,1154,99,100,0,500,2730;
@400000005e33dc85341966c6 #d,-,18,2727,2355,1166,21,0,195568,12125,2727,2355,1169,2727,2354,1166,99,100,0,500,2753;
@400000005e33dc8534239c11 #d,-,18,2726,2355,1166,22,0,195556,12124,2727,2355,1168,2726,2354,1166,98,100,0,500,2757;
@400000005e33dc8734335f7c #d,-,18,2726,2355,1168,22,0,195546,12123,2726,2356,1168,2726,2354,1166,98,100,0,500,2755;
@400000005e33dc87343e0dd9 #d,-,18,2729,2356,1157,23,0,195577,12125,2729,2356,1197,2726,2355,1152,98,100,0,500,2783;
@400000005e33dc89344d8a7d #d,-,18,2726,2355,1159,24,0,195529,12122,2729,2356,1162,2726,2355,1157,99,100,0,500,2741;
@400000005e33dc8934582dad #d,-,18,2724,2355,1159,25,0,195488,12120,2726,2356,1161,2724,2355,1159,99,100,0,500,2741;
@400000005e33dc8b34680000 #d,-,18,2721,2356,1160,25,0,195446,12117,2724,2357,1161,2721,2355,1158,99,100,0,500,2739;
@400000005e33dc8b347248d9 #d,-,18,2720,2356,1152,26,0,195394,12114,2721,2357,1163,2720,2356,1151,99,100,0,500,2742;
@400000005e33dc8d3482a413 #d,-,18,2720,2356,1153,27,0,195395,12114,2720,2357,1186,2720,2356,1150,98,100,0,500,2749;
@400000005e33dc8d348cd95d #d,-,18,2718,2356,1156,28,0,195350,12111,2720,2357,1161,2718,2356,1153,99,100,0,500,2741;
@400000005e33dc8f349bdddd #d,-,18,2715,2356,1158,28,0,195302,12108,2718,2357,1158,2715,2356,1156,99,100,0,500,2733;
@400000005e33dc8f34a6e1e9 #d,-,18,2714,2357,1156,29,0,195259,12106,2715,2357,1158,2714,2356,1154,99,100,0,500,2733;
@400000005e33dc9134b69cf3 #d,-,18,2712,2356,1157,30,0,195218,12103,2714,2358,1157,2712,2356,1155,99,100,0,500,2733;
@400000005e33dc9134c0de59 #d,-,18,2713,2355,1149,31,0,195229,12104,2713,2356,1188,2712,2355,1149,98,100,0,500,2749;
@400000005e33dc9334cea18a #d,-,18,2713,2354,1156,31,0,195188,12101,2713,2356,1159,2713,2353,1149,98,100,0,500,2746;
@400000005e33dc9334d8d31b #d,-,18,2711,2355,1156,32,0,195151,12099,2713,2355,1158,2711,2353,1156,99,100,0,500,2732;
@400000005e33dc9534e5ceff #d,-,18,2709,2354,1156,33,0,195114,12097,2711,2355,1157,2709,2353,1155,99,100,0,500,2733;
@400000005e33dc9534f0c424 #d,-,18,2708,2355,1156,34,0,195078,12094,2709,2355,1157,2708,2353,1155,99,100,0,500,2733;
@400000005e33dc9735008f03 #d,-,18,2709,2357,1152,34,0,195093,12095,2709,2357,1188,2708,2354,1152,98,100,0,500,2742;
@400000005e33dc97350ae309 #d,-,18,2710,2357,1156,35,0,195060,12093,2710,2357,1158,2709,2356,1149,98,100,0,500,2751;
@400000005e33dc99351aed3d #d,-,18,2709,2356,1157,36,0,195027,12091,2710,2357,1158,2709,2356,1155,99,100,0,500,2733;
@400000005e33dc993525166c #d,-,18,2708,2355,1157,37,0,194994,12089,2709,2356,1158,2708,2355,1155,99,100,0,500,2733;
@400000005e33dc9b3532f58e #d,-,18,2707,2353,1158,37,0,194967,12087,2708,2355,1158,2707,2352,1156,99,100,0,500,2733;
@400000005e33dc9b353dc2a6 #d,-,18,2707,2354,1162,38,0,194987,12089,2707,2354,1189,2707,2353,1158,98,100,0,500,2737;
@400000005e33dc9d354a93b3 #d,-,18,2709,2354,1157,39,0,194954,12087,2709,2355,1162,2707,2353,1149,98,100,0,500,2757;
@400000005e33dc9d3554c18a #d,-,18,2707,2354,1148,40,0,194919,12084,2709,2355,1157,2707,2353,1148,99,100,0,500,2733;
@400000005e33dc9f355f3cae #d,-,18,2705,2355,1154,40,0,194881,12082,2707,2355,1155,2705,2353,1147,99,100,0,500,2719;
@400000005e33dc9f3569dc24 #d,-,18,2703,2355,1154,41,0,194846,12080,2705,2355,1155,2703,2355,1152,99,100,0,500,2726;
@400000005e33dca135776863 #d,-,18,2702,2353,1172,42,0,194854,12081,2703,2355,1185,2702,2353,1152,99,100,0,500,2726;
@400000005e33dca13581b99e #d,-,18,2704,2349,1159,43,0,194819,12078,2704,2356,1172,2702,2347,1147,98,100,0,500,2751;
@400000005e33dca3358f3608 #d,-,18,2703,2356,1153,43,0,195124,12097,2704,2356,1159,2703,2349,1152,99,100,0,500,2728;
@400000005e33dca3359a179e #d,-,18,2702,2353,1156,44,0,195089,12095,2703,2356,1157,2702,2352,1152,99,100,0,500,2724;
@400000005e33dca535aa5f49 #d,-,18,2701,2355,1153,45,0,194732,12073,2702,2355,1156,2701,2353,1153,99,100,0,500,2728;
@400000005e33dca535b4d6b3 #d,-,18,2700,2354,1184,46,0,195060,12093,2701,2355,1186,2700,2354,1153,99,100,0,500,2726;
@400000005e33dca735c476bb #d,-,18,2702,2354,1155,46,0,195024,12091,2702,2354,1184,2700,2353,1147,98,100,0,500,2755;
@400000005e33dca735ceb468 #d,-,18,2702,2351,1154,47,0,194687,12070,2702,2354,1156,2702,2351,1153,99,100,0,500,2726;
@400000005e33dca935dde2d0 #d,-,18,2700,2350,1154,48,0,194963,12087,2702,2351,1155,2700,2350,1153,99,100,0,500,2726;
@400000005e33dca935e8c820 #d,-,18,2699,2353,1155,49,0,194934,12085,2700,2353,1156,2699,2350,1154,99,100,0,500,2724;
@400000005e33dcab35f75659 #d,-,18,2699,2352,1187,49,0,194639,12067,2699,2353,1187,2699,2351,1155,99,100,0,500,2726;
@400000005e33dcab3601ab4d #d,-,18,2702,2351,1157,50,0,194622,12066,2702,2352,1187,2699,2350,1147,98,100,0,500,2755;
@400000005e33dcad360c74ac #d,-,18,2700,2353,1155,51,0,194597,12065,2702,2353,1157,2700,2350,1154,99,100,0,500,2726;
@400000005e33dcad3617bf80 #d,-,18,2700,2351,1155,52,0,194577,12063,2700,2353,1156,2700,2351,1154,98,100,0,500,2728;
@400000005e33dcaf3625e0c1 #d,-,18,2699,2353,1156,52,0,194555,12062,2700,2353,1156,2699,2350,1154,99,100,0,500,2726;
@400000005e33dcaf36304857 #d,-,18,2698,2353,1185,53,0,194553,12062,2699,2354,1185,2698,2353,1154,98,100,0,500,2728;
@400000005e33dcb1363ff834 #d,-,18,2701,2352,1156,54,0,194542,12061,2701,2353,1187,2698,2351,1147,97,100,0,500,2757;
@400000005e33dcb1364a1636 #d,-,18,2700,2353,1155,55,0,194522,12060,2701,2353,1157,2700,2351,1154,99,100,0,500,2724;
@400000005e33dcb3365b5fdb #d,-,18,2700,2353,1153,55,0,194501,12059,2700,2354,1156,2700,2353,1153,99,100,0,500,2726;
@400000005e33dcb33666e914 #d,-,18,2699,2352,1154,56,0,194739,12073,2700,2353,1155,2699,2351,1153,99,100,0,500,2724;
@400000005e33dcb536814ec1 #d,-,18,2814,2351,1699,57,0,195108,12096,2814,2353,1700,2699,2351,1153,100,100,0,500,2814;
@400000005e33dcb53692fdea #d,-,18,3895,2354,1625,58,0,196414,12177,3895,2354,1699,2814,2350,1625,100,100,0,500,3895;
@400000005e33dcb736acef2d #d,-,18,3841,2354,1647,59,0,197193,12225,3895,2354,1651,3841,2350,1623,99,100,0,500,3858;
@400000005e33dcb736bf1edb #d,-,18,3844,2354,1655,60,0,198456,12304,3844,2355,1655,3841,2353,1642,98,100,0,500,3887;
@400000005e33dcb936d0bf1d #d,-,18,3848,2356,1650,61,0,199447,12365,3848,2357,1655,3844,2354,1646,98,100,0,500,3896;
@400000005e33dcb936db6d7a #d,-,18,3852,2352,1660,62,0,200180,12411,3852,2356,1660,3848,2352,1650,98,100,0,500,3899;
@400000005e33dcbb36f3abd0 #d,-,18,3916,2352,1672,63,0,201163,12472,3916,2353,1685,3852,2351,1648,99,100,0,500,3933;
@400000005e33dcbb3703f823 #d,-,18,3915,2353,1661,64,0,202120,12531,3916,2354,1686,3915,2352,1655,99,100,0,500,3933;
@400000005e33dcbd37151e64 #d,-,18,3914,2352,1657,66,0,203045,12588,3915,2354,1668,3914,2351,1657,99,100,0,500,3920;
@400000005e33dcbd371f9e30 #d,-,18,3912,2352,1671,67,0,203954,12645,3914,2353,1671,3912,2351,1657,99,100,0,500,3919;
@400000005e33dcbf37380c05 #d,-,18,3912,2350,1676,68,0,204845,12700,3912,2353,1676,3912,2350,1663,99,100,0,500,3935;
@400000005e33dcbf3748832f #d,-,18,3918,2353,1660,69,0,205744,12756,3918,2353,1712,3912,2349,1654,98,100,0,500,3974;
@400000005e33dcc13759e7d7 #d,-,18,3917,2353,1667,70,0,206601,12809,3918,2354,1674,3917,2352,1660,99,100,0,500,3931;
@400000005e33dcc137648b07 #d,-,18,3917,2353,1672,71,0,207438,12861,3917,2354,1674,3917,2352,1664,99,100,0,500,3935;
@400000005e33dcc3377cb213 #d,-,18,3917,2353,1678,72,0,208253,12911,3917,2354,1678,3917,2353,1663,99,100,0,500,3940;
@400000005e33dcc3378cfe67 #d,-,18,3919,2354,1662,73,0,209060,12961,3919,2354,1688,3917,2353,1662,99,100,0,500,3954;
@400000005e33dcc537a6cb57 #d,-,18,3923,2354,1664,74,0,209871,13012,3923,2355,1708,3919,2354,1662,99,100,0,500,3961;
@400000005e33dcc537b2321b #d,-,18,3923,2354,1677,75,0,210642,13059,3923,2355,1677,3923,2354,1664,99,100,0,500,3951;
@400000005e33dcc737c9a569 #d,-,18,3925,2354,1674,76,0,211403,13107,3925,2355,1688,3923,2354,1667,99,100,0,500,3961;
@400000005e33dcc737d9f930 #d,-,18,3926,2355,1669,78,0,212145,13153,3926,2355,1679,3925,2353,1668,99,100,0,500,3949;
@400000005e33dcc937ea5ccc #d,-,18,3927,2355,1677,79,0,212882,13198,3927,2356,1686,3926,2354,1669,99,100,0,500,3951;
@400000005e33dcc937f48241 #d,-,18,3931,2356,1674,80,0,213620,13244,3931,2356,1706,3927,2355,1674,98,100,0,500,3976;
@400000005e33dccb380c0564 #d,-,18,3933,2355,1677,81,0,214320,13287,3933,2356,1678,3931,2355,1673,98,100,0,500,3974;
@400000005e33dccb381c9791 #d,-,18,3935,2356,1672,82,0,215009,13330,3935,2356,1683,3933,2354,1672,99,100,0,500,3960;
@400000005e33dccd382d60b0 #d,-,18,3935,2356,1679,83,0,215687,13372,3935,2357,1682,3935,2356,1672,99,100,0,500,3954;
@400000005e33dccd38373c93 #d,-,18,3935,2354,1683,84,0,216348,13413,3935,2356,1683,3935,2353,1672,99,100,0,500,3960;
@400000005e33dccf38493db0 #d,-,18,3938,2352,1674,85,0,217016,13455,3938,2354,1704,3935,2351,1674,99,100,0,500,3974;
@400000005e33dccf3854da78 #d,-,18,3942,2352,1674,86,0,217665,13495,3942,2353,1701,3938,2352,1671,98,100,0,500,3986;
@400000005e33dcd138675c1b #d,-,18,3941,2352,1688,87,0,218296,13534,3942,2353,1688,3941,2352,1673,99,100,0,500,3963;
@400000005e33dcd13872af51 #d,-,18,3943,2353,1688,88,0,218912,13572,3943,2353,1688,3941,2352,1676,99,100,0,500,3972;
@400000005e33dcd338852980 #d,-,18,3944,2353,1679,90,0,219517,13610,3944,2353,1688,3943,2352,1677,99,100,0,500,3972;
@400000005e33dcd33890bde7 #d,-,18,3945,2351,1690,91,0,220139,13648,3945,2353,1719,3944,2351,1679,99,100,0,500,3968;
@400000005e33dcd538a2ced9 #d,-,18,3950,2353,1689,92,0,220732,13685,3950,2353,1701,3945,2350,1674,98,100,0,500,4001;
@400000005e33dcd538ae15f3 #d,-,18,3951,2354,1689,93,0,221307,13721,3951,2354,1689,3950,2353,1681,99,100,0,500,3983;
@400000005e33dcd738c03a75 #d,-,18,3952,2353,1683,94,0,221877,13756,3952,2355,1693,3951,2353,1682,99,100,0,500,3983;
@400000005e33dcd738cbeacb #d,-,18,3953,2352,1687,95,0,222440,13791,3953,2353,1692,3952,2352,1683,99,100,0,500,3976;
@400000005e33dcd938e69740 #d,-,18,3954,2352,1715,96,0,223012,13826,3954,2353,1724,3953,2351,1683,99,100,0,500,3979;
@400000005e33dcd938f6a43f #d,-,18,3959,2353,1687,97,0,223545,13859,3959,2353,1715,3954,2351,1679,98,100,0,500,4011;
@400000005e33dcdb39073ddf #d,-,18,3959,2352,1681,98,0,224076,13892,3959,2353,1691,3959,2352,1681,99,100,0,500,3977;
@400000005e33dcdb3912d6ee #d,-,18,3960,2355,1689,99,0,224612,13925,3960,2355,1708,3959,2352,1681,99,100,0,500,3983;
@400000005e33dcdd392a33e2 #d,-,18,3960,2353,1697,101,0,225319,13969,3960,2355,1698,3960,2353,1681,99,100,0,500,3990;
@400000005e33dcdd393a732b #d,-,18,3962,2353,1718,102,0,225651,13990,3962,2353,1718,3960,2352,1689,99,100,0,500,3993;
@400000005e33dcdf394bb1a3 #d,-,18,3967,2353,1687,103,0,226152,14021,3967,2355,1718,3962,2352,1687,98,100,0,500,4013;
@400000005e33dcdf39566000 #d,-,18,3966,2351,1697,104,0,226835,14063,3967,2353,1698,3966,2351,1687,99,100,0,500,3984;
@400000005e33dce1396dd7f6 #d,-,18,3967,2353,1694,105,0,227126,14081,3967,2353,1697,3966,2351,1686,99,100,0,500,3990;
@400000005e33dce1397e2bbd #d,-,18,3967,2354,1688,106,0,227600,14111,3967,2354,1696,3967,2352,1686,99,100,0,500,3990;
@400000005e33dce3398ee507 #d,-,18,3967,2353,1718,107,0,228083,14141,3967,2354,1718,3967,2352,1688,99,100,0,500,3984;
@400000005e33dce339994529 #d,-,18,3970,2354,1695,108,0,228548,14169,3970,2355,1718,3967,2352,1683,98,100,0,500,4013;
@400000005e33dce539b164c3 #d,-,18,3970,2353,1691,109,0,228996,14197,3970,2355,1695,3970,2353,1685,99,100,0,500,3988;
@400000005e33dce539c189f8 #d,-,18,3970,2355,1685,110,0,229438,14225,3970,2355,1695,3970,2352,1684,99,100,0,500,3986;
@400000005e33dce739dc64fe #d,-,18,3969,2352,1689,112,0,229878,14252,3970,2355,1695,3969,2352,1685,99,100,0,500,3981;
@400000005e33dce739ef5bfa #d,-,18,3969,2353,1724,113,0,230497,14290,3969,2354,1724,3969,2352,1686,99,100,0,500,3984;
@400000005e33dce93a01e246 #d,-,18,3972,2353,1572,114,0,230711,14304,3972,2353,1728,3969,2351,1572,98,100,0,500,4018;
@400000005e33dce93a0d348c #d,-,18,3759,2350,1591,115,0,231167,14332,3972,2355,1599,3759,2350,1554,98,100,0,500,3799;
@400000005e33dceb3a26b7ea #d,-,18,3756,2351,1603,116,0,231280,14339,3759,2351,1604,3756,2349,1591,99,100,0,500,3757;
@400000005e33dceb3a38d8b2 #d,-,18,3754,2352,1599,117,0,231564,14356,3756,2352,1603,3754,2351,1595,99,100,0,500,3767;
@400000005e33dced3a526382 #d,-,18,3754,2351,1613,118,0,231851,14374,3754,2352,1613,3754,2351,1597,99,100,0,500,3771;
@400000005e33dced3a63c918 #d,-,18,3757,2353,1603,119,0,232142,14392,3757,2353,1627,3754,2350,1595,98,100,0,500,3796;
@400000005e33dcef3a754508 #d,-,18,3755,2352,1598,120,0,232413,14409,3757,2353,1603,3755,2351,1593,99,100,0,500,3766;
@400000005e33dcef3a8185b9 #d,-,18,3754,2352,1594,121,0,232683,14426,3755,2354,1602,3754,2352,1594,99,100,0,500,3769;
@400000005e33dcf13a9a369c #d,-,18,3753,2353,1604,122,0,232950,14442,3754,2353,1605,3753,2350,1594,99,100,0,500,3762;
@400000005e33dcf13aac00c7 #d,-,18,3752,2351,1606,123,0,233211,14459,3753,2353,1606,3752,2351,1594,99,100,0,500,3771;
@400000005e33dcf33abe1dd5 #d,-,18,3756,2350,1592,124,0,233482,14475,3756,2351,1635,3752,2350,1586,98,100,0,500,3801;
@400000005e33dcf33ac9d1e6 #d,-,18,3754,2353,1603,125,0,233907,14502,3756,2353,1604,3754,2350,1592,99,100,0,500,3760;
@400000005e33dcf53adbc7d6 #d,-,18,3753,2351,1601,126,0,233987,14507,3754,2353,1603,3753,2351,1593,99,100,0,500,3771;
@400000005e33dcf53ae6ef46 #d,-,18,3753,2351,1594,127,0,234235,14522,3753,2352,1605,3753,2350,1594,99,100,0,500,3771;
@400000005e33dcf73b006dfb #d,-,18,3752,2353,1602,128,0,234481,14537,3753,2353,1604,3752,2349,1594,99,100,0,500,3764;
@400000005e33dcf73b12196a #d,-,18,3755,2351,1596,129,0,234733,14553,3755,2353,1627,3752,2351,1590,98,100,0,500,3796;
@400000005e33dcf93b244a07 #d,-,18,3754,2352,1594,130,0,234970,14568,3755,2353,1605,3754,2350,1593,99,100,0,500,3773;
@400000005e33dcf93b2fa869 #d,-,18,3753,2353,1601,131,0,235205,14582,3754,2353,1603,3753,2352,1594,99,100,0,500,3764;
@400000005e33dcfb3b414403 #d,-,18,3752,2352,1600,132,0,235433,14596,3753,2353,1601,3752,2351,1593,99,100,0,500,3769;
@400000005e33dcfb3b4bcb42 #d,-,18,3752,2352,1594,133,0,235661,14611,3752,2352,1603,3752,2351,1593,99,100,0,500,3771;
@400000005e33dcfd3b648b0c #d,-,18,3754,2354,1592,135,0,235901,14625,3754,2354,1634,3752,2352,1592,99,100,0,500,3783;
@400000005e33dcfd3b761b79 #d,-,18,3753,2352,1600,135,0,236121,14639,3754,2354,1600,3753,2352,1591,99,100,0,500,3776;
@400000005e33dcff3b87bacd #d,-,18,3753,2350,1596,137,0,236338,14653,3753,2352,1604,3753,2350,1594,99,100,0,500,3771;
@400000005e33dcff3b93ec98 #d,-,18,3752,2350,1601,138,0,236557,14666,3753,2350,1604,3752,2350,1596,99,100,0,500,3767;
@400000005e33dd02001262e7 #d,-,18,3752,2350,1603,139,0,236769,14679,3752,2351,1603,3752,2350,1595,99,100,0,500,3769;
@400000005e33dd0200240e56 #d,-,18,3754,2352,1589,140,0,236993,14693,3754,2352,1629,3752,2350,1589,99,100,0,500,3785;
@400000005e33dd04003df737 #d,-,18,3754,2353,1599,141,0,237202,14706,3754,2353,1604,3754,2351,1589,99,100,0,500,3782;
@400000005e33dd0400510ddd #d,-,18,3753,2353,1603,142,0,237406,14719,3754,2354,1603,3753,2352,1593,99,100,0,500,3769;
@400000005e33dd060063d649 #d,-,18,3753,2353,1597,143,0,237606,14731,3753,2354,1603,3753,2352,1593,99,100,0,500,3773;
@400000005e33dd06006f4bf3 #d,-,18,3752,2352,1597,144,0,237807,14744,3753,2353,1602,3752,2351,1597,99,100,0,500,3764;
@400000005e33dd080088b808 #d,-,18,3753,2351,1605,145,0,238018,14757,3753,2352,1632,3752,2350,1593,99,100,0,500,3774;
@400000005e33dd08009aa951 #d,-,18,3755,2352,1594,146,0,238209,14768,3755,2353,1605,3753,2350,1592,98,100,0,500,3796;
@400000005e33dd0a00b53e7d #d,-,18,3754,2351,1597,147,0,238552,14790,3755,2353,1605,3754,2351,1594,99,100,0,500,3766;
@400000005e33dd0a00c8e1c5 #d,-,18,3752,2351,1602,148,0,238738,14801,3754,2352,1605,3752,2351,1587,99,100,0,500,3760;
@400000005e33dd0c00db8312 #d,-,18,3752,2351,1598,149,0,238923,14813,3752,2352,1602,3752,2351,1595,99,100,0,500,3774;
@400000005e33dd0c00e6cde5 #d,-,18,3753,2351,1610,150,0,239126,14825,3753,2351,1635,3752,2350,1598,99,100,0,500,3771;
@400000005e33dd0e010039fa #d,-,18,3754,2351,1602,151,0,239305,14836,3754,2351,1610,3753,2350,1586,98,100,0,500,3792;
@400000005e33dd0e01120c87 #d,-,18,3754,2352,1597,152,0,239482,14847,3754,2352,1603,3754,2351,1593,99,100,0,500,3773;
@400000005e33dd10012c85c3 #d,-,18,3753,2349,1597,153,0,239662,14859,3754,2352,1606,3753,2349,1597,99,100,0,500,3767;
@400000005e33dd10013f2711 #d,-,18,3752,2349,1603,154,0,239838,14869,3753,2349,1604,3752,2348,1596,99,100,0,500,3767;
@400000005e33dd1201517a23 #d,-,18,3752,2349,1627,155,0,239880,14872,3752,2350,1630,3752,2347,1598,99,100,0,500,3773;
@400000005e33dd12015d16eb #d,-,18,3755,2352,1594,156,0,240194,14892,3755,2352,1627,3752,2349,1594,98,100,0,500,3796;
@400000005e33dd1401764c0d #d,-,18,3754,2350,1603,157,0,240222,14893,3755,2352,1604,3754,2350,1593,99,100,0,500,3764;
@400000005e33dd1401886562 #d,-,18,3753,2351,1599,158,0,240387,14904,3754,2351,1604,3753,2350,1593,99,100,0,500,3769;
@400000005e33dd1601a21750 #d,-,18,3752,2349,1598,159,0,240554,14914,3753,2351,1605,3752,2348,1597,99,100,0,500,3769;
@400000005e33dd1601b414b4 #d,-,18,3751,2348,1636,160,0,240729,14925,3752,2349,1636,3751,2348,1597,99,100,0,500,3764;
@400000005e33dd1801c5eeb4 #d,-,18,3755,2350,1602,161,1,240891,14935,3755,2350,1636,3751,2347,1588,98,100,0,500,3799;
@400000005e33dd1801d242f5 #d,-,18,3754,2347,1596,163,1,241051,14945,3755,2350,1606,3754,2347,1596,99,100,0,500,3767;
@400000005e33dd1a01eb904e #d,-,18,3753,2347,1605,164,1,241210,14955,3754,2348,1605,3753,2346,1596,99,100,0,500,3764;
@400000005e33dd1a01fd2fa2 #d,-,18,3752,2348,1603,165,1,241364,14964,3753,2348,1605,3752,2346,1597,99,100,0,500,3771;
@400000005e33dd1c020fb9a7 #d,-,18,3752,2347,1628,166,1,241529,14974,3752,2348,1628,3752,2347,1603,99,100,0,500,3771;
@400000005e33dd1c021b330b #d,-,18,3754,2345,1608,167,1,241685,14984,3754,2348,1629,3752,2345,1595,98,100,0,500,3792;
@400000005e33dd1e022d6b1b #d,-,18,3753,2348,1604,168,1,241834,14993,3754,2348,1608,3753,2345,1597,99,100,0,500,3767;
@400000005e33dd1e0238928a #d,-,18,3753,2350,1595,169,1,241984,15003,3753,2351,1607,3753,2348,1594,99,100,0,500,3771;
@400000005e33dd200251b41e #d,-,18,3752,2349,1602,170,1,242132,15012,3753,2350,1605,3752,2348,1595,99,100,0,500,3762;
@400000005e33dd2002637f37 #d,-,18,3751,2352,1626,171,1,242414,15029,3752,2352,1626,3751,2348,1594,99,100,0,500,3771;
@400000005e33dd220275a772 #d,-,18,3755,2351,1596,172,1,242433,15030,3755,2352,1636,3751,2350,1589,98,100,0,500,3801;
@400000005e33dd220280f9b9 #d,-,18,3753,2350,1602,173,1,242577,15039,3755,2352,1603,3753,2350,1596,99,100,0,500,3760;
@400000005e33dd2402926308 #d,-,18,3753,2350,1601,174,1,242718,15048,3753,2350,1602,3753,2348,1597,99,100,0,500,3767;
@400000005e33dd24029cc6e4 #d,-,18,3752,2351,1596,175,1,242858,15057,3753,2351,1602,3752,2349,1595,99,100,0,500,3771;
@400000005e33dd2602b62a97 #d,-,18,3752,2353,1614,176,1,243000,15066,3752,2353,1614,3752,2351,1596,99,100,0,500,3766;
@400000005e33dd2602c7f1f7 #d,-,18,3755,2352,1602,177,1,243144,15074,3755,2353,1627,3752,2352,1589,98,100,0,500,3799;
@400000005e33dd2802d9c483 #d,-,18,3754,2354,1593,178,1,243280,15083,3755,2354,1604,3754,2352,1593,99,100,0,500,3769;
@400000005e33dd2802e5be6d #d,-,18,3753,2353,1600,179,1,243416,15091,3754,2355,1603,3753,2353,1593,99,100,0,500,3764;
@400000005e33dd2a02fec4ff #d,-,18,3752,2351,1602,180,1,243547,15099,3753,2353,1603,3752,2351,1595,99,100,0,500,3771;
@400000005e33dd2a031068fa #d,-,18,3752,2350,1600,181,1,243679,15108,3752,2351,1603,3752,2350,1596,99,100,0,500,3771;
@400000005e33dd2c0329f3cb #d,-,18,3755,2352,1596,182,1,243820,15116,3755,2352,1632,3752,2349,1595,98,100,0,500,3794;
@400000005e33dd2c033cb4c3 #d,-,18,3753,2351,1602,183,1,244073,15132,3755,2353,1603,3753,2350,1595,99,100,0,500,3766;
@400000005e33dd2e034f699f #d,-,18,3753,2353,1595,184,1,244198,15140,3753,2353,1603,3753,2350,1593,99,100,0,500,3771;
@400000005e33dd2e035af2d9 #d,-,18,3752,2353,1598,185,1,244325,15148,3753,2353,1604,3752,2352,1595,99,100,0,500,3764;
@400000005e33dd3003746a1b #d,-,18,3751,2351,1601,186,1,244325,15148,3752,2353,1602,3751,2351,1594,99,100,0,500,3767;
@400000005e33dd30038605b5 #d,-,18,3755,2353,1590,187,1,244458,15156,3755,2353,1631,3751,2350,1588,98,100,0,500,3796;
@400000005e33dd3203a02cfc #d,-,18,3753,2353,1597,189,1,244582,15164,3755,2353,1603,3753,2352,1590,99,100,0,500,3769;
@400000005e33dd3203b2d2f1 #d,-,18,3752,2351,1603,190,1,244702,15171,3753,2353,1603,3752,2351,1595,99,100,0,500,3767;
@400000005e33dd3403c58b87 #d,-,18,3752,2350,1598,191,1,244823,15179,3752,2351,1605,3752,2350,1595,99,100,0,500,3773;
@400000005e33dd3403d0e9e9 #d,-,18,3752,2348,1597,192,1,244942,15186,3752,2350,1604,3752,2348,1597,99,100,0,500,3769;
@400000005e33dd3603e9d844 #d,-,18,3754,2347,1598,193,1,245069,15194,3754,2348,1633,3752,2347,1596,99,100,0,500,3782;
@400000005e33dd3603fb58dc #d,-,18,3754,2346,1600,194,1,245184,15201,3754,2347,1605,3754,2346,1596,99,100,0,500,3783;
@400000005e33dd38041618e0 #d,-,18,3753,2349,1598,195,1,245301,15208,3754,2349,1606,3753,2346,1598,99,100,0,500,3767;
@400000005e33dd3804292bcc #d,-,18,3752,2350,1605,196,1,245415,15215,3753,2350,1605,3752,2349,1595,99,100,0,500,3764;
@400000005e33dd3a043c2682 #d,-,18,3752,2351,1599,197,1,245527,15222,3752,2351,1605,3752,2350,1594,99,100,0,500,3773;
@400000005e33dd3a0447afbb #d,-,18,3754,2352,1591,198,1,245650,15230,3754,2352,1636,3752,2351,1591,99,100,0,500,3780;
@400000005e33dd3c0460f4b3 #d,-,18,3754,2350,1603,199,1,245761,15237,3754,2352,1603,3754,2350,1588,99,100,0,500,3785;
@400000005e33dd3c04728520 #d,-,18,3754,2352,1600,200,1,245870,15244,3754,2352,1603,3754,2350,1594,99,100,0,500,3773;
@400000005e33dd3e048c951e #d,-,18,3753,2352,1595,201,1,245980,15250,3754,2352,1602,3753,2350,1595,99,100,0,500,3769;
@400000005e33dd3e049f516e #d,-,18,3752,2352,1601,202,1,246088,15257,3753,2352,1602,3752,2351,1595,99,100,0,500,3766;
@400000005e33dd4004b0aae8 #d,-,18,3753,2351,1603,203,1,246204,15264,3753,2352,1627,3752,2349,1596,99,100,0,500,3774;
@400000005e33dd4004bcb596 #d,-,18,3755,2349,1597,204,1,246310,15271,3755,2352,1605,3753,2349,1597,98,100,0,500,3794;
@400000005e33dd4204d60200 #d,-,18,3754,2348,1605,205,1,246416,15277,3755,2349,1606,3754,2348,1596,99,100,0,500,3764;
@400000005e33dd4204e78298 #d,-,18,3753,2347,1603,206,1,246517,15284,3754,2348,1606,3753,2347,1595,99,100,0,500,3769;
@400000005e33dd4404f9fcc8 #d,-,18,3752,2349,1597,207,1,246621,15290,3753,2349,1607,3752,2346,1597,99,100,0,500,3769;
@400000005e33dd4405056eb9 #d,-,18,3752,2350,1623,208,1,246735,15297,3752,2350,1637,3752,2349,1596,99,100,0,500,3766;
@400000005e33dd460517e8e9 #d,-,18,3755,2349,1601,209,1,246833,15303,3755,2350,1623,3752,2348,1589,98,100,0,500,3798;
@400000005e33dd46052323e7 #d,-,18,3754,2349,1596,210,1,246933,15309,3755,2349,1605,3754,2348,1596,99,100,0,500,3771;
@400000005e33dd48053cf939 #d,-,18,3753,2350,1603,211,1,247033,15316,3754,2350,1604,3753,2348,1596,99,100,0,500,3764;
@400000005e33dd48054e988d #d,-,18,3752,2352,1600,212,1,247130,15322,3753,2353,1603,3752,2350,1593,99,100,0,500,3769;
@400000005e33dd4a0560d09d #d,-,18,3752,2353,1624,214,1,247238,15328,3752,2353,1626,3752,2352,1600,99,100,0,500,3771;
@400000005e33dd4a056c3b1b #d,-,18,3755,2352,1601,215,1,247444,15341,3755,2353,1624,3752,2352,1590,99,100,0,500,3791;
@400000005e33dd4c057d7c5e #d,-,18,3754,2351,1601,216,1,247537,15347,3755,2352,1601,3754,2350,1594,99,100,0,500,3769;
@400000005e33dd4c05880bff #d,-,18,3753,2351,1594,217,1,247632,15353,3754,2351,1603,3753,2350,1593,99,100,0,500,3773;
@400000005e33dd4e05a14895 #d,-,18,3752,2350,1601,218,1,247618,15352,3753,2351,1604,3752,2350,1594,99,100,0,500,3764;
@400000005e33dd4e05b2d902 #d,-,18,3752,2349,1635,219,1,247718,15358,3752,2350,1635,3752,2349,1594,99,100,0,500,3769;
@400000005e33dd5005c48471 #d,-,18,3755,2349,1596,220,1,247812,15364,3755,2349,1635,3752,2349,1594,98,100,0,500,3803;
@400000005e33dd5005d0bcc1 #d,-,18,3754,2351,1602,221,1,247905,15370,3755,2352,1605,3754,2349,1596,99,100,0,500,3764;
@400000005e33dd5205e9987b #d,-,18,3753,2351,1604,222,1,248102,15382,3754,2352,1604,3753,2351,1595,99,100,0,500,3771;
@400000005e33dd5205fb43ea #d,-,18,3753,2351,1595,223,1,248190,15387,3753,2351,1604,3753,2351,1594,99,100,0,500,3773;
@400000005e33dd54061488e1 #d,-,18,3752,2352,1629,224,1,248287,15393,3753,2353,1629,3752,2351,1595,99,100,0,500,3766;
@400000005e33dd540626961a #d,-,18,3755,2351,1605,225,1,248272,15392,3755,2352,1631,3752,2351,1586,98,100,0,500,3799;
@400000005e33dd5606391404 #d,-,18,3755,2351,1596,226,1,248359,15398,3755,2351,1605,3755,2350,1596,99,100,0,500,3771;
@400000005e33dd56064489af #d,-,18,3754,2351,1598,227,1,248448,15403,3755,2351,1604,3754,2350,1596,99,100,0,500,3766;
@400000005e33dd58065dbb17 #d,-,18,3753,2350,1604,228,1,248637,15415,3754,2351,1604,3753,2350,1596,99,100,0,500,3767;
@400000005e33dd5806700a70 #d,-,18,3753,2351,1618,229,1,248726,15421,3753,2351,1618,3753,2350,1594,99,100,0,500,3774;
@400000005e33dd5a0689381f #d,-,18,3756,2349,1601,230,1,248817,15426,3756,2351,1633,3753,2349,1596,98,100,0,500,3798;
@400000005e33dd5a069aa8e2 #d,-,18,3755,2350,1604,231,1,248797,15425,3756,2350,1604,3755,2349,1596,99,100,0,500,3766;
@400000005e33dd5c06ad714d #d,-,18,3754,2350,1596,232,1,248879,15430,3755,2351,1604,3754,2349,1594,99,100,0,500,3773;
@400000005e33dd5c06b8bc20 #d,-,18,3754,2350,1598,233,1,248963,15435,3754,2351,1603,3754,2350,1596,99,100,0,500,3766;
@400000005e33dd5e06d2793c #d,-,18,3753,2353,1613,234,1,249046,15440,3754,2353,1613,3753,2350,1595,99,100,0,500,3767;
@400000005e33dd5e06e4d869 #d,-,18,3757,2353,1595,235,1,249134,15446,3757,2354,1633,3753,2353,1585,98,100,0,500,3805;
@400000005e33dd6006ffa842 #d,-,18,3755,2352,1596,236,1,249216,15451,3757,2354,1602,3755,2352,1595,99,100,0,500,3762;
@400000005e33dd6007116740 #d,-,18,3753,2353,1601,237,1,249295,15456,3755,2353,1602,3753,2351,1593,99,100,0,500,3766;
@400000005e33dd6207235115 #d,-,18,3753,2354,1596,238,1,249374,15461,3753,2354,1602,3753,2352,1593,99,100,0,500,3773;
@400000005e33dd62072fa19c #d,-,18,3753,2354,1595,240,1,249454,15466,3753,2354,1603,3753,2353,1594,99,100,0,500,3769;
@400000005e33dd6407490196 #d,-,18,3756,2354,1599,240,1,249540,15471,3756,2354,1625,3753,2354,1594,98,100,0,500,3794;
@400000005e33dd64075ab832 #d,-,18,3755,2354,1597,241,1,249616,15476,3756,2355,1602,3755,2353,1591,99,100,0,500,3771;
@400000005e33dd6607745b39 #d,-,18,3754,2352,1595,243,1,249695,15481,3755,2354,1602,3754,2352,1595,99,100,0,500,3767;
@400000005e33dd660786ba67 #d,-,18,3753,2355,1602,244,1,249771,15485,3754,2355,1602,3753,2352,1593,99,100,0,500,3766;
@400000005e33dd6807995bb5 #d,-,18,3752,2354,1598,245,1,249845,15490,3753,2355,1603,3752,2354,1592,99,100,0,500,3773;
@400000005e33dd6807a52ac8 #d,-,18,3756,2353,1589,246,1,249929,15495,3756,2354,1634,3752,2353,1588,99,100,0,500,3792;
@400000005e33dd6a07beaa6b #d,-,18,3754,2354,1604,247,1,250003,15500,3756,2354,1604,3754,2353,1589,99,100,0,500,3769;
@400000005e33dd6a07d05d4e #d,-,18,3754,2352,1597,248,1,250077,15504,3754,2354,1604,3754,2352,1594,99,100,0,500,3773;
@400000005e33dd6c07e2b508 #d,-,18,3753,2353,1595,249,1,250151,15509,3754,2353,1602,3753,2351,1595,99,100,0,500,3769;
@400000005e33dd6c07ee074f #d,-,18,3752,2353,1600,250,1,250224,15513,3753,2353,1601,3752,2351,1594,99,100,0,500,3766;
@400000005e33dd6e07ff9402 #d,-,18,3755,2352,1594,251,1,250303,15518,3755,2353,1624,3752,2352,1594,99,100,0,500,3787;
@400000005e33dd6e080af61e #d,-,18,3755,2354,1595,252,1,250375,15523,3755,2354,1604,3755,2352,1594,99,100,0,500,3785;
@400000005e33dd7008245d8b #d,-,18,3754,2353,1601,253,1,250448,15527,3755,2354,1603,3754,2353,1594,99,100,0,500,3764;
@400000005e33dd70083608fa #d,-,18,3753,2352,1602,254,1,250517,15532,3754,2353,1602,3753,2351,1593,99,100,0,500,3771;
@400000005e33dd720848d9c7 #d,-,18,3753,2352,1593,255,1,250683,15542,3753,2352,1604,3753,2351,1593,99,100,0,500,3773;
@400000005e33dd72085423ac #d,-,18,3754,2355,1597,256,1,250666,15541,3754,2355,1633,3753,2351,1591,99,100,0,500,3773;
@400000005e33dd740864c5ad #d,-,18,3755,2353,1598,257,1,250827,15551,3755,2355,1598,3754,2353,1591,99,100,0,500,3789;
@400000005e33dd74086fd98e #d,-,18,3754,2353,1594,258,1,250802,15549,3755,2354,1602,3754,2353,1594,99,100,0,500,3771;
@400000005e33dd7608885af1 #d,-,18,3753,2354,1600,259,1,250871,15554,3754,2355,1602,3753,2353,1594,99,100,0,500,3766;
@400000005e33dd760899b0b2 #d,-,18,3753,2352,1601,260,1,250938,15558,3753,2354,1601,3753,2352,1594,99,100,0,500,3769;
@400000005e33dd7808ac2728 #d,-,18,3754,2350,1601,261,1,251014,15562,3754,2352,1628,3753,2350,1601,99,100,0,500,3778;
@400000005e33dd7808b7796f #d,-,18,3755,2352,1600,262,1,251080,15567,3755,2352,1606,3754,2350,1587,99,100,0,500,3791;
@400000005e33dd7a08d1896e #d,-,18,3754,2350,1603,263,1,251145,15571,3755,2352,1603,3754,2350,1595,99,100,0,500,3767;
@400000005e33dd7a08e31267 #d,-,18,3754,2350,1594,264,1,251211,15575,3754,2351,1605,3754,2350,1594,99,100,0,500,3774;
@400000005e33dd7c08fcc09c #d,-,18,3753,2351,1600,265,1,251277,15579,3754,2352,1604,3753,2350,1594,99,100,0,500,3766;
@400000005e33dd7c090eae2b #d,-,18,3753,2351,1622,266,1,251349,15583,3753,2352,1631,3753,2350,1595,99,100,0,500,3769;
@400000005e33dd7e09213fa3 #d,-,18,3756,2350,1594,267,1,251412,15587,3756,2351,1622,3753,2350,1594,98,100,0,500,3799;
@400000005e33dd7e092cd13e #d,-,18,3755,2352,1600,269,1,251477,15591,3756,2352,1604,3755,2350,1594,99,100,0,500,3767;
@400000005e33dd800945f2d2 #d,-,18,3754,2350,1603,270,1,251630,15601,3755,2353,1603,3754,2350,1594,99,100,0,500,3767;
@400000005e33dd800957c918 #d,-,18,3754,2351,1596,271,1,251692,15604,3754,2351,1604,3754,2349,1595,99,100,0,500,3776;
@400000005e33dd820971ccfb #d,-,18,3753,2351,1631,272,1,251762,15609,3754,2354,1633,3753,2350,1596,99,100,0,500,3766;
@400000005e33dd820984c89f #d,-,18,3756,2353,1602,273,1,251823,15613,3756,2354,1631,3753,2351,1588,98,100,0,500,3796;
@400000005e33dd8409981dac #d,-,18,3756,2353,1594,274,1,251883,15616,3756,2354,1603,3756,2352,1592,99,100,0,500,3774;
@400000005e33dd8409a43eb3 #d,-,18,3755,2353,1597,275,1,251856,15615,3756,2354,1603,3755,2352,1594,99,100,0,500,3769;
@400000005e33dd8609b5a449 #d,-,18,3753,2355,1602,276,1,251916,15618,3755,2355,1602,3753,2352,1593,99,100,0,500,3767;
@400000005e33dd8609c0ac0e #d,-,18,3753,2355,1589,277,1,251978,15622,3753,2355,1615,3753,2354,1589,99,100,0,500,3773;
@400000005e33dd8809ccb6bb #d,-,18,3349,2356,1210,278,1,251830,15613,3753,2357,1589,3349,2355,1151,96,100,0,500,3474;
@400000005e33dd8809d3a3f8 #d,-,18,2809,2357,1314,278,1,251671,15603,3349,2358,1344,2809,2356,1191,99,100,0,500,2831;
@400000005e33dd8a09decb68 #d,-,18,2874,2360,1196,279,1,251494,15592,2874,2360,1314,2809,2357,1173,98,100,0,500,2908;
@400000005e33dd8a09e5bc5e #d,-,18,2809,2360,1174,280,1,251317,15581,2874,2360,1204,2809,2360,1174,98,100,0,500,2840;
@400000005e33dd8c09f1978d #d,-,18,2802,2359,1206,281,1,251134,15570,2809,2360,1206,2802,2358,1166,100,100,0,500,2802;
@400000005e33dd8c09f9bdb6 #d,-,18,2800,2359,1178,281,1,250952,15559,2802,2359,1209,2800,2357,1170,99,100,0,500,2817;
@400000005e33dd8e0a07622c #d,-,18,2794,2359,1177,282,1,250769,15547,2800,2359,1178,2794,2357,1176,100,100,0,500,2794;
@400000005e33dd8e0a0f9be4 #d,-,18,2789,2359,1177,283,1,250587,15536,2794,2360,1178,2789,2358,1176,100,100,0,500,2789;
@400000005e33dd900a1e354a #d,-,18,2784,2359,1175,284,1,250405,15525,2789,2360,1177,2784,2359,1175,100,100,0,500,2784;
@400000005e33dd900a29aaf5 #d,-,18,2780,2359,1199,285,1,250228,15514,2784,2361,1199,2780,2359,1174,99,100,0,500,2781;
@400000005e33dd920a399cf1 #d,-,18,2780,2359,1177,285,1,250053,15503,2780,2360,1207,2780,2358,1170,98,100,0,500,2813;
@400000005e33dd920a44d7ef #d,-,18,2776,2359,1176,286,1,249875,15492,2780,2360,1178,2776,2359,1175,99,100,0,500,2780;
@400000005e33dd940a55cbe6 #d,-,18,2773,2359,1176,287,1,249699,15481,2776,2360,1177,2773,2359,1174,99,100,0,500,2781;
@400000005e33dd940a603823 #d,-,18,2770,2358,1175,288,1,249523,15470,2773,2360,1176,2770,2358,1174,99,100,0,500,2781;
@400000005e33dd960a71919d #d,-,18,2767,2356,1187,288,1,249349,15459,2770,2358,1187,2767,2356,1174,99,100,0,500,2780;
@400000005e33dd960a7c5afc #d,-,18,2769,2355,1177,289,1,249181,15449,2769,2356,1208,2767,2355,1167,98,100,0,500,2812;
@400000005e33dd980a8d4b39 #d,-,18,2765,2355,1176,290,1,249009,15438,2769,2355,1177,2765,2354,1175,99,100,0,500,2776;
@400000005e33dd980a9797cc #d,-,18,2763,2354,1177,291,1,248837,15427,2765,2356,1177,2763,2354,1175,99,100,0,500,2780;
@400000005e33dd9a0aa7860f #d,-,18,2761,2354,1176,291,1,248666,15417,2763,2355,1177,2761,2354,1175,99,100,0,500,2780;
@400000005e33dd9a0ab374cc #d,-,18,2759,2355,1177,292,1,248496,15406,2761,2355,1177,2759,2354,1175,99,100,0,500,2776;
@400000005e33dd9c0ac3efb0 #d,-,18,2760,2354,1168,293,1,248329,15396,2760,2355,1197,2759,2354,1161,98,100,0,500,2797;
@400000005e33dd9c0acf9032 #d,-,18,2757,2351,1173,294,1,248160,15385,2760,2355,1176,2757,2351,1168,99,100,0,500,2765;
@400000005e33dd9e0ae0709a #d,-,18,2754,2353,1174,295,1,247991,15375,2757,2353,1174,2754,2350,1171,99,100,0,500,2769;
@400000005e33dd9e0aeb266a #d,-,18,2752,2351,1173,295,1,247824,15365,2754,2353,1175,2752,2351,1172,99,100,0,500,2767;
@400000005e33dda00afc3a0b #d,-,18,2750,2350,1174,296,1,247657,15354,2752,2351,1175,2750,2349,1172,99,100,0,500,2765;
@400000005e33dda00b0741d0 #d,-,18,2751,2350,1161,297,1,247495,15344,2751,2350,1200,2750,2349,1157,98,100,0,500,2789;
@400000005e33dda20b1877e7 #d,-,18,2747,2346,1172,298,1,247329,15334,2751,2350,1175,2747,2346,1161,99,100,0,500,2758;
@400000005e33dda20b2349a7 #d,-,18,2745,2345,1172,298,1,247163,15324,2747,2348,1172,2745,2345,1170,99,100,0,500,2758;
@400000005e33dda40b3454e6 #d,-,18,2742,2346,1170,299,1,246999,15313,2745,2346,1173,2742,2344,1169,99,100,0,500,2757;
@400000005e33dda40b3e8deb #d,-,18,2740,2345,1172,300,1,246835,15303,2742,2346,1172,2740,2344,1169,99,100,0,500,2755;
@400000005e33dda60b4f3760 #d,-,18,2742,2342,1165,301,1,246679,15294,2742,2345,1203,2740,2342,1165,98,100,0,500,2774;
@400000005e33dda60b5b1af0 #d,-,18,2740,2342,1175,301,1,246518,15284,2742,2343,1175,2740,2342,1165,99,100,0,500,2767;
@400000005e33dda80b6b6eb6 #d,-,18,2738,2343,1173,302,1,246358,15274,2740,2344,1175,2738,2342,1172,99,100,0,500,2758;
@400000005e33dda80b771f0d #d,-,18,2737,2345,1166,303,1,246197,15264,2738,2345,1173,2737,2342,1166,99,100,0,500,2758;
@400000005e33ddaa0b874bb6 #d,-,18,2735,2345,1171,304,1,246038,15254,2737,2346,1172,2735,2345,1166,99,100,0,500,2749;
@400000005e33ddaa0b91a730 #d,-,18,2735,2347,1164,304,1,245886,15244,2735,2347,1201,2735,2345,1164,98,100,0,500,2765;
@400000005e33ddac0ba318e1 #d,-,18,2735,2350,1167,305,1,245728,15235,2735,2350,1170,2735,2346,1162,98,100,0,500,2769;
@400000005e33ddac0bae20a6 #d,-,18,2733,2354,1167,306,1,245572,15225,2735,2354,1167,2733,2350,1165,99,100,0,500,2753;
@400000005e33ddae0bbf62d8 #d,-,18,2732,2354,1166,307,1,245416,15215,2733,2354,1167,2732,2353,1165,99,100,0,500,2755;
@400000005e33ddae0bca1c62 #d,-,18,2730,2354,1166,307,1,245261,15206,2732,2356,1166,2730,2354,1164,99,100,0,500,2753;
@400000005e33ddb00bdac6c5 #d,-,18,2731,2355,1167,308,1,245114,15197,2731,2355,1197,2730,2353,1165,99,100,0,500,2758;
@400000005e33ddb00be51712 #d,-,18,2732,2353,1166,309,1,244961,15187,2732,2355,1167,2731,2353,1157,98,100,0,500,2776;
@400000005e33ddb20bf57e67 #d,-,18,2730,2353,1169,310,1,244807,15178,2732,2354,1169,2730,2353,1157,99,100,0,500,2748;
@400000005e33ddb20c015134 #d,-,18,2729,2353,1169,310,1,244733,15173,2730,2354,1171,2729,2353,1168,98,100,0,500,2758;
@400000005e33ddb40c117a23 #d,-,18,2729,2354,1169,311,1,244510,15159,2729,2354,1170,2729,2353,1167,98,100,0,500,2760;
@400000005e33ddb40c1c18ab #d,-,18,2730,2355,1180,312,1,244369,15150,2730,2355,1199,2729,2353,1168,98,100,0,500,2760;
@400000005e33ddb60c2d9943 #d,-,18,2731,2353,1164,313,1,244218,15141,2731,2355,1180,2730,2352,1154,98,100,0,500,2776;
@400000005e33ddb60c388e67 #d,-,18,2729,2351,1163,313,1,244142,15136,2731,2354,1164,2729,2351,1160,99,100,0,500,2748;
@400000005e33ddb80c49825e #d,-,18,2726,2353,1163,314,1,243992,15127,2729,2353,1163,2726,2351,1161,99,100,0,500,2744;
@400000005e33ddb80c53e639 #d,-,18,2725,2354,1165,315,1,243772,15113,2726,2354,1167,2725,2352,1159,99,100,0,500,2746;
@400000005e33ddba0c654727 #d,-,18,2723,2352,1189,316,1,243633,15105,2725,2354,1193,2723,2352,1161,99,100,0,500,2746;
@400000005e33ddba0c6ffde6 #d,-,18,2725,2352,1163,316,1,243486,15096,2725,2354,1189,2723,2352,1155,98,100,0,500,2773;
@400000005e33ddbc0c800e9e #d,-,18,2724,2354,1164,317,1,243341,15087,2725,2355,1165,2724,2351,1162,99,100,0,500,2746;
@400000005e33ddbc0c8b55b8 #d,-,18,2723,2355,1163,318,1,243197,15078,2724,2355,1164,2723,2354,1162,99,100,0,500,2748;
@400000005e33ddbe0c9c3266 #d,-,18,2721,2356,1164,319,1,243055,15069,2723,2356,1164,2721,2355,1161,99,100,0,500,2748;
@400000005e33ddbe0ca75d8f #d,-,18,2720,2355,1194,319,1,242918,15060,2721,2357,1194,2720,2355,1160,99,100,0,500,2746;
@400000005e33ddc00cb7472a #d,-,18,2723,2354,1164,320,1,242777,15052,2723,2356,1194,2720,2354,1155,98,100,0,500,2774;
@400000005e33ddc00cc22506 #d,-,18,2722,2353,1157,321,1,242634,15043,2723,2354,1164,2722,2353,1155,99,100,0,500,2744;
@400000005e33ddc20cd35ed6 #d,-,18,2720,2352,1160,322,1,242495,15034,2722,2353,1172,2720,2352,1156,99,100,0,500,2739;
@400000005e33ddc20cddc2b1 #d,-,18,2717,2353,1148,322,2,242349,15025,2720,2353,1160,2717,2352,1144,99,100,0,500,2737;
@400000005e33ddc40cee9f60 #d,-,18,2714,2352,1184,323,2,242212,15017,2717,2353,1184,2714,2352,1148,99,100,0,500,2719;
@400000005e33ddc40cf99484 #d,-,18,2715,2350,1157,324,2,242072,15008,2715,2353,1184,2714,2350,1144,98,100,0,500,2755;
@400000005e33ddc60d0a16dc #d,-,18,2712,2351,1155,325,2,241931,14999,2715,2352,1157,2712,2348,1153,99,100,0,500,2723;
@400000005e33ddc60d1601df #d,-,18,2709,2353,1155,325,2,241791,14991,2712,2353,1155,2709,2351,1153,99,100,0,500,2724;
@400000005e33ddc80d261298 #d,-,18,2707,2352,1156,326,2,241651,14982,2709,2353,1157,2707,2348,1154,99,100,0,500,2726;
@400000005e33ddc80d31514f #d,-,18,2706,2351,1182,327,2,241516,14974,2707,2352,1182,2706,2350,1154,99,100,0,500,2724;
@400000005e33ddca0d426137 #d,-,18,2708,2351,1156,328,2,241381,14965,2708,2351,1187,2706,2350,1147,98,100,0,500,2757;
@400000005e33ddca0d4db37d #d,-,18,2706,2351,1156,328,2,241245,14957,2708,2351,1157,2706,2350,1154,99,100,0,500,2723;
@400000005e33ddcc0d5ef5af #d,-,18,2704,2351,1156,329,2,241109,14948,2706,2352,1157,2704,2351,1154,99,100,0,500,2726;
@400000005e33ddcc0d69f247 #d,-,18,2703,2352,1155,330,2,240973,14940,2704,2352,1156,2703,2351,1154,99,100,0,500,2724;
@400000005e33ddce0d7abe32 #d,-,18,2701,2351,1172,331,2,240840,14932,2703,2352,1172,2701,2351,1154,99,100,0,500,2726;
@400000005e33ddce0d850351 #d,-,18,2704,2350,1157,331,2,240710,14924,2704,2351,1185,2701,2350,1147,98,100,0,500,2757;
@400000005e33ddd00d969eeb #d,-,18,2702,2351,1154,332,2,240577,14915,2704,2352,1158,2702,2350,1154,99,100,0,500,2721;
@400000005e33ddd00da187f4 #d,-,18,2701,2350,1155,333,2,240445,14907,2702,2351,1156,2701,2350,1154,99,100,0,500,2724;
@400000005e33ddd20db1eb90 #d,-,18,2700,2351,1155,334,2,240313,14899,2701,2352,1156,2700,2350,1154,99,100,0,500,2726;
@400000005e33ddd20dbd551f #d,-,18,2699,2350,1160,334,2,240183,14891,2700,2352,1160,2699,2350,1154,99,100,0,500,2724;
@400000005e33ddd40dcd4bc4 #d,-,18,2702,2350,1154,335,2,240058,14883,2702,2351,1187,2699,2349,1149,98,100,0,500,2755;
@400000005e33ddd40dd88a7c #d,-,18,2701,2350,1156,336,2,239928,14875,2702,2351,1157,2701,2350,1154,99,100,0,500,2723;
@400000005e33ddd60e038e71 #d,-,18,2700,2351,1155,337,2,239800,14867,2701,2352,1158,2700,2349,1153,99,100,0,500,2726;
@400000005e33ddd60e1f769e #d,-,18,2699,2352,1155,337,2,239672,14859,2700,2352,1156,2699,2351,1154,99,100,0,500,2724;
@400000005e33ddd80e3a36a2 #d,-,18,2698,2350,1340,338,2,239554,14852,2699,2352,1340,2698,2350,1155,98,100,0,500,2728;
@400000005e33ddd80e466b38 #d,-,18,3400,2349,1647,339,2,239661,14858,3400,2350,1718,2698,2348,1340,100,100,0,500,3400;
@400000005e33ddda0e57c4b2 #d,-,18,3865,2350,1659,340,2,239766,14865,3865,2351,1660,3400,2349,1647,99,100,0,500,3894;
@400000005e33ddda0e638898 #d,-,18,3867,2351,1650,341,2,239871,14872,3867,2351,1659,3865,2350,1646,99,100,0,500,3904;
@400000005e33dddc0e75ff0e #d,-,18,3868,2349,1659,342,2,239976,14878,3868,2351,1659,3867,2349,1650,99,100,0,500,3896;
@400000005e33dddc0e81ea12 #d,-,18,3870,2349,1661,343,2,240081,14885,3870,2350,1666,3868,2349,1652,99,100,0,500,3899;
@400000005e33ddde0e93c058 #d,-,18,3876,2351,1646,344,2,240190,14891,3876,2351,1687,3870,2348,1645,98,100,0,500,3929;
@400000005e33ddde0e9fb688 #d,-,18,3877,2349,1661,346,2,240295,14898,3877,2351,1666,3876,2349,1646,99,100,0,500,3910;
@400000005e33dde00eb10c49 #d,-,18,3879,2349,1659,347,2,240399,14904,3879,2350,1661,3877,2349,1653,99,100,0,500,3912;
@400000005e33dde00ebc3b2b #d,-,18,3880,2351,1656,348,2,240502,14911,3880,2352,1662,3879,2349,1655,99,100,0,500,3910;
@400000005e33dde20ece7f57 #d,-,18,3882,2351,1668,349,2,240608,14917,3882,2352,1671,3880,2351,1655,99,100,0,500,3910;
@400000005e33dde20eda3e95 #d,-,18,3887,2352,1664,350,2,240719,14924,3887,2352,1698,3882,2351,1660,98,100,0,500,3936;
@400000005e33dde40eec542f #d,-,18,3891,2351,1661,351,2,240822,14931,3891,2352,1665,3887,2351,1660,98,100,0,500,3944;
@400000005e33dde40efa9c8f #d,-,18,3892,2349,1666,352,2,240926,14937,3892,2351,1668,3891,2349,1661,99,100,0,500,3920;
@400000005e33dde60f13ecb3 #d,-,18,3894,2350,1674,353,2,241032,14944,3894,2350,1680,3892,2349,1663,99,100,0,500,3922;
@400000005e33dde60f246797 #d,-,18,3896,2348,1674,354,2,241136,14950,3896,2350,1677,3894,2348,1660,99,100,0,500,3933;
@400000005e33dde80f3708e5 #d,-,18,3902,2348,1690,355,2,241251,14957,3902,2349,1717,3896,2348,1667,98,100,0,500,3947;
@400000005e33dde80f4295d8 #d,-,18,3956,2348,1690,356,2,241359,14964,3956,2348,1690,3902,2347,1672,99,100,0,500,3983;
@400000005e33ddea0f59b820 #d,-,18,3954,2349,1683,358,2,241467,14970,3956,2350,1692,3954,2348,1674,99,100,0,500,3967;
@400000005e33ddea0f6a88b2 #d,-,18,3953,2350,1674,359,2,241575,14977,3954,2350,1688,3953,2349,1673,99,100,0,500,3963;
@400000005e33ddec0f7d9b9f #d,-,18,3951,2349,1682,360,2,241683,14984,3953,2350,1689,3951,2349,1674,99,100,0,500,3954;
@400000005e33ddec0f88a364 #d,-,18,3951,2349,1698,361,2,241795,14991,3951,2350,1718,3951,2349,1673,99,100,0,500,3961;
@400000005e33ddee0fa1482c #d,-,18,3953,2350,1682,362,2,241899,14997,3953,2351,1698,3951,2349,1674,99,100,0,500,3992;
@400000005e33ddee0fb2b8ee #d,-,18,3954,2350,1674,363,2,242008,15004,3954,2351,1708,3953,2350,1673,99,100,0,500,3977;
@400000005e33ddf00fc5c821 #d,-,18,3952,2349,1691,364,2,242116,15011,3954,2350,1695,3952,2348,1674,99,100,0,500,3956;
@400000005e33ddf00fd281e5 #d,-,18,3952,2348,1692,365,2,242221,15017,3952,2349,1692,3952,2348,1677,99,100,0,500,3972;
@400000005e33ddf20fe9f534 #d,-,18,3952,2350,1710,366,2,242331,15024,3952,2350,1712,3952,2348,1681,99,100,0,500,3974;
@400000005e33ddf20ffb08d4 #d,-,18,3958,2349,1678,367,2,242440,15031,3958,2350,1710,3952,2349,1678,98,100,0,500,4011;
@400000005e33ddf4100da668 #d,-,18,3957,2348,1695,369,2,242546,15037,3958,2350,1699,3957,2348,1677,99,100,0,500,3970;
@400000005e33ddf41018f4f5 #d,-,18,3957,2348,1697,370,2,242650,15044,3957,2349,1697,3957,2347,1682,99,100,0,500,3979;
@400000005e33ddf6102c130f #d,-,18,3958,2350,1686,371,2,242755,15050,3958,2350,1698,3957,2348,1682,99,100,0,500,3984;
@400000005e33ddf61038314b #d,-,18,3959,2349,1713,372,2,242865,15057,3959,2351,1718,3958,2349,1686,99,100,0,500,3976;
@400000005e33ddf61041c666 #d,-,18,3961,2347,1705,373,2,242973,15064,3961,2349,1717,3959,2347,1677,99,100,0,500,4001;
@400000005e33ddf810573a68 #d,-,18,3964,2349,1703,374,2,243137,15074,3964,2349,1705,3961,2346,1683,99,100,0,500,4001;
@400000005e33ddfa106d3ec5 #d,-,18,3965,2349,1686,375,2,243242,15081,3965,2350,1705,3964,2349,1685,99,100,0,500,3993;
@400000005e33ddfa1079ba23 #d,-,18,3966,2347,1690,376,2,243347,15087,3966,2350,1703,3965,2347,1686,99,100,0,500,3981;
@400000005e33ddfa1083ad4e #d,-,18,3966,2348,1733,377,2,243455,15094,3966,2349,1733,3966,2347,1688,99,100,0,500,3986;
@400000005e33ddfc109976ff #d,-,18,3970,2348,1698,378,2,243498,15096,3970,2350,1733,3966,2348,1680,98,100,0,500,4024;
@400000005e33ddfe10b04ec5 #d,-,18,3971,2349,1687,380,2,243600,15103,3971,2351,1701,3970,2348,1686,99,100,0,500,3992;
@400000005e33ddfe10bcddb2 #d,-,18,3970,2350,1690,381,2,243703,15109,3971,2350,1702,3970,2349,1687,99,100,0,500,3981;
@400000005e33ddfe10c72a45 #d,-,18,3970,2350,1700,382,2,243804,15115,3970,2350,1700,3970,2348,1686,99,100,0,500,3984;
@400000005e33de0010dea5f5 #d,-,18,3970,2350,1725,383,2,243907,15122,3970,2351,1725,3970,2350,1686,99,100,0,500,3993;
@400000005e33de0010eee9e7 #d,-,18,3974,2350,1687,384,2,244010,15128,3974,2350,1731,3970,2349,1685,98,100,0,500,4022;
@400000005e33de0210feb5b4 #d,-,18,3973,2349,1693,385,2,244111,15134,3974,2350,1701,3973,2349,1687,99,100,0,500,3979;
@400000005e33de041118e46f #d,-,18,3972,2351,1714,386,2,244213,15141,3973,2351,1718,3972,2349,1684,99,100,0,500,3986;
@400000005e33de04112bfb15 #d,-,18,3975,2349,1695,387,2,244312,15147,3975,2351,1714,3972,2349,1686,99,100,0,500,4013;
@400000005e33de04113b1a97 #d,-,18,3976,2350,1710,388,2,244414,15153,3976,2351,1710,3975,2349,1692,99,100,0,500,3995;
@400000005e33de06114dee2f #d,-,18,3979,2349,1700,389,2,244577,15163,3979,2352,1724,3976,2349,1696,98,100,0,500,4024;
@400000005e33de061159c95d #d,-,18,3979,2351,1705,391,2,244617,15166,3979,2351,1705,3979,2348,1690,99,100,0,500,3993;
@400000005e33de08116c3860 #d,-,18,3979,2346,1699,392,2,244715,15172,3979,2351,1706,3979,2343,1688,99,100,0,500,4002;
@400000005e33de08117befb0 #d,-,18,3980,2345,1692,393,2,244814,15178,3980,2346,1709,3979,2345,1692,99,100,0,500,3997;
@400000005e33de0a11906a1b #d,-,18,3979,2346,1713,394,2,244913,15184,3980,2347,1713,3979,2345,1692,99,100,0,500,3992;
@400000005e33de0a119d4743 #d,-,18,3983,2344,1707,395,2,245014,15190,3983,2346,1728,3979,2344,1692,98,100,0,500,4031;
@400000005e33de0c11b9fe31 #d,-,18,3979,2343,1591,396,2,245081,15195,3983,2344,1711,3979,2343,1553,99,100,0,500,3988;
@400000005e33de0c11cbb975 #d,-,18,3719,2347,1596,397,2,245140,15198,3979,2347,1615,3719,2342,1591,99,100,0,500,3739;
@400000005e33de0e11dcd0cf #d,-,18,3722,2348,1612,398,2,245199,15202,3722,2349,1617,3719,2347,1595,98,100,0,500,3767;
@400000005e33de0e11e8e202 #d,-,18,3727,2347,1606,399,2,245255,15205,3727,2349,1613,3722,2346,1594,98,100,0,500,3789;
@400000005e33de1011fc99c6 #d,-,18,3800,2348,1593,400,2,245320,15209,3800,2348,1650,3727,2346,1593,99,100,0,500,3810;
@400000005e33de10120868d9 #d,-,18,3746,2345,1614,401,2,245378,15213,3800,2348,1619,3746,2345,1593,99,100,0,500,3773;
@400000005e33de1212226903 #d,-,18,3748,2344,1610,402,2,245434,15216,3748,2346,1614,3746,2344,1597,98,100,0,500,3787;
@400000005e33de12123410b8 #d,-,18,3750,2346,1599,403,2,245550,15224,3750,2347,1620,3748,2344,1599,99,100,0,500,3783;
@400000005e33de141246fc87 #d,-,18,3750,2342,1615,404,2,245608,15227,3750,2346,1620,3750,2342,1598,99,100,0,500,3771;
@400000005e33de14125290ed #d,-,18,3755,2342,1606,405,2,245668,15231,3755,2344,1632,3750,2342,1597,98,100,0,500,3810;
@400000005e33de161265caf8 #d,-,18,3757,2345,1598,406,2,245668,15231,3757,2346,1623,3755,2342,1598,99,100,0,500,3792;
@400000005e33de1612718edd #d,-,18,3756,2343,1615,408,2,245725,15234,3757,2345,1623,3756,2342,1598,99,100,0,500,3771;
@400000005e33de18128bb26b #d,-,18,3757,2345,1614,409,2,245780,15238,3757,2345,1615,3756,2342,1599,99,100,0,500,3787;
@400000005e33de18129d804f #d,-,18,3759,2344,1598,409,2,245836,15241,3759,2345,1622,3757,2343,1598,99,100,0,500,3785;
@400000005e33de1a12b07fad #d,-,18,3760,2345,1606,411,2,245897,15245,3760,2345,1652,3759,2343,1598,99,100,0,500,3785;
@400000005e33de1a12bc202f #d,-,18,3761,2343,1613,412,2,245950,15248,3761,2345,1613,3760,2343,1599,99,100,0,500,3796;
@400000005e33de1c12d7f975 #d,-,18,3762,2344,1597,413,2,246005,15252,3762,2346,1621,3761,2343,1597,99,100,0,500,3783;
@400000005e33de1c12eb187d #d,-,18,3760,2345,1613,414,2,246061,15255,3762,2345,1620,3760,2343,1597,99,100,0,500,3769;
@400000005e33de1e1305d793 #d,-,18,3760,2341,1618,415,2,246170,15262,3760,2345,1618,3760,2341,1597,99,100,0,500,3780;
@400000005e33de1e131792d7 #d,-,18,3763,2345,1598,416,2,246229,15266,3763,2345,1642,3760,2341,1598,99,100,0,500,3796;
@400000005e33de20132a5b42 #d,-,18,3763,2343,1614,417,2,246228,15266,3763,2346,1623,3763,2343,1595,99,100,0,500,3792;
@400000005e33de2013360b99 #d,-,18,3762,2344,1619,418,2,246281,15269,3763,2344,1619,3762,2342,1598,99,100,0,500,3780;
@400000005e33de221350b80e #d,-,18,3763,2341,1601,419,2,246333,15272,3763,2344,1621,3762,2341,1599,99,100,0,500,3791;
@400000005e33de2213628239 #d,-,18,3762,2341,1614,420,2,246389,15276,3763,2342,1624,3762,2340,1601,99,100,0,500,3773;
@400000005e33de24137c7aef #d,-,18,3762,2338,1633,421,2,246446,15279,3762,2341,1650,3762,2338,1601,99,100,0,500,3783;
@400000005e33de24138e4160 #d,-,18,3766,2340,1605,422,2,246497,15282,3766,2340,1633,3762,2338,1602,98,100,0,500,3815;
@400000005e33de2613a24ed3 #d,-,18,3765,2341,1614,423,2,246552,15286,3766,2341,1624,3765,2340,1605,99,100,0,500,3776;
@400000005e33de2613aeae41 #d,-,18,3764,2340,1623,424,2,246604,15289,3765,2341,1623,3764,2339,1600,99,100,0,500,3778;
@400000005e33de2813c8d588 #d,-,18,3765,2339,1605,425,2,246655,15292,3765,2340,1623,3764,2338,1600,99,100,0,500,3791;
@400000005e33de2813daaf88 #d,-,18,3764,2340,1634,426,2,246714,15296,3765,2340,1650,3764,2339,1605,99,100,0,500,3778;
@400000005e33de2a13efa6be #d,-,18,3766,2338,1624,427,2,246764,15299,3766,2340,1634,3764,2338,1593,99,100,0,500,3803;
@400000005e33de2a13fa5d7d #d,-,18,3766,2341,1605,428,2,246814,15302,3766,2341,1624,3766,2337,1599,99,100,0,500,3791;
@400000005e33de2c140d5921 #d,-,18,3765,2343,1605,429,2,246866,15305,3766,2343,1622,3765,2341,1605,99,100,0,500,3774;
@400000005e33de2c1418d9f9 #d,-,18,3763,2341,1622,430,2,246972,15312,3765,2344,1623,3763,2340,1598,99,100,0,500,3773;
@400000005e33de2e14330140 #d,-,18,3764,2343,1635,431,2,247025,15315,3764,2343,1636,3763,2341,1600,99,100,0,500,3792;
@400000005e33de2e14454925 #d,-,18,3767,2344,1601,432,2,247022,15315,3767,2345,1635,3764,2342,1601,99,100,0,500,3803;
@400000005e33de3014580a1d #d,-,18,3764,2343,1618,434,2,247125,15321,3767,2345,1620,3764,2343,1597,99,100,0,500,3769;
@400000005e33de3014636791 #d,-,18,3765,2342,1606,435,2,247119,15321,3765,2344,1618,3764,2342,1598,99,100,0,500,3789;
@400000005e33de32147618b3 #d,-,18,3764,2345,1598,436,2,247170,15324,3765,2345,1621,3764,2342,1598,99,100,0,500,3778;
@400000005e33de321481b57b #d,-,18,3762,2344,1650,437,2,247223,15327,3764,2345,1650,3762,2344,1597,99,100,0,500,3771;
@400000005e33de34149b6c12 #d,-,18,3766,2343,1612,438,2,247272,15330,3766,2345,1650,3762,2342,1590,98,100,0,500,3817;
@400000005e33de3414ad1ef4 #d,-,18,3766,2342,1598,439,2,247322,15333,3766,2343,1620,3766,2342,1598,99,100,0,500,3780;
@400000005e33de3614bf7207 #d,-,18,3764,2344,1616,440,2,247371,15337,3766,2345,1621,3764,2342,1597,99,100,0,500,3771;
@400000005e33de3614cb225d #d,-,18,3764,2344,1600,441,2,247416,15339,3764,2345,1616,3764,2344,1591,99,100,0,500,3787;
@400000005e33de3814dda4ef #d,-,18,3763,2344,1637,442,2,247470,15343,3764,2345,1637,3763,2344,1600,99,100,0,500,3773;
@400000005e33de3814e92a6f #d,-,18,3765,2343,1621,443,2,247519,15346,3765,2345,1640,3763,2343,1589,98,100,0,500,3805;
@400000005e33de3a14fbcf76 #d,-,18,3765,2344,1600,444,2,247566,15349,3765,2344,1621,3765,2343,1599,99,100,0,500,3783;
@400000005e33de3a1506f6e5 #d,-,18,3764,2344,1605,445,2,247615,15352,3765,2345,1618,3764,2344,1600,99,100,0,500,3780;
@400000005e33de3c1518e0ba #d,-,18,3763,2344,1616,446,2,247663,15355,3764,2345,1619,3763,2344,1602,99,100,0,500,3778;
@400000005e33de3c15245ec7 #d,-,18,3765,2344,1618,447,2,247710,15358,3765,2345,1618,3763,2344,1596,99,100,0,500,3794;
@400000005e33de3e15372aec #d,-,18,3768,2344,1614,448,2,247763,15361,3768,2344,1656,3765,2343,1605,98,100,0,500,3810;
@400000005e33de3e1542a809 #d,-,18,3767,2343,1619,449,2,247812,15364,3768,2344,1621,3767,2343,1603,99,100,0,500,3783;
@400000005e33de40155551b9 #d,-,18,3769,2343,1612,450,2,247860,15367,3769,2343,1619,3767,2341,1606,99,100,0,500,3798;
@400000005e33de401560a7b9 #d,-,18,3769,2344,1614,451,2,247909,15370,3769,2344,1622,3769,2342,1612,99,100,0,500,3794;
@400000005e33de4215735522 #d,-,18,3770,2345,1626,452,2,247958,15373,3770,2346,1626,3769,2342,1607,99,100,0,500,3791;
@400000005e33de42157ee5cf #d,-,18,3774,2344,1614,453,2,248009,15376,3774,2345,1647,3770,2344,1602,98,100,0,500,3830;
@400000005e33de441590f308 #d,-,18,3774,2344,1612,454,2,248058,15379,3774,2345,1623,3774,2343,1612,99,100,0,500,3791;
@400000005e33de44159d08e2 #d,-,18,3773,2346,1615,455,2,248106,15382,3774,2346,1619,3773,2344,1609,99,100,0,500,3791;
@400000005e33de4615ae475a #d,-,18,3774,2346,1615,457,2,248153,15385,3774,2347,1615,3773,2346,1611,99,100,0,500,3796;
@400000005e33de4615b9bd05 #d,-,18,3774,2343,1615,458,2,248253,15391,3774,2346,1619,3774,2343,1614,99,100,0,500,3796;
@400000005e33de4815ccd3ab #d,-,18,3778,2345,1614,459,2,248253,15391,3778,2346,1646,3774,2342,1610,98,100,0,500,3821;
@400000005e33de4815d8d9b1 #d,-,18,3777,2343,1617,460,2,248300,15394,3778,2345,1618,3777,2343,1614,99,100,0,500,3799;
@400000005e33de4a15eb2196 #d,-,18,3777,2341,1615,461,2,248347,15397,3777,2343,1621,3777,2340,1615,99,100,0,500,3796;
@400000005e33de4a15f769bb #d,-,18,3777,2339,1620,462,2,248394,15400,3777,2341,1621,3777,2339,1614,99,100,0,500,3794;
@400000005e33de4c16099a58 #d,-,18,3777,2342,1617,463,2,248440,15403,3777,2343,1621,3777,2339,1613,99,100,0,500,3798;
@400000005e33de4c16151ee9 #d,-,18,3780,2340,1609,464,2,248491,15406,3780,2343,1650,3777,2340,1607,99,100,0,500,3817;
@400000005e33de4e1627a535 #d,-,18,3779,2345,1616,465,2,248537,15409,3780,2345,1620,3779,2340,1609,99,100,0,500,3799;
@400000005e33de4e1633b755 #d,-,18,3778,2344,1617,466,2,248582,15412,3779,2345,1617,3778,2343,1612,99,100,0,500,3794;
@400000005e33de50164552ef #d,-,18,3778,2343,1614,467,2,248628,15414,3778,2345,1618,3778,2343,1613,99,100,0,500,3796;
@400000005e33de501650f371 #d,-,18,3777,2345,1617,468,2,248674,15417,3778,2345,1619,3777,2343,1612,99,100,0,500,3792;
@400000005e33de52166283de #d,-,18,3780,2345,1612,469,2,248723,15420,3780,2346,1644,3777,2344,1612,99,100,0,500,3810;
@400000005e33de52166dceb1 #d,-,18,3780,2342,1612,470,2,248768,15423,3780,2345,1618,3780,2342,1612,99,100,0,500,3810;
@400000005e33de54167f9522 #d,-,18,3779,2343,1616,471,2,248812,15426,3780,2343,1624,3779,2341,1603,99,100,0,500,3787;
@400000005e33de54168baafd #d,-,18,3778,2344,1622,472,2,248856,15429,3779,2345,1622,3778,2343,1607,99,100,0,500,3794;
@400000005e33de56169dfe0f #d,-,18,3777,2344,1614,473,2,248901,15431,3778,2345,1623,3777,2343,1613,99,100,0,500,3796;
@400000005e33de5616a9b220 #d,-,18,3779,2344,1613,474,2,248950,15434,3779,2344,1651,3777,2343,1610,99,100,0,500,3801;
@400000005e33de5816bb2efe #d,-,18,3780,2345,1617,475,2,248993,15437,3780,2346,1617,3779,2343,1606,99,100,0,500,3815;
@400000005e33de5816c679d1 #d,-,18,3779,2344,1612,476,2,249087,15443,3780,2346,1618,3779,2343,1611,99,100,0,500,3796;
@400000005e33de5a16d81925 #d,-,18,3778,2342,1615,477,2,249131,15446,3779,2344,1619,3778,2342,1607,99,100,0,500,3791;
@400000005e33de5a16e47981 #d,-,18,3777,2344,1618,478,2,249124,15445,3778,2345,1618,3777,2342,1609,99,100,0,500,3794;
@400000005e33de5c16f64fc7 #d,-,18,3778,2344,1617,480,2,249171,15448,3778,2345,1644,3777,2343,1615,99,100,0,500,3796;
@400000005e33de5c1701f7bc #d,-,18,3779,2345,1614,481,2,249215,15451,3779,2346,1618,3778,2343,1605,99,100,0,500,3815;
@400000005e33de5e1713d2ab #d,-,18,3779,2343,1617,482,2,249257,15453,3779,2346,1617,3779,2343,1609,99,100,0,500,3794;
@400000005e33de5e172088b5 #d,-,18,3778,2344,1609,483,2,249299,15456,3779,2345,1619,3778,2343,1609,99,100,0,500,3794;
@400000005e33de6017346201 #d,-,18,3777,2346,1613,484,3,249342,15459,3778,2346,1619,3777,2343,1609,99,100,0,500,3792;
@400000005e33de601740c9d0 #d,-,18,3777,2347,1637,485,3,249390,15462,3777,2348,1648,3777,2346,1610,99,100,0,500,3792;
@400000005e33de621752753f #d,-,18,3780,2348,1610,486,3,249431,15464,3780,2348,1637,3777,2347,1607,98,100,0,500,3823;
@400000005e33de621762e8b0 #d,-,18,3779,2347,1611,487,3,249473,15467,3780,2348,1616,3779,2346,1610,99,100,0,500,3794;
@400000005e33de641777e75a #d,-,18,3778,2348,1616,488,3,249515,15469,3779,2349,1616,3778,2347,1609,99,100,0,500,3791;
@400000005e33de641785da0b #d,-,18,3778,2346,1612,489,3,249557,15472,3778,2348,1616,3778,2345,1611,99,100,0,500,3799;
@400000005e33de661796e903 #d,-,18,3778,2344,1644,490,3,249604,15475,3778,2346,1646,3778,2344,1612,99,100,0,500,3794;
@400000005e33de6617a3126d #d,-,18,3780,2346,1618,491,3,249694,15481,3780,2347,1644,3778,2344,1605,98,100,0,500,3821;
@400000005e33de6817b41dac #d,-,18,3780,2344,1604,492,3,249686,15480,3780,2347,1618,3780,2343,1603,99,100,0,500,3799;
@400000005e33de6817c0004d #d,-,18,3779,2346,1612,493,3,249728,15483,3780,2346,1621,3779,2344,1604,99,100,0,500,3791;
@400000005e33de6a17ec9a51 #d,-,18,3778,2348,1616,494,3,249769,15485,3779,2349,1617,3778,2345,1609,99,100,0,500,3792;
@400000005e33de6a1810cfc5 #d,-,18,3778,2346,1643,495,3,249861,15491,3778,2348,1643,3778,2346,1609,99,100,0,500,3798;
@400000005e33de6c1827497b #d,-,18,3781,2348,1612,496,3,249855,15491,3781,2348,1644,3778,2346,1609,98,100,0,500,3823;
@400000005e33de6c1834fa0c #d,-,18,3780,2346,1616,497,3,249895,15493,3781,2349,1616,3780,2346,1609,99,100,0,500,3791;
@400000005e33de6e18540f45 #d,-,18,3779,2346,1613,498,3,249935,15496,3780,2347,1616,3779,2346,1610,99,100,0,500,3798;
@400000005e33de6e18675bef #d,-,18,3779,2348,1612,499,3,249976,15498,3779,2348,1617,3779,2346,1612,99,100,0,500,3794;
@400000005e33de70187b0f0c #d,-,18,3778,2347,1645,500,3,250019,15501,3779,2348,1645,3778,2347,1610,99,100,0,500,3794;
@400000005e33de7018870182 #d,-,18,3781,2348,1614,502,3,250060,15503,3781,2349,1647,3778,2346,1603,98,100,0,500,3830;
@400000005e33de7218a2a3d6 #d,-,18,3781,2345,1613,503,3,250100,15506,3781,2348,1617,3781,2345,1612,99,100,0,500,3792;
@400000005e33de7218b6c891 #d,-,18,3780,2347,1616,504,3,250141,15508,3781,2347,1617,3780,2345,1611,99,100,0,500,3794;
@400000005e33de7418d31db5 #d,-,18,3779,2347,1615,505,3,250180,15511,3780,2348,1616,3779,2346,1609,99,100,0,500,3798;
@400000005e33de7418e5dead #d,-,18,3779,2347,1633,506,3,250221,15513,3779,2348,1633,3779,2347,1615,99,100,0,500,3796;
@400000005e33de7618f9ffaf #d,-,18,3782,2346,1615,507,3,250311,15519,3782,2347,1644,3779,2346,1609,98,100,0,500,3826;
@400000005e33de761905a3eb #d,-,18,3781,2345,1616,508,3,250302,15518,3782,2347,1617,3781,2345,1611,99,100,0,500,3794;
@400000005e33de7819210b92 #d,-,18,3781,2348,1611,509,3,250342,15521,3781,2348,1618,3781,2345,1611,99,100,0,500,3798;
@400000005e33de7819345ce4 #d,-,18,3780,2346,1616,510,3,250428,15526,3781,2348,1616,3780,2346,1610,99,100,0,500,3792;
@400000005e33de7a194ea78f #d,-,18,3779,2347,1625,511,3,250420,15526,3780,2347,1625,3779,2346,1610,99,100,0,500,3796;
@400000005e33de7a19606a47 #d,-,18,3783,2347,1612,512,3,250462,15528,3783,2348,1648,3779,2346,1606,98,100,0,500,3830;
@400000005e33de7c19745368 #d,-,18,3781,2346,1617,513,3,250501,15531,3783,2347,1617,3781,2346,1611,99,100,0,500,3791;
@400000005e33de7c19802369 #d,-,18,3780,2346,1616,514,3,250538,15533,3781,2347,1617,3780,2345,1610,99,100,0,500,3796;
@400000005e33de7e199caf80 #d,-,18,3780,2346,1612,515,3,250576,15535,3780,2348,1617,3780,2345,1611,99,100,0,500,3796;
@400000005e33de7e19afa3b0 #d,-,18,3779,2346,1619,516,3,250614,15538,3780,2346,1619,3779,2345,1609,99,100,0,500,3789;
@400000005e33de8019cb7495 #d,-,18,3782,2343,1616,517,3,250655,15540,3782,2346,1645,3779,2343,1603,98,100,0,500,3824;
@400000005e33de8019de8b3b #d,-,18,3780,2341,1615,518,3,250692,15542,3782,2344,1623,3780,2341,1613,99,100,0,500,3792;
@400000005e33de8219f1ccb9 #d,-,18,3779,2343,1618,519,3,250777,15548,3780,2345,1618,3779,2341,1612,99,100,0,500,3791;
@400000005e33de8219fd7956 #d,-,18,3778,2344,1620,520,3,250767,15547,3779,2344,1620,3778,2342,1611,99,100,0,500,3794;
@400000005e33de841a191701 #d,-,18,3778,2344,1612,521,3,250804,15549,3778,2344,1621,3778,2343,1612,99,100,0,500,3798;
@400000005e33de841a2cba49 #d,-,18,3781,2344,1610,522,3,250845,15552,3781,2345,1652,3778,2343,1609,99,100,0,500,3814;
@400000005e33de861a491c77 #d,-,18,3780,2345,1618,523,3,250882,15554,3781,2345,1618,3780,2343,1610,99,100,0,500,3799;
@400000005e33de861a5b50cd #d,-,18,3779,2345,1612,525,3,250918,15556,3780,2346,1618,3779,2344,1611,99,100,0,500,3794;
@400000005e33de881a6ee7f9 #d,-,18,3778,2345,1616,526,3,250955,15559,3779,2346,1618,3778,2342,1609,99,100,0,500,3789;
@400000005e33de881a7abbb4 #d,-,18,3777,2344,1620,527,3,250991,15561,3778,2345,1620,3777,2342,1609,99,100,0,500,3791;
@400000005e33de8a1a9661c1 #d,-,18,3779,2344,1605,528,3,251030,15563,3779,2344,1646,3777,2342,1605,99,100,0,500,3808;
@400000005e33de8a1aa95504 #d,-,18,3779,2342,1616,529,3,251066,15566,3779,2344,1622,3779,2342,1604,99,100,0,500,3801;
Lost connection at /opt/powertools/bin/wattsup1 line 220.
	main::failure('Lost connection') called at /opt/powertools/bin/wattsup1 line 271
	main::recv_msg() called at /opt/powertools/bin/wattsup1 line 504
