@400000005e843a8406488cee #v,-,8,1,65178,5,2,4,57,200810261703,0;
@400000005e843a8430353b5f #h,-,18,W,V,A,WH,Cost,WH/Mo,Cost/Mo,Wmax,Vmax,Amax,Wmin,Vmin,Amin,PF,DC,PC,Hz,VA;
@400000005e843a843643b954 #f,-,48,89,436,1,4803,0,0,65535,0,150,1177,177,10481,276,203,3340,13,121719,86,50084,105837,25,2629,11458,0,64,1,4686,0,0,65535,0,150,1030,182,11055,266,212,3240,13,121394,92,49362,104176,24,2613,13005,0,71;
@400000005e843a863655e9f0 #d,-,18,2720,2382,1154,1,0,191558,11876,2720,2384,1155,2718,2381,1148,98,100,0,500,2758;
@400000005e843a88365fd100 #d,-,18,2720,2382,1153,2,0,192637,11943,2720,2384,1155,2720,2381,1153,98,100,0,500,2757;
@400000005e843a88366ac8f0 #d,-,18,2720,2380,1153,3,0,193203,11978,2720,2382,1157,2720,2379,1152,98,100,0,500,2755;
@400000005e843a8a367b1cb6 #d,-,18,2721,2380,1158,3,0,193988,12027,2721,2382,1183,2720,2378,1153,98,100,0,500,2758;
@400000005e843a8a368536ff #d,-,18,2723,2381,1155,4,0,197301,12232,2723,2381,1158,2721,2378,1149,98,100,0,500,2778;
@400000005e843a8c368e98e0 #d,-,18,2723,2379,1155,5,0,194258,12044,2723,2382,1156,2723,2378,1154,98,100,0,500,2757;
@400000005e843a8c3699acc1 #d,-,18,2723,2381,1156,6,0,194363,12050,2723,2381,1157,2723,2377,1154,98,100,0,500,2757;
@400000005e843a8e36aa2032 #d,-,18,2723,2379,1155,6,0,194445,12055,2723,2381,1156,2723,2378,1154,98,100,0,500,2755;
@400000005e843a8e36b43218 #d,-,18,2723,2378,1171,7,0,194703,12071,2723,2380,1183,2723,2378,1154,98,100,0,500,2757;
@400000005e843a9036c3e969 #d,-,18,2726,2379,1156,8,0,194721,12072,2726,2379,1171,2723,2376,1150,98,100,0,500,2780;
@400000005e843a9036ce807d #d,-,18,2725,2379,1155,9,0,194754,12074,2726,2380,1156,2725,2377,1153,98,100,0,500,2757;
@400000005e843a9236da8ee4 #d,-,18,2725,2379,1153,9,0,194773,12075,2725,2380,1156,2725,2378,1153,98,100,0,500,2757;
@400000005e843a9236e50a08 #d,-,18,2724,2381,1154,10,0,196172,12162,2725,2381,1154,2724,2379,1152,98,100,0,500,2755;
@400000005e843a9436ed5ec3 #d,-,18,2724,2378,1182,11,0,196224,12165,2724,2381,1183,2724,2377,1153,98,100,0,500,2753;
@400000005e843a9436f59fee #d,-,18,2726,2379,1155,12,0,196142,12160,2726,2380,1182,2724,2378,1148,98,100,0,500,2781;
@400000005e843a9637072440 #d,-,18,2726,2375,1663,12,0,196617,12190,2726,2379,1663,2726,2375,1154,98,100,0,500,2755;
@400000005e843a9637129da4 #d,-,18,3690,2375,1450,13,0,200223,12413,3690,2377,1672,2726,2374,1432,100,100,0,500,3690;
@400000005e843a9837248fdb #d,-,18,3535,2375,1619,15,0,203561,12620,3690,2377,1630,3535,2374,1387,98,100,0,500,3607;
@400000005e843a98372f8411 #d,-,18,3719,2375,1591,15,0,206461,12800,3719,2376,1619,3535,2373,1501,99,100,0,500,3726;
@400000005e843a9a37403d5c #d,-,18,3608,2376,1612,16,0,209318,12977,3719,2379,1644,3608,2373,1410,99,100,0,500,3637;
@400000005e843a9a374a9250 #d,-,18,3725,2376,1592,18,0,211644,13121,3725,2378,1612,3608,2376,1490,99,100,0,500,3762;
@400000005e843a9c375a694b #d,-,18,3642,2379,1564,19,0,214896,13323,3725,2380,1640,3642,2376,1420,99,100,0,500,3645;
@400000005e843a9c37650f46 #d,-,18,3644,2378,1521,20,0,215795,13379,3644,2380,1592,3642,2377,1476,98,100,0,500,3716;
@400000005e843a9e3774cef8 #d,-,18,3239,2380,1171,20,0,215100,13336,3644,2381,1521,3239,2378,1123,96,100,0,500,3349;
@400000005e843a9e377e6f40 #d,-,18,2707,2380,1158,21,0,214283,13285,3239,2382,1171,2707,2379,1133,98,100,0,500,2739;
@400000005e843aa0378e84a0 #d,-,18,2711,2381,1148,22,0,213639,13245,2711,2381,1190,2707,2379,1144,97,100,0,500,2769;
@400000005e843aa03797df0e #d,-,18,2711,2381,1155,23,0,212982,13204,2711,2382,1158,2711,2379,1148,98,100,0,500,2749;
@400000005e843aa237a721f4 #d,-,18,2713,2379,1155,23,0,212366,13166,2713,2381,1156,2711,2378,1153,98,100,0,500,2758;
@400000005e843aa237b0e1e6 #d,-,18,2714,2376,1171,24,0,212517,13176,2714,2380,1171,2713,2376,1155,98,100,0,500,2757;
@400000005e843aa437bfeceb #d,-,18,2719,2379,1158,25,0,211323,13102,2719,2380,1185,2714,2376,1149,97,100,0,500,2787;
@400000005e843aa437c991da #d,-,18,2719,2381,1155,26,0,210827,13071,2719,2381,1159,2719,2376,1154,98,100,0,500,2753;
@400000005e843aa637d9aeae #d,-,18,2720,2378,1157,26,0,210354,13041,2720,2382,1157,2719,2377,1153,98,100,0,500,2758;
@400000005e843aa637e44209 #d,-,18,2720,2380,1155,27,0,209905,13014,2720,2381,1157,2720,2378,1153,98,100,0,500,2755;
@400000005e843aa837f45edd #d,-,18,2720,2383,1157,28,0,209488,12988,2720,2383,1157,2720,2378,1153,98,100,0,500,2755;
@400000005e843aa837ff1d0f #d,-,18,2724,2382,1154,29,0,209136,12966,2724,2383,1182,2720,2380,1148,97,100,0,500,2781;
@400000005e843aaa380fa320 #d,-,18,2723,2382,1154,29,0,208760,12943,2724,2382,1156,2723,2380,1153,98,100,0,500,2757;
@400000005e843aaa3819f0a2 #d,-,18,2722,2382,1153,30,0,208400,12920,2723,2383,1155,2722,2381,1153,98,100,0,500,2755;
@400000005e843aac382a76b3 #d,-,18,2722,2382,1154,31,0,208058,12899,2722,2384,1155,2722,2381,1152,98,100,0,500,2755;
@400000005e843aac3834ea63 #d,-,18,2722,2382,1154,32,0,207734,12879,2722,2383,1155,2722,2381,1152,98,100,0,500,2755;
@400000005e843aae3845320f #d,-,18,2725,2381,1147,32,0,207470,12863,2725,2384,1182,2722,2381,1146,98,100,0,500,2774;
@400000005e843aae384f834a #d,-,18,2724,2382,1151,33,0,207172,12844,2725,2384,1155,2724,2381,1147,98,100,0,500,2760;
@400000005e843ab0385fcaf5 #d,-,18,2724,2380,1152,34,0,206888,12827,2724,2382,1156,2724,2379,1151,98,100,0,500,2753;
@400000005e843ab0386aa7e3 #d,-,18,2723,2380,1152,35,0,206612,12809,2724,2383,1154,2723,2379,1152,98,100,0,500,2753;
@400000005e843ab238742e17 #d,-,18,2722,2381,1230,35,0,206382,12795,2723,2383,1230,2722,2380,1152,98,100,0,500,2751;
@400000005e843ab2387a195a #d,-,18,3361,2376,1465,36,0,208290,12914,3361,2381,1692,2722,2376,1230,100,100,0,500,3361;
@400000005e843ab43886f2c8 #d,-,18,3618,2378,1578,37,0,208839,12948,3618,2380,1607,3361,2376,1361,98,100,0,500,3664;
@400000005e843ab4388dc503 #d,-,18,3725,2379,1458,38,0,210059,13023,3725,2381,1655,3618,2377,1458,99,100,0,500,3760;
@400000005e843ab6389a20b7 #d,-,18,3609,2379,1641,40,0,211076,13086,3725,2382,1641,3609,2379,1368,99,100,0,500,3637;
@400000005e843ab638a138cb #d,-,18,3725,2381,1464,41,0,212119,13151,3725,2381,1663,3609,2378,1450,98,100,0,500,3774;
@400000005e843ab838abcc26 #d,-,18,3608,2380,1662,42,0,213649,13246,3725,2381,1665,3608,2378,1416,98,100,0,500,3652;
@400000005e843ab838b1de86 #d,-,18,3749,2381,1541,43,0,214530,13300,3749,2381,1662,3608,2377,1447,99,100,0,500,3785;
@400000005e843aba38c11551 #d,-,18,3516,2382,1134,43,0,214261,13284,3749,2382,1619,3516,2380,1100,97,100,0,500,3589;
@400000005e843aba38cbb01f #d,-,18,2699,2382,1142,44,0,213917,13262,3516,2384,1180,2699,2381,1134,97,100,0,500,2767;
@400000005e843abc38ddff78 #d,-,18,2703,2383,1149,45,0,213606,13243,2703,2384,1185,2699,2382,1142,97,100,0,500,2765;
@400000005e843abc38e759e6 #d,-,18,2705,2382,1166,46,0,213316,13225,2705,2384,1187,2703,2379,1147,98,100,0,500,2757;
@400000005e843abe38f5f43a #d,-,18,2710,2379,1154,46,0,212994,13205,2710,2382,1166,2705,2379,1149,97,100,0,500,2785;
@400000005e843abe38ffe765 #d,-,18,2712,2379,1157,47,0,212691,13186,2712,2382,1158,2710,2377,1154,98,100,0,500,2758;
@400000005e843ac0390f3932 #d,-,18,2714,2381,1155,48,0,212398,13168,2714,2382,1157,2712,2377,1154,98,100,0,500,2758;
@400000005e843ac0391bd43a #d,-,18,2715,2378,1156,49,0,212114,13151,2715,2381,1158,2714,2378,1154,98,100,0,500,2758;
@400000005e843ac2392c6dda #d,-,18,2717,2381,1178,49,0,211875,13136,2717,2382,1184,2715,2378,1155,98,100,0,500,2762;
@400000005e843ac23938b5ff #d,-,18,2720,2383,1154,50,0,211604,13119,2720,2383,1178,2717,2380,1147,97,100,0,500,2781;
@400000005e843ac4394b1173 #d,-,18,2721,2381,1154,51,0,211345,13103,2721,2383,1156,2720,2381,1154,98,100,0,500,2758;
@400000005e843ac43957a41a #d,-,18,2721,2383,1153,52,0,211092,13087,2721,2383,1154,2721,2381,1153,98,100,0,500,2758;
@400000005e843ac63969e845 #d,-,18,2721,2382,1154,52,0,210849,13072,2721,2383,1156,2721,2382,1152,98,100,0,500,2755;
@400000005e843ac63977e9dd #d,-,18,2722,2382,1180,53,0,210956,13079,2722,2384,1181,2721,2382,1153,98,100,0,500,2757;
@400000005e843ac839888f98 #d,-,18,2725,2383,1154,54,0,210724,13064,2725,2385,1180,2722,2382,1146,97,100,0,500,2783;
@400000005e843ac83996629f #d,-,18,2724,2381,1152,55,0,210184,13031,2725,2384,1160,2724,2376,1152,98,100,0,500,2755;
@400000005e843aca39a6f112 #d,-,18,2724,2379,1154,55,0,209965,13017,2724,2382,1157,2724,2379,1152,98,100,0,500,2755;
@400000005e843aca39b4d3ee #d,-,18,2723,2378,1154,56,0,209752,13004,2724,2381,1156,2723,2377,1153,98,100,0,500,2755;
@400000005e843acc39c579a9 #d,-,18,2723,2377,1184,57,0,209563,12992,2723,2380,1184,2723,2375,1153,98,100,0,500,2755;
@400000005e843acc39d33921 #d,-,18,2726,2380,1156,58,0,209661,12999,2726,2381,1185,2723,2377,1149,98,100,0,500,2781;
@400000005e843ace39e28734 #d,-,18,2725,2378,1153,58,0,209175,12968,2726,2380,1156,2725,2378,1153,98,100,0,500,2755;
@400000005e843ace39ebce13 #d,-,18,2728,2376,1663,59,0,209566,12993,2728,2380,1669,2725,2375,1153,98,100,0,500,2758;
@400000005e843ad039f63a51 #d,-,18,3769,2378,1547,60,0,210176,13030,3769,2380,1663,2728,2376,1418,99,100,0,500,3771;
@400000005e843ad039fbbc56 #d,-,18,3508,2377,1670,61,0,210942,13078,3769,2378,1673,3508,2375,1370,99,100,0,500,3534;
@400000005e843ad23a042c13 #d,-,18,3781,2377,1618,63,0,211868,13135,3781,2378,1670,3508,2375,1444,99,100,0,500,3819;
@400000005e843ad23a0ed6b6 #d,-,18,3624,2375,1592,63,0,212305,13162,3781,2379,1662,3624,2375,1392,100,100,0,500,3624;
@400000005e843ad43a18a2c3 #d,-,18,3629,2376,1565,64,0,212887,13199,3629,2378,1620,3624,2375,1451,97,100,0,500,3732;
@400000005e843ad43a207250 #d,-,18,3698,2377,1539,66,0,213565,13241,3698,2377,1664,3629,2375,1394,100,100,0,500,3698;
@400000005e843ad63a2e8fd8 #d,-,18,3620,2376,1415,66,0,214072,13272,3698,2378,1621,3620,2375,1415,98,100,0,500,3677;
@400000005e843ad63a38dc6b #d,-,18,3176,2376,1147,67,0,213832,13257,3620,2379,1415,3176,2374,1124,96,100,0,500,3294;
@400000005e843ad83a4bdf83 #d,-,18,2704,2375,1162,68,0,213628,13244,3176,2377,1192,2704,2375,1142,99,100,0,500,2728;
@400000005e843ad83a5620e9 #d,-,18,2708,2376,1161,69,0,213405,13231,2708,2378,1162,2704,2374,1148,97,100,0,500,2780;
@400000005e843ada3a663a03 #d,-,18,2710,2376,1157,69,0,213442,13233,2710,2378,1161,2708,2373,1155,98,100,0,500,2758;
@400000005e843ada3a70ec19 #d,-,18,2712,2377,1158,70,0,213232,13220,2712,2378,1159,2710,2374,1156,98,100,0,500,2758;
@400000005e843adc3a8133c5 #d,-,18,2717,2376,1155,71,0,212804,13193,2717,2378,1186,2712,2375,1152,97,100,0,500,2781;
@400000005e843adc3a8f5d68 #d,-,18,2718,2379,1156,72,0,212605,13181,2718,2380,1159,2717,2376,1155,98,100,0,500,2762;
@400000005e843ade3a9fe379 #d,-,18,2719,2380,1156,73,0,212411,13169,2719,2380,1157,2718,2378,1155,98,100,0,500,2757;
@400000005e843ade3aadd182 #d,-,18,2719,2380,1156,73,0,212221,13157,2719,2380,1158,2719,2378,1155,98,100,0,500,2758;
@400000005e843ae03abe5c3b #d,-,18,2720,2379,1157,74,0,212038,13146,2720,2380,1159,2719,2378,1155,98,100,0,500,2758;
@400000005e843ae03acc79c3 #d,-,18,2724,2377,1149,75,0,211878,13136,2724,2380,1186,2720,2377,1149,98,100,0,500,2778;
@400000005e843ae23add4a56 #d,-,18,2724,2378,1155,76,0,211698,13125,2724,2380,1158,2724,2377,1149,98,100,0,500,2765;
@400000005e843ae23aebbd8d #d,-,18,2724,2380,1153,76,0,211520,13114,2724,2381,1155,2724,2378,1153,98,100,0,500,2755;
@400000005e843ae43afc08f2 #d,-,18,2723,2378,1156,77,0,211348,13103,2724,2380,1158,2723,2375,1153,98,100,0,500,2753;
@400000005e843ae43b06cf85 #d,-,18,2723,2377,1156,78,0,211179,13093,2723,2378,1157,2723,2375,1155,98,100,0,500,2757;
@400000005e843ae63b1751dd #d,-,18,2725,2377,1152,79,0,211034,13084,2725,2378,1185,2723,2375,1152,98,100,0,500,2764;
@400000005e843ae63b25cc87 #d,-,18,2726,2377,1154,79,0,211086,13087,2726,2380,1159,2725,2376,1150,98,100,0,500,2773;
@400000005e843ae83b366acf #d,-,18,2725,2378,1156,80,0,210925,13077,2726,2380,1157,2725,2377,1154,98,100,0,500,2755;
@400000005e843ae83b444903 #d,-,18,2725,2381,1154,81,0,210554,13054,2725,2381,1156,2725,2377,1154,98,100,0,500,2755;
@400000005e843aea3b52dbe3 #d,-,18,2724,2379,1154,82,0,210402,13044,2725,2381,1156,2724,2379,1153,98,100,0,500,2755;
@400000005e843aea3b5c4627 #d,-,18,2725,2376,1567,82,0,210394,13044,2725,2381,1567,2724,2376,1154,98,100,0,500,2760;
@400000005e843aec3b6de1c1 #d,-,18,3511,2379,1447,83,0,210945,13078,3511,2379,1667,2725,2375,1447,100,100,0,500,3511;
@400000005e843aec3b7893d7 #d,-,18,3599,2375,1640,84,0,211435,13109,3599,2379,1640,3511,2375,1422,99,100,0,500,3629;
@400000005e843aee3b8b2284 #d,-,18,3716,2378,1503,85,0,211919,13139,3716,2378,1643,3599,2375,1484,98,100,0,500,3757;
@400000005e843aee3b959da8 #d,-,18,3581,2375,1635,86,0,212447,13171,3716,2379,1649,3581,2375,1440,98,100,0,500,3632;
@400000005e843af1000b338a #d,-,18,3744,2377,1605,87,0,212919,13201,3744,2378,1635,3581,2375,1497,99,100,0,500,3757;
@400000005e843af100163f09 #d,-,18,3656,2374,1589,89,0,213427,13232,3744,2377,1646,3656,2373,1447,99,100,0,500,3664;
@400000005e843af3002752aa #d,-,18,3660,2378,1563,90,0,213851,13258,3660,2378,1596,3656,2374,1484,97,100,0,500,3741;
@400000005e843af3003509c0 #d,-,18,3257,2376,1148,90,0,213703,13249,3660,2379,1563,3257,2376,1105,96,100,0,500,3374;
@400000005e843af50045e2b4 #d,-,18,2699,2377,1162,91,0,213555,13240,3257,2380,1192,2699,2376,1144,99,100,0,500,2719;
@400000005e843af500504a4a #d,-,18,2704,2378,1184,92,0,213404,13231,2704,2379,1187,2699,2376,1145,97,100,0,500,2778;
@400000005e843af700612f59 #d,-,18,2710,2381,1155,93,0,213243,13221,2710,2381,1184,2704,2376,1151,97,100,0,500,2785;
@400000005e843af7006b738b #d,-,18,2711,2381,1155,93,0,213085,13211,2711,2382,1156,2710,2379,1153,98,100,0,500,2757;
@400000005e843af9007b8532 #d,-,18,2713,2380,1156,94,0,212930,13201,2713,2381,1156,2711,2380,1154,98,100,0,500,2757;
@400000005e843af90085a334 #d,-,18,2714,2379,1156,95,0,212778,13192,2714,2382,1157,2713,2379,1155,98,100,0,500,2758;
@400000005e843afb0095b3ec #d,-,18,2716,2379,1184,96,0,212641,13183,2716,2381,1184,2714,2379,1155,98,100,0,500,2757;
@400000005e843afb00a0bca0 #d,-,18,2720,2381,1158,96,0,212498,13174,2720,2381,1184,2716,2379,1149,97,100,0,500,2785;
@400000005e843afd00b09754 #d,-,18,2720,2378,1157,97,0,212353,13165,2720,2381,1158,2720,2378,1154,98,100,0,500,2757;
@400000005e843afd00bbbec3 #d,-,18,2721,2375,1158,98,0,212212,13157,2721,2381,1158,2720,2375,1156,98,100,0,500,2757;
@400000005e843aff00cd0c22 #d,-,18,2722,2379,1157,99,0,212249,13159,2722,2379,1161,2721,2375,1155,98,100,0,500,2762;
@400000005e843aff00d758b5 #d,-,18,2722,2377,1180,99,0,212118,13151,2722,2379,1180,2722,2377,1155,98,100,0,500,2758;
@400000005e843b0100e873c9 #d,-,18,2726,2378,1159,100,0,211815,13132,2726,2379,1184,2722,2375,1148,97,100,0,500,2785;
@400000005e843b0100f2e77a #d,-,18,2725,2368,1161,101,0,211681,13124,2726,2379,1161,2725,2368,1153,98,100,0,500,2753;
@400000005e843b030103d3fd #d,-,18,2725,2378,1158,102,0,211549,13116,2725,2379,1161,2725,2368,1153,98,100,0,500,2757;
@400000005e843b03010e182e #d,-,18,2724,2376,1155,102,0,211418,13107,2725,2379,1158,2724,2376,1154,98,100,0,500,2755;
@400000005e843b05011d7616 #d,-,18,2724,2379,1172,103,0,211294,13100,2724,2379,1172,2724,2376,1154,98,100,0,500,2757;
@400000005e843b05012889f7 #d,-,18,2727,2378,1157,104,0,211179,13093,2727,2379,1184,2724,2377,1147,97,100,0,500,2783;
@400000005e843b070137c835 #d,-,18,2726,2379,1156,105,0,211054,13085,2727,2379,1157,2726,2377,1155,99,100,0,500,2753;
@400000005e843b07014149c0 #d,-,18,2726,2373,1446,105,0,211140,13090,2726,2379,1446,2726,2373,1155,98,100,0,500,2757;
@400000005e843b090150746f #d,-,18,3414,2377,1441,106,0,211578,13117,3414,2377,1673,2726,2372,1441,100,100,0,500,3414;
@400000005e843b090159e26c #d,-,18,3537,2375,1624,107,0,211752,13128,3537,2377,1624,3414,2374,1408,98,100,0,500,3579;
@400000005e843b0b0168b76d #d,-,18,3793,2377,1462,109,0,212192,13155,3793,2377,1696,3537,2374,1462,99,100,0,500,3821;
@400000005e843b0b01723185 #d,-,18,3629,2375,1667,109,0,212584,13180,3793,2377,1667,3629,2373,1408,98,100,0,500,3668;
@400000005e843b0d017d26aa #d,-,18,3738,2375,1537,110,0,212948,13202,3738,2377,1668,3629,2374,1452,98,100,0,500,3783;
@400000005e843b0d0182b023 #d,-,18,3559,2376,1652,112,0,213367,13228,3738,2378,1669,3559,2374,1414,98,100,0,500,3613;
@400000005e843b0f018fd7cd #d,-,18,3765,2374,1617,113,0,213708,13249,3765,2378,1652,3559,2373,1446,99,100,0,500,3791;
@400000005e843b0f0198a59a #d,-,18,3421,2379,1159,113,0,213691,13248,3765,2380,1619,3421,2373,1112,97,100,0,500,3515;
@400000005e843b1101a6d208 #d,-,18,2686,2380,1179,114,0,213556,13240,3421,2381,1179,2686,2379,1139,98,100,0,500,2728;
@400000005e843b1101b12344 #d,-,18,2737,2381,1156,115,0,213429,13232,2737,2381,1183,2686,2379,1147,98,100,0,500,2769;
@400000005e843b1301c05cd9 #d,-,18,2735,2379,1156,116,0,213302,13224,2737,2381,1160,2735,2378,1156,99,100,0,500,2755;
@400000005e843b1301ca2173 #d,-,18,2733,2380,1156,116,0,213176,13216,2735,2381,1157,2733,2379,1155,99,100,0,500,2760;
@400000005e843b1501d9055a #d,-,18,2735,2381,1150,117,0,213214,13219,2735,2381,1186,2733,2378,1150,98,100,0,500,2773;
@400000005e843b1501e260b7 #d,-,18,2735,2378,1155,118,0,213089,13211,2735,2381,1157,2735,2378,1150,98,100,0,500,2771;
@400000005e843b1701edaa9c #d,-,18,2733,2379,1156,119,0,212820,13194,2735,2381,1157,2733,2378,1155,99,100,0,500,2758;
@400000005e843b1701f659ad #d,-,18,2732,2376,1157,119,0,212701,13187,2733,2379,1160,2732,2374,1156,99,100,0,500,2758;
@400000005e843b1902011b99 #d,-,18,2731,2376,1158,120,0,212582,13180,2732,2377,1159,2731,2375,1156,98,100,0,500,2760;
@400000005e843b19020b399b #d,-,18,2732,2372,1154,121,0,212479,13173,2732,2377,1187,2731,2372,1154,98,100,0,500,2764;
@400000005e843b1b0218fccc #d,-,18,2733,2375,1160,122,0,212364,13166,2733,2376,1160,2732,2372,1153,98,100,0,500,2778;
@400000005e843b1b02236cc3 #d,-,18,2731,2371,1160,122,0,212249,13159,2733,2375,1160,2731,2370,1157,99,100,0,500,2758;
@400000005e843b1d022e12be #d,-,18,2730,2375,1158,123,0,212137,13152,2731,2376,1160,2730,2371,1156,99,100,0,500,2757;
@400000005e843b1d02340ec5 #d,-,18,2730,2374,1156,124,0,212026,13145,2730,2376,1159,2730,2374,1156,98,100,0,500,2758;
@400000005e843b1f02438f22 #d,-,18,2729,2376,1164,125,0,211930,13139,2730,2376,1184,2729,2373,1156,98,100,0,500,2758;
@400000005e843b1f024deb8b #d,-,18,2731,2374,1156,125,0,211957,13141,2731,2377,1164,2729,2374,1150,98,100,0,500,2778;
@400000005e843b21025ac8b3 #d,-,18,2730,2376,1158,126,0,211848,13134,2731,2376,1158,2730,2373,1156,99,100,0,500,2755;
@400000005e843b21026595cb #d,-,18,2729,2375,1157,127,0,211605,13119,2730,2376,1158,2729,2374,1156,98,100,0,500,2757;
@400000005e843b230274f3b4 #d,-,18,2728,2376,1156,128,0,211501,13113,2729,2376,1159,2728,2374,1155,99,100,0,500,2755;
@400000005e843b23027e8c88 #d,-,18,2727,2375,1180,128,0,211410,13107,2728,2376,1187,2727,2371,1156,98,100,0,500,2755;
@400000005e843b25028d0820 #d,-,18,3223,2371,1538,129,0,211758,13129,3223,2375,1677,2727,2370,1171,100,100,0,500,3223;
@400000005e843b2502973509 #d,-,18,3629,2374,1433,130,0,212021,13145,3629,2374,1601,3223,2370,1433,98,100,0,500,3689;
@400000005e843b2702a65845 #d,-,18,3744,2371,1478,132,0,212378,13167,3744,2374,1660,3629,2370,1433,99,100,0,500,3750;
@400000005e843b2702afe9a5 #d,-,18,3641,2368,1642,132,0,212682,13186,3744,2373,1642,3641,2368,1442,99,100,0,500,3673;
@400000005e843b2902c06843 #d,-,18,3752,2374,1473,133,0,213133,13214,3752,2374,1667,3641,2366,1473,98,100,0,500,3792;
@400000005e843b2902c9d640 #d,-,18,3617,2370,1668,135,0,213331,13226,3752,2374,1669,3617,2370,1441,99,100,0,500,3650;
@400000005e843b2b02d900ef #d,-,18,3741,2373,1509,136,0,213608,13243,3741,2373,1668,3617,2369,1445,98,100,0,500,3780;
@400000005e843b2b02e3d2b0 #d,-,18,3522,2374,1124,137,0,213674,13247,3741,2376,1617,3522,2372,1110,98,100,0,500,3588;
@400000005e843b2d02f0f5b2 #d,-,18,2707,2374,1151,137,0,213572,13241,3522,2375,1184,2707,2373,1124,97,100,0,500,2778;
@400000005e843b2d02fb61ef #d,-,18,2710,2377,1183,138,0,213474,13235,2710,2377,1183,2707,2374,1147,97,100,0,500,2769;
@400000005e843b2f030be800 #d,-,18,2715,2376,1161,139,0,213369,13228,2715,2377,1184,2710,2374,1150,97,100,0,500,2790;
@400000005e843b2f03161d4b #d,-,18,2716,2372,1157,140,0,213262,13222,2716,2377,1161,2715,2372,1157,98,100,0,500,2757;
@400000005e843b3103232190 #d,-,18,2717,2375,1159,140,0,213158,13215,2717,2375,1161,2716,2372,1157,98,100,0,500,2760;
@400000005e843b31032e31b7 #d,-,18,2719,2371,1158,141,0,213054,13209,2719,2376,1161,2717,2371,1156,98,100,0,500,2758;
@400000005e843b33033ec02a #d,-,18,2719,2375,1180,142,0,212956,13203,2719,2375,1180,2719,2371,1158,98,100,0,500,2758;
@400000005e843b330349204c #d,-,18,2723,2372,1159,143,0,212860,13197,2723,2375,1186,2719,2372,1152,97,100,0,500,2787;
@400000005e843b350355ed9f #d,-,18,2723,2376,1158,143,0,212760,13191,2723,2376,1160,2723,2372,1157,98,100,0,500,2753;
@400000005e843b35036026a3 #d,-,18,2723,2375,1158,144,0,212660,13184,2723,2377,1158,2723,2375,1156,98,100,0,500,2757;
@400000005e843b3703702875 #d,-,18,2723,2377,1157,145,0,212562,13178,2723,2377,1158,2723,2375,1156,98,100,0,500,2758;
@400000005e843b37037b0dc4 #d,-,18,2723,2376,1166,146,0,212466,13172,2723,2378,1166,2723,2376,1155,98,100,0,500,2757;
@400000005e843b39038b78d4 #d,-,18,2727,2378,1155,146,0,212378,13167,2727,2378,1185,2723,2376,1149,97,100,0,500,2785;
@400000005e843b390395f03e #d,-,18,2726,2378,1158,147,0,212283,13161,2727,2378,1159,2726,2376,1155,99,100,0,500,2753;
@400000005e843b3b03a27f2b #d,-,18,2725,2376,1156,148,0,212188,13155,2726,2379,1159,2725,2376,1155,98,100,0,500,2758;
@400000005e843b3b03acd331 #d,-,18,2725,2378,1155,149,0,212094,13149,2725,2379,1157,2725,2376,1154,98,100,0,500,2757;
@400000005e843b3d03bcc174 #d,-,18,2725,2377,1154,149,0,212002,13144,2725,2378,1158,2725,2374,1154,98,100,0,500,2755;
@400000005e843b3d03c7738b #d,-,18,2728,2374,1154,150,0,211919,13139,2728,2377,1186,2725,2374,1149,98,100,0,500,2780;
@400000005e843b3f03f3acb3 #d,-,18,2726,2377,1157,151,0,211828,13133,2728,2377,1159,2726,2374,1154,98,100,0,500,2755;
@400000005e843b3f04038679 #d,-,18,2726,2374,1157,152,0,211738,13127,2726,2377,1159,2726,2373,1155,98,100,0,500,2755;
@400000005e843b410413af68 #d,-,18,3006,2372,1613,153,0,211981,13142,3006,2375,1675,2726,2369,1157,100,100,0,500,3006;
@400000005e843b41041d5458 #d,-,18,3687,2375,1539,153,0,212219,13157,3687,2375,1613,3006,2370,1453,98,100,0,500,3755;
@400000005e843b43042c4cbc #d,-,18,3691,2373,1499,155,0,212517,13176,3691,2376,1678,3687,2371,1424,99,100,0,500,3714;
@400000005e843b430435b611 #d,-,18,3623,2373,1514,156,0,212862,13197,3691,2374,1623,3623,2372,1435,98,100,0,500,3668;
@400000005e843b45044416a7 #d,-,18,3767,2374,1451,157,0,213036,13208,3767,2374,1664,3623,2372,1451,99,100,0,500,3792;
@400000005e843b45044d58de #d,-,18,3593,2372,1650,158,0,213288,13223,3767,2375,1650,3593,2372,1428,99,100,0,500,3620;
@400000005e843b47045bd831 #d,-,18,3752,2374,1457,159,0,213546,13239,3752,2374,1668,3593,2372,1453,98,100,0,500,3799;
@400000005e843b470465f9ec #d,-,18,3593,2374,1108,160,0,213639,13245,3752,2375,1622,3593,2372,1106,98,100,0,500,3636;
@400000005e843b490476bf52 #d,-,18,2720,2374,1185,160,0,213550,13240,3593,2376,1187,2720,2374,1108,96,100,0,500,2833;
@400000005e843b490480ffc9 #d,-,18,2723,2372,1153,161,1,213454,13234,2723,2374,1185,2720,2372,1152,97,100,0,500,2781;
@400000005e843b4b0490d6c4 #d,-,18,2722,2373,1154,162,1,213360,13228,2723,2376,1157,2722,2372,1153,99,100,0,500,2749;
@400000005e843b4b049bdacf #d,-,18,2721,2374,1157,163,1,213266,13222,2722,2374,1157,2721,2372,1153,98,100,0,500,2749;
@400000005e843b4d04abe05b #d,-,18,2722,2371,1156,163,1,213289,13223,2722,2376,1184,2721,2371,1154,98,100,0,500,2753;
@400000005e843b4d04b657c5 #d,-,18,2723,2374,1156,164,1,213195,13218,2723,2375,1156,2722,2371,1149,98,100,0,500,2771;
@400000005e843b4f04c70229 #d,-,18,2722,2374,1154,165,1,212996,13205,2723,2377,1156,2722,2374,1153,99,100,0,500,2749;
@400000005e843b4f04d1562f #d,-,18,2721,2376,1155,166,1,212906,13200,2722,2376,1155,2721,2374,1154,98,100,0,500,2749;
@400000005e843b5104e2044c #d,-,18,2720,2374,1154,166,1,212815,13194,2721,2376,1155,2720,2374,1152,98,100,0,500,2749;
@400000005e843b5104ec86e3 #d,-,18,2720,2374,1168,167,1,212736,13189,2720,2376,1183,2720,2373,1154,98,100,0,500,2748;
@400000005e843b5304fca85f #d,-,18,2722,2376,1154,168,1,212646,13184,2722,2376,1168,2720,2373,1146,98,100,0,500,2771;
@400000005e843b5305075e30 #d,-,18,2721,2373,1154,169,1,212558,13178,2722,2376,1155,2721,2373,1152,98,100,0,500,2749;
@400000005e843b5505181fdc #d,-,18,2720,2375,1155,169,1,212574,13179,2721,2375,1155,2720,2373,1153,98,100,0,500,2748;
@400000005e843b550522f556 #d,-,18,2719,2372,1155,170,1,212487,13174,2720,2375,1156,2719,2370,1153,98,100,0,500,2748;
@400000005e843b570533b9cd #d,-,18,2719,2372,1181,171,1,212309,13163,2719,2374,1183,2719,2371,1153,98,100,0,500,2748;
@400000005e843b57053e60b7 #d,-,18,2721,2375,1156,172,1,212225,13157,2721,2375,1181,2719,2371,1148,98,100,0,500,2774;
@400000005e843b59054f28e8 #d,-,18,2721,2371,1156,172,1,212140,13152,2721,2375,1156,2721,2371,1152,99,100,0,500,2748;
@400000005e843b59055962db #d,-,18,2720,2374,1155,173,1,212057,13147,2721,2374,1156,2720,2371,1154,98,100,0,500,2749;
@400000005e843b5b05698f84 #d,-,18,2719,2374,1153,174,1,211975,13142,2720,2375,1156,2719,2373,1153,99,100,0,500,2746;
@400000005e843b5b05746c71 #d,-,18,2718,2376,1181,175,1,211900,13137,2719,2376,1181,2718,2373,1152,98,100,0,500,2746;
@400000005e843b5d05838b05 #d,-,18,2902,2372,1644,175,1,212075,13148,2902,2376,1675,2718,2371,1155,100,100,0,500,2902;
@400000005e843b5d058d08d7 #d,-,18,3749,2373,1589,177,1,212289,13161,3749,2374,1644,2902,2372,1440,98,100,0,500,3798;
@400000005e843b5f059c6a79 #d,-,18,3651,2374,1571,178,1,212647,13184,3749,2374,1665,3651,2370,1427,100,100,0,500,3651;
@400000005e843b5f05a58ee3 #d,-,18,3652,2372,1444,178,1,212850,13196,3652,2374,1620,3651,2371,1444,98,100,0,500,3718;
@400000005e843b6105b3c2c5 #d,-,18,3770,2373,1499,180,1,213018,13207,3770,2373,1667,3652,2370,1443,99,100,0,500,3778;
@400000005e843b6105bdc5c5 #d,-,18,3633,2370,1600,181,1,213229,13220,3770,2373,1617,3633,2370,1429,99,100,0,500,3666;
@400000005e843b6305ce198b #d,-,18,3775,2369,1465,182,1,213472,13235,3775,2371,1674,3633,2368,1465,99,100,0,500,3808;
@400000005e843b6305d88121 #d,-,18,3623,2373,1103,183,1,213577,13241,3775,2373,1622,3623,2368,1103,99,100,0,500,3653;
@400000005e843b6505e6cd3a #d,-,18,2789,2370,1168,183,1,213500,13237,3623,2374,1183,2789,2370,1103,95,100,0,500,2920;
@400000005e843b6505f11613 #d,-,18,2737,2372,1181,184,1,213422,13232,2789,2374,1181,2737,2369,1148,98,100,0,500,2774;
@400000005e843b6705ff6e47 #d,-,18,2740,2369,1160,185,1,213347,13227,2740,2373,1187,2737,2369,1154,97,100,0,500,2796;
@400000005e843b67060a5751 #d,-,18,2738,2374,1159,186,1,213363,13228,2740,2374,1163,2738,2368,1159,99,100,0,500,2757;
@400000005e843b6906191c7c #d,-,18,2737,2373,1162,186,1,213191,13217,2738,2374,1163,2737,2371,1159,99,100,0,500,2762;
@400000005e843b6906238c73 #d,-,18,2735,2374,1160,187,1,213114,13213,2737,2374,1162,2735,2372,1160,99,100,0,500,2762;
@400000005e843b6b0630f63c #d,-,18,2735,2372,1164,188,1,213037,13208,2735,2374,1164,2735,2371,1159,99,100,0,500,2760;
@400000005e843b6b06390c91 #d,-,18,2737,2374,1158,189,1,212968,13204,2737,2374,1188,2735,2372,1153,98,100,0,500,2787;
@400000005e843b6d06493cf3 #d,-,18,2735,2372,1160,189,1,212893,13199,2737,2374,1162,2735,2372,1158,99,100,0,500,2760;
@400000005e843b6d06540a0c #d,-,18,2734,2374,1159,190,1,212817,13194,2735,2374,1161,2734,2372,1158,99,100,0,500,2760;
@400000005e843b6f0664910c #d,-,18,2733,2370,1159,191,1,212742,13190,2734,2374,1161,2733,2370,1158,99,100,0,500,2758;
@400000005e843b6f066f04bc #d,-,18,2732,2371,1161,192,1,212758,13191,2733,2372,1161,2732,2369,1159,99,100,0,500,2758;
@400000005e843b71067fcddc #d,-,18,2734,2368,1154,192,1,212601,13181,2734,2372,1188,2732,2367,1152,98,100,0,500,2778;
@400000005e843b71068a259c #d,-,18,2733,2370,1162,193,1,212619,13182,2734,2371,1164,2733,2367,1154,98,100,0,500,2764;
@400000005e843b73069a2b27 #d,-,18,2732,2368,1162,194,1,212546,13177,2733,2371,1162,2732,2367,1160,99,100,0,500,2758;
@400000005e843b7306a50903 #d,-,18,2731,2373,1158,195,1,212384,13167,2732,2373,1162,2731,2367,1158,99,100,0,500,2758;
@400000005e843b7506b57059 #d,-,18,2730,2371,1158,195,1,212312,13163,2731,2373,1160,2730,2371,1158,99,100,0,500,2757;
@400000005e843b7506bff3df #d,-,18,2732,2373,1159,196,1,212250,13159,2732,2373,1188,2730,2371,1158,98,100,0,500,2771;
@400000005e843b7706d0b49c #d,-,18,2733,2372,1159,197,1,212181,13155,2733,2374,1165,2732,2371,1157,98,100,0,500,2778;
@400000005e843b7706db1c31 #d,-,18,2731,2373,1159,198,1,212110,13150,2733,2373,1160,2731,2371,1157,99,100,0,500,2757;
@400000005e843b7906ea5b5d #d,-,18,2808,2369,1658,199,1,212241,13158,2808,2373,1677,2731,2368,1158,100,100,0,500,2808;
@400000005e843b7906f3864c #d,-,18,3785,2370,1590,200,1,212523,13176,3785,2371,1658,2808,2368,1457,99,100,0,500,3810;
@400000005e843b7b07022cbc #d,-,18,3635,2368,1596,201,1,212761,13191,3785,2371,1681,3635,2367,1461,100,100,0,500,3635;
@400000005e843b7b070b7755 #d,-,18,3693,2369,1531,202,1,212862,13197,3693,2369,1613,3635,2364,1472,98,100,0,500,3758;
@400000005e843b7d071a639e #d,-,18,3746,2368,1508,203,1,213089,13211,3746,2369,1665,3693,2366,1452,100,100,0,500,3746;
@400000005e843b7d07240c47 #d,-,18,3608,2365,1527,204,1,213264,13222,3746,2368,1623,3608,2360,1449,98,100,0,500,3652;
@400000005e843b7f0731fef8 #d,-,18,3779,2363,1465,205,1,213485,13236,3779,2367,1678,3608,2362,1465,99,100,0,500,3798;
@400000005e843b7f073cf7d7 #d,-,18,3632,2362,1152,206,1,213603,13243,3779,2364,1632,3632,2361,1152,99,100,0,500,3659;
@400000005e843b81074de36b #d,-,18,2853,2365,1161,206,1,213521,13238,3632,2365,1168,2853,2362,1109,95,100,0,500,2993;
@400000005e843b8107587a80 #d,-,18,2713,2365,1200,207,1,213450,13233,2853,2366,1200,2713,2364,1148,98,100,0,500,2748;
@400000005e843b83076975ea #d,-,18,2718,2367,1154,208,1,213380,13229,2718,2367,1202,2713,2365,1153,97,100,0,500,2790;
@400000005e843b830773de6d #d,-,18,2718,2369,1160,209,1,213309,13225,2718,2369,1169,2718,2367,1154,98,100,0,500,2749;
@400000005e843b850784ab46 #d,-,18,2719,2368,1183,209,1,213248,13221,2719,2370,1192,2718,2367,1158,98,100,0,500,2760;
@400000005e843b85078ef331 #d,-,18,2723,2368,1162,210,1,213177,13217,2723,2369,1183,2719,2367,1156,97,100,0,500,2787;
@400000005e843b8707a021d4 #d,-,18,2724,2368,1168,211,1,213110,13212,2724,2369,1168,2723,2368,1162,98,100,0,500,2760;
@400000005e843b8707aa633a #d,-,18,2725,2368,1166,212,1,213044,13208,2725,2371,1168,2724,2367,1164,98,100,0,500,2767;
@400000005e843b8907ba6064 #d,-,18,2727,2370,1167,212,1,212980,13204,2727,2371,1169,2725,2367,1166,98,100,0,500,2769;
@400000005e843b8907c593ef #d,-,18,2728,2370,1189,213,1,212919,13200,2728,2371,1189,2727,2368,1162,98,100,0,500,2771;
@400000005e843b8b07d704b1 #d,-,18,2730,2370,1161,214,1,212851,13196,2730,2371,1189,2728,2368,1154,98,100,0,501,2780;
@400000005e843b8b07e170ef #d,-,18,2729,2369,1161,215,1,212865,13197,2730,2370,1163,2729,2367,1160,98,100,0,501,2757;
@400000005e843b8d07f2453b #d,-,18,2728,2371,1158,215,1,212716,13188,2729,2372,1163,2728,2367,1158,99,100,0,501,2755;
@400000005e843b8d07fcbd94 #d,-,18,2727,2372,1160,216,1,212650,13184,2728,2372,1160,2727,2370,1157,98,100,0,501,2755;
@400000005e843b8f080dc8d3 #d,-,18,2727,2370,1188,217,1,212588,13180,2727,2372,1188,2727,2368,1158,98,100,0,500,2755;
@400000005e843b8f081811ac #d,-,18,2729,2369,1161,218,1,212605,13181,2729,2370,1189,2727,2367,1154,98,100,0,500,2781;
@400000005e843b910828c64e #d,-,18,2728,2367,1161,218,1,212460,13172,2729,2370,1162,2728,2367,1159,99,100,0,500,2755;
@400000005e843b91083307b4 #d,-,18,2728,2367,1161,219,1,212395,13168,2728,2369,1162,2728,2366,1160,98,100,0,500,2757;
@400000005e843b9308430986 #d,-,18,2727,2368,1161,220,1,212331,13164,2728,2368,1162,2727,2366,1160,98,100,0,500,2755;
@400000005e843b93084e483e #d,-,18,2726,2366,1183,221,1,212271,13160,2727,2368,1183,2726,2366,1160,98,100,0,500,2755;
@400000005e843b950859119d #d,-,18,2730,2362,1686,222,1,212332,13164,2730,2366,1686,2726,2361,1157,98,100,0,500,2785;
@400000005e843b95085e8c2f #d,-,18,3717,2358,1495,223,1,212511,13175,3717,2363,1687,2730,2358,1459,100,100,0,500,3717;
@400000005e843b970865cb61 #d,-,18,3538,2361,1652,224,1,212712,13188,3717,2362,1668,3538,2358,1416,98,100,0,500,3593;
@400000005e843b970869850d #d,-,18,3750,2359,1608,225,1,212880,13198,3750,2363,1652,3538,2358,1456,99,100,0,500,3769;
@400000005e843b990876d2e6 #d,-,18,3591,2363,1642,226,1,213164,13216,3750,2363,1678,3591,2359,1428,99,100,0,500,3600;
@400000005e843b99088040e3 #d,-,18,3743,2364,1600,227,1,213338,13226,3743,2365,1642,3591,2363,1463,98,100,0,500,3799;
@400000005e843b9b0888e793 #d,-,18,3687,2366,1566,228,1,213460,13234,3743,2367,1674,3687,2363,1439,100,100,0,500,3687;
@400000005e843b9b088c8db0 #d,-,18,3681,2367,1426,229,1,213610,13243,3687,2367,1622,3681,2365,1426,99,100,0,500,3700;
@400000005e843b9d0894ab78 #d,-,18,3147,2368,1185,229,1,213540,13239,3681,2369,1426,3147,2367,1116,96,100,0,500,3269;
@400000005e843b9d08983e07 #d,-,18,2750,2369,1165,230,1,213554,13240,3147,2369,1194,2750,2367,1148,99,100,0,500,2774;
@400000005e843b9f08a1cac0 #d,-,18,2750,2369,1157,231,1,213421,13232,2750,2369,1201,2750,2366,1153,98,100,0,500,2783;
@400000005e843b9f08a7ca80 #d,-,18,2746,2368,1162,232,1,213357,13228,2750,2370,1163,2746,2367,1157,99,100,0,500,2755;
@400000005e843ba108b2495e #d,-,18,2743,2365,1162,232,1,213293,13224,2746,2368,1165,2743,2365,1162,99,100,0,500,2758;
@400000005e843ba108b81e47 #d,-,18,2741,2366,1164,233,1,213230,13220,2743,2369,1164,2741,2364,1160,99,100,0,500,2757;
@400000005e843ba308c33227 #d,-,18,2739,2364,1169,234,1,213169,13216,2741,2368,1171,2739,2364,1161,99,100,0,500,2757;
@400000005e843ba308c940ce #d,-,18,2742,2367,1165,235,1,213117,13213,2742,2369,1197,2739,2364,1164,98,100,0,500,2790;
@400000005e843ba508d4d535 #d,-,18,2742,2365,1170,235,1,213058,13209,2742,2368,1170,2742,2364,1165,98,100,0,500,2780;
@400000005e843ba508db8c6d #d,-,18,2741,2368,1168,236,1,213000,13206,2742,2370,1171,2741,2364,1166,98,100,0,500,2773;
@400000005e843ba708e6e9e1 #d,-,18,2740,2366,1161,237,1,212939,13202,2741,2369,1168,2740,2366,1159,99,100,0,500,2764;
@400000005e843ba708edb862 #d,-,18,2738,2366,1161,238,1,212878,13198,2740,2369,1162,2738,2366,1160,99,100,0,500,2758;
@400000005e843ba908fa6e6d #d,-,18,2738,2369,1155,238,1,212897,13199,2738,2369,1188,2738,2366,1155,99,100,0,500,2765;
@400000005e843ba909029496 #d,-,18,2737,2367,1161,239,1,212763,13191,2738,2369,1162,2737,2367,1154,98,100,0,500,2771;
@400000005e843bab091005d3 #d,-,18,2736,2369,1158,240,1,212703,13187,2737,2370,1163,2736,2367,1158,99,100,0,500,2757;
@400000005e843bab09180c52 #d,-,18,2734,2370,1160,241,1,212642,13183,2736,2370,1160,2734,2368,1158,99,100,0,500,2755;
@400000005e843bad09253b6f #d,-,18,2732,2369,1161,241,1,212583,13180,2734,2371,1163,2732,2366,1158,99,100,0,500,2753;
@400000005e843bad092e7722 #d,-,18,2732,2367,1160,242,1,212530,13176,2732,2370,1190,2732,2366,1159,98,100,0,500,2760;
@400000005e843baf093de7aa #d,-,18,2733,2367,1161,243,1,212471,13173,2733,2370,1162,2732,2365,1154,98,100,0,500,2776;
@400000005e843baf09474a7a #d,-,18,2731,2366,1160,244,1,212413,13169,2733,2370,1162,2731,2366,1159,99,100,0,500,2753;
@400000005e843bb109535439 #d,-,18,2730,2363,1592,245,1,212401,13168,2731,2369,1592,2730,2363,1159,99,100,0,500,2755;
@400000005e843bb1095a3649 #d,-,18,3529,2367,1479,246,1,212591,13180,3529,2368,1681,2730,2362,1479,100,100,0,500,3529;
@400000005e843bb3096374c7 #d,-,18,3621,2367,1672,247,1,212766,13191,3621,2368,1672,3529,2366,1444,99,100,0,500,3650;
@400000005e843bb3096800ee #d,-,18,3746,2368,1511,248,1,212993,13205,3746,2369,1672,3621,2366,1461,98,100,0,500,3799;
@400000005e843bb509762e4b #d,-,18,3575,2368,1653,249,1,213184,13217,3746,2368,1671,3575,2365,1445,98,100,0,500,3623;
@400000005e843bb5097fd33b #d,-,18,3759,2368,1624,250,1,213269,13222,3759,2369,1653,3575,2366,1445,99,100,0,500,3785;
@400000005e843bb7098f6e9a #d,-,18,3627,2367,1605,251,1,213452,13234,3759,2368,1667,3627,2366,1420,100,100,0,500,3627;
@400000005e843bb7099a05af #d,-,18,3632,2367,1606,252,1,213604,13243,3632,2368,1648,3627,2366,1452,97,100,0,500,3737;
@400000005e843bb909aabb40 #d,-,18,3308,2366,1157,252,1,213555,13240,3632,2371,1606,3308,2365,1104,96,100,0,500,3420;
@400000005e843bb909b54639 #d,-,18,2716,2367,1152,253,1,213500,13237,3308,2370,1187,2716,2366,1152,99,100,0,500,2733;
@400000005e843bbb09c616cb #d,-,18,2717,2366,1162,254,1,213442,13233,2717,2370,1167,2716,2365,1152,98,100,0,500,2765;
@400000005e843bbb09d050be #d,-,18,2718,2366,1161,255,1,213383,13229,2718,2369,1163,2717,2366,1160,98,100,0,500,2757;
@400000005e843bbd09e069d8 #d,-,18,2719,2367,1191,256,1,213330,13226,2719,2368,1191,2718,2364,1161,98,100,0,500,2758;
@400000005e843bbd09ebbfd8 #d,-,18,2723,2370,1162,256,1,213342,13227,2723,2370,1191,2719,2364,1157,97,100,0,500,2785;
@400000005e843bbf09fcb789 #d,-,18,2723,2370,1162,257,1,213285,13223,2723,2370,1162,2723,2367,1161,98,100,0,500,2758;
@400000005e843bbf0a073ec8 #d,-,18,2723,2368,1160,258,1,213159,13215,2723,2371,1162,2723,2368,1159,98,100,0,500,2757;
@400000005e843bc10a187125 #d,-,18,2723,2369,1161,259,1,213102,13212,2723,2371,1161,2723,2368,1159,98,100,0,500,2755;
@400000005e843bc10a22cd8d #d,-,18,2723,2368,1185,259,1,213049,13209,2723,2371,1185,2723,2368,1159,98,100,0,500,2757;
@400000005e843bc30a33b568 #d,-,18,2726,2370,1161,260,1,212995,13205,2726,2371,1188,2723,2368,1154,97,100,0,500,2785;
@400000005e843bc30a3ddf85 #d,-,18,2726,2371,1160,261,1,213006,13206,2726,2371,1161,2726,2369,1159,98,100,0,500,2755;
@400000005e843bc50a4ed37c #d,-,18,2725,2367,1160,262,1,212950,13202,2726,2371,1162,2725,2367,1159,98,100,0,500,2755;
@400000005e843bc50a58fcab #d,-,18,2725,2367,1162,262,1,212828,13195,2725,2369,1162,2725,2365,1160,98,100,0,500,2757;
@400000005e843bc70a69a266 #d,-,18,2725,2365,1176,263,1,212774,13192,2725,2369,1176,2725,2365,1160,98,100,0,500,2757;
@400000005e843bc70a7444a8 #d,-,18,2728,2367,1161,264,1,212724,13188,2728,2369,1191,2725,2364,1155,98,100,0,500,2783;
@400000005e843bc90a854100 #d,-,18,2727,2366,1161,265,1,212669,13185,2728,2369,1163,2727,2365,1158,99,100,0,500,2753;
@400000005e843bc90a8f914d #d,-,18,2726,2370,1160,265,1,212614,13182,2727,2370,1161,2726,2365,1159,99,100,0,500,2753;
@400000005e843bcb0aa06599 #d,-,18,2725,2371,1158,266,1,212560,13178,2726,2371,1160,2725,2367,1157,98,100,0,500,2753;
@400000005e843bcb0aaac5bb #d,-,18,2724,2371,1163,267,1,212506,13175,2725,2372,1163,2724,2370,1158,98,100,0,500,2753;
@400000005e843bcd0ab7f11e #d,-,18,2728,2368,1311,268,1,212466,13172,2728,2372,1311,2724,2368,1152,98,100,0,500,2780;
@400000005e843bcd0abf38b2 #d,-,18,3355,2369,1489,269,1,212646,13184,3355,2369,1679,2728,2367,1311,100,100,0,500,3355;
@400000005e843bcf0acb59b9 #d,-,18,3618,2366,1584,270,1,212842,13196,3618,2370,1599,3355,2366,1386,98,100,0,500,3661;
@400000005e843bcf0ad1a7b5 #d,-,18,3723,2371,1469,271,1,212941,13202,3723,2371,1666,3618,2366,1469,99,100,0,500,3758;
@400000005e843bd10adc49f6 #d,-,18,3623,2369,1669,272,1,213093,13211,3723,2371,1669,3623,2367,1389,98,100,0,500,3661;
@400000005e843bd10ae21df1 #d,-,18,3750,2366,1514,273,1,213246,13221,3750,2369,1673,3623,2365,1453,99,100,0,500,3787;
@400000005e843bd30aeb49ce #d,-,18,3547,2367,1655,274,1,213412,13231,3750,2368,1675,3547,2363,1393,97,100,0,500,3620;
@400000005e843bd30af04b4e #d,-,18,3769,2364,1591,275,1,213609,13243,3769,2367,1655,3547,2363,1436,99,100,0,500,3782;
@400000005e843bd50afb2482 #d,-,18,3447,2366,1150,276,1,213553,13240,3769,2368,1620,3447,2364,1115,97,100,0,500,3531;
@400000005e843bd50b018c91 #d,-,18,2677,2367,1147,276,1,213492,13236,3447,2369,1163,2677,2364,1141,97,100,0,500,2735;
@400000005e843bd70b0d2d13 #d,-,18,2680,2368,1180,277,1,213447,13233,2680,2370,1201,2677,2367,1144,98,100,0,500,2732;
@400000005e843bd70b142ecd #d,-,18,2752,2369,1152,278,1,213389,13230,2752,2369,1180,2680,2367,1150,98,100,0,500,2792;
@400000005e843bd90b1f985d #d,-,18,2746,2367,1158,279,1,213334,13226,2752,2369,1163,2746,2366,1152,100,100,0,500,2746;
@400000005e843bd90b26faf2 #d,-,18,2743,2368,1158,279,1,213279,13223,2746,2370,1159,2743,2367,1156,99,100,0,500,2749;
@400000005e843bdb0b3203a6 #d,-,18,2739,2369,1157,280,1,213225,13219,2743,2369,1159,2739,2367,1156,99,100,0,500,2751;
@400000005e843bdb0b38f49c #d,-,18,2738,2367,1155,281,1,213176,13216,2739,2369,1186,2738,2367,1155,99,100,0,500,2755;
@400000005e843bdd0b44c857 #d,-,18,2737,2369,1156,282,1,213122,13213,2738,2369,1160,2737,2367,1151,98,100,0,500,2767;
@400000005e843bdd0b4b403b #d,-,18,2734,2365,1156,282,1,213068,13210,2737,2369,1160,2734,2364,1156,99,100,0,500,2748;
@400000005e843bdf0b57a80b #d,-,18,2732,2367,1158,283,1,213014,13206,2734,2369,1159,2732,2365,1156,99,100,0,500,2748;
@400000005e843bdf0b5f2e04 #d,-,18,2729,2367,1157,284,1,212961,13203,2732,2369,1159,2729,2366,1155,99,100,0,500,2748;
@400000005e843be10b6ba963 #d,-,18,2728,2368,1166,285,1,212914,13200,2729,2368,1187,2728,2365,1157,99,100,0,500,2748;
@400000005e843be10b7447b0 #d,-,18,2728,2368,1157,285,1,212860,13197,2728,2368,1166,2728,2365,1151,98,100,0,500,2771;
@400000005e843be30b82ea66 #d,-,18,2727,2371,1156,286,1,212807,13194,2728,2371,1158,2727,2368,1156,99,100,0,500,2746;
@400000005e843be30b8bb833 #d,-,18,2725,2370,1156,287,1,212755,13190,2727,2371,1157,2725,2367,1155,99,100,0,500,2746;
@400000005e843be50b9ae2e2 #d,-,18,2723,2371,1157,288,1,212702,13187,2725,2371,1157,2723,2368,1155,99,100,0,500,2746;
@400000005e843be50ba55693 #d,-,18,2722,2371,1177,288,1,212656,13184,2723,2371,1184,2722,2369,1155,99,100,0,500,2744;
@400000005e843be70bb6236c #d,-,18,2723,2371,1155,289,1,212664,13185,2723,2371,1177,2722,2368,1149,98,100,0,500,2771;
@400000005e843be70bc0602a #d,-,18,2722,2371,1154,290,1,212552,13178,2723,2371,1156,2722,2369,1154,99,100,0,500,2744;
@400000005e843be90bd1be4c #d,-,18,2720,2371,1156,291,1,212500,13175,2722,2371,1157,2720,2369,1153,99,100,0,500,2744;
@400000005e843be90bdc8f1e #d,-,18,3000,2367,1597,292,1,212623,13182,3000,2371,1673,2720,2363,1155,100,100,0,500,3000;
@400000005e843beb0bed5fb1 #d,-,18,3665,2365,1583,293,1,212751,13190,3665,2368,1635,3000,2365,1459,98,100,0,500,3728;
@400000005e843beb0bf6c9f4 #d,-,18,3670,2366,1542,294,1,212904,13200,3670,2367,1670,3665,2362,1406,98,100,0,500,3709;
@400000005e843bed0c034db4 #d,-,18,3667,2363,1438,295,1,213019,13207,3670,2366,1619,3667,2362,1390,99,100,0,500,3691;
@400000005e843bed0c0a759e #d,-,18,3741,2363,1470,296,1,213177,13217,3741,2366,1674,3667,2362,1438,99,100,0,500,3764;
@400000005e843bef0c14c231 #d,-,18,3606,2366,1634,297,1,213303,13224,3741,2368,1634,3606,2363,1405,99,100,0,500,3637;
@400000005e843bef0c1aa247 #d,-,18,3747,2367,1490,298,1,213450,13233,3747,2367,1674,3606,2364,1486,98,100,0,500,3789;
@400000005e843bf10c29fb87 #d,-,18,3638,2368,1101,299,1,213509,13237,3747,2369,1624,3638,2367,1101,98,100,0,500,3675;
@400000005e843bf10c344cc2 #d,-,18,2744,2369,1153,299,1,213454,13234,3638,2369,1158,2744,2367,1101,95,100,0,500,2869;
@400000005e843bf30c448851 #d,-,18,2738,2367,1202,300,1,213465,13234,2744,2370,1202,2738,2366,1147,100,100,0,500,2738;
@400000005e843bf30c4f8d4b #d,-,18,2741,2370,1154,301,1,213357,13228,2741,2370,1202,2738,2366,1151,98,100,0,500,2792;
@400000005e843bf50c5f9e04 #d,-,18,2738,2369,1178,302,1,213311,13225,2741,2370,1178,2738,2368,1153,99,100,0,500,2749;
@400000005e843bf50c6ae164 #d,-,18,2740,2367,1165,302,1,213265,13222,2740,2370,1188,2738,2366,1155,98,100,0,500,2789;
@400000005e843bf70c7beca3 #d,-,18,2738,2369,1163,303,1,213216,13219,2740,2369,1165,2738,2365,1161,99,100,0,500,2758;
@400000005e843bf70c864463 #d,-,18,2736,2364,1163,304,1,213168,13216,2738,2369,1164,2736,2364,1160,99,100,0,500,2758;
@400000005e843bf90c972111 #d,-,18,2735,2367,1162,305,1,213120,13213,2736,2368,1164,2735,2364,1161,99,100,0,500,2758;
@400000005e843bf90ca18133 #d,-,18,2733,2367,1171,305,1,213130,13214,2735,2369,1171,2733,2364,1160,99,100,0,500,2757;
@400000005e843bfb0cb2a3ba #d,-,18,2736,2371,1159,306,1,213086,13211,2736,2371,1191,2733,2365,1156,98,100,0,500,2785;
@400000005e843bfb0cbcca1e #d,-,18,2733,2370,1160,307,1,212981,13204,2736,2371,1161,2733,2369,1159,99,100,0,500,2755;
Lost connection at /opt/powertools/bin/wattsup1 line 220.
	main::failure('Lost connection') called at /opt/powertools/bin/wattsup1 line 271
	main::recv_msg() called at /opt/powertools/bin/wattsup1 line 504
