@400000005e8c23820862be00 #v,-,8,1,65178,5,2,4,57,200810261703,0;
@400000005e8c2382324cc581 #h,-,18,W,V,A,WH,Cost,WH/Mo,Cost/Mo,Wmax,Vmax,Amax,Wmin,Vmin,Amin,PF,DC,PC,Hz,VA;
@400000005e8c2382385b5e78 #f,-,48,173,436,1,4803,0,0,65535,0,150,1177,177,10481,276,203,3340,13,121719,86,50084,105837,25,2629,11458,0,64,1,4686,0,0,65535,0,150,1030,182,11055,266,212,3240,13,121394,92,49362,104176,24,2613,13005,0,71;
@400000005e8c2384386ebfa0 #d,-,18,2764,2382,1161,1,0,193993,12027,2773,2382,1164,2764,2378,1160,100,100,0,501,2764;
@400000005e8c2386387ac95f #d,-,18,2761,2380,1160,2,0,194680,12070,2764,2382,1162,2761,2380,1160,99,100,0,501,2765;
@400000005e8c238638858b4a #d,-,18,2760,2380,1153,2,0,195515,12121,2761,2382,1191,2760,2379,1152,99,100,0,501,2783;
@400000005e8c2388389060c5 #d,-,18,2757,2382,1161,3,0,195589,12126,2760,2382,1163,2757,2378,1153,99,100,0,501,2774;
@400000005e8c2388389af331 #d,-,18,2754,2379,1160,4,0,195657,12130,2757,2382,1162,2754,2379,1160,99,100,0,501,2764;
@400000005e8c238a38aaddbb #d,-,18,2752,2377,1162,5,0,195705,12133,2754,2381,1162,2752,2376,1159,99,100,0,501,2765;
@400000005e8c238a38b522da #d,-,18,2749,2380,1161,5,0,195727,12135,2752,2380,1163,2749,2377,1159,99,100,0,501,2764;
@400000005e8c238c38c4416e #d,-,18,2750,2378,1154,6,0,195999,12151,2750,2380,1192,2749,2377,1154,99,100,0,501,2774;
@400000005e8c238c38cf2f1f #d,-,18,2749,2378,1160,7,0,195987,12151,2750,2380,1164,2749,2375,1153,98,100,0,501,2780;
@400000005e8c238e38dab76a #d,-,18,2747,2375,1161,8,0,195977,12150,2749,2379,1163,2747,2375,1159,99,100,0,501,2764;
@400000005e8c238e38e4e541 #d,-,18,2745,2379,1160,8,0,195969,12150,2747,2379,1163,2745,2375,1160,99,100,0,501,2765;
@400000005e8c239038f41fc6 #d,-,18,2744,2377,1160,9,0,195979,12150,2745,2379,1163,2744,2376,1159,99,100,0,501,2762;
@400000005e8c239038ff2fec #d,-,18,2744,2380,1162,10,0,196135,12160,2744,2380,1193,2744,2377,1160,99,100,0,501,2769;
@400000005e8c2392390f6c6b #d,-,18,2745,2378,1158,11,0,196096,12157,2745,2381,1162,2744,2378,1153,98,100,0,501,2787;
@400000005e8c23923919e78f #d,-,18,2743,2381,1158,11,0,196083,12157,2745,2381,1163,2743,2377,1158,99,100,0,501,2762;
@400000005e8c23943926dfb9 #d,-,18,2741,2380,1159,12,0,197225,12227,2743,2381,1160,2741,2378,1158,99,100,0,501,2762;
@400000005e8c2394393124d8 #d,-,18,2740,2376,1160,13,0,196030,12153,2741,2380,1160,2740,2376,1158,99,100,0,501,2758;
@400000005e8c239639395275 #d,-,18,2739,2377,1174,14,0,196136,12160,2740,2379,1192,2739,2376,1159,99,100,0,501,2762;
@400000005e8c2396393d174f #d,-,18,2741,2377,1656,15,0,197309,12233,2741,2379,1656,2739,2375,1153,98,100,0,501,2787;
@400000005e8c2398394c691c #d,-,18,3540,2377,1353,16,0,199692,12380,3540,2378,1673,2741,2374,1353,100,100,0,501,3540;
@400000005e8c239839572ec1 #d,-,18,3149,2379,1222,16,0,200472,12429,3540,2380,1353,3149,2377,1222,98,100,0,501,3201;
@400000005e8c239a3961b247 #d,-,18,3146,2376,1501,17,0,202735,12569,3149,2380,1663,3146,2374,1193,100,100,0,501,3146;
@400000005e8c239a39664e43 #d,-,18,3531,2378,1315,18,0,203993,12647,3531,2379,1501,3146,2375,1315,97,100,0,501,3613;
@400000005e8c239c396ee9c5 #d,-,18,3009,2378,1633,19,0,204654,12688,3531,2381,1633,3009,2377,1160,97,100,0,501,3079;
@400000005e8c239c3974214a #d,-,18,3508,2378,1376,20,0,206489,12802,3508,2379,1656,3009,2376,1376,100,100,0,501,3508;
@400000005e8c239e397d0a19 #d,-,18,3199,2380,1180,21,0,206747,12818,3508,2380,1376,3199,2377,1180,97,100,0,501,3266;
@400000005e8c239e39825261 #d,-,18,3108,2376,1482,22,0,208391,12920,3199,2380,1656,3108,2375,1158,100,100,0,501,3108;
@400000005e8c23a0398e3148 #d,-,18,3498,2378,1310,23,0,209176,12968,3498,2378,1482,3108,2375,1310,97,100,0,501,3582;
@400000005e8c23a03999a339 #d,-,18,2991,2375,1649,24,0,209683,13000,3498,2380,1649,2991,2375,1158,97,100,0,501,3061;
@400000005e8c23a239a9f611 #d,-,18,3541,2377,1366,25,0,210992,13081,3541,2379,1652,2991,2375,1366,100,100,0,501,3541;
@400000005e8c23a239b5a668 #d,-,18,3186,2380,1173,25,0,211028,13083,3541,2380,1366,3186,2377,1173,97,100,0,501,3253;
@400000005e8c23a439bfcccc #d,-,18,3182,2378,1469,26,0,213028,13207,3186,2380,1653,3182,2375,1157,100,100,0,501,3182;
@400000005e8c23a439c44cd8 #d,-,18,3466,2377,1301,27,0,212881,13198,3466,2379,1469,3182,2375,1301,97,100,0,501,3552;
@400000005e8c23a639cbda45 #d,-,18,2976,2375,1656,28,0,213944,13264,3466,2380,1656,2976,2375,1153,97,100,0,501,3047;
@400000005e8c23a639d5fc01 #d,-,18,3575,2379,1369,29,0,214295,13286,3575,2379,1656,2976,2375,1369,100,100,0,501,3575;
@400000005e8c23a839e65f9c #d,-,18,3179,2380,1157,30,0,214780,13316,3575,2380,1369,3179,2376,1157,97,100,0,501,3244;
@400000005e8c23a839f14044 #d,-,18,3180,2378,1452,31,0,215323,13350,3180,2380,1656,3179,2375,1139,100,100,0,501,3180;
@400000005e8c23aa39ff78ce #d,-,18,3423,2380,1288,32,0,215642,13369,3423,2380,1452,3180,2377,1288,97,100,0,501,3511;
@400000005e8c23aa3a0a000d #d,-,18,2970,2380,1139,33,0,215223,13343,3423,2381,1288,2970,2377,1139,97,100,0,501,3039;
@400000005e8c23ac3a1a53d4 #d,-,18,2696,2381,1209,33,0,214803,13317,2970,2381,1210,2696,2379,1139,98,100,0,501,2728;
@400000005e8c23ac3a24a067 #d,-,18,2782,2380,1169,34,0,214366,13290,2782,2382,1209,2696,2378,1152,98,100,0,501,2815;
@400000005e8c23ae3a32f128 #d,-,18,2777,2379,1164,35,0,213958,13265,2782,2382,1170,2777,2378,1163,100,100,0,501,2777;
@400000005e8c23ae3a3de55f #d,-,18,2773,2382,1174,36,0,213571,13241,2777,2382,1174,2773,2379,1163,100,100,0,501,2773;
@400000005e8c23b03a4c7486 #d,-,18,2773,2380,1166,36,0,213713,13250,2773,2382,1197,2773,2378,1158,98,100,0,501,2808;
@400000005e8c23b03a56dc1b #d,-,18,2769,2380,1165,37,0,212880,13198,2773,2382,1168,2769,2378,1164,99,100,0,501,2773;
@400000005e8c23b23a66c2ea #d,-,18,2766,2381,1164,38,0,212986,13205,2769,2382,1165,2766,2379,1163,99,100,0,501,2774;
@400000005e8c23b23a71230c #d,-,18,2763,2381,1167,39,0,212200,13156,2766,2382,1167,2763,2379,1163,99,100,0,501,2774;
@400000005e8c23b43a811c7c #d,-,18,2761,2381,1164,39,0,211884,13136,2763,2382,1167,2761,2379,1163,99,100,0,501,2774;
@400000005e8c23b43a8c155b #d,-,18,2762,2380,1160,40,0,211617,13120,2762,2382,1196,2761,2380,1157,98,100,0,501,2799;
@400000005e8c23b63a9c60bf #d,-,18,2760,2382,1164,41,0,211325,13102,2762,2382,1166,2760,2377,1160,99,100,0,501,2778;
@400000005e8c23b63aa70036 #d,-,18,2758,2381,1163,42,0,211040,13084,2760,2382,1166,2758,2380,1163,99,100,0,501,2773;
@400000005e8c23b83ab72cdf #d,-,18,2756,2380,1164,43,0,210768,13067,2758,2382,1165,2756,2380,1163,99,100,0,501,2774;
@400000005e8c23b83ac180e5 #d,-,18,2754,2381,1164,43,0,210506,13051,2756,2382,1167,2754,2378,1163,99,100,0,501,2774;
@400000005e8c23ba3ad207e5 #d,-,18,2756,2380,1157,44,0,210290,13038,2756,2382,1195,2754,2379,1156,98,100,0,501,2792;
@400000005e8c23ba3adc5beb #d,-,18,2754,2380,1164,45,0,210421,13046,2756,2382,1165,2754,2379,1157,98,100,0,501,2783;
@400000005e8c23bc3aec6530 #d,-,18,2753,2381,1189,46,0,209826,13009,2754,2382,1189,2753,2379,1162,99,100,0,501,2771;
@400000005e8c23bc3af73aab #d,-,18,2758,2379,1174,46,0,209658,12998,2758,2382,1194,2753,2379,1174,97,100,0,501,2815;
@400000005e8c23be3b078e71 #d,-,18,2761,2382,1188,47,0,209505,12989,2761,2382,1195,2758,2379,1174,98,100,0,501,2813;
@400000005e8c23be3b122586 #d,-,18,2817,2382,1142,48,0,209696,13001,2817,2382,1215,2761,2379,1142,99,100,0,501,2840;
@400000005e8c23c03b229808 #d,-,18,2731,2380,1153,49,0,209104,12964,2817,2383,1157,2731,2380,1141,98,100,0,501,2776;
@400000005e8c23c03b2cfcd2 #d,-,18,2729,2383,1153,49,0,209212,12971,2731,2383,1156,2729,2380,1152,99,100,0,501,2749;
@400000005e8c23c23b355cba #d,-,18,2727,2382,1152,50,0,208649,12936,2729,2383,1155,2727,2380,1152,99,100,0,501,2749;
@400000005e8c23c23b395886 #d,-,18,2727,2377,1648,51,0,209407,12983,2727,2382,1665,2727,2377,1152,99,100,0,501,2748;
@400000005e8c23c43b4727d3 #d,-,18,3651,2379,1332,52,0,209541,12991,3651,2380,1648,2727,2374,1332,99,100,0,501,3655;
@400000005e8c23c43b5139b9 #d,-,18,3137,2377,1180,53,0,209563,12992,3651,2380,1332,3137,2377,1180,98,100,0,501,3187;
@400000005e8c23c63b5a8cb4 #d,-,18,3284,2377,1408,54,0,210318,13039,3284,2378,1664,3137,2373,1179,100,100,0,501,3284;
@400000005e8c23c63b5fb0aa #d,-,18,3365,2379,1246,55,0,210502,13051,3365,2379,1408,3284,2376,1246,97,100,0,501,3459;
@400000005e8c23c83b6a2902 #d,-,18,2908,2376,1644,55,0,210860,13073,3365,2380,1651,2908,2375,1162,97,100,0,501,2972;
@400000005e8c23c83b7505f0 #d,-,18,3641,2379,1339,56,0,211328,13102,3641,2379,1644,2908,2376,1339,100,100,0,501,3641;
@400000005e8c23ca3b829a91 #d,-,18,3113,2378,1165,57,0,211282,13099,3641,2380,1339,3113,2374,1165,97,100,0,501,3180;
@400000005e8c23ca3b8da344 #d,-,18,3302,2377,1428,58,0,211978,13142,3302,2378,1656,3113,2374,1162,100,100,0,501,3302;
@400000005e8c23cd0004da62 #d,-,18,3306,2378,1247,59,0,212106,13150,3306,2380,1428,3302,2377,1247,96,100,0,501,3435;
@400000005e8c23cd000fafdc #d,-,18,2899,2377,1638,60,0,212448,13171,3306,2381,1651,2899,2377,1160,97,100,0,501,2961;
@400000005e8c23cf001aac75 #d,-,18,3654,2377,1349,61,0,212835,13195,3654,2381,1638,2899,2377,1349,100,100,0,501,3654;
@400000005e8c23cf002045c3 #d,-,18,3105,2381,1163,62,0,212766,13191,3654,2382,1349,3105,2377,1162,97,100,0,501,3169;
@400000005e8c23d100305b23 #d,-,18,3331,2381,1420,63,0,213413,13231,3331,2382,1655,3105,2377,1163,100,100,0,501,3331;
@400000005e8c23d1003b6b4a #d,-,18,3329,2381,1244,64,0,213505,13237,3331,2381,1420,3329,2375,1244,97,100,0,501,3410;
@400000005e8c23d3004cc4c4 #d,-,18,2904,2380,1620,64,0,213838,13257,3329,2382,1651,2904,2377,1161,98,100,0,501,2949;
@400000005e8c23d300572c59 #d,-,18,3654,2379,1343,65,0,214151,13277,3654,2380,1620,2904,2376,1343,99,100,0,501,3666;
@400000005e8c23d50066bc8c #d,-,18,3093,2379,1292,66,0,214088,13273,3654,2382,1343,3093,2379,1162,98,100,0,501,3155;
@400000005e8c23d500714874 #d,-,18,3364,2379,1412,67,0,214678,13310,3364,2380,1654,3093,2375,1292,100,100,0,501,3364;
@400000005e8c23d7007e1980 #d,-,18,3292,2380,1251,68,0,214742,13314,3364,2381,1412,3292,2378,1251,97,100,0,501,3379;
@400000005e8c23d70088fde2 #d,-,18,2886,2382,1162,69,0,214788,13316,3292,2383,1251,2886,2379,1137,97,100,0,501,2949;
@400000005e8c23d900995650 #d,-,18,2708,2382,1201,70,0,214312,13287,2886,2382,1201,2708,2380,1145,98,100,0,501,2741;
@400000005e8c23d900a3ba2c #d,-,18,2795,2380,1157,70,0,214385,13291,2795,2382,1230,2708,2380,1149,99,100,0,501,2822;
@400000005e8c23db00b3f202 #d,-,18,2737,2383,1162,71,0,213939,13264,2795,2383,1173,2737,2380,1157,98,100,0,501,2765;
@400000005e8c23db00be5312 #d,-,18,2737,2382,1168,72,0,213987,13267,2737,2383,1169,2737,2380,1161,98,100,0,501,2773;
@400000005e8c23dd00cced66 #d,-,18,2738,2380,1164,73,0,213552,13240,2738,2382,1168,2737,2380,1163,98,100,0,501,2780;
@400000005e8c23dd00d7dde3 #d,-,18,2739,2382,1184,73,0,213372,13229,2739,2382,1184,2738,2379,1164,98,100,0,501,2774;
@400000005e8c23df00e6da01 #d,-,18,2744,2380,1166,74,0,213206,13218,2744,2382,1196,2739,2379,1158,97,100,0,501,2808;
@400000005e8c23df00f1516b #d,-,18,2743,2382,1166,75,0,213028,13207,2744,2382,1167,2743,2379,1163,98,100,0,501,2773;
@400000005e8c23e100ffb886 #d,-,18,2744,2381,1164,76,0,212853,13196,2744,2382,1166,2743,2380,1163,98,100,0,501,2776;
@400000005e8c23e1010a287d #d,-,18,2744,2380,1166,76,0,212907,13200,2744,2382,1167,2744,2377,1164,98,100,0,501,2774;
@400000005e8c23e301174c6d #d,-,18,2744,2380,1171,77,0,212515,13175,2744,2381,1171,2744,2379,1164,98,100,0,501,2774;
@400000005e8c23e3012240a3 #d,-,18,2748,2380,1164,78,0,212590,13180,2748,2381,1195,2744,2379,1157,97,100,0,501,2805;
@400000005e8c23e501330161 #d,-,18,2747,2381,1165,79,0,212207,13156,2748,2381,1167,2747,2377,1163,99,100,0,501,2773;
@400000005e8c23e5013d9102 #d,-,18,2746,2379,1165,80,0,212048,13146,2747,2381,1166,2746,2378,1164,98,100,0,501,2774;
@400000005e8c23e7014e1f75 #d,-,18,2746,2381,1165,80,0,211891,13137,2746,2381,1166,2746,2377,1163,98,100,0,501,2774;
@400000005e8c23e701587f97 #d,-,18,2745,2380,1164,81,0,211738,13127,2746,2382,1165,2745,2379,1163,99,100,0,501,2771;
@400000005e8c23e901691cf0 #d,-,18,2749,2377,1161,82,0,211606,13119,2749,2382,1195,2745,2377,1157,98,100,0,501,2797;
@400000005e8c23e901739549 #d,-,18,2747,2381,1163,83,0,211460,13110,2749,2381,1167,2747,2377,1161,98,100,0,501,2776;
@400000005e8c23eb01839ad5 #d,-,18,2746,2380,1163,83,0,211314,13101,2747,2381,1164,2746,2379,1163,99,100,0,501,2773;
@400000005e8c23eb018e92c5 #d,-,18,2746,2379,1165,84,0,211171,13092,2746,2381,1166,2746,2375,1162,99,100,0,501,2771;
@400000005e8c23ed019f8302 #d,-,18,2745,2380,1162,85,0,211233,13096,2746,2383,1166,2745,2379,1162,98,100,0,501,2773;
@400000005e8c23ed01a9d7f6 #d,-,18,2747,2383,1155,86,0,210912,13076,2747,2383,1197,2745,2378,1155,98,100,0,501,2789;
@400000005e8c23ef01b3a7bd #d,-,18,2747,2383,1162,86,0,210974,13080,2747,2383,1164,2747,2380,1155,98,100,0,501,2781;
@400000005e8c23ef01b8f2d0 #d,-,18,3257,2380,1385,87,0,211233,13096,3257,2383,1672,2747,2376,1162,100,100,0,501,3257;
@400000005e8c23f101c1ff03 #d,-,18,3334,2381,1290,88,0,211357,13104,3334,2382,1385,3257,2379,1290,97,100,0,501,3431;
@400000005e8c23f101c73776 #d,-,18,2980,2377,1658,89,0,211546,13115,3334,2382,1658,2980,2375,1178,98,100,0,501,3038;
@400000005e8c23f301d5971e #d,-,18,3626,2381,1343,90,0,211889,13137,3626,2381,1658,2980,2376,1343,100,100,0,501,3626;
@400000005e8c23f301df6e58 #d,-,18,3194,2380,1172,91,0,211902,13137,3626,2382,1343,3194,2379,1172,97,100,0,501,3262;
@400000005e8c23f501f09cfb #d,-,18,3197,2379,1457,92,0,212310,13163,3197,2382,1653,3194,2377,1149,99,100,0,501,3201;
@400000005e8c23f501fc227b #d,-,18,3417,2382,1262,93,0,212428,13170,3417,2382,1457,3197,2379,1262,97,100,0,501,3509;
@400000005e8c23f70206b8a1 #d,-,18,2928,2379,1652,94,0,212589,13180,3417,2383,1653,2928,2378,1148,97,100,0,501,2991;
@400000005e8c23f7020b4881 #d,-,18,3620,2380,1328,95,0,212879,13198,3620,2382,1652,2928,2378,1328,100,100,0,501,3620;
@400000005e8c23f9021439b2 #d,-,18,3149,2383,1154,95,0,212846,13196,3620,2383,1328,3149,2380,1154,97,100,0,501,3217;
@400000005e8c23f9021933bf #d,-,18,3248,2381,1436,96,0,213423,13232,3248,2383,1654,3149,2378,1145,100,100,0,501,3248;
@400000005e8c23fb0222d04d #d,-,18,3373,2381,1254,97,0,213335,13226,3373,2382,1436,3248,2380,1254,97,100,0,501,3468;
@400000005e8c23fb0227d1cd #d,-,18,2908,2380,1642,98,0,213690,13248,3373,2382,1652,2908,2377,1149,97,100,0,501,2974;
@400000005e8c23fd02364503 #d,-,18,3653,2382,1343,99,0,213765,13253,3653,2382,1642,2908,2378,1343,100,100,0,501,3653;
@400000005e8c23fd02409196 #d,-,18,3137,2379,1151,100,0,213715,13250,3653,2382,1343,3137,2378,1151,97,100,0,501,3209;
@400000005e8c23ff0252394c #d,-,18,3292,2380,1437,101,0,214110,13274,3292,2381,1656,3137,2377,1151,100,100,0,501,3292;
@400000005e8c23ff025de4fb #d,-,18,3353,2380,1244,102,0,214183,13279,3353,2381,1437,3292,2379,1244,97,100,0,501,3445;
@400000005e8c24010267f7d0 #d,-,18,2895,2378,1634,103,0,214369,13290,3353,2382,1657,2895,2378,1153,97,100,0,501,2959;
@400000005e8c2401026cc617 #d,-,18,3678,2381,1362,104,0,214593,13304,3678,2381,1634,2895,2378,1362,100,100,0,501,3678;
@400000005e8c24030278ac72 #d,-,18,3143,2382,1142,104,0,214541,13301,3678,2383,1362,3143,2377,1142,97,100,0,501,3210;
@400000005e8c24030283a90a #d,-,18,2728,2382,1141,105,0,214377,13291,3143,2383,1163,2728,2380,1129,98,100,0,501,2778;
@400000005e8c240502938fd9 #d,-,18,2726,2382,1173,106,0,214418,13293,2728,2384,1203,2726,2379,1140,99,100,0,501,2744;
@400000005e8c2405029e557f #d,-,18,2731,2381,1170,107,0,214111,13274,2731,2383,1173,2726,2380,1151,97,100,0,501,2796;
@400000005e8c240702aeef1f #d,-,18,2733,2379,1198,107,0,213990,13267,2733,2382,1198,2731,2376,1162,98,100,0,501,2778;
@400000005e8c240702b9765e #d,-,18,2737,2381,1166,108,0,213863,13259,2737,2381,1198,2733,2378,1160,97,100,0,501,2805;
@400000005e8c240902c8f3f1 #d,-,18,2738,2377,1166,109,0,213732,13251,2738,2381,1166,2737,2377,1163,98,100,0,501,2773;
@400000005e8c240902d35412 #d,-,18,2739,2379,1165,110,0,213606,13243,2739,2380,1170,2738,2377,1164,98,100,0,501,2776;
@400000005e8c240b02e37d02 #d,-,18,2740,2381,1166,110,0,213481,13235,2740,2382,1166,2739,2378,1163,98,100,0,501,2774;
@400000005e8c240b02ee4661 #d,-,18,2740,2380,1193,111,0,213364,13228,2740,2381,1193,2740,2377,1164,98,100,0,501,2774;
@400000005e8c240d02fee4a9 #d,-,18,2744,2380,1166,112,0,213250,13221,2744,2381,1197,2740,2378,1158,97,100,0,501,2805;
@400000005e8c240d03096740 #d,-,18,2744,2379,1164,113,0,213129,13214,2744,2382,1167,2744,2378,1163,98,100,0,501,2773;
@400000005e8c240f0318c8e2 #d,-,18,2744,2381,1165,114,0,213010,13206,2744,2382,1165,2744,2379,1164,98,100,0,501,2773;
@400000005e8c240f03239e5c #d,-,18,2743,2382,1165,114,0,212893,13199,2744,2382,1165,2743,2379,1163,98,100,0,501,2774;
@400000005e8c241103342ccf #d,-,18,2744,2380,1182,115,0,212782,13192,2744,2382,1182,2743,2380,1164,98,100,0,501,2774;
@400000005e8c2411033e857e #d,-,18,2747,2380,1165,116,0,212679,13186,2747,2382,1195,2744,2379,1158,97,100,0,501,2805;
@400000005e8c2413034e0995 #d,-,18,2746,2380,1164,117,0,212566,13179,2747,2382,1166,2746,2380,1163,99,100,0,501,2771;
@400000005e8c241303590e8f #d,-,18,2746,2381,1166,117,0,212455,13172,2746,2381,1166,2746,2378,1163,99,100,0,501,2773;
@400000005e8c24150369c331 #d,-,18,2745,2379,1165,118,0,212345,13165,2746,2381,1166,2745,2379,1163,99,100,0,501,2771;
@400000005e8c2415037452d2 #d,-,18,2745,2380,1169,119,0,212238,13158,2745,2381,1169,2745,2378,1163,98,100,0,501,2774;
@400000005e8c24170384f02c #d,-,18,2749,2381,1162,120,0,212288,13161,2749,2381,1195,2745,2379,1156,98,100,0,501,2801;
@400000005e8c2417038f6c3e #d,-,18,2747,2379,1165,120,0,212037,13146,2749,2381,1166,2747,2379,1162,99,100,0,501,2769;
@400000005e8c241903a13757 #d,-,18,2746,2378,1163,121,0,212075,13148,2747,2380,1165,2746,2378,1162,99,100,0,501,2771;
@400000005e8c241903adaa54 #d,-,18,2745,2380,1166,122,0,211830,13133,2746,2380,1167,2745,2376,1163,99,100,0,501,2771;
@400000005e8c241b03bae946 #d,-,18,2745,2376,1673,123,0,212091,13149,2745,2380,1673,2745,2376,1163,99,100,0,501,2771;
@400000005e8c241b03c1da3c #d,-,18,3647,2375,1345,124,0,212164,13154,3647,2380,1673,2745,2375,1345,100,100,0,501,3647;
@400000005e8c241d03cc617c #d,-,18,3159,2381,1179,125,0,212322,13163,3647,2381,1345,3159,2375,1179,98,100,0,501,3209;
@400000005e8c241d03d216bb #d,-,18,3159,2378,1465,126,0,212460,13172,3159,2381,1655,3159,2377,1149,100,100,0,501,3159;
@400000005e8c241f03d9275b #d,-,18,3456,2381,1262,126,0,212546,13177,3456,2381,1465,3159,2376,1262,97,100,0,501,3547;
@400000005e8c241f03dcbda4 #d,-,18,2943,2378,1655,127,0,212636,13183,3456,2381,1655,2943,2377,1165,97,100,0,501,3006;
@400000005e8c242103e43b3c #d,-,18,3593,2381,1325,128,0,212872,13198,3593,2381,1656,2943,2375,1325,100,100,0,501,3593;
@400000005e8c242103e86d0d #d,-,18,3149,2380,1196,129,0,212866,13197,3593,2382,1325,3149,2378,1196,97,100,0,501,3223;
@400000005e8c242303f7ea9f #d,-,18,3152,2379,1465,130,0,213134,13214,3152,2382,1654,3149,2375,1172,100,100,0,501,3152;
@400000005e8c242304039eb0 #d,-,18,3439,2381,1281,131,0,213222,13219,3439,2381,1465,3152,2378,1281,97,100,0,501,3531;
@400000005e8c24250415554c #d,-,18,2979,2377,1658,132,0,213322,13226,3439,2382,1658,2979,2374,1178,98,100,0,501,3036;
@400000005e8c242504208075 #d,-,18,3590,2379,1321,133,0,213537,13239,3590,2380,1658,2979,2377,1321,100,100,0,501,3590;
@400000005e8c2427043155af #d,-,18,3137,2378,1186,134,0,213648,13246,3590,2381,1321,3137,2378,1186,97,100,0,501,3210;
@400000005e8c2427043c4d9f #d,-,18,3203,2379,1454,135,0,213780,13254,3203,2380,1656,3137,2376,1167,100,100,0,501,3203;
@400000005e8c2429044b793d #d,-,18,3405,2381,1258,135,0,213841,13258,3405,2381,1454,3203,2378,1258,97,100,0,501,3500;
@400000005e8c242904563b29 #d,-,18,2931,2378,1655,136,0,213939,13264,3405,2381,1655,2931,2376,1168,98,100,0,501,2986;
@400000005e8c242b0467bad2 #d,-,18,3596,2378,1337,137,0,214136,13276,3596,2380,1655,2931,2375,1337,100,100,0,501,3596;
@400000005e8c242b0472bc12 #d,-,18,3146,2378,1187,138,0,214115,13275,3596,2381,1337,3146,2378,1187,97,100,0,501,3214;
@400000005e8c242d047bdf8e #d,-,18,3238,2378,1443,139,0,214374,13291,3238,2380,1655,3146,2376,1172,100,100,0,501,3238;
@400000005e8c242d04812aa1 #d,-,18,3385,2379,1261,140,0,214553,13302,3385,2379,1443,3238,2377,1261,97,100,0,501,3481;
@400000005e8c242f048a7180 #d,-,18,2937,2379,1142,141,0,214333,13288,3385,2380,1261,2937,2378,1131,98,100,0,501,2993;
@400000005e8c242f04949b9e #d,-,18,2731,2380,1175,141,0,214246,13283,2937,2381,1189,2731,2378,1142,98,100,0,501,2762;
@400000005e8c2431049d5222 #d,-,18,2735,2379,1160,142,0,214146,13277,2735,2381,1176,2731,2378,1160,97,100,0,501,2803;
@400000005e8c243104a39f2f #d,-,18,2736,2381,1167,143,0,214171,13278,2736,2381,1169,2735,2379,1160,98,100,0,501,2773;
@400000005e8c243304ad6ef6 #d,-,18,2737,2379,1166,144,0,213949,13264,2737,2381,1167,2736,2379,1164,98,100,0,501,2778;
@400000005e8c243304b876bb #d,-,18,2739,2381,1164,144,0,213851,13258,2739,2382,1166,2737,2379,1164,98,100,0,501,2774;
@400000005e8c243504c93005 #d,-,18,2739,2380,1202,145,0,213767,13253,2739,2381,1202,2739,2379,1164,98,100,0,501,2776;
@400000005e8c243504d3c71a #d,-,18,2798,2382,1191,146,0,213692,13248,2798,2382,1204,2739,2377,1178,99,100,0,501,2826;
@400000005e8c243704e4a782 #d,-,18,2796,2381,1182,147,0,213612,13243,2798,2382,1191,2796,2380,1174,99,100,0,501,2819;
@400000005e8c243704ef327b #d,-,18,2795,2382,1182,148,0,213534,13239,2796,2382,1183,2795,2377,1180,99,100,0,501,2813;
@400000005e8c243904fafec2 #d,-,18,2790,2380,1161,148,0,213437,13233,2795,2382,1182,2790,2380,1157,99,100,0,501,2796;
@400000005e8c2439050612a3 #d,-,18,2738,2379,1193,149,0,213468,13235,2790,2382,1193,2738,2378,1160,98,100,0,501,2767;
@400000005e8c243b05111e21 #d,-,18,2741,2381,1161,150,0,213260,13222,2741,2383,1194,2738,2378,1153,97,100,0,501,2797;
@400000005e8c243b051bd89a #d,-,18,2740,2382,1161,151,0,213282,13223,2741,2382,1161,2740,2379,1159,99,100,0,501,2764;
@400000005e8c243d052c537e #d,-,18,2739,2379,1161,151,0,213073,13210,2740,2382,1163,2739,2377,1160,99,100,0,501,2765;
@400000005e8c243d0536b3a0 #d,-,18,2739,2381,1160,152,0,212980,13204,2739,2381,1161,2739,2379,1159,99,100,0,501,2764;
@400000005e8c243f0546c547 #d,-,18,2738,2380,1184,153,0,212894,13199,2739,2381,1184,2738,2377,1159,99,100,0,501,2764;
@400000005e8c243f0551f7e3 #d,-,18,2741,2382,1161,154,0,212809,13194,2741,2382,1190,2738,2379,1151,98,100,0,501,2794;
@400000005e8c2441055effe2 #d,-,18,2739,2380,1160,154,0,212719,13188,2741,2382,1162,2739,2377,1157,99,100,0,501,2758;
@400000005e8c244105699ab1 #d,-,18,2738,2382,1161,155,0,212630,13183,2739,2382,1161,2738,2379,1158,99,100,0,501,2760;
@400000005e8c244305746056 #d,-,18,2737,2380,1162,156,0,212541,13177,2738,2382,1163,2737,2377,1158,99,100,0,501,2764;
@400000005e8c2443057f5cee #d,-,18,2737,2381,1173,157,0,212566,13179,2737,2382,1173,2737,2379,1158,99,100,0,501,2762;
@400000005e8c2445058f2413 #d,-,18,2740,2381,1159,157,0,212377,13167,2740,2383,1190,2737,2380,1151,98,100,0,501,2792;
@400000005e8c2445059997c4 #d,-,18,2738,2384,1158,158,0,212291,13162,2740,2384,1161,2738,2379,1157,99,100,0,501,2758;
@400000005e8c244705a348cf #d,-,18,2868,2381,1578,159,0,212464,13172,2868,2384,1668,2738,2380,1156,100,100,0,501,2868;
@400000005e8c244705aaf4f8 #d,-,18,3605,2382,1290,160,0,212561,13178,3605,2384,1578,2868,2380,1290,98,100,0,501,3668;
@400000005e8c244905b58853 #d,-,18,3032,2384,1174,161,1,212534,13177,3605,2384,1290,3032,2381,1174,98,100,0,501,3091;
@400000005e8c244905bb7bf8 #d,-,18,3361,2383,1437,162,1,212800,13193,3361,2384,1682,3032,2379,1174,100,100,0,501,3361;
@400000005e8c244b05c3ff43 #d,-,18,3355,2381,1238,163,1,212830,13195,3361,2383,1437,3355,2380,1238,98,100,0,502,3420;
@400000005e8c244b05c9761c #d,-,18,2872,2378,1627,164,1,212957,13203,3355,2383,1652,2872,2378,1169,98,100,0,502,2918;
@400000005e8c244d05d521cb #d,-,18,3677,2380,1287,165,1,213081,13211,3677,2382,1627,2872,2378,1287,100,100,0,502,3677;
@400000005e8c244d05daa878 #d,-,18,3041,2380,1259,165,1,213050,13209,3677,2382,1287,3041,2379,1168,97,100,0,501,3111;
@400000005e8c244f05e69735 #d,-,18,3379,2380,1437,166,1,213310,13225,3379,2382,1677,3041,2378,1259,100,100,0,501,3379;
@400000005e8c244f05ede283 #d,-,18,3293,2381,1234,167,1,213332,13226,3379,2382,1437,3293,2379,1234,96,100,0,501,3395;
@400000005e8c245105fbeb8d #d,-,18,2907,2377,1607,168,1,213570,13241,3293,2382,1651,2907,2377,1168,99,100,0,501,2926;
@400000005e8c24510606dcf8 #d,-,18,3660,2381,1291,169,1,213577,13241,3660,2381,1607,2907,2375,1291,99,100,0,501,3682;
@400000005e8c24530613b578 #d,-,18,3032,2379,1433,170,1,213558,13240,3660,2382,1433,3032,2379,1170,97,100,0,501,3104;
@400000005e8c2453061eaa9d #d,-,18,3406,2379,1425,171,1,213803,13255,3406,2381,1672,3032,2376,1425,100,100,0,501,3406;
@400000005e8c2455062f99ec #d,-,18,3277,2371,1232,172,1,213815,13256,3406,2381,1425,3277,2367,1232,97,100,0,501,3374;
@400000005e8c2455063aa659 #d,-,18,2947,2376,1582,173,1,213957,13265,3277,2381,1655,2947,2370,1172,100,100,0,501,2947;
@400000005e8c2457064a1f43 #d,-,18,3647,2378,1282,174,1,214054,13271,3647,2380,1582,2947,2376,1282,98,100,0,501,3693;
@400000005e8c2457065527f7 #d,-,18,3014,2377,1530,174,1,214050,13271,3647,2380,1530,3014,2375,1173,97,100,0,501,3086;
@400000005e8c24590665b1c2 #d,-,18,3441,2379,1418,175,1,214283,13285,3441,2379,1658,3014,2373,1418,100,100,0,501,3441;
@400000005e8c245906708f9e #d,-,18,3265,2381,1215,176,1,214287,13285,3441,2381,1418,3265,2377,1215,97,100,0,501,3356;
@400000005e8c245b06814ca2 #d,-,18,2842,2379,1142,177,1,214199,13280,3265,2381,1215,2842,2376,1140,98,100,0,501,2895;
@400000005e8c245b068beee3 #d,-,18,2737,2379,1151,178,1,214220,13281,2842,2380,1191,2737,2378,1142,99,100,0,501,2760;
@400000005e8c245d069c9d00 #d,-,18,2738,2380,1164,179,1,214045,13270,2738,2380,1187,2737,2376,1151,98,100,0,501,2787;
@400000005e8c245d06a71f98 #d,-,18,2739,2379,1178,179,1,214074,13272,2739,2381,1196,2738,2378,1162,98,100,0,501,2773;
@400000005e8c245f06b80fd5 #d,-,18,2742,2377,1165,180,1,213895,13261,2742,2381,1178,2739,2377,1162,97,100,0,501,2801;
@400000005e8c245f06c2873f #d,-,18,2742,2380,1165,181,1,213816,13256,2742,2380,1167,2742,2376,1162,98,100,0,501,2773;
@400000005e8c246106d2a501 #d,-,18,2743,2377,1165,182,1,213739,13251,2743,2380,1168,2742,2377,1163,98,100,0,501,2774;
@400000005e8c246106dda90d #d,-,18,2743,2379,1166,182,1,213661,13247,2743,2380,1168,2743,2376,1164,98,100,0,501,2774;
@400000005e8c246306ee94a1 #d,-,18,2743,2380,1191,183,1,213596,13242,2743,2380,1196,2743,2378,1165,98,100,0,501,2774;
@400000005e8c246306f93b8b #d,-,18,2746,2380,1166,184,1,213519,13238,2746,2380,1191,2743,2378,1158,98,100,0,501,2801;
@400000005e8c2465070a0c1e #d,-,18,2746,2378,1165,185,1,213444,13233,2746,2381,1166,2746,2378,1164,98,100,0,501,2774;
@400000005e8c246507148fa3 #d,-,18,2745,2379,1165,185,1,213369,13228,2746,2380,1166,2745,2377,1165,98,100,0,501,2774;
@400000005e8c246707256036 #d,-,18,2745,2379,1166,186,1,213295,13224,2745,2380,1166,2745,2378,1165,98,100,0,501,2774;
@400000005e8c2467072fc8ba #d,-,18,2745,2379,1195,187,1,213230,13220,2745,2380,1195,2745,2376,1164,98,100,0,501,2774;
@400000005e8c246907408d31 #d,-,18,2748,2378,1164,188,1,213251,13221,2748,2380,1195,2745,2378,1157,98,100,0,501,2799;
@400000005e8c2469074b4b63 #d,-,18,2747,2379,1164,188,1,213086,13211,2748,2380,1166,2747,2378,1163,99,100,0,501,2773;
@400000005e8c246b075b50ee #d,-,18,2746,2380,1165,189,1,213106,13212,2747,2380,1166,2746,2377,1163,99,100,0,501,2771;
@400000005e8c246b07666889 #d,-,18,2746,2380,1166,190,1,212943,13202,2746,2381,1166,2746,2378,1163,99,100,0,501,2773;
@400000005e8c246d07775152 #d,-,18,2745,2380,1194,191,1,212878,13198,2746,2380,1194,2745,2377,1164,99,100,0,501,2771;
@400000005e8c246d0781ec20 #d,-,18,2748,2379,1166,191,1,212901,13199,2748,2380,1196,2745,2376,1158,98,100,0,501,2801;
@400000005e8c246f0792d3fb #d,-,18,2747,2380,1163,192,1,212740,13189,2748,2380,1166,2747,2377,1163,99,100,0,501,2769;
@400000005e8c246f079d6756 #d,-,18,2746,2379,1165,193,1,212761,13191,2747,2380,1167,2746,2375,1163,99,100,0,501,2771;
@400000005e8c247107aa474a #d,-,18,2745,2379,1163,194,1,212603,13181,2746,2379,1166,2745,2377,1163,99,100,0,501,2771;
@400000005e8c247107b223e0 #d,-,18,2744,2378,1192,195,1,212537,13177,2745,2379,1192,2744,2374,1163,99,100,0,501,2769;
@400000005e8c247307c2efcb #d,-,18,3344,2378,1389,195,1,212751,13190,3344,2379,1688,2744,2374,1192,100,100,0,501,3344;
@400000005e8c247307ce0853 #d,-,18,3341,2377,1292,196,1,212799,13193,3344,2381,1395,3341,2377,1282,97,100,0,501,3413;
@400000005e8c247507df45dd #d,-,18,2976,2376,1651,197,1,212893,13199,3341,2381,1652,2976,2376,1186,98,100,0,501,3032;
@400000005e8c247507e9e553 #d,-,18,3614,2381,1350,198,1,213027,13207,3614,2381,1651,2976,2376,1350,100,100,0,501,3614;
@400000005e8c247707fa99f5 #d,-,18,3149,2382,1182,199,1,213017,13207,3614,2382,1350,3149,2377,1182,97,100,0,501,3214;
@400000005e8c24770805396c #d,-,18,3292,2379,1435,200,1,213214,13219,3292,2382,1674,3149,2377,1180,100,100,0,501,3292;
@400000005e8c24790816a1cd #d,-,18,3370,2377,1248,201,1,213255,13221,3370,2381,1435,3292,2377,1248,97,100,0,501,3463;
@400000005e8c24790821157d #d,-,18,2914,2378,1639,202,1,213337,13226,3370,2382,1643,2914,2376,1163,97,100,0,501,2979;
@400000005e8c247b08323091 #d,-,18,3624,2380,1328,203,1,213456,13234,3624,2380,1639,2914,2377,1328,100,100,0,501,3624;
@400000005e8c247b083d349d #d,-,18,3104,2379,1168,204,1,213437,13233,3624,2380,1328,3104,2376,1168,97,100,0,501,3171;
@400000005e8c247d084e7315 #d,-,18,3307,2378,1449,205,1,213634,13245,3307,2379,1667,3104,2375,1166,100,100,0,501,3307;
@400000005e8c247d08599e3e #d,-,18,3365,2376,1250,205,1,213670,13247,3365,2379,1449,3307,2375,1250,97,100,0,501,3459;
@400000005e8c247f086d329f #d,-,18,2904,2373,1628,206,1,213758,13253,3365,2379,1644,2904,2373,1165,97,100,0,501,2968;
@400000005e8c247f0879ad0e #d,-,18,3656,2375,1323,207,1,213868,13259,3656,2376,1628,2904,2372,1323,100,100,0,501,3656;
@400000005e8c2481088b8f70 #d,-,18,3090,2377,1169,208,1,213846,13258,3656,2378,1323,3090,2375,1168,97,100,0,501,3161;
@400000005e8c248108972c38 #d,-,18,3341,2375,1438,209,1,214047,13270,3341,2377,1670,3090,2374,1169,100,100,0,501,3341;
@400000005e8c248308a84393 #d,-,18,3342,2377,1242,210,1,214160,13277,3342,2379,1438,3341,2375,1242,97,100,0,501,3445;
@400000005e8c248308b300d6 #d,-,18,2904,2376,1612,211,1,214171,13278,3342,2379,1641,2904,2376,1166,98,100,0,501,2954;
@400000005e8c248508c45697 #d,-,18,3671,2380,1319,212,1,214271,13284,3671,2380,1612,2904,2376,1319,100,100,0,501,3671;
@400000005e8c248508cf3be7 #d,-,18,3072,2380,1157,213,1,214241,13282,3671,2381,1319,3072,2378,1157,97,100,0,501,3141;
@400000005e8c248708e0858c #d,-,18,2755,2380,1176,213,1,214173,13278,3072,2382,1179,2755,2379,1140,98,100,0,501,2797;
@400000005e8c248708eb85dd #d,-,18,2756,2380,1163,214,1,214107,13274,2756,2382,1192,2755,2379,1148,98,100,0,501,2801;
@400000005e8c248908fe4a8f #d,-,18,2753,2380,1175,215,1,214040,13270,2756,2382,1175,2753,2378,1161,99,100,0,501,2760;
@400000005e8c2489090a703f #d,-,18,2752,2381,1164,216,1,213974,13266,2753,2382,1176,2752,2379,1160,98,100,0,501,2780;
@400000005e8c248909139774 #d,-,18,2751,2380,1164,216,1,213908,13262,2752,2381,1169,2751,2376,1164,99,100,0,501,2773;
@400000005e8c248b0923fb0f #d,-,18,2751,2380,1167,217,1,213933,13263,2751,2380,1197,2751,2377,1164,99,100,0,501,2778;
@400000005e8c248b092ead26 #d,-,18,2753,2376,1167,218,1,213787,13254,2753,2380,1167,2751,2375,1159,98,100,0,501,2799;
@400000005e8c248d093f9d63 #d,-,18,2752,2378,1166,219,1,213722,13250,2753,2379,1168,2752,2376,1165,99,100,0,501,2773;
@400000005e8c248d094a285c #d,-,18,2750,2377,1166,219,1,213659,13246,2752,2380,1166,2750,2377,1165,99,100,0,501,2774;
@400000005e8c248f095aedc2 #d,-,18,2750,2378,1166,220,1,213595,13242,2750,2379,1167,2750,2375,1163,99,100,0,501,2774;
@400000005e8c248f096541c8 #d,-,18,2749,2377,1182,221,1,213540,13239,2750,2379,1196,2749,2376,1164,99,100,0,501,2773;
@400000005e8c249109761abc #d,-,18,2751,2378,1165,222,1,213476,13235,2751,2378,1182,2749,2373,1159,98,100,0,501,2799;
@400000005e8c249109809227 #d,-,18,2750,2377,1166,223,1,213414,13231,2751,2379,1167,2750,2376,1165,99,100,0,501,2774;
@400000005e8c2493099097b2 #d,-,18,2749,2376,1165,223,1,213352,13227,2750,2378,1168,2749,2374,1165,99,100,0,501,2773;
@400000005e8c2493099bab93 #d,-,18,2749,2378,1166,224,1,213291,13224,2749,2378,1167,2749,2376,1165,99,100,0,501,2774;
@400000005e8c249509aca343 #d,-,18,2748,2376,1196,225,1,213238,13220,2749,2379,1198,2748,2374,1165,99,100,0,501,2773;
@400000005e8c249509b76175 #d,-,18,2750,2379,1165,226,1,213255,13221,2750,2379,1196,2748,2376,1157,98,100,0,501,2801;
@400000005e8c249709c81abf #d,-,18,2749,2377,1166,226,1,213117,13213,2750,2380,1166,2749,2375,1163,99,100,0,501,2771;
@400000005e8c249709d2ec80 #d,-,18,2748,2379,1166,227,1,213133,13214,2749,2379,1167,2748,2376,1164,99,100,0,501,2773;
@400000005e8c249909e3f7bf #d,-,18,2747,2377,1163,228,1,212996,13205,2748,2380,1166,2747,2377,1163,99,100,0,501,2771;
@400000005e8c249909ee6b70 #d,-,18,2747,2378,1194,229,1,212942,13202,2747,2380,1195,2747,2375,1163,99,100,0,501,2769;
@400000005e8c249b09ff91b1 #d,-,18,2749,2380,1164,229,1,212885,13198,2749,2380,1195,2747,2378,1156,98,100,0,501,2797;
@400000005e8c249b0a0a1536 #d,-,18,2747,2381,1163,230,1,212826,13195,2749,2381,1165,2747,2378,1162,99,100,0,501,2767;
@400000005e8c249d0a133d5a #d,-,18,2746,2377,1666,231,1,212941,13202,2747,2381,1666,2746,2375,1162,99,100,0,501,2769;
@400000005e8c249d0a172d0b #d,-,18,3567,2378,1343,232,1,212983,13204,3567,2378,1674,2746,2375,1343,100,100,0,502,3567;
@400000005e8c249f0a21fecc #d,-,18,3161,2376,1266,233,1,212997,13205,3567,2378,1343,3161,2375,1250,98,100,0,501,3209;
@400000005e8c249f0a27af62 #d,-,18,3166,2374,1479,234,1,213220,13219,3166,2378,1655,3161,2373,1241,99,100,0,501,3178;
@400000005e8c24a10a386139 #d,-,18,3498,2376,1281,235,1,213203,13218,3498,2377,1479,3166,2374,1281,97,100,0,501,3582;
@400000005e8c24a10a43e211 #d,-,18,2968,2375,1643,235,1,213239,13220,3498,2377,1643,2968,2373,1172,97,100,0,501,3031;
@400000005e8c24a30a55eb90 #d,-,18,3537,2377,1366,236,1,213373,13229,3537,2377,1658,2968,2373,1366,100,100,0,501,3537;
@400000005e8c24a30a5df210 #d,-,18,3190,2378,1209,237,1,213370,13228,3537,2378,1366,3190,2374,1204,97,100,0,501,3258;
@400000005e8c24a50a6af29c #d,-,18,3186,2375,1477,238,1,213514,13237,3190,2378,1651,3186,2374,1199,100,100,0,501,3186;
@400000005e8c24a50a757621 #d,-,18,3484,2376,1270,239,1,213566,13241,3484,2377,1477,3186,2373,1270,97,100,0,501,3570;
@400000005e8c24a70a816c52 #d,-,18,2950,2374,1649,240,1,213679,13248,3484,2378,1649,2950,2373,1170,97,100,0,501,3015;
@400000005e8c24a70a8cf1d1 #d,-,18,3553,2375,1360,241,1,213731,13251,3553,2377,1654,2950,2372,1360,100,100,0,501,3553;
@400000005e8c24a90a9cb808 #d,-,18,3182,2376,1195,242,1,213797,13255,3553,2378,1360,3182,2374,1194,97,100,0,501,3249;
@400000005e8c24a90aa7763a #d,-,18,3183,2375,1463,243,1,213869,13259,3183,2378,1671,3182,2372,1193,100,100,0,501,3183;
@400000005e8c24ab0ab3fdb4 #d,-,18,3460,2377,1267,244,1,213918,13262,3460,2377,1463,3183,2374,1267,97,100,0,501,3554;
@400000005e8c24ab0abb7b4c #d,-,18,2943,2372,1653,244,1,213961,13265,3460,2378,1653,2943,2372,1171,97,100,0,501,3006;
@400000005e8c24ad0acbb056 #d,-,18,3570,2374,1353,246,1,214074,13272,3570,2376,1656,2943,2370,1353,100,100,0,501,3570;
@400000005e8c24ad0ad6467c #d,-,18,3165,2375,1190,246,1,214068,13272,3570,2377,1353,3165,2374,1190,98,100,0,501,3226;
@400000005e8c24af0ae769f2 #d,-,18,3162,2374,1486,247,1,214206,13280,3165,2376,1682,3162,2370,1179,100,100,0,501,3162;
@400000005e8c24af0af23351 #d,-,18,3493,2375,1287,248,1,214256,13283,3493,2376,1486,3162,2373,1287,97,100,0,501,3588;
@400000005e8c24b10b02c1c4 #d,-,18,2970,2376,1138,249,1,214209,13280,3493,2376,1287,2970,2372,1138,97,100,0,501,3031;
@400000005e8c24b10b0d454a #d,-,18,2707,2376,1185,250,1,214151,13277,2970,2377,1197,2707,2374,1137,98,100,0,501,2744;
@400000005e8c24b30b1d65d8 #d,-,18,2713,2375,1169,251,1,214091,13273,2713,2377,1185,2707,2372,1151,97,100,0,501,2787;
@400000005e8c24b30b289101 #d,-,18,2719,2376,1155,251,1,214038,13270,2719,2377,1194,2713,2374,1155,97,100,0,501,2783;
@400000005e8c24b50b3936bc #d,-,18,2721,2374,1164,252,1,213979,13266,2721,2377,1165,2719,2372,1155,97,100,0,501,2778;
@400000005e8c24b50b43ed7b #d,-,18,2723,2375,1162,253,1,213921,13263,2723,2377,1166,2721,2373,1162,98,100,0,501,2765;
@400000005e8c24b70b551fd7 #d,-,18,2724,2375,1161,254,1,213862,13259,2724,2377,1164,2723,2374,1161,98,100,0,501,2764;
@400000005e8c24b70b5f9388 #d,-,18,2725,2375,1162,254,1,213804,13255,2725,2377,1164,2724,2374,1161,98,100,0,501,2762;
@400000005e8c24b90b70b256 #d,-,18,2728,2377,1159,255,1,213822,13257,2728,2378,1194,2725,2374,1159,98,100,0,501,2771;
@400000005e8c24b90b7b224d #d,-,18,2730,2376,1161,256,1,213695,13249,2730,2378,1164,2728,2375,1156,98,100,0,501,2781;
@400000005e8c24bb0b8c5fd6 #d,-,18,2731,2376,1163,257,1,213638,13245,2731,2376,1164,2730,2373,1161,98,100,0,501,2764;
@400000005e8c24bb0b96ef78 #d,-,18,2731,2377,1162,257,1,213582,13242,2731,2377,1164,2731,2374,1161,98,100,0,501,2762;
@400000005e8c24bd0ba7274e #d,-,18,2731,2376,1162,258,1,213525,13238,2731,2377,1163,2731,2374,1161,98,100,0,501,2764;
@400000005e8c24bd0bb29585 #d,-,18,2732,2375,1168,259,1,213545,13239,2732,2378,1194,2731,2375,1162,98,100,0,501,2767;
@400000005e8c24bf0bc379a6 #d,-,18,2735,2376,1161,260,1,213420,13232,2735,2378,1168,2732,2375,1154,98,100,0,501,2787;
@400000005e8c24bf0bce37d8 #d,-,18,2734,2377,1162,260,1,213364,13228,2735,2378,1163,2734,2375,1161,98,100,0,501,2762;
@400000005e8c24c10bdf4317 #d,-,18,2734,2376,1160,261,1,213309,13225,2734,2378,1163,2734,2375,1160,98,100,0,501,2762;
@400000005e8c24c10be9c1f5 #d,-,18,2733,2377,1161,262,1,213253,13221,2734,2377,1164,2733,2372,1160,99,100,0,501,2760;
@400000005e8c24c30bfb4646 #d,-,18,2733,2375,1184,263,1,213205,13218,2733,2377,1193,2733,2374,1161,99,100,0,501,2760;
@400000005e8c24c30c05bae5 #d,-,18,2736,2374,1161,263,1,213150,13215,2736,2376,1184,2733,2372,1154,98,100,0,501,2787;
@400000005e8c24c50c16dd6d #d,-,18,2735,2373,1161,264,1,213095,13211,2736,2376,1163,2735,2373,1161,99,100,0,501,2760;
@400000005e8c24c50c214148 #d,-,18,2734,2374,1165,265,1,213108,13212,2735,2376,1165,2734,2370,1161,99,100,0,501,2760;
@400000005e8c24c70c3161d6 #d,-,18,2734,2372,1163,266,1,212988,13205,2734,2375,1165,2734,2371,1160,98,100,0,501,2762;
@400000005e8c24c70c3cb063 #d,-,18,2733,2371,1196,266,1,212942,13202,2734,2374,1197,2733,2369,1162,99,100,0,501,2760;
@400000005e8c24c90c4bf349 #d,-,18,2895,2370,1595,267,1,213044,13208,2895,2373,1676,2733,2367,1156,100,100,0,501,2895;
@400000005e8c24c90c56f39b #d,-,18,3588,2369,1320,268,1,213099,13212,3588,2372,1595,2895,2369,1320,98,100,0,501,3650;
@400000005e8c24cb0c68645d #d,-,18,3083,2371,1358,269,1,213160,13215,3588,2374,1358,3083,2368,1182,98,100,0,501,3136;
@400000005e8c24cb0c732a03 #d,-,18,3385,2372,1425,270,1,213248,13221,3385,2374,1660,3083,2370,1358,100,100,0,501,3385;
@400000005e8c24cd0c845044 #d,-,18,3310,2374,1265,271,1,213274,13222,3385,2375,1425,3310,2370,1265,97,100,0,501,3397;
@400000005e8c24cd0c8f0e76 #d,-,18,2958,2374,1598,272,1,213362,13228,3310,2376,1657,2958,2371,1164,99,100,0,501,2979;
@400000005e8c24cf0ca1b825 #d,-,18,3653,2375,1315,273,1,213433,13232,3653,2375,1598,2958,2371,1315,99,100,0,501,3686;
@400000005e8c24cf0cad1dfb #d,-,18,3060,2374,1442,274,1,213424,13232,3653,2376,1442,3060,2372,1160,97,100,0,501,3128;
@400000005e8c24d10cbdd38b #d,-,18,3385,2372,1415,275,1,213567,13241,3385,2374,1656,3060,2369,1415,100,100,0,501,3385;
@400000005e8c24d10cc833ad #d,-,18,3284,2374,1252,275,1,213586,13242,3385,2374,1415,3284,2371,1252,97,100,0,501,3369;
@400000005e8c24d30cd8b9be #d,-,18,2989,2374,1580,276,1,213679,13248,3284,2376,1655,2989,2371,1173,99,100,0,501,2993;
@400000005e8c24d30ce4084b #d,-,18,3618,2375,1307,277,1,213742,13252,3618,2376,1580,2989,2372,1307,98,100,0,501,3668;
@400000005e8c24d50cf394c4 #d,-,18,3042,2373,1546,278,1,213741,13251,3618,2377,1546,3042,2373,1159,97,100,0,501,3109;
@400000005e8c24d50cfe89e9 #d,-,18,3423,2375,1396,279,1,213873,13260,3423,2376,1656,3042,2372,1396,100,100,0,501,3423;
@400000005e8c24d70d0f3ad1 #d,-,18,3265,2375,1230,280,1,213951,13264,3423,2375,1396,3265,2372,1230,97,100,0,501,3342;
@400000005e8c24d70d1a0165 #d,-,18,3024,2372,1552,281,1,213988,13267,3265,2375,1661,3024,2371,1191,100,100,0,501,3024;
@400000005e8c24d90d274b84 #d,-,18,3593,2374,1309,282,1,214045,13270,3593,2375,1552,3024,2372,1309,98,100,0,501,3657;
@400000005e8c24d90d2e7f89 #d,-,18,3027,2373,1574,283,1,214048,13271,3593,2375,1574,3027,2371,1161,97,100,0,501,3093;
@400000005e8c24db0d3e7186 #d,-,18,3453,2372,1400,284,1,214175,13278,3453,2374,1661,3027,2371,1400,100,100,0,501,3453;
@400000005e8c24db0d490038 #d,-,18,3257,2374,1218,284,1,214188,13279,3453,2374,1400,3257,2371,1218,97,100,0,501,3328;
@400000005e8c24dd0d59ecbc #d,-,18,2860,2373,1144,285,1,214197,13280,3257,2375,1218,2860,2370,1137,97,100,0,501,2922;
@400000005e8c24dd0d649670 #d,-,18,2623,2376,1148,286,1,214064,13272,2860,2376,1164,2623,2373,1066,98,100,0,501,2669;
@400000005e8c24df0d75b53e #d,-,18,2704,2372,1208,287,1,214012,13268,2704,2376,1208,2623,2372,1140,99,100,0,501,2724;
@400000005e8c24df0d803151 #d,-,18,2777,2374,1162,287,1,213963,13265,2777,2377,1211,2704,2372,1153,98,100,0,501,2806;
@400000005e8c24e10d90ceaa #d,-,18,2771,2375,1166,288,1,213914,13262,2777,2376,1170,2771,2374,1162,100,100,0,501,2771;
@400000005e8c24e10d9c05ef #d,-,18,2771,2375,1162,289,1,213870,13259,2771,2376,1200,2771,2371,1160,99,100,0,501,2796;
@400000005e8c24e30dacf62c #d,-,18,2768,2374,1167,290,1,213822,13256,2771,2376,1170,2768,2373,1162,99,100,0,501,2780;
@400000005e8c24e30db7cba6 #d,-,18,2765,2373,1167,291,1,213773,13253,2768,2375,1169,2765,2371,1166,99,100,0,501,2774;
@400000005e8c24e50dc90576 #d,-,18,2762,2374,1166,291,1,213725,13250,2765,2376,1169,2762,2373,1166,99,100,0,501,2773;
@400000005e8c24e50dd38189 #d,-,18,2760,2376,1166,292,1,213736,13251,2762,2376,1170,2760,2370,1166,99,100,0,501,2774;
@400000005e8c24e70de4c2cc #d,-,18,2760,2376,1159,293,1,213633,13245,2760,2376,1198,2760,2374,1159,99,100,0,501,2783;
@400000005e8c24e70def4afa #d,-,18,2758,2374,1169,294,1,213586,13242,2760,2376,1169,2758,2371,1159,98,100,0,501,2787;
@400000005e8c24e90e0074f4 #d,-,18,2756,2375,1166,294,1,213538,13239,2758,2375,1169,2756,2373,1166,99,100,0,501,2773;
@400000005e8c24e90e0ad8d0 #d,-,18,2754,2371,1168,295,1,213490,13236,2756,2376,1168,2754,2371,1166,99,100,0,501,2771;
@400000005e8c24eb0e1c271d #d,-,18,2753,2372,1166,296,1,213444,13233,2754,2375,1170,2753,2371,1166,99,100,0,501,2773;
@400000005e8c24eb0e269ace #d,-,18,2753,2373,1165,297,1,213403,13230,2753,2375,1198,2753,2372,1165,99,100,0,501,2776;
@400000005e8c24ed0e36bf15 #d,-,18,2753,2374,1167,297,1,213414,13231,2753,2375,1170,2753,2371,1159,98,100,0,501,2792;
@400000005e8c24ed0e420da2 #d,-,18,2752,2375,1166,298,1,213308,13225,2753,2376,1167,2752,2373,1165,99,100,0,501,2771;
@400000005e8c24ef0e535835 #d,-,18,2750,2376,1165,299,1,213261,13222,2752,2376,1167,2750,2373,1165,99,100,0,501,2771;
@400000005e8c24ef0e5e0692 #d,-,18,2749,2376,1166,300,1,213215,13219,2750,2376,1167,2749,2374,1165,99,100,0,501,2769;
@400000005e8c24f10e6f6ef3 #d,-,18,2748,2375,1178,300,1,213175,13216,2749,2376,1196,2748,2374,1165,99,100,0,501,2771;
@400000005e8c24f10e7a09c1 #d,-,18,2750,2374,1165,301,1,213129,13214,2750,2377,1178,2748,2374,1159,98,100,0,501,2796;
@400000005e8c24f30e8b92bb #d,-,18,2748,2375,1164,302,1,213083,13211,2750,2377,1166,2748,2374,1163,99,100,0,501,2769;
@400000005e8c24f30e97905f #d,-,18,2747,2376,1166,303,1,213037,13208,2748,2377,1166,2747,2374,1163,99,100,0,501,2769;
@400000005e8c24f50ea8e61f #d,-,18,3298,2375,1392,304,1,213167,13216,3298,2376,1673,2747,2372,1166,100,100,0,501,3298;
@400000005e8c24f50eb38d09 #d,-,18,3299,2375,1312,304,1,213201,13218,3299,2376,1398,3298,2373,1312,96,100,0,501,3404;
@400000005e8c24f70ec3bd6b #d,-,18,2986,2373,1663,305,1,213261,13222,3299,2376,1665,2986,2371,1195,98,100,0,501,3041;
@400000005e8c24f70ece92e6 #d,-,18,3633,2374,1345,306,1,213345,13227,3633,2375,1663,2986,2372,1345,100,100,0,501,3633;
@400000005e8c24f90edf2513 #d,-,18,3131,2376,1164,307,1,213390,13230,3633,2376,1345,3131,2372,1164,97,100,0,501,3200;
@400000005e8c24f90eea7b13 #d,-,18,3260,2373,1444,308,1,213457,13234,3260,2376,1658,3131,2371,1159,100,100,0,501,3260;
@400000005e8c24fb0ef93069 #d,-,18,3387,2372,1279,309,1,213489,13236,3387,2375,1444,3260,2370,1279,97,100,0,501,3479;
@400000005e8c24fb0f0415b9 #d,-,18,2922,2373,1650,310,1,213547,13239,3387,2376,1656,2922,2371,1154,97,100,0,501,2990;
Lost connection at /opt/powertools/bin/wattsup1 line 220.
	main::failure('Lost connection') called at /opt/powertools/bin/wattsup1 line 271
	main::recv_msg() called at /opt/powertools/bin/wattsup1 line 504
