@400000005e3180872441d47a #v,-,8,2,261786,5,2,4,57,200810261703,0;
@400000005e3180881293052b #h,-,18,W,V,A,WH,Cost,WH/Mo,Cost/Mo,Wmax,Vmax,Amax,Wmin,Vmin,Amin,PF,DC,PC,Hz,VA;
@400000005e31808818a11d9c #f,-,48,214,436,1,4775,0,0,65533,0,199,810,237,17949,177,311,4753,4,92217,151,32123,69906,40,694,17008,0,93,1,4659,0,0,65533,0,199,822,242,18484,171,318,5362,2,92206,150,32190,70407,42,536,17029,0,92;
@400000005e31808a18b36582 #d,-,18,2688,2348,1212,1,0,188134,11664,2691,2351,1233,2688,2348,1209,92,100,0,500,2917;
@400000005e31808c18c1054f #d,-,18,2683,2348,1209,2,0,188668,11697,2688,2349,1216,2683,2347,1209,92,100,0,500,2893;
@400000005e31808c18c9db7e #d,-,18,2678,2351,1212,2,0,188880,11710,2683,2351,1214,2678,2348,1207,92,100,0,500,2893;
@400000005e31808e18d773d8 #d,-,18,2672,2351,1202,3,0,188789,11704,2678,2351,1212,2672,2351,1202,92,100,0,500,2881;
@400000005e31808e18dffadd #d,-,18,2667,2350,1208,4,0,188821,11706,2672,2351,1211,2667,2350,1202,92,100,0,500,2881;
@400000005e31809018ec4f1e #d,-,18,2662,2349,1201,5,0,188743,11702,2667,2351,1208,2662,2349,1200,92,100,0,500,2877;
@400000005e31809018f55024 #d,-,18,2657,2350,1202,5,0,188667,11697,2662,2350,1207,2657,2349,1201,92,100,0,500,2872;
@400000005e3180921902d8a9 #d,-,18,2652,2353,1199,6,0,188561,11690,2657,2353,1205,2652,2349,1198,92,100,0,500,2872;
@400000005e318092190b92e7 #d,-,18,2647,2350,1196,7,0,188391,11680,2652,2353,1201,2647,2349,1191,92,100,0,500,2865;
@400000005e3180941918aabc #d,-,18,2642,2351,1198,7,0,188251,11671,2647,2352,1200,2642,2350,1195,92,100,0,500,2855;
@400000005e318094192149f8 #d,-,18,2637,2353,1195,8,0,188146,11665,2642,2353,1201,2637,2351,1193,92,100,0,500,2858;
@400000005e318096192e174b #d,-,18,2632,2352,1190,9,0,187992,11655,2637,2353,1197,2632,2351,1188,92,100,0,500,2853;
@400000005e3180961937659e #d,-,18,2627,2356,1193,10,0,187869,11647,2632,2356,1195,2627,2352,1188,92,100,0,500,2846;
@400000005e318098194502a0 #d,-,18,2623,2353,1190,10,0,187754,11640,2627,2356,1196,2623,2353,1188,92,100,0,500,2848;
@400000005e318098194de042 #d,-,18,2620,2351,1194,11,0,187652,11634,2623,2353,1197,2620,2351,1190,91,100,0,500,2848;
@400000005e31809a195b26a7 #d,-,18,2616,2353,1190,12,0,187554,11628,2620,2354,1195,2616,2351,1188,91,100,0,500,2848;
@400000005e31809a19640f76 #d,-,18,2614,2354,1195,12,0,187498,11624,2616,2357,1197,2614,2353,1190,91,100,0,500,2851;
@400000005e31809c1970d910 #d,-,18,2611,2351,1191,13,0,188385,11679,2614,2354,1195,2611,2351,1185,91,100,0,500,2851;
@400000005e31809c19798f94 #d,-,18,2608,2356,1186,14,0,187304,11612,2611,2356,1193,2608,2351,1185,91,100,0,500,2841;
@400000005e31809e19864958 #d,-,18,2605,2354,1192,15,0,187220,11607,2608,2357,1193,2605,2353,1185,91,100,0,500,2841;
@400000005e31809e198e9a59 #d,-,18,2602,2353,1185,15,0,187998,11655,2605,2355,1194,2602,2353,1183,91,100,0,500,2843;
@400000005e3180a0199c3a27 #d,-,18,2601,2351,1186,16,0,187069,11598,2602,2353,1191,2601,2351,1184,91,100,0,500,2843;
@400000005e3180a019a4c21a #d,-,18,2597,2350,1183,17,0,186958,11591,2601,2352,1188,2597,2350,1180,91,100,0,500,2829;
@400000005e3180a219b20880 #d,-,18,2594,2355,1186,18,0,186878,11586,2597,2355,1188,2594,2350,1182,91,100,0,500,2829;
@400000005e3180a219baf23d #d,-,18,2592,2354,1186,18,0,186811,11582,2594,2356,1189,2592,2354,1181,91,100,0,500,2834;
@400000005e3180a419c885ef #d,-,18,2591,2354,1185,19,0,186753,11578,2592,2355,1190,2591,2353,1185,91,100,0,500,2841;
@400000005e3180a419d14c49 #d,-,18,2589,2354,1190,20,0,186710,11576,2591,2355,1191,2589,2352,1184,91,100,0,500,2836;
@400000005e3180a619decd5b #d,-,18,2589,2356,1187,20,0,187296,11612,2589,2356,1190,2589,2352,1183,91,100,0,500,2841;
@400000005e3180a619e783df #d,-,18,2587,2353,1186,21,0,186599,11569,2589,2356,1190,2587,2353,1181,91,100,0,500,2839;
@400000005e3180a819f34b7f #d,-,18,2586,2356,1186,22,0,186542,11565,2587,2356,1189,2586,2353,1182,91,100,0,500,2836;
@400000005e3180a819fc353c #d,-,18,2585,2356,1185,23,0,186497,11562,2586,2357,1189,2585,2355,1183,91,100,0,500,2839;
@400000005e3180aa1a09d150 #d,-,18,2584,2357,1188,23,0,186463,11560,2585,2359,1193,2584,2356,1183,91,100,0,500,2839;
@400000005e3180aa1a12d9c9 #d,-,18,2584,2355,1182,24,0,186424,11558,2584,2358,1190,2584,2354,1182,90,100,0,500,2841;
@400000005e3180ac1a1fe1c9 #d,-,18,2582,2358,1179,25,0,186358,11554,2584,2358,1182,2582,2355,1178,91,100,0,500,2836;
@400000005e3180ac1a291c8d #d,-,18,2581,2358,1182,25,0,186307,11551,2582,2359,1184,2581,2356,1179,91,100,0,500,2825;
@400000005e3180ae1a369271 #d,-,18,2579,2358,1191,26,0,186267,11548,2581,2358,1192,2579,2356,1178,91,100,0,500,2832;
@400000005e3180ae1a3f5c85 #d,-,18,2580,2359,1188,27,0,186251,11547,2580,2359,1192,2579,2358,1186,90,100,0,500,2846;
@400000005e3180b01a4c683e #d,-,18,2580,2359,1187,28,0,186229,11546,2580,2360,1190,2580,2357,1184,90,100,0,500,2843;
@400000005e3180b01a557be4 #d,-,18,2581,2357,1179,28,0,186651,11572,2581,2359,1189,2580,2356,1176,90,100,0,500,2843;
@400000005e3180b21a62de3a #d,-,18,2579,2359,1179,29,0,186129,11540,2581,2359,1181,2579,2356,1177,91,100,0,500,2827;
@400000005e3180b21a6b84e9 #d,-,18,2576,2359,1176,30,0,186513,11563,2579,2359,1181,2576,2359,1173,91,100,0,500,2820;
@400000005e3180b41a78dede #d,-,18,2574,2358,1183,30,0,186025,11533,2576,2359,1183,2574,2358,1176,91,100,0,500,2822;
@400000005e3180b41a81b8c6 #d,-,18,2573,2357,1173,31,0,186387,11556,2574,2360,1186,2573,2357,1172,91,100,0,500,2822;
@400000005e3180b61a8f6fdc #d,-,18,2570,2356,1171,32,0,186308,11551,2573,2357,1175,2570,2356,1170,91,100,0,500,2815;
@400000005e3180b61a982b09 #d,-,18,2567,2356,1189,32,0,186244,11547,2570,2356,1189,2567,2355,1171,91,100,0,500,2808;
@400000005e3180b81aa52e60 #d,-,18,2566,2356,1179,33,0,186195,11544,2567,2356,1196,2566,2354,1173,90,100,0,500,2825;
@400000005e3180b81aae1464 #d,-,18,2566,2357,1174,34,0,186134,11540,2566,2357,1182,2566,2356,1174,90,100,0,500,2822;
@400000005e3180ba1abafcb9 #d,-,18,2564,2358,1179,35,0,186078,11536,2566,2359,1179,2564,2356,1174,91,100,0,500,2815;
@400000005e3180ba1ac3edea #d,-,18,2563,2358,1175,35,0,185653,11510,2564,2358,1181,2563,2357,1174,90,100,0,500,2820;
@400000005e3180bc1ad1cc1d #d,-,18,2562,2357,1178,36,0,185620,11508,2563,2358,1188,2562,2356,1173,90,100,0,500,2817;
@400000005e3180bc1ada8b04 #d,-,18,2562,2357,1175,37,0,185580,11505,2562,2357,1183,2562,2356,1175,90,100,0,500,2825;
@400000005e3180be1ae78aa1 #d,-,18,2562,2357,1180,37,0,185541,11503,2562,2357,1182,2562,2357,1173,90,100,0,500,2820;
@400000005e3180be1af05d16 #d,-,18,2561,2355,1173,38,0,185501,11501,2562,2357,1181,2561,2355,1171,90,100,0,500,2815;
@400000005e3180c01afd9b1a #d,-,18,2560,2358,1176,39,0,185463,11498,2561,2358,1177,2560,2355,1173,90,100,0,500,2815;
@400000005e3180c01b066174 #d,-,18,2559,2360,1180,40,0,185439,11497,2560,2360,1186,2559,2358,1172,90,100,0,500,2815;
@400000005e3180c21b13758e #d,-,18,2561,2359,1181,40,0,185430,11496,2561,2360,1186,2559,2359,1180,90,100,0,500,2834;
@400000005e3180c21b1cb7c6 #d,-,18,2563,2359,1181,41,0,185412,11495,2563,2360,1182,2561,2359,1177,90,100,0,500,2832;
@400000005e3180c41b28f104 #d,-,18,2564,2361,1180,42,0,185397,11494,2564,2361,1183,2563,2359,1178,90,100,0,500,2827;
@400000005e3180c41b31ab42 #d,-,18,2564,2358,1183,42,0,185380,11493,2564,2361,1183,2564,2357,1178,90,100,0,500,2827;
@400000005e3180c61c22be48 #d,-,18,2565,2358,1176,43,0,185355,11492,2565,2359,1183,2564,2358,1174,90,100,0,500,2832;
@400000005e3180c61cc63a0e #d,-,18,2563,2354,1183,44,0,185318,11489,2565,2359,1183,2563,2354,1171,91,100,0,500,2815;
@400000005e3180c81cecf7b5 #d,-,18,3034,2352,2229,45,0,187198,11606,3034,2355,2312,2563,2351,1183,95,100,0,500,3168;
@400000005e3180c81cf6fe6f #d,-,18,4836,2353,2151,46,0,190062,11783,4836,2353,2229,3034,2352,2106,97,100,0,500,4950;
@400000005e3180ca1d069abd #d,-,18,4832,2352,1976,48,0,192225,11917,4836,2354,2155,4832,2352,1955,96,100,0,500,5007;
@400000005e3180ca1d11c22c #d,-,18,4551,2352,1930,49,0,193937,12024,4832,2353,1978,4551,2351,1920,97,100,0,500,4690;
@400000005e3180cc1d225813 #d,-,18,4548,2352,1977,50,0,195931,12147,4551,2353,1998,4548,2351,1930,97,100,0,500,4671;
@400000005e3180cc1d2d2d8d #d,-,18,4549,2354,1980,51,0,198157,12285,4549,2354,1987,4548,2352,1974,96,100,0,500,4699;
@400000005e3180ce1d3d8c81 #d,-,18,4551,2352,1984,53,0,199757,12384,4551,2354,1991,4549,2351,1980,96,100,0,500,4711;
@400000005e3180ce1d48a061 #d,-,18,4554,2352,1990,54,0,201596,12498,4554,2353,1991,4551,2352,1983,96,100,0,500,4718;
@400000005e3180d01d58b97c #d,-,18,4559,2353,1996,55,0,203399,12610,4559,2353,1999,4554,2351,1987,96,100,0,500,4730;
@400000005e3180d01d6373f4 #d,-,18,4563,2353,1990,57,0,205158,12719,4563,2353,1997,4559,2353,1989,96,100,0,500,4735;
@400000005e3180d21d729376 #d,-,18,4567,2354,1992,58,0,206863,12825,4567,2355,1997,4563,2353,1983,96,100,0,500,4737;
@400000005e3180d21d7c3777 #d,-,18,4570,2356,1997,59,0,208529,12928,4570,2357,1998,4567,2354,1986,96,100,0,500,4730;
@400000005e3180d41d8c6c82 #d,-,18,4574,2358,1997,60,0,210161,13030,4574,2358,2001,4570,2356,1995,96,100,0,500,4749;
@400000005e3180d41d968222 #d,-,18,4579,2357,1989,62,0,211743,13128,4579,2358,1997,4574,2356,1989,96,100,0,500,4749;
@400000005e3180d61da5f399 #d,-,18,4581,2359,1990,63,0,213282,13223,4581,2359,1998,4579,2356,1989,96,100,0,500,4742;
@400000005e3180d61db0a1f6 #d,-,18,4584,2355,1995,64,0,214783,13316,4584,2359,1995,4581,2355,1989,96,100,0,500,4740;
@400000005e3180d81dc097ad #d,-,18,4586,2357,1999,66,0,216245,13407,4586,2358,1999,4584,2355,1988,96,100,0,500,4742;
@400000005e3180d81dcb12d0 #d,-,18,4588,2353,2002,67,0,217681,13496,4588,2357,2003,4586,2352,1995,96,100,0,500,4747;
@400000005e3180da1dda55b6 #d,-,18,4590,2356,2001,68,0,219348,13599,4590,2356,2003,4588,2352,1996,96,100,0,500,4751;
@400000005e3180da1de54da6 #d,-,18,4594,2352,2008,69,0,220727,13685,4594,2356,2011,4590,2352,2001,96,100,0,500,4756;
@400000005e3180dc1df53be9 #d,-,18,4598,2352,2007,71,0,222071,13768,4598,2354,2011,4594,2352,2004,96,100,0,500,4770;
@400000005e3180dc1e00027d #d,-,18,4601,2354,2001,72,0,223114,13833,4601,2354,2008,4598,2351,2001,96,100,0,500,4763;
@400000005e3180de1e0fbd87 #d,-,18,4604,2354,2004,73,0,224660,13928,4604,2354,2010,4601,2351,1999,96,100,0,500,4763;
@400000005e3180de1e1a3d53 #d,-,18,4607,2353,2001,74,0,225650,13990,4607,2354,2012,4604,2353,2001,96,100,0,500,4766;
@400000005e3180e01e2a5de1 #d,-,18,4609,2353,2005,76,0,226872,14066,4609,2354,2007,4607,2353,2000,96,100,0,500,4763;
@400000005e3180e01e34fc69 #d,-,18,4610,2352,2006,77,0,228323,14156,4610,2354,2006,4609,2352,1999,96,100,0,500,4761;
@400000005e3180e21e44eaab #d,-,18,4612,2353,2012,78,0,229496,14228,4612,2354,2013,4610,2352,2005,96,100,0,500,4761;
@400000005e3180e21e4f71eb #d,-,18,4614,2352,2011,80,0,230645,14299,4614,2353,2014,4612,2352,2004,96,100,0,500,4773;
@400000005e3180e41e5ecfd3 #d,-,18,4616,2353,2009,81,0,231763,14369,4616,2353,2013,4614,2352,2003,96,100,0,500,4768;
@400000005e3180e41e68e1ba #d,-,18,4618,2351,2012,82,0,232861,14437,4618,2353,2013,4616,2351,2006,96,100,0,500,4770;
@400000005e3180e61e78d770 #d,-,18,4619,2349,2010,83,0,233680,14488,4619,2351,2013,4618,2349,2005,96,100,0,500,4768;
@400000005e3180e61e8385cd #d,-,18,4620,2352,2005,85,0,234729,14553,4620,2352,2012,4619,2349,2005,96,100,0,500,4768;
@400000005e3180e81e93457f #d,-,18,4622,2349,2016,86,0,235768,14617,4622,2352,2021,4620,2349,2004,96,100,0,500,4768;
@400000005e3180e81e9e55a6 #d,-,18,4625,2348,2018,87,0,236791,14681,4625,2349,2024,4622,2348,2013,96,100,0,500,4789;
@400000005e3180ea1ead5937 #d,-,18,4628,2350,2022,89,0,237789,14742,4628,2351,2022,4625,2348,2011,96,100,0,500,4782;
@400000005e3180ea1eb78e82 #d,-,18,4630,2348,2019,90,0,238769,14803,4630,2350,2022,4628,2348,2016,96,100,0,500,4785;
@400000005e3180ec1ec6c906 #d,-,18,4632,2348,2021,91,0,239724,14862,4632,2349,2022,4630,2348,2011,96,100,0,500,4785;
@400000005e3180ec1ed0f235 #d,-,18,4633,2351,2016,93,0,240662,14921,4633,2351,2021,4632,2347,2013,97,100,0,500,4775;
@400000005e3180ee1ede96ab #d,-,18,4634,2348,2018,94,0,241821,14992,4634,2351,2021,4633,2348,2012,96,100,0,500,4782;
@400000005e3180ee1ee8147d #d,-,18,4635,2351,2015,95,0,242480,15033,4635,2351,2022,4634,2348,2010,96,100,0,500,4780;
@400000005e3180f01ef7f2eb #d,-,18,4636,2348,2017,96,0,243600,15103,4636,2351,2020,4635,2347,2012,96,100,0,500,4780;
@400000005e3180f01f026e0f #d,-,18,4637,2347,2021,98,0,244235,15142,4637,2348,2024,4636,2347,2015,96,100,0,500,4785;
@400000005e3180f21f12f50e #d,-,18,4639,2349,2015,99,0,245088,15195,4639,2349,2024,4637,2346,2012,96,100,0,500,4789;
@400000005e3180f21f1dd5b6 #d,-,18,4639,2350,2017,100,0,245924,15247,4639,2350,2021,4639,2349,2013,96,100,0,500,4787;
@400000005e3180f41f2e0ac0 #d,-,18,4640,2350,2018,101,0,246746,15298,4640,2350,2022,4639,2349,2014,97,100,0,500,4782;
@400000005e3180f41f38b91d #d,-,18,4641,2347,2019,103,0,247555,15348,4641,2351,2024,4640,2347,2016,96,100,0,500,4787;
@400000005e3180f61f48a672 #d,-,18,4642,2348,2022,104,0,248574,15411,4642,2348,2023,4641,2346,2015,96,100,0,500,4787;
@400000005e3180f61f5349a2 #d,-,18,4642,2350,2023,105,0,249356,15460,4642,2350,2034,4642,2348,2011,97,100,0,500,4785;
@400000005e3180f81f6337e5 #d,-,18,4646,2352,2021,107,0,250130,15508,4646,2352,2030,4642,2350,2019,96,100,0,500,4808;
@400000005e3180f81f6dc698 #d,-,18,4648,2348,2020,108,0,250663,15541,4648,2353,2027,4646,2347,2016,96,100,0,500,4801;
@400000005e3180fa1f7d81a1 #d,-,18,4650,2351,2022,109,0,251409,15587,4650,2352,2026,4648,2348,2019,96,100,0,500,4799;
@400000005e3180fa1f885362 #d,-,18,4652,2352,2025,110,0,252367,15646,4652,2352,2031,4650,2349,2021,96,100,0,500,4808;
@400000005e3180fc1f9841a5 #d,-,18,4654,2352,2024,112,0,252870,15677,4654,2352,2030,4652,2351,2022,96,100,0,500,4806;
@400000005e3180fc1fa2f3bc #d,-,18,4656,2350,2030,113,0,253802,15735,4656,2352,2030,4654,2350,2020,96,100,0,500,4808;
@400000005e3180fe1fb2714e #d,-,18,4658,2351,2027,114,0,254283,15765,4658,2351,2030,4656,2350,2022,96,100,0,500,4804;
@400000005e3180fe1fbc8e62 #d,-,18,4659,2353,2022,116,0,254968,15808,4659,2353,2029,4658,2350,2020,96,100,0,500,4808;
@400000005e3181001fcc5de9 #d,-,18,4659,2351,2023,117,0,255640,15849,4659,2353,2028,4659,2351,2019,97,100,0,500,4801;
@400000005e3181001fd6d90d #d,-,18,4660,2353,2020,118,0,256299,15890,4660,2353,2026,4659,2350,2019,97,100,0,500,4801;
@400000005e3181021fe68530 #d,-,18,4660,2351,2023,119,0,256949,15930,4660,2353,2026,4660,2351,2019,97,100,0,500,4801;
@400000005e3181021ff13b00 #d,-,18,4660,2354,2015,121,0,257588,15970,4660,2355,2028,4660,2350,2014,97,100,0,500,4804;
@400000005e3181042000f251 #d,-,18,4660,2356,2020,122,0,258215,16009,4660,2356,2024,4660,2353,2013,97,100,0,500,4799;
@400000005e318104200b8d1f #d,-,18,4660,2355,2017,123,0,258832,16047,4660,2356,2023,4660,2355,2015,97,100,0,500,4799;
@400000005e318106201b6419 #d,-,18,4660,2356,2020,125,0,259441,16085,4660,2356,2023,4660,2354,2012,97,100,0,500,4796;
@400000005e3181062025b90e #d,-,18,4660,2354,2018,126,0,260039,16122,4660,2356,2023,4660,2354,2014,97,100,0,500,4801;
@400000005e3181082034e777 #d,-,18,4660,2356,2021,127,0,260629,16159,4660,2356,2025,4660,2354,2014,97,100,0,500,4796;
@400000005e318108203fb938 #d,-,18,4661,2358,2022,129,0,261212,16195,4661,2358,2026,4660,2355,2017,97,100,0,500,4804;
@400000005e31810a204f9b5f #d,-,18,4661,2355,2018,130,0,261783,16230,4661,2358,2024,4661,2355,2012,97,100,0,500,4804;
@400000005e31810a205a5130 #d,-,18,4661,2354,2020,131,0,262345,16265,4661,2356,2022,4661,2354,2015,97,100,0,500,4801;
@400000005e31810c206a89f4 #d,-,18,4661,2355,2017,132,0,262897,16299,4661,2355,2024,4661,2353,2013,97,100,0,500,4799;
@400000005e31810c2074d687 #d,-,18,4661,2354,2019,134,0,263443,16333,4661,2355,2023,4661,2352,2016,97,100,0,500,4799;
@400000005e31810e2084a166 #d,-,18,4661,2352,2024,135,0,264178,16379,4661,2354,2024,4661,2352,2015,97,100,0,500,4799;
@400000005e31810e208f1517 #d,-,18,4660,2352,2012,136,0,264505,16399,4661,2353,2029,4660,2351,2006,97,100,0,500,4794;
@400000005e318110209ee857 #d,-,18,4660,2354,2025,138,0,265028,16431,4660,2354,2027,4660,2351,2011,97,100,0,500,4799;
@400000005e31811020a9a1e1 #d,-,18,4660,2353,2019,139,0,265540,16463,4660,2354,2025,4660,2353,2017,97,100,0,500,4801;
@400000005e31811220b9ab27 #d,-,18,4660,2355,2018,140,0,266045,16494,4660,2355,2026,4660,2352,2014,97,100,0,500,4801;
@400000005e31811220c45210 #d,-,18,4660,2353,2021,141,0,266543,16525,4660,2355,2025,4660,2352,2012,97,100,0,500,4799;
@400000005e31811420d46ee4 #d,-,18,4660,2354,2021,143,0,267037,16556,4660,2354,2027,4660,2352,2017,97,100,0,500,4801;
@400000005e31811420df82c5 #d,-,18,4661,2353,2024,144,0,267523,16586,4661,2354,2024,4660,2353,2017,97,100,0,500,4799;
@400000005e31811620eff27c #d,-,18,4660,2352,2018,145,0,268000,16616,4661,2353,2025,4660,2351,2017,97,100,0,500,4801;
@400000005e31811620fa69e6 #d,-,18,4661,2353,2026,147,0,268473,16645,4661,2354,2027,4660,2352,2016,97,100,0,500,4799;
@400000005e318118210a4c0d #d,-,18,4661,2355,2022,148,0,268939,16674,4661,2355,2026,4661,2353,2018,97,100,0,500,4804;
@400000005e318118211502cc #d,-,18,4661,2353,2021,149,0,269397,16702,4661,2355,2024,4661,2353,2015,97,100,0,500,4801;
@400000005e31811a21250858 #d,-,18,4661,2355,2019,151,0,269848,16730,4661,2356,2023,4661,2353,2013,97,100,0,500,4799;
@400000005e31811a212fddd2 #d,-,18,4661,2355,2019,152,0,270296,16758,4661,2357,2026,4661,2354,2015,97,100,0,500,4804;
@400000005e31811c213fe35e #d,-,18,4662,2357,2023,153,0,270738,16785,4662,2358,2025,4661,2355,2016,97,100,0,500,4806;
@400000005e31811c214a6e57 #d,-,18,4662,2357,2017,154,0,271172,16812,4662,2358,2023,4662,2357,2013,97,100,0,500,4806;
@400000005e31811e215b1058 #d,-,18,4663,2358,2022,156,0,271601,16839,4663,2358,2024,4662,2357,2014,97,100,0,500,4804;
@400000005e31811e2165beb5 #d,-,18,4663,2358,2020,157,0,272024,16865,4663,2360,2023,4663,2357,2014,97,100,0,500,4804;
@400000005e31812021754686 #d,-,18,4663,2358,2016,158,0,272622,16902,4663,2358,2023,4663,2358,2013,97,100,0,500,4806;
@400000005e318120217fe5fc #d,-,18,4663,2356,2021,160,0,273032,16927,4663,2358,2021,4663,2356,2012,97,100,0,500,4804;
@400000005e318122219002d0 #d,-,18,4662,2356,2013,161,1,273434,16952,4663,2357,2022,4662,2356,2011,97,100,0,500,4799;
@400000005e318122219b06dc #d,-,18,4662,2357,2018,162,1,273834,16977,4662,2358,2022,4662,2356,2011,97,100,0,500,4799;
@400000005e31812421ab1ff6 #d,-,18,4662,2357,2015,164,1,274227,17002,4662,2358,2019,4662,2357,2011,97,100,0,500,4796;
@400000005e31812421b5f1b7 #d,-,18,4661,2357,2018,165,1,274616,17026,4662,2357,2022,4661,2357,2013,97,100,0,500,4799;
@400000005e31812621c5dffa #d,-,18,4661,2357,2022,166,1,275001,17050,4661,2358,2023,4661,2357,2014,97,100,0,500,4801;
@400000005e31812621d0770e #d,-,18,4661,2355,2019,167,1,275207,17062,4661,2358,2024,4661,2355,2016,96,100,0,500,4806;
@400000005e31812821e041ed #d,-,18,4662,2354,2022,169,1,275586,17086,4662,2355,2030,4661,2352,2016,97,100,0,500,4804;
@400000005e31812821eb0f06 #d,-,18,4663,2355,2027,170,1,275961,17109,4663,2355,2029,4662,2353,2019,96,100,0,500,4808;
@400000005e31812a21fb4f3e #d,-,18,4664,2354,2033,171,1,276507,17143,4664,2356,2033,4663,2354,2024,96,100,0,500,4815;
@400000005e31812a2206481c #d,-,18,4667,2353,2028,173,1,276704,17155,4667,2355,2034,4664,2351,2024,96,100,0,500,4820;
@400000005e31812c221632a6 #d,-,18,4668,2352,2031,174,1,277072,17178,4668,2354,2037,4667,2352,2026,96,100,0,500,4822;
@400000005e31812c222082f2 #d,-,18,4670,2353,2034,175,1,277435,17200,4670,2354,2036,4668,2352,2027,96,100,0,500,4820;
@400000005e31812e22303689 #d,-,18,4672,2352,2028,177,1,277793,17223,4672,2354,2035,4670,2351,2025,96,100,0,500,4822;
@400000005e31812e223ab655 #d,-,18,4673,2353,2032,178,1,278146,17245,4673,2353,2034,4672,2351,2027,96,100,0,500,4822;
@400000005e318130224aafc5 #d,-,18,4674,2351,2027,179,1,278495,17266,4674,2354,2035,4673,2351,2026,96,100,0,500,4820;
@400000005e31813022554a93 #d,-,18,4676,2354,2029,180,1,278841,17288,4676,2354,2035,4674,2351,2026,97,100,0,500,4820;
@400000005e31813222659e5a #d,-,18,4677,2352,2031,182,1,279182,17309,4677,2354,2033,4676,2351,2024,97,100,0,500,4820;
@400000005e31813222704543 #d,-,18,4677,2353,2035,183,1,279685,17340,4677,2353,2036,4677,2351,2028,96,100,0,500,4822;
@400000005e318134228065d1 #d,-,18,4678,2353,2034,184,1,279854,17350,4678,2353,2037,4677,2351,2027,96,100,0,500,4825;
@400000005e318134228ae59d #d,-,18,4679,2354,2025,186,1,280182,17371,4679,2354,2036,4678,2352,2025,96,100,0,500,4825;
@400000005e318136229b5f93 #d,-,18,4679,2354,2029,187,1,280507,17391,4679,2356,2034,4679,2353,2023,97,100,0,500,4820;
@400000005e31813622a63d6f #d,-,18,4679,2355,2024,188,1,280827,17411,4679,2355,2032,4679,2353,2021,97,100,0,500,4815;
@400000005e31813822b6d70f #d,-,18,4680,2353,2028,190,1,281146,17431,4680,2355,2035,4679,2352,2024,97,100,0,500,4820;
@400000005e31813822c1c87a #d,-,18,4681,2355,2029,191,1,281461,17450,4681,2355,2035,4680,2352,2024,97,100,0,500,4822;
@400000005e31813a22d22ee1 #d,-,18,4681,2356,2031,192,1,281774,17470,4681,2356,2035,4681,2353,2026,97,100,0,500,4822;
@400000005e31813a22dcbe82 #d,-,18,4682,2353,2030,193,1,282081,17489,4682,2356,2034,4681,2353,2025,97,100,0,500,4825;
@400000005e31813c22ecdf10 #d,-,18,4681,2355,2024,195,1,282541,17517,4682,2355,2032,4681,2353,2022,97,100,0,500,4820;
@400000005e31813c22f785f9 #d,-,18,4681,2354,2031,196,1,282683,17526,4681,2356,2034,4681,2354,2021,97,100,0,500,4818;
@400000005e31813e23079b5a #d,-,18,4681,2356,2030,197,1,282979,17544,4681,2356,2038,4681,2353,2021,97,100,0,500,4818;
@400000005e31813e23124d70 #d,-,18,4682,2354,2034,199,1,283276,17563,4682,2356,2037,4681,2353,2025,96,100,0,500,4827;
@400000005e3181402320eb7e #d,-,18,4682,2355,2028,200,1,283565,17581,4682,2355,2034,4682,2353,2024,97,100,0,500,4822;
@400000005e318140232a45ec #d,-,18,4682,2358,1183,201,1,283678,17588,4682,2358,2034,4682,2352,1183,97,100,0,500,4820;
@400000005e31814223378898 #d,-,18,3258,2358,1263,202,1,283169,17556,4682,2359,1372,3258,2356,947,89,100,0,500,3659;
@400000005e31814223402f47 #d,-,18,2699,2357,1243,202,1,282701,17527,3258,2359,1266,2699,2357,1222,90,100,0,500,2974;
@400000005e318144234d1ffe #d,-,18,2702,2354,1231,203,1,282228,17498,2702,2357,1248,2699,2354,1218,91,100,0,500,2967;
@400000005e318144235608cd #d,-,18,2702,2355,1226,204,1,281756,17468,2702,2356,1239,2702,2353,1222,91,100,0,500,2948;
@400000005e3181462362fd3e #d,-,18,2700,2358,1222,205,1,281285,17439,2702,2358,1228,2700,2355,1220,92,100,0,500,2931;
@400000005e318146236b98c0 #d,-,18,2697,2358,1213,205,1,280812,17410,2700,2359,1226,2697,2358,1212,92,100,0,500,2931;
@400000005e3181482378b095 #d,-,18,2693,2359,1218,206,1,280344,17381,2697,2359,1221,2693,2357,1209,92,100,0,500,2910;
@400000005e3181482381898f #d,-,18,2690,2358,1216,207,1,279879,17352,2693,2360,1223,2690,2358,1213,92,100,0,500,2919;
@400000005e31814a238ecff4 #d,-,18,2685,2358,1205,208,1,279413,17323,2690,2360,1216,2685,2358,1205,92,100,0,500,2903;
@400000005e31814a23976b77 #d,-,18,2679,2357,1206,208,1,278947,17294,2685,2358,1211,2679,2356,1203,92,100,0,500,2896;
@400000005e31814c23a545f1 #d,-,18,2674,2358,1206,209,1,278487,17266,2679,2358,1212,2674,2356,1205,92,100,0,500,2886;
@400000005e31814c23ae2393 #d,-,18,2670,2359,1203,210,1,278034,17238,2674,2359,1227,2670,2357,1195,91,100,0,500,2903;
@400000005e31814e23bb241f #d,-,18,2665,2359,1201,211,1,277577,17209,2670,2359,1204,2665,2358,1194,92,100,0,500,2881;
@400000005e31814e23c401c1 #d,-,18,2659,2358,1196,211,1,277127,17181,2665,2359,1205,2659,2358,1194,92,100,0,500,2872;
@400000005e31815023d13fc4 #d,-,18,2654,2356,1201,212,1,276678,17154,2659,2359,1203,2654,2356,1193,92,100,0,500,2877;
@400000005e31815023d9f28f #d,-,18,2648,2357,1195,213,1,276229,17126,2654,2357,1202,2648,2356,1187,92,100,0,500,2862;
@400000005e31815223e78ea3 #d,-,18,2643,2356,1196,213,1,275786,17098,2648,2357,1200,2643,2356,1193,92,100,0,500,2862;
@400000005e31815223f0a338 #d,-,18,2638,2357,1193,214,1,275346,17071,2643,2357,1208,2638,2356,1186,92,100,0,500,2860;
@400000005e31815423fdf972 #d,-,18,2634,2357,1190,215,1,274908,17044,2638,2357,1197,2634,2356,1188,92,100,0,500,2860;
@400000005e3181542406a3db #d,-,18,2628,2356,1192,216,1,274473,17017,2634,2357,1194,2628,2356,1188,92,100,0,500,2851;
@400000005e318156241384bd #d,-,18,2624,2353,1188,216,1,274041,16990,2628,2357,1195,2624,2353,1188,92,100,0,500,2851;
@400000005e318156241c6e7b #d,-,18,2620,2353,1193,217,1,273615,16964,2624,2356,1197,2620,2352,1188,91,100,0,500,2851;
@400000005e3181582432e831 #d,-,18,2617,2354,1189,218,1,273193,16937,2620,2355,1197,2617,2352,1186,91,100,0,500,2851;
@400000005e3181582443f370 #d,-,18,2613,2354,1183,218,1,272769,16911,2617,2354,1191,2613,2352,1182,91,100,0,500,2846;
@400000005e31815a24522fb4 #d,-,18,2608,2352,1188,219,1,272350,16885,2613,2354,1189,2608,2352,1181,92,100,0,500,2834;
@400000005e31815a245b4bbc #d,-,18,2605,2354,1186,220,1,271937,16860,2608,2354,1193,2605,2352,1183,91,100,0,500,2839;
@400000005e31815c24689221 #d,-,18,2602,2355,1187,221,1,271526,16834,2605,2355,1190,2602,2353,1181,91,100,0,500,2841;
@400000005e31815c24712542 #d,-,18,2599,2354,1180,221,1,271119,16809,2602,2356,1190,2599,2354,1180,91,100,0,500,2839;
@400000005e31815e247e35a3 #d,-,18,2596,2354,1186,222,1,270713,16784,2599,2356,1186,2596,2354,1176,91,100,0,500,2832;
@400000005e31815e24870ae3 #d,-,18,2593,2352,1186,223,1,270311,16759,2596,2354,1189,2593,2351,1180,91,100,0,500,2829;
@400000005e318160249459aa #d,-,18,2591,2355,1182,223,1,269914,16734,2593,2356,1188,2591,2352,1177,91,100,0,500,2832;
@400000005e318160249ceccb #d,-,18,2589,2357,1187,224,1,269521,16710,2591,2357,1189,2589,2355,1178,91,100,0,500,2829;
@400000005e31816224aa2715 #d,-,18,2588,2357,1182,225,1,269131,16686,2589,2357,1188,2588,2356,1179,91,100,0,500,2836;
@400000005e31816224b2d9e0 #d,-,18,2586,2355,1185,226,1,268746,16662,2588,2357,1190,2586,2355,1181,91,100,0,500,2836;
@400000005e31816424c01c8b #d,-,18,2585,2353,1187,226,1,268364,16638,2586,2356,1187,2585,2353,1180,91,100,0,500,2834;
@400000005e31816424c8cf56 #d,-,18,2584,2352,1187,227,1,267983,16615,2585,2353,1189,2584,2352,1180,91,100,0,500,2832;
@400000005e31816624d605e6 #d,-,18,2583,2352,1188,228,1,267607,16591,2584,2352,1190,2583,2351,1182,91,100,0,500,2832;
@400000005e31816624dec3de #d,-,18,2581,2355,1179,228,1,267355,16576,2583,2356,1189,2581,2352,1179,91,100,0,500,2829;
@400000005e31816824ebd43f #d,-,18,2580,2355,1186,229,1,266864,16545,2581,2356,1187,2580,2355,1179,91,100,0,500,2832;
@400000005e31816824f4a980 #d,-,18,2579,2354,1176,230,1,266614,16530,2580,2355,1186,2579,2354,1176,91,100,0,500,2829;
@400000005e31816a25020374 #d,-,18,2577,2355,1180,231,1,266247,16507,2579,2356,1182,2577,2354,1174,91,100,0,500,2822;
@400000005e31816a250ab9f8 #d,-,18,2576,2354,1181,231,1,265884,16484,2577,2356,1183,2576,2354,1174,91,100,0,500,2822;
@400000005e31816c2517eccf #d,-,18,2575,2355,1181,232,1,265407,16455,2576,2356,1185,2575,2354,1176,91,100,0,500,2827;
@400000005e31816c2520f18f #d,-,18,2573,2356,1178,233,1,265166,16440,2575,2356,1185,2573,2354,1175,91,100,0,500,2825;
@400000005e31816e252e62cb #d,-,18,2572,2355,1176,233,1,264694,16411,2573,2356,1182,2572,2355,1173,91,100,0,500,2820;
@400000005e31816e2536f5ec #d,-,18,2570,2353,1178,234,1,264341,16389,2572,2355,1182,2570,2353,1175,91,100,0,500,2820;
@400000005e3181702543f2be #d,-,18,2568,2356,1183,235,1,263992,16367,2570,2356,1183,2568,2353,1175,91,100,0,500,2820;
@400000005e318170254cc445 #d,-,18,2567,2358,1176,236,1,263646,16346,2568,2358,1184,2567,2355,1176,91,100,0,500,2820;
@400000005e318172255a1e39 #d,-,18,2566,2359,1180,236,1,263302,16324,2567,2359,1181,2566,2357,1175,90,100,0,500,2822;
@400000005e3181722562b9bb #d,-,18,2564,2359,1173,237,1,262961,16303,2566,2360,1183,2564,2358,1173,90,100,0,500,2820;
@400000005e318174256fe8d8 #d,-,18,2564,2360,1179,238,1,262624,16282,2564,2360,1181,2564,2359,1172,90,100,0,500,2820;
@400000005e3181742578ae44 #d,-,18,2563,2362,1173,238,1,262289,16261,2564,2362,1181,2563,2360,1173,90,100,0,500,2822;
@400000005e3181762585b643 #d,-,18,2563,2361,1183,239,1,261959,16241,2563,2362,1183,2563,2361,1173,90,100,0,500,2825;
@400000005e318176258ea000 #d,-,18,2563,2360,1176,240,1,261631,16221,2563,2361,1183,2563,2360,1172,90,100,0,500,2825;
@400000005e318178259be666 #d,-,18,2562,2361,1176,241,1,261305,16200,2563,2361,1180,2562,2359,1173,90,100,0,500,2822;
@400000005e31817825a4a0a4 #d,-,18,2562,2361,1178,241,1,260981,16180,2562,2361,1182,2562,2360,1174,90,100,0,500,2822;
@400000005e31817a25b1a042 #d,-,18,2562,2361,1175,242,1,260661,16161,2562,2361,1180,2562,2360,1175,90,100,0,500,2825;
@400000005e31817a25ba8645 #d,-,18,2561,2361,1171,243,1,260343,16141,2562,2362,1182,2561,2360,1171,90,100,0,500,2825;
@400000005e31817c25c7c449 #d,-,18,2560,2361,1173,243,1,260024,16121,2561,2361,1176,2560,2360,1168,90,100,0,500,2817;
@400000005e31817c25d06be7 #d,-,18,2558,2361,1172,244,1,259709,16101,2560,2361,1178,2558,2360,1169,90,100,0,500,2813;
@400000005e31817e25dd9ebd #d,-,18,2558,2360,1175,245,1,259397,16082,2558,2362,1179,2558,2360,1168,90,100,0,500,2815;
@400000005e31817e25e683d3 #d,-,18,2557,2360,1169,245,1,259087,16063,2558,2361,1178,2557,2360,1169,90,100,0,500,2817;
@400000005e31818025f3cdf2 #d,-,18,2557,2360,1178,246,1,258781,16044,2557,2360,1178,2557,2358,1169,90,100,0,500,2813;
@400000005e31818025fc70e8 #d,-,18,2556,2357,1174,247,1,258477,16025,2557,2360,1180,2556,2357,1171,90,100,0,500,2817;
@400000005e318182260bdea5 #d,-,18,2557,2355,1179,248,1,258177,16007,2557,2357,1183,2556,2355,1171,90,100,0,500,2817;
@400000005e31818226164280 #d,-,18,2557,2357,1561,248,1,258031,15997,2557,2357,1672,2557,2353,1172,90,100,0,500,2815;
@400000005e31818426265339 #d,-,18,4230,2352,2158,250,1,258421,16022,4230,2357,2486,2557,2352,1556,98,100,0,500,4280;
@400000005e318184263109f7 #d,-,18,4930,2352,1982,251,1,258766,16043,4930,2353,2176,4230,2352,1982,95,100,0,500,5145;
@400000005e31818626419c24 #d,-,18,4633,2355,1984,252,1,259043,16060,4930,2355,1993,4633,2352,1969,96,100,0,500,4815;
@400000005e318186264ca891 #d,-,18,4503,2353,1953,254,1,259299,16076,4633,2356,2023,4503,2353,1869,96,100,0,500,4666;
@400000005e318188265c4899 #d,-,18,4573,2356,1979,255,1,259568,16093,4573,2356,1990,4503,2353,1953,97,100,0,500,4702;
@400000005e3181882666b02e #d,-,18,4571,2356,1980,256,1,259835,16109,4573,2356,1984,4571,2355,1973,97,100,0,500,4702;
@400000005e31818a2676f420 #d,-,18,4572,2357,1985,258,1,260105,16126,4572,2358,1990,4571,2356,1978,96,100,0,500,4716;
@400000005e31818a2681c99a #d,-,18,4572,2359,1977,259,1,260372,16143,4572,2359,1990,4572,2356,1977,96,100,0,500,4721;
@400000005e31818c26924838 #d,-,18,4573,2359,1980,260,1,260637,16159,4573,2360,1984,4572,2358,1975,96,100,0,500,4721;
@400000005e31818c269d8336 #d,-,18,4574,2359,1983,261,1,260901,16175,4574,2360,1990,4573,2358,1971,96,100,0,500,4718;
@400000005e31818e26ae5fe4 #d,-,18,4576,2358,1983,263,1,261166,16192,4576,2359,1993,4574,2358,1983,96,100,0,500,4735;
@400000005e31818e26b99729 #d,-,18,4578,2357,1987,264,1,261426,16208,4578,2358,1990,4576,2357,1981,96,100,0,500,4728;
@400000005e31819026c9eea9 #d,-,18,4578,2356,1986,265,1,261685,16224,4578,2357,1991,4578,2355,1980,96,100,0,500,4723;
@400000005e31819026d4722f #d,-,18,4580,2355,1996,266,1,261944,16240,4580,2356,1996,4578,2355,1984,96,100,0,500,4730;
@400000005e31819226e569df #d,-,18,4582,2357,1995,268,1,262205,16256,4582,2357,1998,4580,2355,1990,96,100,0,500,4742;
@400000005e31819226f08533 #d,-,18,4585,2356,1993,269,1,262461,16272,4585,2357,1998,4582,2356,1987,96,100,0,500,4744;
@400000005e31819427006fbc #d,-,18,4587,2354,2002,270,1,262719,16288,4587,2357,2005,4585,2353,1989,96,100,0,500,4742;
@400000005e318194270c2efa #d,-,18,4591,2355,1995,272,1,263073,16310,4591,2355,2005,4587,2353,1993,96,100,0,500,4758;
@400000005e318196271c9eb1 #d,-,18,4593,2356,1996,273,1,263227,16320,4593,2356,2000,4591,2355,1990,96,100,0,500,4747;
@400000005e3181962727ba05 #d,-,18,4594,2354,1998,274,1,263578,16341,4594,2356,2005,4593,2354,1990,96,100,0,500,4744;
@400000005e3181982738b1b5 #d,-,18,4598,2353,2002,275,1,263736,16351,4598,2355,2010,4594,2352,1997,96,100,0,500,4766;
@400000005e3181982743a6da #d,-,18,4601,2352,2002,277,1,264082,16373,4601,2353,2009,4598,2351,1998,96,100,0,500,4763;
@400000005e31819a27540214 #d,-,18,4603,2352,2004,278,1,264234,16382,4603,2353,2010,4601,2352,1995,96,100,0,500,4758;
@400000005e31819a275ee3aa #d,-,18,4605,2349,2011,279,1,264482,16397,4605,2352,2011,4603,2348,2001,96,100,0,500,4758;
@400000005e31819c276f3770 #d,-,18,4607,2352,2005,281,1,264727,16413,4607,2353,2011,4605,2349,1996,96,100,0,500,4761;
@400000005e31819c2779c9dd #d,-,18,4609,2354,2011,282,1,264972,16428,4609,2354,2011,4607,2352,2000,96,100,0,500,4761;
@400000005e31819e2789fa3f #d,-,18,4612,2355,2008,283,1,265218,16443,4612,2355,2014,4609,2354,2004,96,100,0,500,4770;
@400000005e31819e2794ff39 #d,-,18,4615,2356,2011,284,1,265465,16458,4615,2356,2015,4612,2355,2003,96,100,0,500,4780;
@400000005e3181a027a56a48 #d,-,18,4618,2358,2008,286,1,265707,16473,4618,2358,2012,4615,2356,2004,96,100,0,500,4782;
@400000005e3181a027b0d01e #d,-,18,4621,2355,2001,287,1,265947,16488,4621,2359,2011,4618,2355,2001,96,100,0,500,4777;
@400000005e3181a227c142a0 #d,-,18,4622,2358,2001,288,1,266185,16503,4622,2358,2009,4621,2355,1998,96,100,0,500,4773;
@400000005e3181a227cc2436 #d,-,18,4623,2356,2000,290,1,266421,16518,4623,2358,2009,4622,2355,1999,96,100,0,500,4770;
@400000005e3181a427dc92ff #d,-,18,4624,2357,2005,291,1,266655,16532,4624,2357,2007,4623,2356,1997,96,100,0,500,4768;
@400000005e3181a427e739e9 #d,-,18,4624,2357,2004,292,1,266888,16547,4624,2357,2009,4624,2356,1999,96,100,0,500,4768;
@400000005e3181a627f71fca #d,-,18,4625,2356,2002,293,1,267119,16561,4625,2357,2008,4624,2356,2000,96,100,0,500,4770;
@400000005e3181a62801ba98 #d,-,18,4626,2356,2012,295,1,267349,16575,4626,2356,2014,4625,2356,2000,97,100,0,500,4768;
@400000005e3181a828128fd3 #d,-,18,4628,2357,2010,296,1,267582,16590,4628,2357,2018,4626,2356,2007,96,100,0,500,4782;
@400000005e3181a8281db742 #d,-,18,4631,2356,2014,297,1,267813,16604,4631,2357,2016,4628,2355,2007,96,100,0,500,4792;
@400000005e3181aa282e496f #d,-,18,4632,2356,2007,299,1,268041,16618,4632,2356,2016,4631,2355,2005,96,100,0,500,4785;
@400000005e3181aa28398be0 #d,-,18,4635,2357,2007,300,1,268267,16632,4635,2357,2016,4632,2355,2007,96,100,0,500,4787;
@400000005e3181ac284a1699 #d,-,18,4635,2357,2012,301,1,268492,16646,4635,2358,2016,4635,2356,2007,96,100,0,500,4785;
@400000005e3181ac28554cef #d,-,18,4636,2357,2011,302,1,268716,16660,4636,2358,2015,4635,2357,2006,96,100,0,500,4782;
@400000005e3181ae2864be66 #d,-,18,4637,2357,2012,304,1,268937,16674,4637,2357,2014,4636,2355,2006,96,100,0,500,4787;
@400000005e3181ae286f45a6 #d,-,18,4638,2357,2008,305,1,269157,16687,4638,2358,2015,4637,2357,2006,96,100,0,500,4782;
@400000005e3181b0287ed21f #d,-,18,4638,2359,2014,306,1,269376,16701,4638,2359,2016,4638,2356,2004,96,100,0,500,4782;
@400000005e3181b02889a3e0 #d,-,18,4639,2359,2007,307,1,269593,16714,4639,2359,2016,4638,2358,2006,97,100,0,500,4782;
@400000005e3181b22899cccf #d,-,18,4640,2358,2013,309,1,269811,16728,4640,2360,2017,4639,2358,2003,96,100,0,500,4785;
@400000005e3181b228a4d0da #d,-,18,4641,2357,2012,310,1,270026,16741,4641,2359,2015,4640,2357,2008,96,100,0,500,4792;
@400000005e3181b428b57a4f #d,-,18,4642,2359,2010,311,1,270240,16754,4642,2359,2017,4641,2357,2006,96,100,0,500,4787;
@400000005e3181b428c06f74 #d,-,18,4644,2356,2013,313,1,270544,16773,4644,2359,2018,4642,2356,2007,96,100,0,500,4794;
@400000005e3181b628d0ab04 #d,-,18,4644,2355,2010,314,1,270664,16781,4644,2357,2017,4644,2355,2009,97,100,0,500,4787;
@400000005e3181b628db6936 #d,-,18,4644,2356,2017,315,1,270874,16794,4644,2357,2017,4644,2355,2008,97,100,0,500,4787;
@400000005e3181b828eb860a #d,-,18,4645,2357,2017,316,1,271082,16807,4645,2357,2017,4644,2355,2005,97,100,0,500,4787;
@400000005e3181b828f647f6 #d,-,18,4645,2358,2009,318,1,271290,16819,4645,2359,2018,4645,2356,2009,96,100,0,500,4789;
@400000005e3181ba29069802 #d,-,18,4645,2356,2015,319,1,271495,16832,4645,2358,2016,4645,2356,2008,97,100,0,500,4787;
@400000005e3181ba291174f0 #d,-,18,4646,2359,2008,320,1,271698,16845,4646,2359,2016,4645,2356,2007,97,100,0,500,4787;
@400000005e3181bc2921d119 #d,-,18,4646,2357,2013,322,1,271902,16857,4646,2359,2019,4646,2355,2008,97,100,0,500,4787;
@400000005e3181bc292b3f16 #d,-,18,4646,2359,2010,323,2,272104,16870,4646,2360,2016,4646,2357,2010,97,100,0,500,4787;
@400000005e3181be293bb552 #d,-,18,4647,2357,2012,324,2,272305,16882,4647,2360,2017,4646,2357,2009,96,100,0,500,4792;
@400000005e3181be2946be05 #d,-,18,4647,2356,2015,325,2,272591,16900,4647,2359,2015,4647,2356,2008,97,100,0,500,4787;
@400000005e3181c029577396 #d,-,18,4647,2358,2014,327,2,272702,16907,4647,2358,2017,4647,2355,2010,97,100,0,500,4789;
@400000005e3181c029623cf5 #d,-,18,4647,2356,2031,328,2,272988,16925,4647,2359,2031,4647,2356,2010,96,100,0,500,4792;
@400000005e3181c22971cd28 #d,-,18,4650,2357,2021,329,2,273101,16932,4650,2357,2031,4647,2356,2018,96,100,0,500,4811;
@400000005e3181c2297cb631 #d,-,18,4652,2354,2021,331,2,273299,16944,4652,2357,2023,4650,2354,2017,96,100,0,500,4804;
@400000005e3181c4298da66e #d,-,18,4653,2356,2018,332,2,273494,16956,4653,2357,2023,4652,2353,2014,96,100,0,500,4801;
@400000005e3181c42998b2db #d,-,18,4654,2358,2018,333,2,273689,16968,4654,2358,2021,4653,2356,2013,96,100,0,500,4799;
@400000005e3181c629a91dea #d,-,18,4656,2359,2017,335,2,273883,16980,4656,2359,2024,4654,2358,2016,96,100,0,500,4804;
@400000005e3181c629b4393e #d,-,18,4657,2357,2014,336,2,274076,16992,4657,2359,2023,4656,2356,2014,96,100,0,500,4806;
@400000005e3181c829c49478 #d,-,18,4658,2355,2019,337,2,274267,17004,4658,2358,2024,4657,2355,2013,96,100,0,500,4806;
@400000005e3181c829cfb82e #d,-,18,4659,2351,2018,338,2,274457,17016,4659,2356,2022,4658,2351,2016,97,100,0,500,4801;
@400000005e3181ca29e0bbf9 #d,-,18,4660,2352,2023,340,2,274647,17028,4660,2353,2027,4659,2351,2018,96,100,0,500,4806;
@400000005e3181ca29eb1861 #d,-,18,4660,2354,2024,341,2,274836,17039,4660,2355,2025,4660,2352,2018,97,100,0,500,4804;
@400000005e3181cc29fb6fe2 #d,-,18,4661,2354,2022,342,2,275023,17051,4661,2355,2027,4660,2354,2018,96,100,0,500,4806;
@400000005e3181cc2a065089 #d,-,18,4661,2354,2021,344,2,275208,17062,4661,2354,2025,4661,2352,2015,96,100,0,500,4806;
@400000005e3181ce2a16d789 #d,-,18,4661,2355,2019,345,2,275392,17074,4661,2355,2026,4661,2352,2016,97,100,0,500,4799;
@400000005e3181ce2a21e3f6 #d,-,18,4661,2352,2020,346,2,275658,17090,4661,2355,2024,4661,2352,2016,97,100,0,500,4801;
Lost connection at /opt/powertools/bin/wattsup1 line 220.
	main::failure('Lost connection') called at /opt/powertools/bin/wattsup1 line 271
	main::recv_msg() called at /opt/powertools/bin/wattsup1 line 504
