@400000005e3d18d403e5028a #v,-,8,2,261786,5,2,4,57,200810261703,0;
@400000005e3d18d42dd35324 #h,-,18,W,V,A,WH,Cost,WH/Mo,Cost/Mo,Wmax,Vmax,Amax,Wmin,Vmin,Amin,PF,DC,PC,Hz,VA;
@400000005e3d18d433e36727 #f,-,48,145,436,1,4775,0,0,65533,0,199,810,237,17949,177,311,4753,4,92217,151,32123,69906,40,694,17008,0,93,1,4659,0,0,65533,0,199,822,242,18484,171,318,5362,2,92206,150,32190,70407,42,536,17029,0,92;
@400000005e3d18d633f85242 #d,-,18,2453,2378,1123,1,0,175134,10858,2996,2380,1180,2453,2377,1120,89,100,0,501,2746;
@400000005e3d18d83407debb #d,-,18,2449,2376,1249,1,0,175824,10901,2453,2379,1249,2449,2376,1118,90,100,0,501,2711;
@400000005e3d18d83410c78a #d,-,18,3048,2379,1255,2,0,185287,11487,3048,2380,1830,2449,2376,935,93,100,0,501,3272;
@400000005e3d18da341f4e50 #d,-,18,2477,2380,1161,3,0,184754,11454,3048,2380,1255,2477,2378,1129,88,100,0,501,2791;
@400000005e3d18da34286a58 #d,-,18,2478,2380,1123,4,0,182956,11343,2478,2380,1161,2477,2378,1111,89,100,0,501,2784;
@400000005e3d18dc3432463a #d,-,18,2427,2379,1121,4,0,184297,11426,2478,2380,1125,2427,2377,1120,89,100,0,501,2711;
@400000005e3d18dc343789da #d,-,18,2868,2380,1144,5,0,185916,11526,2868,2381,1837,2427,2374,1004,96,100,0,501,2976;
@400000005e3d18de344587b8 #d,-,18,2663,2379,1173,6,0,186062,11535,2868,2380,1263,2663,2377,1144,85,100,0,501,3097;
@400000005e3d18de344e8c77 #d,-,18,2523,2379,1122,7,0,185010,11470,2663,2380,1174,2523,2377,1108,89,100,0,501,2808;
@400000005e3d18e0345a0222 #d,-,18,2435,2378,1125,7,0,184068,11412,2523,2379,1129,2435,2377,1121,89,100,0,501,2715;
@400000005e3d18e0346331b9 #d,-,18,2545,2379,1048,8,0,186862,11585,2545,2381,1853,2435,2374,1048,92,100,0,501,2756;
@400000005e3d18e234715e27 #d,-,18,2980,2379,1162,9,0,186479,11561,2980,2380,1235,2545,2377,1005,90,100,0,501,3310;
@400000005e3d18e2347b4625 #d,-,18,2517,2380,1137,10,0,185906,11526,2980,2381,1162,2517,2379,1127,90,100,0,501,2794;
@400000005e3d18e4348a7c01 #d,-,18,2455,2379,1136,10,0,185276,11487,2517,2380,1137,2455,2378,1132,89,100,0,501,2742;
@400000005e3d18e43493fd8d #d,-,18,2455,2381,1130,11,0,184742,11454,2455,2381,1137,2455,2379,1130,89,100,0,501,2744;
@400000005e3d18e634a36b4a #d,-,18,2339,2382,1145,12,0,183568,11381,2455,2382,1145,2339,2379,1022,88,100,0,501,2651;
@400000005e3d18e634ad4285 #d,-,18,2401,2380,1134,12,0,183108,11352,2401,2382,1145,2339,2380,1117,89,100,0,501,2670;
@400000005e3d18e834bb4c7e #d,-,18,3084,2376,1292,13,0,184896,11463,3084,2380,1862,2401,2369,925,95,100,0,501,3227;
@400000005e3d18e834c4be34 #d,-,18,2435,2376,1170,14,0,184828,11459,3084,2379,1292,2435,2375,1135,85,100,0,501,2841;
@400000005e3d18ea34d39f50 #d,-,18,2505,2376,1126,14,0,184346,11429,2505,2378,1170,2435,2375,1110,89,100,0,501,2794;
@400000005e3d18ea34dccdf9 #d,-,18,2433,2376,1126,15,0,183907,11402,2505,2378,1129,2433,2375,1122,89,100,0,501,2715;
@400000005e3d18ec34eac81d #d,-,18,2850,2377,1107,16,0,185111,11476,2850,2379,1850,2433,2374,925,96,100,0,501,2957;
@400000005e3d18ec34f4756f #d,-,18,2641,2377,1167,17,0,185241,11485,2850,2379,1302,2641,2376,1107,85,100,0,501,3095;
@400000005e3d18ee350336e0 #d,-,18,2537,2379,1120,17,0,184877,11462,2641,2379,1175,2537,2377,1107,90,100,0,501,2810;
@400000005e3d18ee350c8533 #d,-,18,2431,2380,1127,18,0,185181,11481,2537,2380,1127,2431,2376,1119,89,100,0,501,2713;
@400000005e3d18f035187b63 #d,-,18,2565,2378,943,19,0,185490,11500,2565,2380,1845,2431,2373,943,92,100,0,501,2765;
@400000005e3d18f035220551 #d,-,18,2928,2375,1184,20,0,185548,11504,2928,2378,1305,2565,2375,935,89,100,0,501,3277;
@400000005e3d18f23530a718 #d,-,18,2539,2376,1122,20,0,185252,11485,2928,2378,1184,2539,2375,1109,90,100,0,501,2820;
@400000005e3d18f23539c6da #d,-,18,2421,2376,1125,21,0,185505,11501,2539,2378,1127,2421,2375,1121,89,100,0,501,2708;
@400000005e3d18f4354392e7 #d,-,18,2423,2375,1410,22,0,186053,11535,2423,2378,1865,2421,2372,1124,89,100,0,501,2715;
@400000005e3d18f43549015e #d,-,18,2922,2375,1217,22,0,185345,11491,2922,2379,1410,2423,2375,886,90,100,0,501,3211;
@400000005e3d18f635567743 #d,-,18,2493,2376,1141,23,0,185204,11482,2922,2377,1220,2493,2375,1125,90,100,0,501,2765;
@400000005e3d18f6355fd56b #d,-,18,2489,2376,1132,24,0,184940,11466,2493,2377,1141,2489,2375,1129,90,100,0,501,2756;
@400000005e3d18f8356d567d #d,-,18,2486,2376,1140,24,0,184716,11452,2489,2378,1144,2486,2375,1128,90,100,0,501,2744;
@400000005e3d18f835762803 #d,-,18,2482,2377,1043,25,0,184765,11455,2486,2378,1141,2482,2374,1019,90,100,0,501,2734;
@400000005e3d18fa357ff411 #d,-,18,2280,2376,1127,26,0,183903,11401,2482,2377,1146,2280,2374,1043,88,100,0,501,2580;
@400000005e3d18fa358537b0 #d,-,18,2443,2373,1820,27,0,184792,11457,2443,2377,1861,2280,2372,1124,89,100,0,501,2723;
@400000005e3d18fc3592dc26 #d,-,18,3052,2376,1164,27,0,184712,11452,3052,2378,1820,2443,2373,1004,92,100,0,500,3306;
@400000005e3d18fc359c3e07 #d,-,18,2585,2377,1120,28,0,184611,11445,3052,2377,1206,2585,2375,1102,90,100,0,500,2858;
@400000005e3d18fe35aad85c #d,-,18,2443,2376,1122,29,0,184368,11430,2585,2377,1130,2443,2375,1118,89,100,0,500,2734;
@400000005e3d18fe35b484bf #d,-,18,2442,2375,1269,29,0,184232,11422,2443,2378,1269,2442,2374,1122,89,100,0,500,2715;
@400000005e3d190035c323bb #d,-,18,3062,2376,1215,30,0,185007,11470,3062,2378,1846,2442,2371,1005,93,100,0,501,3291;
@400000005e3d190035cc33a8 #d,-,18,2515,2377,1144,31,0,184967,11467,3062,2377,1215,2515,2375,1144,89,100,0,501,2810;
@400000005e3d190235dd42a0 #d,-,18,2511,2376,1125,32,0,184722,11452,2515,2378,1144,2511,2376,1108,90,100,0,501,2775;
@400000005e3d190235e954c1 #d,-,18,2429,2377,1123,32,0,184497,11438,2511,2378,1130,2429,2375,1121,89,100,0,501,2713;
@400000005e3d190435f85853 #d,-,18,2988,2377,1257,33,0,185539,11503,2988,2379,1861,2429,2372,922,96,100,0,501,3088;
@400000005e3d1904360197bf #d,-,18,2517,2379,1170,34,0,185175,11480,2988,2379,1324,2517,2375,1120,84,100,0,501,2971;
@400000005e3d1906360f0cb5 #d,-,18,2519,2378,1119,34,0,184975,11468,2519,2379,1182,2517,2376,1107,89,100,0,501,2815;
@400000005e3d19063617a837 #d,-,18,2431,2378,1124,35,0,184763,11455,2519,2379,1129,2431,2375,1119,89,100,0,501,2711;
@400000005e3d190836217f72 #d,-,18,2557,2380,937,36,0,185306,11488,2557,2380,1855,2431,2373,937,92,100,0,501,2758;
@400000005e3d190836285dc8 #d,-,18,2932,2378,1184,37,0,185321,11489,2932,2380,1308,2557,2376,922,89,100,0,501,3282;
@400000005e3d190a3636ad9a #d,-,18,2535,2377,1123,37,0,185517,11502,2932,2379,1184,2535,2376,1116,89,100,0,501,2820;
@400000005e3d190a3640369a #d,-,18,2425,2377,1120,38,0,184963,11467,2535,2379,1128,2425,2377,1117,89,100,0,501,2713;
Lost connection at /opt/powertools/bin/wattsup1 line 220.
	main::failure('Lost connection') called at /opt/powertools/bin/wattsup1 line 271
	main::recv_msg() called at /opt/powertools/bin/wattsup1 line 504
