@400000005e7daf4701799b8e #v,-,8,2,261786,5,2,4,57,200810261703,0;
@400000005e7daf472b6403eb #h,-,18,W,V,A,WH,Cost,WH/Mo,Cost/Mo,Wmax,Vmax,Amax,Wmin,Vmin,Amin,PF,DC,PC,Hz,VA;
@400000005e7daf473171edcb #f,-,48,157,436,1,4775,0,0,65533,0,199,810,237,17949,177,311,4753,4,92217,151,32123,69906,40,694,17008,0,93,1,4659,0,0,65533,0,199,822,242,18484,171,318,5362,2,92206,150,32190,70407,42,536,17029,0,92;
@400000005e7daf493184ed29 #d,-,18,2424,2357,1130,0,0,167785,10402,2424,2358,1131,2423,2357,1128,89,100,0,500,2708;
@400000005e7daf4b31933589 #d,-,18,2424,2356,1132,1,0,170245,10555,2424,2357,1136,2424,2356,1127,89,100,0,500,2708;
@400000005e7daf4b319bd01c #d,-,18,2425,2357,1134,2,0,171418,10627,2425,2357,1136,2424,2356,1128,89,100,0,500,2711;
@400000005e7daf4d31a8d462 #d,-,18,2426,2357,1130,2,0,172081,10669,2426,2357,1136,2425,2357,1127,89,100,0,500,2711;
@400000005e7daf4d31b16783 #d,-,18,2426,2357,1131,3,0,172456,10692,2426,2358,1134,2426,2357,1127,89,100,0,500,2706;
@400000005e7daf4f31bdb80a #d,-,18,2427,2357,1129,4,0,172739,10709,2427,2358,1132,2426,2357,1127,89,100,0,500,2708;
@400000005e7daf4f31c6d7cb #d,-,18,2427,2355,1132,4,0,172947,10722,2427,2358,1132,2427,2355,1126,89,100,0,500,2706;
@400000005e7daf5131d3d49e #d,-,18,2427,2356,1127,5,0,173107,10732,2427,2356,1132,2427,2355,1124,89,100,0,500,2706;
@400000005e7daf5131dc445a #d,-,18,2427,2357,1133,6,0,173249,10741,2427,2357,1133,2427,2356,1127,89,100,0,500,2706;
@400000005e7daf5331e944e6 #d,-,18,2428,2354,1130,6,0,173391,10750,2428,2357,1138,2427,2354,1128,89,100,0,500,2711;
@400000005e7daf5331f254d3 #d,-,18,2429,2354,1129,7,0,173459,10754,2429,2355,1135,2428,2354,1125,89,100,0,500,2711;
@400000005e7daf5531ffe974 #d,-,18,2428,2354,1131,8,0,173505,10757,2429,2355,1132,2428,2354,1128,89,100,0,500,2704;
@400000005e7daf5532088408 #d,-,18,2428,2356,1131,8,0,173555,10760,2428,2357,1133,2428,2354,1124,89,100,0,500,2704;
@400000005e7daf573215e65e #d,-,18,2427,2356,1129,9,0,173578,10761,2428,2357,1133,2427,2355,1125,89,100,0,500,2706;
@400000005e7daf57321e9480 #d,-,18,2427,2355,1130,10,0,173598,10763,2427,2356,1133,2427,2355,1126,89,100,0,500,2704;
@400000005e7daf59322bfa90 #d,-,18,2427,2356,1132,10,0,173642,10765,2427,2357,1133,2427,2355,1125,89,100,0,500,2706;
@400000005e7daf593234bd30 #d,-,18,2427,2357,1132,11,0,173664,10767,2427,2357,1134,2427,2356,1125,89,100,0,500,2711;
@400000005e7daf5b32421724 #d,-,18,2426,2357,1129,12,0,174615,10826,2427,2358,1132,2426,2356,1125,89,100,0,500,2704;
@400000005e7daf5b324b03ad #d,-,18,2427,2357,1131,12,0,173702,10769,2427,2357,1132,2426,2356,1127,89,100,0,500,2706;
@400000005e7daf5d3258af96 #d,-,18,2426,2356,1129,13,0,174559,10822,2427,2357,1132,2426,2356,1127,89,100,0,500,2706;
@400000005e7daf5d32613efd #d,-,18,2426,2356,1133,14,0,174541,10821,2426,2357,1133,2426,2356,1126,89,100,0,500,2708;
@400000005e7daf5f326fc5c2 #d,-,18,2426,2355,1130,14,0,174525,10820,2426,2356,1134,2426,2355,1128,89,100,0,500,2708;
@400000005e7daf5f3278f913 #d,-,18,2427,2355,1240,15,0,175098,10856,2427,2356,1286,2426,2354,1129,89,100,0,500,2711;
@400000005e7daf613287d2bb #d,-,18,2840,2354,1341,16,0,175879,10904,2840,2355,1364,2427,2354,1239,93,100,0,500,3031;
@400000005e7daf6132910252 #d,-,18,2958,2352,1337,17,0,178024,11037,2958,2354,1341,2840,2352,1334,92,100,0,500,3189;
@400000005e7daf63329fd2ab #d,-,18,2958,2353,1169,18,0,178801,11085,2958,2354,1337,2958,2352,1165,92,100,0,500,3189;
@400000005e7daf6332a925a6 #d,-,18,2557,2355,1123,18,0,177881,11028,2958,2355,1183,2557,2353,1055,89,100,0,500,2872;
@400000005e7daf6532b81962 #d,-,18,2453,2357,1190,19,0,178209,11049,2557,2358,1222,2453,2354,1123,90,100,0,500,2708;
@400000005e7daf6532c1356a #d,-,18,2591,2355,1189,20,0,178471,11065,2591,2357,1194,2453,2355,1189,90,100,0,500,2851;
@400000005e7daf6732ce60cd #d,-,18,2591,2357,1124,20,0,178608,11073,2591,2357,1193,2591,2355,1124,90,100,0,500,2848;
@400000005e7daf6732d7a039 #d,-,18,2481,2357,1135,21,0,178504,11067,2591,2357,1143,2481,2355,1124,89,100,0,500,2768;
@400000005e7daf6932e4e69f #d,-,18,2476,2358,1134,22,0,178407,11061,2481,2358,1138,2476,2355,1133,91,100,0,500,2718;
@400000005e7daf6932edd7d0 #d,-,18,2472,2358,1137,22,0,178320,11055,2476,2358,1140,2472,2356,1134,90,100,0,500,2723;
@400000005e7daf6b32fc2f16 #d,-,18,2468,2356,1137,23,0,178229,11050,2472,2358,1138,2468,2356,1133,90,100,0,500,2723;
@400000005e7daf6b3305a574 #d,-,18,2465,2356,1290,24,0,178370,11058,2468,2357,1290,2465,2355,1135,90,100,0,500,2725;
@400000005e7daf6d331414f1 #d,-,18,2693,2355,1327,25,0,179162,11108,2693,2357,1363,2465,2355,1236,92,100,0,500,2912;
@400000005e7daf6d331d1509 #d,-,18,2980,2355,1339,25,0,180073,11164,2980,2356,1342,2693,2355,1327,93,100,0,500,3194;
@400000005e7daf6f332aff58 #d,-,18,2979,2356,1132,26,0,181191,11233,2980,2356,1339,2979,2355,1132,93,100,0,500,3194;
@400000005e7daf6f3334c7ab #d,-,18,2647,2354,1178,27,0,180708,11203,2979,2357,1183,2647,2354,1105,90,100,0,500,2938;
@400000005e7daf71334409a3 #d,-,18,2555,2355,1188,28,0,181284,11239,2647,2355,1198,2555,2354,1178,90,100,0,500,2820;
@400000005e7daf71334d702d #d,-,18,2559,2356,1190,28,0,181390,11246,2559,2356,1193,2555,2355,1188,89,100,0,500,2848;
@400000005e7daf73335a7472 #d,-,18,2561,2358,1138,29,0,180910,11216,2561,2358,1192,2559,2356,1130,90,100,0,500,2843;
@400000005e7daf733363907a #d,-,18,2441,2358,1135,30,0,180785,11208,2561,2358,1139,2441,2358,1132,89,100,0,500,2723;
@400000005e7daf753370da99 #d,-,18,2441,2358,1137,30,0,181072,11226,2441,2358,1139,2441,2358,1132,89,100,0,500,2720;
@400000005e7daf7533799c4b #d,-,18,2442,2358,1136,31,0,180549,11194,2442,2359,1140,2441,2358,1134,89,100,0,500,2720;
@400000005e7daf773387e952 #d,-,18,2442,2358,1139,32,0,180446,11187,2442,2358,1140,2442,2358,1136,89,100,0,500,2725;
@400000005e7daf773391a0e2 #d,-,18,2443,2357,1276,33,0,180942,11218,2443,2358,1289,2442,2357,1137,89,100,0,500,2727;
@400000005e7daf79339fce40 #d,-,18,2763,2357,1335,33,0,181526,11254,2763,2358,1366,2443,2356,1243,93,100,0,500,2964;
@400000005e7daf7933a93021 #d,-,18,2972,2356,1339,34,0,181800,11271,2972,2357,1342,2763,2356,1334,92,100,0,500,3199;
@400000005e7daf7b33b84741 #d,-,18,2971,2358,1122,35,0,182567,11319,2972,2358,1339,2971,2356,1122,93,100,0,500,3194;
@400000005e7daf7b33c15bd6 #d,-,18,2653,2354,1197,36,0,182627,11322,2971,2358,1222,2653,2354,1109,90,100,0,500,2938;
@400000005e7daf7d33d072f6 #d,-,18,2587,2354,1193,36,0,182691,11326,2653,2355,1197,2587,2354,1189,90,100,0,500,2848;
@400000005e7daf7d33d9aaef #d,-,18,2587,2353,1191,37,0,182752,11330,2587,2354,1195,2587,2353,1191,90,100,0,500,2853;
@400000005e7daf7f33e69f60 #d,-,18,2533,2353,1139,38,0,182292,11302,2587,2354,1191,2533,2352,1131,90,100,0,500,2810;
@400000005e7daf7f33ef4d82 #d,-,18,2449,2355,1138,38,0,182503,11315,2533,2355,1141,2449,2353,1136,89,100,0,500,2727;
@400000005e7daf8133fcbebf #d,-,18,2449,2355,1139,39,0,182386,11307,2449,2355,1140,2449,2354,1135,90,100,0,500,2720;
@400000005e7daf8134058c8c #d,-,18,2449,2356,1140,40,0,181957,11281,2449,2357,1142,2449,2354,1136,89,100,0,500,2725;
@400000005e7daf8334146da8 #d,-,18,2449,2354,1140,40,0,181851,11274,2449,2356,1141,2449,2354,1135,89,100,0,500,2725;
@400000005e7daf83341d8d6a #d,-,18,2511,2352,1305,41,0,182371,11307,2511,2354,1305,2449,2352,1140,91,100,0,500,2753;
@400000005e7daf85342bd5c9 #d,-,18,2892,2351,1334,42,0,182592,11320,2892,2352,1368,2511,2348,1305,93,100,0,500,3107;
@400000005e7daf8534352c7e #d,-,18,2968,2351,1339,43,0,183390,11370,2968,2351,1340,2892,2351,1334,93,100,0,500,3189;
@400000005e7daf8734443782 #d,-,18,2965,2351,1203,44,0,183280,11363,2968,2352,1340,2965,2351,1146,93,100,0,500,3187;
@400000005e7daf87344d8a7d #d,-,18,2567,2354,1191,44,0,183602,11383,2965,2354,1203,2567,2351,1182,90,100,0,500,2843;
@400000005e7daf89345bf9fa #d,-,18,2569,2353,1190,45,0,183352,11367,2569,2354,1197,2567,2353,1188,90,100,0,500,2851;
@400000005e7daf8934659688 #d,-,18,2572,2354,1145,46,0,183313,11365,2572,2355,1192,2569,2353,1127,90,100,0,500,2853;
@400000005e7daf8b34735600 #d,-,18,2455,2353,1139,46,0,183469,11375,2572,2354,1145,2455,2353,1133,89,100,0,500,2742;
@400000005e7daf8b347be1ad #d,-,18,2453,2352,1136,47,0,183350,11367,2455,2354,1139,2453,2352,1134,90,100,0,500,2723;
@400000005e7daf8d34887454 #d,-,18,2452,2350,1141,48,0,182970,11344,2453,2353,1141,2452,2350,1134,90,100,0,500,2720;
@400000005e7daf8d3491c395 #d,-,18,2451,2350,1139,49,0,182863,11337,2452,2351,1142,2451,2350,1136,90,100,0,500,2720;
@400000005e7daf8f349f3c45 #d,-,18,2451,2350,1146,49,0,182764,11331,2451,2351,1148,2451,2350,1137,89,100,0,500,2725;
@400000005e7daf8f34a7f771 #d,-,18,2450,2350,1134,50,0,182902,11339,2451,2351,1146,2450,2350,1130,90,100,0,500,2718;
@400000005e7daf9134b5454a #d,-,18,2448,2352,1129,51,0,182783,11332,2450,2353,1135,2448,2350,1129,90,100,0,500,2711;
@400000005e7daf9134bde486 #d,-,18,2445,2352,1136,51,0,182426,11310,2448,2353,1136,2445,2351,1127,90,100,0,500,2708;
@400000005e7daf9334cb4234 #d,-,18,2444,2352,1130,52,0,182564,11318,2445,2352,1136,2444,2352,1127,90,100,0,500,2704;
@400000005e7daf9334d3e52a #d,-,18,2443,2351,1134,53,0,182457,11312,2444,2352,1134,2443,2351,1128,90,100,0,500,2706;
@400000005e7daf9534e15a20 #d,-,18,2441,2352,1133,53,0,182354,11305,2443,2352,1136,2441,2351,1129,90,100,0,500,2706;
@400000005e7daf9534e9fd16 #d,-,18,2440,2352,1134,54,0,182019,11285,2441,2352,1137,2440,2351,1129,90,100,0,500,2711;
@400000005e7daf9734f70515 #d,-,18,2439,2352,1132,55,0,182157,11293,2440,2352,1138,2439,2352,1131,90,100,0,500,2708;
@400000005e7daf9734fffa00 #d,-,18,2438,2352,1132,55,0,181831,11273,2439,2353,1135,2438,2351,1129,89,100,0,500,2711;
@400000005e7daf99350d8373 #d,-,18,2437,2352,1131,56,0,181740,11267,2438,2353,1134,2437,2352,1128,89,100,0,500,2708;
@400000005e7daf9935165140 #d,-,18,2437,2352,1131,57,0,181874,11276,2437,2353,1135,2437,2352,1128,89,100,0,500,2708;
@400000005e7daf9b35237442 #d,-,18,2436,2351,1133,57,0,181784,11270,2437,2352,1134,2436,2350,1130,89,100,0,500,2708;
@400000005e7daf9b352c88d7 #d,-,18,2435,2352,1135,58,0,181698,11265,2436,2352,1137,2435,2350,1129,89,100,0,500,2708;
@400000005e7daf9d35398101 #d,-,18,2435,2352,1133,59,0,181611,11259,2435,2353,1138,2435,2352,1129,89,100,0,500,2706;
@400000005e7daf9d35424ece #d,-,18,2435,2352,1134,59,0,181527,11254,2435,2353,1135,2435,2352,1129,89,100,0,500,2711;
@400000005e7daf9f354f7a31 #d,-,18,2433,2353,1127,60,0,181441,11249,2435,2353,1137,2433,2352,1127,89,100,0,500,2706;
@400000005e7daf9f3558a520 #d,-,18,2433,2353,1134,61,0,181154,11231,2433,2353,1135,2433,2352,1126,89,100,0,500,2706;
@400000005e7dafa135663607 #d,-,18,2432,2354,1127,61,0,181280,11239,2433,2354,1134,2432,2353,1127,89,100,0,500,2704;
@400000005e7dafa1356ec1b4 #d,-,18,2432,2353,1133,62,0,181202,11234,2432,2354,1135,2432,2353,1127,89,100,0,500,2706;
@400000005e7dafa3357bb26b #d,-,18,2431,2353,1131,63,0,180925,11217,2432,2354,1134,2431,2353,1128,90,100,0,500,2701;
@400000005e7dafa33584be9e #d,-,18,2431,2349,1134,63,0,180854,11212,2431,2353,1135,2431,2349,1129,89,100,0,500,2706;
@400000005e7dafa535921892 #d,-,18,2431,2351,1130,64,0,180779,11208,2431,2351,1134,2431,2349,1126,89,100,0,500,2706;
@400000005e7dafa5359adb32 #d,-,18,2431,2354,1127,65,0,180708,11203,2431,2354,1136,2431,2351,1123,90,100,0,500,2701;
@400000005e7dafa735a8579c #d,-,18,2430,2353,1131,65,0,180644,11199,2431,2354,1137,2430,2352,1123,89,100,0,500,2704;
@400000005e7dafa735b102f3 #d,-,18,2430,2352,1132,66,0,180578,11195,2430,2353,1135,2430,2352,1125,89,100,0,500,2706;
@400000005e7dafa935bf1460 #d,-,18,2430,2352,1139,67,0,180512,11191,2430,2353,1139,2430,2351,1126,89,100,0,500,2704;
@400000005e7dafa935c847b0 #d,-,18,2581,2351,1366,67,0,180747,11206,2581,2352,1366,2430,2350,1139,91,100,0,500,2813;
@400000005e7dafab35d6c702 #d,-,18,2910,2349,1336,68,0,181065,11226,2910,2351,1366,2581,2349,1322,93,100,0,500,3126;
@400000005e7dafab35e00de2 #d,-,18,2966,2349,1341,69,0,181384,11245,2966,2350,1342,2910,2349,1334,93,100,0,500,3189;
@400000005e7dafad35edbd84 #d,-,18,2874,2350,1192,70,0,181470,11251,2966,2351,1341,2874,2349,1168,91,100,0,500,3130;
@400000005e7dafad35f66c96 #d,-,18,2555,2351,1175,71,0,181483,11251,2874,2352,1198,2555,2350,1166,90,100,0,500,2825;
@400000005e7dafaf3603eda7 #d,-,18,2553,2351,1173,71,0,181490,11252,2555,2351,1177,2553,2351,1171,91,100,0,500,2803;
@400000005e7dafaf360c9810 #d,-,18,2551,2351,1138,72,0,181477,11251,2553,2351,1176,2551,2348,1137,91,100,0,500,2803;
@400000005e7dafb136198c81 #d,-,18,2475,2350,1142,73,0,181425,11248,2551,2351,1152,2475,2350,1137,89,100,0,500,2756;
@400000005e7dafb136223f4c #d,-,18,2471,2350,1136,73,0,181370,11244,2475,2351,1144,2471,2350,1133,90,100,0,500,2723;
@400000005e7dafb3362fcf44 #d,-,18,2468,2354,1143,74,0,181319,11241,2471,2354,1143,2468,2350,1133,90,100,0,500,2720;
@400000005e7dafb336389d11 #d,-,18,2466,2354,1135,75,0,181270,11238,2468,2354,1144,2466,2353,1132,90,100,0,500,2725;
@400000005e7dafb5364b1be9 #d,-,18,2465,2354,1145,75,0,181225,11236,2466,2354,1146,2465,2353,1132,90,100,0,500,2723;
@400000005e7dafb53654c0d9 #d,-,18,2575,2352,1357,76,0,181404,11247,2575,2354,1357,2465,2352,1143,91,100,0,500,2801;
@400000005e7dafb736624d18 #d,-,18,2918,2352,1345,77,0,181707,11265,2918,2352,1375,2575,2351,1335,92,100,0,500,3142;
@400000005e7dafb7366bf207 #d,-,18,2992,2351,1336,78,0,181998,11283,2992,2353,1348,2918,2351,1336,93,100,0,500,3211;
@400000005e7dafb9367a9015 #d,-,18,2822,2350,1173,79,0,182010,11284,2992,2354,1336,2822,2350,1117,90,100,0,500,3107;
@400000005e7dafb936839c48 #d,-,18,2533,2351,1195,79,0,182041,11286,2822,2351,1207,2533,2350,1164,90,100,0,500,2784;
@400000005e7dafbb36913591 #d,-,18,2587,2350,1189,80,0,182073,11288,2587,2351,1197,2533,2350,1188,90,100,0,500,2851;
@400000005e7dafbb369ac603 #d,-,18,2587,2351,1134,81,0,182071,11288,2587,2351,1196,2587,2350,1133,90,100,0,500,2848;
@400000005e7dafbd36a7687f #d,-,18,2471,2352,1141,81,0,182016,11285,2587,2352,1144,2471,2351,1134,89,100,0,500,2756;
@400000005e7dafbd36afe457 #d,-,18,2467,2352,1135,82,0,181960,11281,2471,2352,1142,2467,2351,1135,90,100,0,500,2725;
@400000005e7dafbf36bbd6ce #d,-,18,2465,2352,1146,83,0,181910,11278,2467,2353,1147,2465,2351,1134,90,100,0,500,2720;
@400000005e7dafbf36c4e035 #d,-,18,2463,2353,1134,83,0,181856,11275,2465,2353,1146,2463,2351,1133,90,100,0,500,2727;
@400000005e7dafc136d30531 #d,-,18,2462,2351,1241,84,0,181839,11274,2463,2353,1241,2462,2351,1134,90,100,0,500,2725;
@400000005e7dafc136dc0902 #d,-,18,2657,2352,1336,85,0,182062,11287,2657,2352,1379,2462,2351,1241,92,100,0,500,2888;
@400000005e7dafc336ea6d52 #d,-,18,2992,2352,1347,86,0,182329,11304,2992,2352,1355,2657,2351,1334,93,100,0,500,3192;
@400000005e7dafc336f39841 #d,-,18,2991,2352,1221,87,0,182541,11317,2992,2353,1349,2991,2351,1221,93,100,0,500,3211;
@400000005e7dafc537019ac7 #d,-,18,2667,2351,1180,87,0,182519,11316,2991,2352,1221,2667,2350,1120,89,100,0,500,2969;
@400000005e7dafc5370aa340 #d,-,18,2575,2351,1195,88,0,182695,11327,2667,2352,1202,2575,2350,1180,91,100,0,500,2817;
@400000005e7dafc73717ed5f #d,-,18,2576,2352,1191,89,0,182577,11319,2576,2352,1195,2575,2351,1188,90,100,0,500,2846;
@400000005e7dafc737217ec0 #d,-,18,2578,2352,1141,89,0,182565,11319,2578,2353,1195,2576,2351,1131,90,100,0,500,2848;
@400000005e7dafc9372e213c #d,-,18,2461,2352,1140,90,0,182512,11315,2578,2352,1145,2461,2351,1137,89,100,0,500,2744;
@400000005e7dafc93736ace9 #d,-,18,2459,2349,1139,91,0,182601,11321,2461,2353,1143,2459,2349,1137,90,100,0,500,2727;
@400000005e7dafcb3744fcbc #d,-,18,2458,2352,1145,91,0,182553,11318,2459,2353,1149,2458,2349,1136,90,100,0,500,2725;
@400000005e7dafcb374e2c53 #d,-,18,2458,2352,1140,92,0,182364,11306,2458,2353,1145,2458,2351,1133,90,100,0,500,2730;
@400000005e7dafcd375cb318 #d,-,18,2458,2351,1286,93,0,182510,11315,2458,2353,1286,2458,2351,1140,90,100,0,500,2730;
@400000005e7dafcd3765bb91 #d,-,18,2691,2351,1329,94,0,182704,11327,2691,2352,1372,2458,2350,1243,92,100,0,500,2912;
@400000005e7dafcf37737b09 #d,-,18,2992,2350,1342,94,0,182935,11341,2992,2352,1347,2691,2350,1329,93,100,0,500,3204;
@400000005e7dafcf377d0408 #d,-,18,2990,2352,1159,95,0,182977,11344,2992,2352,1345,2990,2350,1159,93,100,0,500,3199;
@400000005e7dafd1378b5021 #d,-,18,2711,2351,1193,96,0,182994,11345,2990,2353,1219,2711,2350,1135,90,100,0,500,2988;
@400000005e7dafd137945d43 #d,-,18,2585,2351,1193,97,0,183015,11346,2711,2352,1197,2585,2350,1186,90,100,0,500,2848;
@400000005e7dafd337a16cb5 #d,-,18,2585,2352,1186,97,0,183033,11348,2585,2352,1195,2585,2351,1184,90,100,0,500,2846;
@400000005e7dafd337aadab2 #d,-,18,2579,2352,1138,98,0,182985,11345,2585,2352,1189,2579,2351,1131,91,100,0,500,2813;
@400000005e7dafd537b7c308 #d,-,18,2443,2353,1138,99,0,182932,11341,2579,2353,1140,2443,2352,1131,89,100,0,500,2715;
@400000005e7dafd537c03b26 #d,-,18,2443,2351,1138,99,0,182879,11338,2443,2353,1141,2443,2351,1132,89,100,0,500,2720;
@400000005e7dafd737cd246a #d,-,18,2444,2350,1140,100,0,182831,11335,2444,2351,1146,2443,2349,1135,89,100,0,500,2723;
@400000005e7dafd737d5ced3 #d,-,18,2444,2351,1141,101,0,182783,11332,2444,2352,1147,2444,2350,1133,89,100,0,500,2723;
@400000005e7dafd937e27508 #d,-,18,2446,2351,1133,101,0,182731,11329,2446,2352,1146,2444,2351,1126,89,100,0,500,2732;
@400000005e7dafd937eb6639 #d,-,18,2444,2353,1133,102,0,182674,11325,2446,2353,1135,2444,2351,1127,90,100,0,500,2706;
@400000005e7dafdb37f7f8df #d,-,18,2443,2353,1132,103,0,182620,11322,2444,2354,1138,2443,2352,1130,90,100,0,500,2711;
@400000005e7dafdb3800848d #d,-,18,2442,2352,1136,103,0,182565,11319,2443,2353,1136,2442,2352,1130,90,100,0,500,2711;
@400000005e7dafdd380cadf6 #d,-,18,2440,2352,1128,104,0,182513,11315,2442,2353,1139,2440,2351,1128,90,100,0,500,2711;
@400000005e7dafdd3815c644 #d,-,18,2440,2353,1137,105,0,182460,11312,2440,2353,1138,2440,2352,1127,89,100,0,500,2713;
@400000005e7dafdf3821eebf #d,-,18,2439,2351,1129,105,0,182409,11309,2440,2354,1138,2439,2351,1127,90,100,0,500,2708;
@400000005e7dafdf382a8a42 #d,-,18,2439,2350,1135,106,0,182358,11306,2439,2352,1136,2439,2350,1129,90,100,0,500,2708;
@400000005e7dafe138376b23 #d,-,18,2438,2351,1134,107,0,182308,11303,2439,2352,1136,2438,2350,1129,90,100,0,500,2708;
@400000005e7dafe138401dee #d,-,18,2438,2352,1132,107,0,182258,11300,2438,2352,1138,2438,2350,1130,89,100,0,500,2711;
@400000005e7dafe3384cb808 #d,-,18,2437,2351,1135,108,0,182211,11297,2438,2353,1139,2437,2351,1129,89,100,0,500,2711;
@400000005e7dafe33855acf3 #d,-,18,2436,2351,1129,109,0,182161,11294,2437,2353,1138,2436,2351,1129,89,100,0,500,2708;
@400000005e7dafe538623be0 #d,-,18,2437,2349,1136,109,0,182115,11291,2437,2352,1139,2436,2348,1126,89,100,0,500,2711;
@400000005e7dafe5386adb1c #d,-,18,2436,2349,1134,110,0,182067,11288,2437,2349,1139,2436,2348,1128,89,100,0,500,2708;
@400000005e7dafe73877145a #d,-,18,2436,2349,1138,111,0,182023,11285,2436,2350,1142,2436,2348,1132,89,100,0,500,2713;
@400000005e7dafe7388037d6 #d,-,18,2437,2351,1133,111,0,181975,11282,2437,2351,1140,2436,2349,1128,89,100,0,500,2708;
@400000005e7dafe9388d571d #d,-,18,2436,2349,1132,112,0,181928,11279,2437,2351,1140,2436,2349,1129,89,100,0,500,2708;
@400000005e7dafe93895e684 #d,-,18,2435,2349,1134,113,0,181880,11276,2436,2350,1138,2435,2348,1128,89,100,0,500,2706;
@400000005e7dafeb38a2c3ac #d,-,18,2434,2349,1133,113,0,181946,11280,2435,2350,1139,2434,2348,1129,89,100,0,500,2708;
@400000005e7dafeb38ab71cf #d,-,18,2434,2351,1132,114,0,181789,11270,2434,2351,1136,2434,2348,1129,89,100,0,500,2706;
@400000005e7dafed38b82c82 #d,-,18,2433,2351,1135,115,0,181854,11274,2434,2352,1135,2433,2351,1127,89,100,0,500,2706;
@400000005e7dafed38c10dde #d,-,18,2432,2352,1131,115,0,181699,11265,2433,2352,1135,2432,2351,1127,89,100,0,500,2704;
@400000005e7dafef38cd90af #d,-,18,2432,2353,1137,116,0,181765,11269,2432,2353,1137,2432,2351,1129,89,100,0,500,2706;
@400000005e7dafef38d623d0 #d,-,18,2432,2353,1131,117,0,181611,11259,2432,2353,1139,2432,2351,1129,89,100,0,500,2708;
@400000005e7daff138e3a89b #d,-,18,2432,2351,1137,117,0,181678,11264,2432,2353,1137,2432,2351,1131,89,100,0,500,2708;
@400000005e7daff138ed5d60 #d,-,18,2432,2351,1131,118,0,181529,11254,2432,2352,1137,2432,2349,1128,89,100,0,500,2711;
@400000005e7daff338fb95ea #d,-,18,2432,2350,1275,119,0,181550,11256,2432,2351,1289,2432,2349,1129,89,100,0,500,2708;
@400000005e7daff33904aa7f #d,-,18,2763,2348,1346,120,0,181718,11266,2763,2350,1380,2432,2346,1245,93,100,0,500,2955;
@400000005e7daff53912a85d #d,-,18,2992,2349,1345,120,0,182014,11284,2992,2349,1354,2763,2348,1339,93,100,0,500,3213;
@400000005e7daff5391c39be #d,-,18,2991,2348,1211,121,0,182049,11287,2992,2349,1348,2991,2348,1211,93,100,0,500,3204;
@400000005e7daff739297408 #d,-,18,2679,2351,1191,122,0,182059,11287,2991,2352,1211,2679,2348,1172,90,100,0,500,2964;
@400000005e7daff73931ffb5 #d,-,18,2563,2352,1170,123,0,182062,11287,2679,2352,1191,2563,2351,1168,90,100,0,500,2825;
@400000005e7daff9393e7b13 #d,-,18,2559,2351,1157,123,0,182056,11287,2563,2353,1171,2559,2351,1157,91,100,0,500,2796;
@400000005e7daff939477b2a #d,-,18,2489,2352,1138,124,0,182020,11285,2559,2352,1157,2489,2351,1131,90,100,0,500,2761;
@400000005e7daffb39543997 #d,-,18,2483,2352,1140,125,0,181985,11283,2489,2352,1141,2483,2351,1134,91,100,0,500,2723;
@400000005e7daffb395cc456 #d,-,18,2479,2353,1138,125,0,181950,11280,2483,2353,1141,2479,2352,1136,91,100,0,500,2723;
@400000005e7daffd396b115d #d,-,18,2475,2354,1145,126,0,181916,11278,2479,2354,1145,2475,2352,1136,90,100,0,500,2723;
@400000005e7daffd3974d508 #d,-,18,2472,2355,1144,127,0,181886,11276,2475,2355,1147,2472,2354,1142,90,100,0,500,2727;
@400000005e7dafff39838e18 #d,-,18,2471,2353,1256,128,0,181932,11279,2472,2355,1301,2471,2353,1142,90,100,0,500,2739;
@400000005e7dafff398caec9 #d,-,18,2870,2352,1351,128,0,182105,11290,2870,2354,1374,2471,2352,1251,93,100,0,500,3062;
@400000005e7db001399a955e #d,-,18,2984,2353,1346,129,0,182281,11301,2984,2354,1352,2870,2352,1342,93,100,0,500,3208;
@400000005e7db00139a42217 #d,-,18,2981,2353,1148,130,0,182337,11304,2984,2355,1347,2981,2353,1121,93,100,0,500,3197;
@400000005e7db00339b21ff5 #d,-,18,2515,2349,1189,131,0,182350,11305,2981,2353,1205,2515,2349,1148,89,100,0,500,2810;
@400000005e7db00339bb30d0 #d,-,18,2599,2351,1196,131,0,182372,11307,2599,2351,1196,2515,2349,1189,91,100,0,500,2848;
@400000005e7db00539c8d545 #d,-,18,2598,2349,1184,132,0,182388,11308,2599,2351,1196,2598,2349,1184,91,100,0,500,2853;
@400000005e7db00539d2758d #d,-,18,2519,2353,1139,133,0,182353,11305,2598,2353,1184,2519,2349,1127,90,100,0,500,2796;
@400000005e7db00739df2b98 #d,-,18,2451,2352,1141,133,0,182318,11303,2519,2353,1142,2451,2352,1135,90,100,0,500,2723;
@400000005e7db00739e7bafe #d,-,18,2450,2351,1138,134,0,182285,11301,2451,2352,1142,2450,2350,1136,90,100,0,500,2720;
@400000005e7db00939f5cc6b #d,-,18,2451,2351,1146,135,0,182253,11299,2451,2351,1147,2450,2350,1137,89,100,0,500,2725;
@400000005e7db00939ff9105 #d,-,18,2452,2352,1145,135,0,182225,11297,2452,2352,1147,2451,2350,1141,89,100,0,500,2730;
@400000005e7db00b3a0e2a6b #d,-,18,2591,2351,1376,136,0,182333,11304,2591,2353,1376,2452,2351,1145,91,100,0,500,2817;
@400000005e7db00b3a175a02 #d,-,18,2930,2352,1345,137,0,182497,11314,2930,2353,1377,2591,2351,1331,93,100,0,500,3147;
@400000005e7db00d3a259ea7 #d,-,18,2992,2352,1302,138,0,182653,11324,2992,2352,1350,2930,2352,1302,93,100,0,500,3213;
@400000005e7db00d3a2f105e #d,-,18,2822,2352,1071,139,0,182627,11322,2992,2353,1302,2822,2352,1069,91,100,0,500,3095;
@400000005e7db00f3a3bb693 #d,-,18,2379,2352,1184,139,0,182613,11322,2822,2353,1199,2379,2350,1071,89,100,0,500,2659;
@400000005e7db00f3a444241 #d,-,18,2557,2350,1169,140,0,182616,11322,2557,2352,1187,2379,2350,1167,90,100,0,500,2820;
@400000005e7db0113a50d4e7 #d,-,18,2556,2349,1153,141,0,182698,11327,2557,2351,1187,2556,2349,1145,90,100,0,500,2810;
@400000005e7db0113a59ce7a #d,-,18,2477,2349,1139,141,0,182668,11325,2556,2350,1155,2477,2349,1138,89,100,0,500,2758;
@400000005e7db0133a66dded #d,-,18,2476,2350,1146,142,0,182638,11323,2477,2350,1159,2476,2349,1135,90,100,0,500,2737;
@400000005e7db0133a6f6d53 #d,-,18,2472,2350,1133,143,0,182607,11321,2476,2350,1156,2472,2347,1133,90,100,0,500,2725;
@400000005e7db0153a7d8633 #d,-,18,2472,2350,1154,143,0,182580,11320,2472,2350,1155,2472,2348,1133,90,100,0,500,2737;
@400000005e7db0153a872b23 #d,-,18,2471,2353,1144,144,0,182551,11318,2472,2353,1155,2471,2349,1138,90,100,0,500,2734;
@400000005e7db0173a957382 #d,-,18,2601,2353,1376,145,0,182568,11319,2601,2353,1376,2471,2352,1144,91,100,0,500,2829;
@400000005e7db0173a9e7fb5 #d,-,18,2926,2351,1345,146,0,182720,11328,2926,2354,1376,2601,2350,1330,93,100,0,500,3140;
@400000005e7db0193aac5ed8 #d,-,18,2990,2353,1312,147,0,182868,11337,2990,2353,1348,2926,2351,1312,93,100,0,500,3211;
@400000005e7db0193ab6139c #d,-,18,2813,2354,1177,147,0,182876,11338,2990,2354,1312,2813,2352,1150,91,100,0,500,3088;
@400000005e7db01b3ac33a57 #d,-,18,2545,2354,1179,148,0,182878,11338,2813,2355,1187,2545,2354,1171,90,100,0,500,2808;
@400000005e7db01b3acbc605 #d,-,18,2545,2354,1168,149,0,182874,11338,2545,2354,1179,2545,2353,1164,90,100,0,500,2813;
@400000005e7db01d3ad83547 #d,-,18,2544,2356,1142,149,0,182856,11337,2545,2356,1183,2544,2354,1133,90,100,0,500,2803;
@400000005e7db01d3ae14d96 #d,-,18,2451,2355,1140,150,0,182822,11335,2544,2357,1147,2451,2355,1132,89,100,0,500,2730;
@400000005e7db01f3aedfc2d #d,-,18,2451,2358,1140,151,0,182790,11333,2451,2358,1142,2451,2355,1138,89,100,0,500,2730;
@400000005e7db01f3af68b94 #d,-,18,2451,2356,1139,151,0,182758,11331,2451,2358,1143,2451,2353,1137,89,100,0,500,2730;
@400000005e7db0213b0321f4 #d,-,18,2451,2357,1143,152,0,182728,11329,2451,2357,1144,2451,2355,1137,89,100,0,501,2725;
@400000005e7db0213b0bdc32 #d,-,18,2452,2356,1128,153,0,182698,11327,2452,2357,1146,2451,2355,1128,89,100,0,501,2732;
@400000005e7db0233b18209e #d,-,18,2450,2357,1137,153,0,182660,11324,2452,2357,1137,2450,2347,1127,90,100,0,501,2718;
@400000005e7db0233b211dea #d,-,18,2448,2354,1129,154,0,182623,11322,2450,2358,1139,2448,2353,1129,90,100,0,501,2708;
@400000005e7db0253b2e0db3 #d,-,18,2446,2355,1135,155,0,182669,11325,2448,2356,1136,2446,2353,1128,90,100,0,500,2711;
@400000005e7db0253b369d1a #d,-,18,2444,2351,1131,155,0,182549,11318,2446,2355,1135,2444,2350,1129,90,100,0,500,2706;
@400000005e7db0273b437688 #d,-,18,2442,2352,1134,156,0,182513,11315,2444,2353,1136,2442,2350,1130,90,100,0,500,2706;
@400000005e7db0273b4c8ed6 #d,-,18,2441,2350,1131,157,0,182558,11318,2442,2353,1136,2441,2350,1129,90,100,0,500,2708;
@400000005e7db0293b5938c5 #d,-,18,2440,2350,1132,158,0,182441,11311,2441,2351,1136,2440,2350,1126,90,100,0,500,2704;
@400000005e7db0293b61cbe6 #d,-,18,2438,2352,1129,158,0,182404,11309,2440,2353,1137,2438,2350,1128,90,100,0,500,2704;
@400000005e7db02b3b6eb081 #d,-,18,2437,2349,1131,159,0,182367,11306,2438,2352,1133,2437,2349,1128,90,100,0,500,2704;
@400000005e7db02b3b776bae #d,-,18,2436,2352,1132,160,0,182331,11304,2437,2352,1134,2436,2349,1128,90,100,0,500,2701;
@400000005e7db02d3b842572 #d,-,18,2434,2353,1134,160,0,182296,11302,2436,2353,1135,2434,2350,1130,90,100,0,500,2704;
@400000005e7db02d3b8d0314 #d,-,18,2433,2350,1129,161,1,182260,11300,2434,2353,1137,2433,2350,1128,89,100,0,500,2706;
@400000005e7db02f3b9a19fa #d,-,18,2433,2350,1135,162,1,182227,11298,2433,2351,1136,2433,2350,1129,89,100,0,500,2704;
@400000005e7db0300007dba8 #d,-,18,2433,2349,1133,162,1,182193,11295,2433,2350,1136,2433,2349,1131,89,100,0,500,2706;
@400000005e7db03200145abf #d,-,18,2433,2351,1134,163,1,182160,11293,2433,2351,1138,2433,2348,1126,89,100,0,500,2708;
@400000005e7db032001d7a81 #d,-,18,2432,2351,1133,164,1,182127,11291,2433,2352,1135,2432,2350,1130,89,100,0,500,2704;
@400000005e7db034002ac0e7 #d,-,18,2432,2351,1133,164,1,182095,11289,2432,2351,1137,2432,2350,1128,89,100,0,500,2708;
@400000005e7db0340033504e #d,-,18,2432,2353,1133,165,1,182064,11287,2432,2353,1137,2432,2350,1129,89,100,0,500,2706;
@400000005e7db03600403d4b #d,-,18,2433,2351,1136,166,1,182034,11286,2433,2353,1142,2432,2350,1129,89,100,0,500,2711;
@400000005e7db0360048f789 #d,-,18,2433,2351,1134,166,1,182005,11284,2433,2352,1138,2433,2351,1132,89,100,0,500,2713;
@400000005e7db03800558676 #d,-,18,2434,2353,1134,167,1,181975,11282,2434,2353,1137,2433,2350,1132,89,100,0,500,2713;
@400000005e7db038005e9b0b #d,-,18,2435,2352,1136,168,1,181946,11280,2435,2353,1138,2434,2352,1133,89,100,0,500,2713;
@400000005e7db03a006b7bec #d,-,18,2435,2352,1136,168,1,181917,11278,2435,2352,1138,2435,2352,1133,89,100,0,500,2713;
@400000005e7db03a00740b53 #d,-,18,2436,2352,1133,169,1,181888,11277,2436,2353,1139,2435,2352,1133,89,100,0,500,2713;
@400000005e7db03c0082304f #d,-,18,2436,2351,1137,170,1,181859,11275,2436,2352,1138,2436,2351,1132,89,100,0,500,2713;
@400000005e7db03c008bfc5c #d,-,18,2435,2351,1214,170,1,181840,11274,2436,2353,1214,2435,2350,1132,89,100,0,500,2713;
@400000005e7db03e009ae3fd #d,-,18,2625,2348,1327,171,1,181939,11280,2625,2352,1362,2435,2348,1214,91,100,0,500,2855;
@400000005e7db03e00a4183c #d,-,18,2944,2350,1334,172,1,182061,11287,2944,2350,1339,2625,2348,1319,93,100,0,500,3147;
@400000005e7db04000b22500 #d,-,18,2945,2348,1311,173,1,182253,11299,2945,2350,1335,2944,2347,1311,92,100,0,500,3175;
@400000005e7db04000bb4109 #d,-,18,2809,2353,1091,173,1,182231,11298,2945,2353,1311,2809,2348,1065,91,100,0,500,3078;
@400000005e7db04200c95364 #d,-,18,2403,2352,1201,174,1,182236,11298,2809,2354,1223,2403,2352,1091,90,100,0,500,2670;
@400000005e7db04200d28e28 #d,-,18,2593,2354,1196,175,1,182180,11295,2593,2354,1201,2403,2352,1193,90,100,0,500,2860;
@400000005e7db04400dfb129 #d,-,18,2593,2352,1162,176,1,182192,11295,2593,2354,1197,2593,2351,1162,90,100,0,500,2853;
@400000005e7db04400e84538 #d,-,18,2513,2353,1143,176,1,182165,11294,2593,2354,1162,2513,2352,1127,90,100,0,500,2791;
@400000005e7db04600f5833c #d,-,18,2449,2351,1141,177,1,182140,11292,2513,2354,1143,2449,2351,1138,89,100,0,500,2725;
@400000005e7db04600fe3607 #d,-,18,2449,2352,1140,178,1,182116,11291,2449,2353,1142,2449,2351,1138,89,100,0,500,2725;
@400000005e7db048010ba743 #d,-,18,2450,2351,1141,178,1,182092,11289,2450,2352,1144,2449,2351,1139,89,100,0,500,2727;
@400000005e7db04801154879 #d,-,18,2451,2351,1243,179,1,182085,11289,2451,2353,1243,2450,2351,1141,89,100,0,500,2730;
@400000005e7db04a0123df14 #d,-,18,2653,2350,1327,180,1,182253,11299,2653,2351,1365,2451,2349,1243,91,100,0,500,2884;
@400000005e7db04a012d1d91 #d,-,18,2958,2352,1335,181,1,182371,11307,2958,2352,1345,2653,2349,1319,93,100,0,500,3161;
@400000005e7db04c013b2b44 #d,-,18,2958,2350,1287,181,1,182411,11309,2958,2352,1337,2958,2349,1287,92,100,0,500,3182;
@400000005e7db04c01444fae #d,-,18,2691,2350,1166,182,1,182393,11308,2958,2351,1287,2691,2349,1071,90,100,0,500,2979;
@400000005e7db04e015157ae #d,-,18,2537,2350,1172,183,1,182389,11308,2691,2351,1176,2537,2349,1166,90,100,0,500,2801;
@400000005e7db04e015a15a5 #d,-,18,2535,2349,1159,184,1,182382,11307,2537,2351,1172,2535,2348,1158,90,100,0,500,2787;
@400000005e7db0500166cbb0 #d,-,18,2531,2353,1138,184,1,182362,11306,2535,2353,1164,2531,2349,1138,91,100,0,500,2770;
@400000005e7db050016fb0c5 #d,-,18,2453,2353,1139,185,1,182338,11304,2531,2353,1142,2453,2352,1136,90,100,0,500,2725;
@400000005e7db052017c5341 #d,-,18,2452,2352,1140,186,1,182314,11303,2453,2353,1142,2452,2351,1138,89,100,0,500,2725;
@400000005e7db0520184eec3 #d,-,18,2452,2352,1142,186,1,182289,11301,2452,2352,1144,2452,2351,1139,89,100,0,500,2725;
@400000005e7db0540192dccc #d,-,18,2452,2350,1147,187,1,182268,11300,2452,2353,1149,2452,2350,1139,89,100,0,500,2727;
@400000005e7db054019c3f9c #d,-,18,2453,2351,1246,188,1,182294,11302,2453,2351,1294,2452,2349,1140,89,100,0,500,2737;
@400000005e7db05601aab2d3 #d,-,18,2846,2349,1329,188,1,182398,11308,2846,2351,1352,2453,2348,1246,93,100,0,500,3038;
@400000005e7db05601b3c679 #d,-,18,2920,2350,1325,189,1,182500,11315,2920,2351,1329,2846,2349,1313,92,100,0,500,3152;
@400000005e7db05801c22621 #d,-,18,2917,2350,1104,190,1,182619,11322,2920,2352,1330,2917,2349,1104,92,100,0,500,3140;
@400000005e7db05801cb6d00 #d,-,18,2591,2351,1193,191,1,182556,11318,2917,2351,1206,2591,2348,1096,90,100,0,500,2867;
@400000005e7db05a01d9ffe1 #d,-,18,2590,2349,1194,191,1,182569,11319,2591,2352,1197,2590,2349,1189,91,100,0,500,2841;
@400000005e7db05a01e33332 #d,-,18,2591,2347,1193,192,1,182582,11320,2591,2350,1197,2590,2346,1192,90,100,0,500,2851;
@400000005e7db05c01f042a4 #d,-,18,2539,2350,1143,193,1,182563,11318,2591,2350,1193,2539,2347,1139,90,100,0,500,2813;
@400000005e7db05c01f91071 #d,-,18,2465,2349,1145,194,1,182541,11317,2539,2350,1155,2465,2347,1138,90,100,0,500,2737;
@400000005e7db05e02064baa #d,-,18,2464,2351,1143,194,1,182522,11316,2465,2351,1161,2464,2348,1134,89,100,0,500,2739;
@400000005e7db05e020e8cd5 #d,-,18,2465,2350,1142,195,1,182500,11315,2465,2352,1158,2464,2349,1133,90,100,0,500,2732;
@400000005e7db060021cc1a6 #d,-,18,2465,2351,1146,196,1,182482,11313,2465,2351,1155,2465,2349,1137,89,100,0,500,2739;
@400000005e7db06002261c14 #d,-,18,2531,2346,1308,196,1,182592,11320,2531,2351,1308,2465,2346,1138,91,100,0,500,2763;
@400000005e7db0620234b668 #d,-,18,2878,2346,1328,197,1,182633,11323,2878,2347,1361,2531,2345,1308,92,100,0,500,3099;
@400000005e7db062023d2625 #d,-,18,2950,2350,1332,198,1,182737,11329,2950,2350,1335,2878,2346,1326,93,100,0,500,3168;
@400000005e7db064024b43ad #d,-,18,2946,2349,1228,199,1,182836,11335,2950,2350,1332,2946,2349,1090,93,100,0,500,3161;
@400000005e7db0640254a1d5 #d,-,18,2543,2350,1198,199,1,182782,11332,2946,2351,1228,2543,2349,1177,90,100,0,500,2820;
@400000005e7db0660262cf32 #d,-,18,2595,2352,1193,200,1,182794,11333,2595,2353,1198,2543,2350,1193,90,100,0,500,2855;
@400000005e7db066026c0e9e #d,-,18,2594,2352,1139,201,1,182794,11333,2595,2352,1196,2594,2351,1139,90,100,0,500,2851;
@400000005e7db06802789529 #d,-,18,2487,2352,1135,201,1,182771,11331,2594,2353,1156,2487,2350,1131,89,100,0,500,2770;
@400000005e7db06802818a14 #d,-,18,2484,2351,1152,202,1,182751,11330,2487,2353,1154,2484,2350,1133,90,100,0,500,2732;
@400000005e7db06a028e823e #d,-,18,2480,2352,1137,203,1,182727,11329,2484,2352,1154,2480,2349,1131,91,100,0,500,2725;
@400000005e7db06a029729dc #d,-,18,2478,2350,1152,203,1,182706,11327,2480,2353,1153,2478,2350,1134,90,100,0,500,2727;
@400000005e7db06c02a4878a #d,-,18,2476,2350,1075,204,1,182681,11326,2478,2351,1157,2476,2348,1075,90,100,0,500,2734;
@400000005e7db06c02ae1ca4 #d,-,18,2323,2351,1152,205,1,182625,11322,2476,2352,1168,2323,2350,1023,88,100,0,500,2625;
@400000005e7db06e02bca723 #d,-,18,2429,2350,1143,205,1,182666,11325,2429,2351,1152,2323,2349,1132,90,100,0,500,2689;
@400000005e7db06e02c5ca9f #d,-,18,2433,2352,1147,206,1,182584,11320,2433,2353,1148,2429,2349,1143,88,100,0,500,2734;
@400000005e7db07002d3d0de #d,-,18,2436,2352,1143,207,1,182564,11318,2436,2353,1148,2433,2352,1142,89,100,0,500,2734;
@400000005e7db07002dd3edb #d,-,18,2440,2352,1146,207,1,182544,11317,2440,2353,1149,2436,2350,1140,89,100,0,500,2737;
@400000005e7db07202eb8eae #d,-,18,2443,2352,1141,208,1,182524,11316,2443,2353,1147,2440,2351,1138,89,100,0,500,2732;
@400000005e7db07202f4aab6 #d,-,18,2445,2353,1144,209,1,182505,11315,2445,2354,1146,2443,2352,1139,89,100,0,500,2734;
@400000005e7db0740302b4af #d,-,18,2448,2353,1145,210,1,182485,11314,2448,2354,1145,2445,2353,1140,89,100,0,500,2732;
@400000005e7db074030c64cc #d,-,18,2449,2353,1142,210,1,182467,11312,2449,2354,1148,2448,2353,1140,89,100,0,500,2734;
@400000005e7db076031a5b37 #d,-,18,2451,2355,1146,211,1,182448,11311,2451,2356,1147,2449,2353,1140,89,100,0,500,2734;
@400000005e7db076032396e9 #d,-,18,2453,2355,1145,212,1,182430,11310,2453,2355,1148,2451,2354,1139,89,100,0,500,2737;
@400000005e7db0780330484b #d,-,18,2455,2353,1147,212,1,182413,11309,2455,2356,1149,2453,2353,1141,89,100,0,500,2742;
@400000005e7db07803394951 #d,-,18,2457,2354,1143,213,1,182394,11308,2457,2355,1148,2455,2353,1141,89,100,0,500,2739;
@400000005e7db07a034776af #d,-,18,2457,2352,1145,214,1,182376,11307,2457,2355,1146,2457,2352,1141,89,100,0,500,2734;
@400000005e7db07a0350b52c #d,-,18,2458,2355,1149,214,1,182356,11306,2458,2355,1149,2457,2352,1138,89,100,0,500,2734;
@400000005e7db07c035ecefb #d,-,18,2458,2355,1138,215,1,182337,11304,2458,2357,1149,2458,2355,1136,89,100,0,500,2734;
@400000005e7db07c036857fa #d,-,18,2457,2356,1142,216,1,182318,11303,2458,2357,1146,2457,2354,1136,90,100,0,500,2730;
@400000005e7db07e0376fab0 #d,-,18,2457,2354,1139,216,1,182357,11306,2457,2357,1144,2457,2353,1137,90,100,0,500,2730;
@400000005e7db07e038031ba #d,-,18,2458,2356,1144,217,1,182279,11301,2458,2356,1144,2457,2353,1139,89,100,0,500,2732;
@400000005e7db080038d9b83 #d,-,18,2458,2356,1144,218,1,182260,11300,2458,2356,1147,2458,2355,1137,89,100,0,500,2732;
@400000005e7db0800397442d #d,-,18,2457,2354,1142,218,1,182241,11298,2458,2356,1145,2457,2354,1138,89,100,0,500,2732;
@400000005e7db08203a5f5c9 #d,-,18,2458,2355,1147,219,1,182223,11297,2458,2355,1147,2457,2353,1140,89,100,0,500,2732;
@400000005e7db08203af291a #d,-,18,2458,2356,1142,220,1,182205,11296,2458,2357,1147,2458,2355,1139,89,100,0,500,2734;
@400000005e7db08403bdf6a7 #d,-,18,2458,2356,1144,220,1,182187,11295,2458,2356,1146,2458,2355,1140,89,100,0,500,2734;
@400000005e7db08403c70694 #d,-,18,2459,2354,1144,221,1,182170,11294,2459,2357,1146,2458,2354,1140,89,100,0,500,2737;
@400000005e7db08603d585e6 #d,-,18,2459,2355,1145,222,1,182152,11293,2459,2355,1147,2459,2354,1136,89,100,0,500,2737;
@400000005e7db08603debcf0 #d,-,18,2571,2352,1357,223,1,182208,11296,2571,2355,1357,2459,2352,1141,91,100,0,500,2798;
@400000005e7db08803ecf1c1 #d,-,18,2892,2354,1329,223,1,182303,11302,2892,2354,1365,2571,2352,1321,92,100,0,500,3114;
@400000005e7db08803f60dc9 #d,-,18,2964,2352,1336,224,1,182398,11308,2964,2354,1337,2892,2352,1328,93,100,0,500,3182;
@400000005e7db08a04030d66 #d,-,18,2906,2354,1172,225,1,182440,11311,2964,2355,1336,2906,2351,1172,92,100,0,500,3154;
@400000005e7db08a040cdd2d #d,-,18,2609,2356,1195,226,1,182446,11311,2906,2356,1197,2609,2354,1170,90,100,0,500,2884;
@400000005e7db08c041b700e #d,-,18,2603,2355,1174,226,1,182446,11311,2609,2356,1195,2603,2355,1164,92,100,0,500,2825;
@400000005e7db08c04249fa5 #d,-,18,2543,2354,1174,227,1,182447,11311,2603,2355,1178,2543,2354,1170,90,100,0,500,2806;
@400000005e7db08e043247d4 #d,-,18,2539,2358,1142,228,1,182431,11310,2543,2358,1174,2539,2354,1133,91,100,0,500,2787;
@400000005e7db08e043c22c8 #d,-,18,2457,2355,1139,228,1,182468,11313,2539,2358,1143,2457,2355,1137,89,100,0,500,2734;
@400000005e7db090044ab5a9 #d,-,18,2456,2356,1141,229,1,182448,11311,2457,2356,1143,2456,2353,1136,89,100,0,500,2730;
@400000005e7db0900453dcde #d,-,18,2457,2355,1142,230,1,182376,11307,2457,2358,1148,2456,2355,1137,90,100,0,500,2730;
@400000005e7db09204623513 #d,-,18,2458,2353,1146,231,1,182360,11306,2458,2355,1151,2457,2353,1142,89,100,0,500,2739;
@400000005e7db092046bc2ba #d,-,18,2461,2353,1251,231,1,182385,11307,2461,2355,1292,2458,2352,1143,89,100,0,500,2744;
@400000005e7db094047a35f0 #d,-,18,2866,2352,1340,232,1,182476,11313,2866,2354,1363,2461,2352,1251,93,100,0,500,3064;
@400000005e7db094048387fd #d,-,18,2954,2355,1337,233,1,182566,11319,2954,2355,1340,2866,2352,1328,92,100,0,500,3182;
@400000005e7db0960491d05c #d,-,18,2951,2354,1099,234,1,182591,11320,2954,2355,1337,2951,2353,1092,93,100,0,500,3168;
@400000005e7db096049af10c #d,-,18,2507,2353,1190,234,1,182598,11321,2951,2354,1201,2507,2353,1099,89,100,0,500,2798;
@400000005e7db09804a92997 #d,-,18,2591,2353,1190,235,1,182607,11321,2591,2354,1195,2507,2352,1186,91,100,0,500,2843;
@400000005e7db09804b26cbc #d,-,18,2591,2357,1161,236,1,182609,11321,2591,2357,1193,2591,2353,1151,90,100,0,500,2848;
@400000005e7db09a04c1545d #d,-,18,2499,2357,1141,236,1,182592,11320,2591,2357,1162,2499,2356,1134,89,100,0,500,2779;
@400000005e7db09a04ca83f4 #d,-,18,2493,2355,1136,237,1,182572,11319,2499,2357,1142,2493,2355,1135,91,100,0,500,2727;
@400000005e7db09c04d8a17c #d,-,18,2488,2357,1146,238,1,182553,11318,2493,2358,1146,2488,2355,1135,91,100,0,500,2727;
@400000005e7db09c04e1d886 #d,-,18,2484,2356,1144,239,1,182591,11320,2488,2357,1150,2484,2355,1144,90,100,0,500,2734;
@400000005e7db09e04f0099d #d,-,18,2483,2357,1148,239,1,182522,11316,2484,2357,1150,2483,2355,1143,90,100,0,500,2744;
@400000005e7db09e04f921ec #d,-,18,2609,2355,1350,240,1,182637,11323,2609,2358,1350,2483,2355,1147,92,100,0,500,2832;
@400000005e7db0a005076e05 #d,-,18,2916,2357,1329,241,1,182671,11325,2916,2357,1355,2609,2355,1324,92,100,0,500,3147;
@400000005e7db0a005111e21 #d,-,18,2921,2358,1318,242,1,182756,11330,2921,2358,1334,2916,2357,1318,91,100,0,500,3180;
@400000005e7db0a2051f7656 #d,-,18,2809,2357,1172,242,1,182756,11330,2921,2358,1318,2809,2357,1098,91,100,0,500,3085;
@400000005e7db0a20528a233 #d,-,18,2511,2359,1173,243,1,182755,11330,2809,2359,1185,2511,2357,1162,90,100,0,500,2772;
@400000005e7db0a405373426 #d,-,18,2513,2355,1173,244,1,182754,11330,2513,2359,1179,2511,2354,1167,89,100,0,500,2803;
@400000005e7db0a405410895 #d,-,18,2518,2356,1149,244,1,182746,11330,2518,2356,1177,2513,2354,1139,89,100,0,500,2813;
@400000005e7db0a6054f9314 #d,-,18,2465,2357,1142,245,1,182728,11329,2518,2357,1149,2465,2354,1135,89,100,0,500,2746;
@400000005e7db0a605593f77 #d,-,18,2464,2357,1140,246,1,182709,11327,2465,2358,1145,2464,2356,1138,90,100,0,500,2730;
@400000005e7db0a8056804a2 #d,-,18,2463,2356,1150,247,1,182692,11326,2464,2358,1150,2463,2355,1138,90,100,0,500,2732;
@400000005e7db0a8057120aa #d,-,18,2463,2356,1142,247,1,182677,11325,2463,2357,1150,2463,2355,1142,89,100,0,500,2744;
@400000005e7db0aa057f7437 #d,-,18,2465,2357,1260,248,1,182673,11325,2465,2358,1260,2463,2356,1140,89,100,0,500,2742;
@400000005e7db0aa0588a3cd #d,-,18,2669,2356,1317,249,1,182796,11333,2669,2357,1362,2465,2356,1244,92,100,0,500,2898;
@400000005e7db0ac0596a653 #d,-,18,2966,2356,1332,250,1,182879,11338,2966,2356,1339,2669,2355,1317,93,100,0,500,3173;
@400000005e7db0ac059fbea2 #d,-,18,2964,2355,1218,250,1,182947,11342,2966,2356,1334,2964,2355,1218,93,100,0,500,3180;
@400000005e7db0ae05ad9cd5 #d,-,18,2651,2356,1175,251,1,182892,11339,2964,2356,1218,2651,2355,1106,89,100,0,500,2955;
@400000005e7db0ae05b6e85d #d,-,18,2599,2355,1191,252,1,182951,11342,2651,2356,1195,2599,2355,1175,91,100,0,500,2846;
@400000005e7db0b005c53830 #d,-,18,2597,2356,1187,252,1,182957,11343,2599,2356,1191,2597,2355,1184,91,100,0,500,2841;
@400000005e7db0b005ce57f1 #d,-,18,2590,2358,1141,253,1,182891,11339,2597,2358,1189,2590,2355,1125,91,100,0,500,2827;
@400000005e7db0b205db0a42 #d,-,18,2455,2357,1140,254,1,182873,11338,2590,2358,1144,2455,2357,1137,90,100,0,500,2727;
@400000005e7db0b205e3ef58 #d,-,18,2455,2355,1140,255,1,182855,11337,2455,2357,1144,2455,2354,1139,89,100,0,500,2732;
@400000005e7db0b405f08e1a #d,-,18,2455,2355,1143,255,1,182837,11335,2455,2356,1146,2455,2354,1137,89,100,0,500,2732;
@400000005e7db0b405f93ff6 #d,-,18,2455,2354,1136,256,1,182818,11334,2455,2356,1144,2455,2354,1136,89,100,0,500,2730;
@400000005e7db0b606063467 #d,-,18,2455,2358,1059,257,1,182794,11333,2455,2358,1147,2455,2354,1059,90,100,0,500,2727;
@400000005e7db0b6060edfbe #d,-,18,2298,2355,1126,257,1,182746,11330,2455,2358,1153,2298,2355,1013,88,100,0,500,2611;
@400000005e7db0b8061bc45a #d,-,18,2413,2357,1133,258,1,182723,11328,2413,2357,1139,2298,2355,1123,90,100,0,500,2678;
@400000005e7db0b80624dca8 #d,-,18,2414,2356,1131,259,1,182699,11327,2414,2357,1133,2413,2356,1125,89,100,0,500,2706;
@400000005e7db0ba0631b8e2 #d,-,18,2416,2358,1131,259,1,182726,11329,2416,2358,1134,2414,2355,1125,89,100,0,500,2704;
@400000005e7db0ba063a4cf1 #d,-,18,2418,2358,1133,260,1,182653,11324,2418,2358,1134,2416,2355,1126,89,100,0,500,2708;
@400000005e7db0bc06468187 #d,-,18,2419,2357,1130,261,1,182680,11326,2419,2359,1134,2418,2356,1126,89,100,0,500,2708;
@400000005e7db0bc064f99d6 #d,-,18,2420,2358,1130,261,1,182608,11321,2420,2358,1135,2419,2356,1124,89,100,0,500,2708;
@400000005e7db0be065d1ea1 #d,-,18,2421,2356,1132,262,1,182586,11320,2421,2358,1133,2420,2356,1125,89,100,0,500,2704;
@400000005e7db0be0665b57b #d,-,18,2422,2357,1130,263,1,182564,11319,2422,2358,1135,2421,2356,1126,89,100,0,500,2706;
@400000005e7db0c006728776 #d,-,18,2423,2356,1132,263,1,182542,11317,2423,2357,1135,2422,2356,1128,89,100,0,500,2708;
@400000005e7db0c0067b3599 #d,-,18,2424,2356,1128,264,1,182520,11316,2424,2358,1135,2423,2355,1128,89,100,0,500,2711;
@400000005e7db0c20687ff32 #d,-,18,2425,2354,1135,265,1,182499,11314,2425,2357,1135,2424,2354,1125,89,100,0,500,2706;
@400000005e7db0c206910b65 #d,-,18,2426,2353,1127,265,1,182477,11313,2426,2355,1137,2425,2353,1126,89,100,0,500,2708;
@400000005e7db0c4069df4a9 #d,-,18,2427,2355,1134,266,1,182456,11312,2427,2355,1136,2426,2353,1127,89,100,0,500,2708;
@400000005e7db0c406a687c9 #d,-,18,2427,2356,1130,267,1,182483,11313,2427,2357,1134,2427,2355,1128,89,100,0,500,2706;
@400000005e7db0c606b21876 #d,-,18,2427,2356,1132,267,1,182461,11312,2427,2356,1134,2427,2355,1125,89,100,0,500,2708;
@400000005e7db0c606ba8479 #d,-,18,2427,2355,1130,268,1,182393,11308,2427,2356,1134,2427,2355,1125,89,100,0,500,2706;
@400000005e7db0c806c71bc8 #d,-,18,2428,2356,1128,269,1,182371,11307,2428,2356,1132,2427,2355,1125,89,100,0,500,2704;
@400000005e7db0c806cfaee8 #d,-,18,2428,2353,1132,269,1,182350,11305,2428,2357,1132,2428,2353,1126,89,100,0,500,2704;
@400000005e7db0ca06dce579 #d,-,18,2427,2355,1130,270,1,182328,11304,2428,2355,1135,2427,2353,1126,89,100,0,500,2704;
@400000005e7db0ca06e59bfd #d,-,18,2427,2356,1129,271,1,182307,11303,2427,2356,1134,2427,2355,1127,89,100,0,500,2706;
@400000005e7db0cc06f1b591 #d,-,18,2427,2357,1130,271,1,182286,11301,2427,2357,1134,2427,2356,1125,89,100,0,500,2704;
@400000005e7db0cc06fabe0b #d,-,18,2427,2358,1128,272,1,182264,11300,2427,2358,1132,2427,2356,1125,89,100,0,500,2706;
@400000005e7db0ce0707b635 #d,-,18,2427,2356,1131,273,1,182290,11302,2427,2359,1133,2427,2356,1125,89,100,0,500,2704;
@400000005e7db0ce0710459c #d,-,18,2426,2355,1130,273,1,182270,11300,2427,2356,1136,2426,2354,1129,89,100,0,500,2706;
@400000005e7db0d0071e4822 #d,-,18,2427,2354,1136,274,1,182250,11299,2427,2357,1136,2426,2353,1130,89,100,0,500,2713;
@400000005e7db0d00727e0f6 #d,-,18,2557,2351,1366,275,1,182251,11299,2557,2354,1366,2427,2350,1136,91,100,0,500,2791;
@400000005e7db0d2073667bb #d,-,18,2898,2352,1336,276,1,182328,11304,2898,2353,1370,2557,2350,1317,93,100,0,500,3116;
@400000005e7db0d2073f83c4 #d,-,18,2968,2355,1335,276,1,182405,11309,2968,2355,1340,2898,2352,1332,93,100,0,500,3189;
@400000005e7db0d4074db032 #d,-,18,2862,2355,1165,277,1,182420,11310,2968,2356,1337,2862,2354,1157,91,100,0,500,3130;
@400000005e7db0d407574193 #d,-,18,2533,2357,1191,278,1,182424,11310,2862,2357,1202,2533,2354,1165,90,100,0,500,2801;
@400000005e7db0d60765f330 #d,-,18,2591,2357,1188,279,1,182433,11310,2591,2357,1196,2533,2356,1188,90,100,0,500,2848;
@400000005e7db0d6076f276f #d,-,18,2591,2356,1183,279,1,182441,11311,2591,2357,1193,2591,2355,1183,90,100,0,500,2851;
@400000005e7db0d8077b4fea #d,-,18,2521,2356,1142,280,1,182426,11310,2591,2357,1183,2521,2355,1128,90,100,0,500,2798;
@400000005e7db0d807846bf2 #d,-,18,2461,2355,1142,281,1,182411,11309,2521,2357,1145,2461,2355,1140,89,100,0,500,2737;
@400000005e7db0da079106fa #d,-,18,2461,2355,1146,281,1,182397,11308,2461,2356,1146,2461,2354,1141,90,100,0,500,2734;
@400000005e7db0da0799a9f0 #d,-,18,2461,2356,1132,282,1,182380,11307,2461,2356,1146,2461,2355,1131,90,100,0,500,2734;
@400000005e7db0dc07a7ceeb #d,-,18,2459,2354,1138,283,1,182408,11309,2461,2356,1138,2459,2354,1130,90,100,0,500,2718;
@400000005e7db0dc07b18b24 #d,-,18,2579,2353,1369,284,1,182459,11312,2579,2354,1369,2459,2352,1138,91,100,0,500,2808;
@400000005e7db0de07bfeacb #d,-,18,2916,2354,1339,284,1,182535,11317,2916,2355,1369,2579,2352,1322,93,100,0,500,3130;
@400000005e7db0de07c93a0c #d,-,18,2974,2353,1336,285,1,182611,11321,2974,2354,1345,2916,2353,1336,92,100,0,500,3201;
@400000005e7db0e007d6d267 #d,-,18,2815,2354,1186,286,1,182573,11319,2974,2355,1336,2815,2353,1087,90,100,0,500,3107;
@400000005e7db0e007e09612 #d,-,18,2573,2354,1193,287,1,182581,11320,2815,2354,1200,2573,2354,1175,91,100,0,500,2813;
@400000005e7db0e207ef0d02 #d,-,18,2574,2354,1187,287,1,182588,11320,2574,2354,1193,2573,2353,1185,90,100,0,500,2846;
@400000005e7db0e207f83c99 #d,-,18,2575,2354,1132,288,1,182586,11320,2575,2355,1192,2574,2354,1127,90,100,0,500,2846;
@400000005e7db0e408046603 #d,-,18,2479,2355,1140,289,1,182571,11319,2575,2356,1147,2479,2354,1132,89,100,0,500,2758;
@400000005e7db0e4080d85c4 #d,-,18,2476,2356,1143,289,1,182556,11318,2479,2356,1146,2476,2354,1140,90,100,0,500,2734;
@400000005e7db0e6081baf68 #d,-,18,2474,2356,1142,290,1,182541,11317,2476,2357,1145,2474,2356,1139,90,100,0,500,2732;
@400000005e7db0e60824f28e #d,-,18,2472,2354,1139,291,1,182525,11316,2474,2357,1144,2472,2354,1133,90,100,0,500,2730;
@400000005e7db0e80832c594 #d,-,18,2468,2354,1284,291,1,182523,11316,2472,2356,1284,2468,2354,1134,90,100,0,500,2718;
@400000005e7db0e8083c5e69 #d,-,18,2677,2355,1323,292,1,182584,11320,2677,2356,1369,2468,2354,1244,92,100,0,500,2903;
@400000005e7db0ea084a6000 #d,-,18,2986,2354,1341,293,1,182659,11324,2986,2356,1345,2677,2353,1323,93,100,0,500,3197;
@400000005e7db0ea08538f97 #d,-,18,2984,2354,1199,294,1,182721,11328,2986,2355,1343,2984,2353,1199,93,100,0,500,3199;
@400000005e7db0ec08616aff #d,-,18,2681,2356,1196,295,1,182720,11328,2984,2357,1226,2681,2354,1085,90,100,0,500,2960;
@400000005e7db0ec086b55c8 #d,-,18,2593,2353,1194,295,1,182727,11329,2681,2357,1196,2593,2353,1188,90,100,0,500,2858;
@400000005e7db0ee0879ad0e #d,-,18,2592,2353,1189,296,1,182735,11329,2593,2354,1194,2592,2353,1189,90,100,0,500,2851;
@400000005e7db0ee0882dca5 #d,-,18,2589,2355,1146,297,1,182726,11329,2592,2355,1192,2589,2353,1128,91,100,0,500,2836;
@400000005e7db0f0088ef728 #d,-,18,2459,2357,1141,297,1,182711,11328,2589,2357,1147,2459,2353,1139,90,100,0,500,2732;
@400000005e7db0f008980e88 #d,-,18,2459,2357,1141,298,1,182697,11327,2459,2358,1144,2459,2357,1140,89,100,0,500,2734;
@400000005e7db0f208a68a20 #d,-,18,2460,2358,1135,299,1,182725,11328,2460,2359,1143,2459,2357,1135,89,100,0,500,2734;
@400000005e7db0f208afd873 #d,-,18,2458,2355,1138,299,1,182665,11325,2460,2358,1141,2458,2355,1134,90,100,0,500,2730;
@400000005e7db0f408be7681 #d,-,18,2461,2355,1269,300,1,182686,11326,2461,2356,1282,2458,2354,1136,89,100,0,500,2737;
@400000005e7db0f408c79731 #d,-,18,2878,2353,1335,301,1,182759,11331,2878,2355,1365,2461,2353,1269,93,100,0,500,3090;
@400000005e7db0f608d5950f #d,-,18,2962,2353,1336,302,1,182829,11335,2962,2354,1337,2878,2353,1333,92,100,0,500,3185;
@400000005e7db0f608dec0ec #d,-,18,2960,2354,1210,302,1,182892,11339,2962,2355,1336,2960,2353,1061,92,100,0,500,3185;
@400000005e7db0f808ebb0b5 #d,-,18,2489,2353,1172,303,1,182890,11339,2960,2355,1212,2489,2353,1156,89,100,0,500,2791;
@400000005e7db0f808f4487d #d,-,18,2541,2352,1172,304,1,182889,11339,2541,2353,1175,2489,2352,1170,90,100,0,500,2806;
@400000005e7db0fa0901929c #d,-,18,2540,2352,1130,304,1,182838,11335,2541,2353,1174,2540,2351,1129,90,100,0,500,2803;
@400000005e7db0fa090a4cdb #d,-,18,2463,2351,1143,305,1,182865,11337,2540,2352,1149,2463,2351,1130,89,100,0,500,2742;
@400000005e7db0fc091652e0 #d,-,18,2462,2349,1142,306,1,182851,11336,2463,2351,1145,2462,2349,1139,90,100,0,500,2727;
@400000005e7db0fc091f6b2e #d,-,18,2462,2351,1143,307,1,182836,11335,2462,2351,1145,2462,2348,1141,90,100,0,500,2730;
@400000005e7db0fe092d902a #d,-,18,2461,2352,1139,307,1,182778,11332,2462,2352,1143,2461,2350,1135,90,100,0,500,2730;
@400000005e7db0fe0936bc07 #d,-,18,2460,2356,1129,308,1,182761,11331,2461,2356,1142,2460,2352,1129,90,100,0,500,2723;
@400000005e7db100094500ad #d,-,18,2321,2356,1164,308,1,182717,11328,2460,2357,1164,2321,2356,1017,88,100,0,500,2630;
@400000005e7db100094ec458 #d,-,18,2393,2357,1137,309,1,182700,11327,2393,2357,1164,2321,2356,1128,89,100,0,500,2659;
@400000005e7db102095d79af #d,-,18,2445,2357,1137,310,1,182684,11326,2445,2358,1139,2393,2356,1133,89,100,0,500,2723;
@400000005e7db1020966b561 #d,-,18,2445,2357,1137,311,1,182709,11327,2445,2358,1138,2445,2357,1135,89,100,0,500,2723;
@400000005e7db1040974f55e #d,-,18,2445,2355,1138,311,1,182652,11324,2445,2357,1139,2445,2355,1135,89,100,0,500,2723;
@400000005e7db104097e34cb #d,-,18,2445,2354,1137,312,1,182677,11325,2445,2355,1139,2445,2354,1136,89,100,0,500,2723;
@400000005e7db106098c4637 #d,-,18,2445,2354,1135,313,1,182661,11325,2445,2355,1139,2445,2354,1134,89,100,0,500,2723;
@400000005e7db10609958d17 #d,-,18,2445,2356,1135,313,1,182604,11321,2445,2356,1137,2445,2353,1134,89,100,0,500,2720;
@400000005e7db10809a30a6f #d,-,18,2445,2356,1135,314,1,182629,11323,2445,2356,1137,2445,2356,1134,89,100,0,500,2718;
@400000005e7db10809abff59 #d,-,18,2445,2356,1135,315,1,182613,11322,2445,2356,1137,2445,2356,1133,89,100,0,500,2718;
@400000005e7db10a09ba8d92 #d,-,18,2445,2353,1138,315,1,182596,11321,2445,2356,1138,2445,2353,1134,89,100,0,500,2718;
@400000005e7db10a09c3bd29 #d,-,18,2445,2354,1136,316,1,182580,11319,2445,2355,1140,2445,2353,1136,89,100,0,500,2720;
@400000005e7db10c09d23508 #d,-,18,2445,2354,1135,317,1,182523,11316,2445,2354,1138,2445,2354,1134,89,100,0,500,2720;
@400000005e7db10c09db5110 #d,-,18,2444,2355,1137,317,1,182507,11315,2445,2355,1138,2444,2352,1135,90,100,0,500,2715;
@400000005e7db10e09e969f0 #d,-,18,2444,2355,1135,318,1,182490,11314,2444,2356,1137,2444,2355,1133,89,100,0,500,2718;
@400000005e7db10e09f2b0cf #d,-,18,2444,2356,1136,319,1,182514,11315,2444,2356,1137,2444,2355,1133,89,100,0,500,2718;
@400000005e7db1100a00da73 #d,-,18,2443,2351,1139,319,1,182458,11312,2444,2356,1139,2443,2351,1135,89,100,0,500,2718;
@400000005e7db1100a0a389a #d,-,18,2443,2350,1138,320,1,182483,11313,2443,2352,1139,2443,2350,1135,89,100,0,500,2718;
@400000005e7db1120a18bf60 #d,-,18,2443,2351,1135,321,1,182427,11310,2443,2351,1139,2443,2350,1134,89,100,0,500,2720;
@400000005e7db1120a22063f #d,-,18,2443,2351,1135,321,1,182452,11312,2443,2351,1140,2443,2350,1134,89,100,0,500,2718;
@400000005e7db1140a309478 #d,-,18,2443,2349,1138,322,2,182397,11308,2443,2351,1139,2443,2349,1134,89,100,0,500,2718;
@400000005e7db1140a39bc9b #d,-,18,2443,2352,1136,323,2,182421,11310,2443,2352,1139,2443,2349,1135,89,100,0,500,2715;
@400000005e7db1160a47ca4e #d,-,18,2444,2354,1138,323,2,182367,11306,2444,2354,1140,2443,2352,1133,89,100,0,500,2720;
@400000005e7db1160a516323 #d,-,18,2444,2353,1138,324,2,182391,11308,2444,2354,1140,2444,2353,1134,89,100,0,500,2720;
@400000005e7db1180a605b87 #d,-,18,2444,2355,1134,325,2,182376,11307,2444,2356,1138,2444,2353,1133,89,100,0,500,2720;
@400000005e7db1180a69a620 #d,-,18,2444,2354,1136,325,2,182361,11306,2444,2356,1138,2444,2354,1133,89,100,0,500,2718;
@400000005e7db11a0a774e4f #d,-,18,2521,2354,1306,326,2,182350,11305,2521,2355,1306,2444,2354,1136,91,100,0,500,2758;
@400000005e7db11a0a810a88 #d,-,18,2878,2354,1332,327,2,182416,11309,2878,2355,1362,2521,2353,1306,92,100,0,500,3099;
@400000005e7db11c0a8f10c7 #d,-,18,2960,2354,1335,328,2,182481,11313,2960,2356,1337,2878,2354,1331,93,100,0,500,3182;
@400000005e7db11c0a984b8b #d,-,18,2957,2355,1173,329,2,182507,11315,2960,2355,1336,2957,2353,1146,93,100,0,500,3178;
@400000005e7db11e0aa6ce97 #d,-,18,2549,2356,1191,329,2,182511,11315,2957,2356,1201,2549,2354,1159,89,100,0,500,2843;
@400000005e7db11e0aafee59 #d,-,18,2555,2356,1192,330,2,182520,11316,2555,2357,1197,2549,2356,1191,89,100,0,500,2853;
@400000005e7db1200abe36b8 #d,-,18,2560,2353,1188,331,2,182527,11316,2560,2357,1194,2555,2353,1188,89,100,0,500,2853;
@400000005e7db1200ac7664f #d,-,18,2559,2356,1160,331,2,182522,11316,2560,2356,1188,2559,2353,1156,90,100,0,500,2825;
@400000005e7db1220ad5b622 #d,-,18,2553,2356,1158,332,2,182516,11316,2559,2357,1162,2553,2356,1156,91,100,0,500,2777;
@400000005e7db1220adece70 #d,-,18,2501,2354,1160,333,2,182510,11315,2553,2357,1162,2501,2354,1156,90,100,0,500,2772;
@400000005e7db1240aecd869 #d,-,18,2501,2351,1146,334,2,182501,11315,2501,2354,1162,2501,2351,1141,90,100,0,500,2775;
@400000005e7db1240af60bba #d,-,18,2497,2352,1147,334,2,182491,11314,2501,2353,1152,2497,2351,1144,91,100,0,500,2742;
@400000005e7db1260b0415b3 #d,-,18,2589,2350,1364,335,2,182530,11316,2589,2352,1364,2497,2350,1147,91,100,0,500,2817;
@400000005e7db1260b0d4904 #d,-,18,2906,2348,1338,336,2,182594,11320,2906,2351,1367,2589,2348,1323,93,100,0,500,3123;
@400000005e7db1280b1b1c0a #d,-,18,2972,2350,1338,337,2,182658,11324,2972,2350,1343,2906,2348,1337,93,100,0,500,3192;
@400000005e7db1280b24e818 #d,-,18,2848,2351,1194,337,2,182674,11325,2972,2352,1338,2848,2350,1147,91,100,0,500,3123;
@400000005e7db12a0b336a35 #d,-,18,2609,2355,1195,338,2,182682,11326,2848,2355,1201,2609,2351,1192,91,100,0,500,2855;
@400000005e7db12a0b3c8e9f #d,-,18,2607,2356,1193,339,2,182689,11326,2609,2357,1195,2607,2355,1190,91,100,0,500,2853;
@400000005e7db12c0b4a233f #d,-,18,2605,2356,1145,340,2,182687,11326,2607,2356,1194,2605,2355,1129,91,100,0,500,2853;
@400000005e7db12c0b53cfa2 #d,-,18,2473,2357,1143,340,2,182675,11325,2605,2357,1148,2473,2356,1139,89,100,0,500,2756;
@400000005e7db12e0b61e882 #d,-,18,2472,2357,1146,341,2,182663,11325,2473,2357,1146,2472,2356,1142,90,100,0,500,2737;
@400000005e7db12e0b6b2435 #d,-,18,2471,2358,1150,342,2,182653,11324,2472,2358,1150,2471,2357,1141,90,100,0,500,2739;
@400000005e7db1300b78dc39 #d,-,18,2472,2358,1149,342,2,182643,11323,2472,2359,1152,2471,2356,1145,89,100,0,500,2751;
@400000005e7db1300b829871 #d,-,18,2473,2356,1264,343,2,182642,11323,2473,2358,1264,2472,2356,1143,89,100,0,500,2751;
@400000005e7db1320b90a624 #d,-,18,2673,2355,1320,344,2,182693,11326,2673,2357,1364,2473,2355,1247,92,100,0,500,2900;
@400000005e7db1320b99d975 #d,-,18,2978,2357,1337,345,2,182755,11330,2978,2357,1342,2673,2355,1320,93,100,0,500,3182;
@400000005e7db1340ba821d4 #d,-,18,2976,2358,1267,345,2,182812,11334,2978,2358,1337,2976,2357,1267,93,100,0,500,3187;
@400000005e7db1340bb1d964 #d,-,18,2737,2358,1195,346,2,182814,11334,2976,2359,1267,2737,2358,1125,90,100,0,500,3012;
@400000005e7db1360bc0a338 #d,-,18,2589,2356,1188,347,2,182819,11334,2737,2358,1196,2589,2356,1185,90,100,0,500,2855;
@400000005e7db1360bc9ce27 #d,-,18,2589,2356,1189,348,2,182825,11335,2589,2357,1194,2589,2356,1186,90,100,0,500,2851;
@400000005e7db1380bd7ef68 #d,-,18,2585,2354,1140,348,2,182816,11334,2589,2357,1190,2585,2354,1128,91,100,0,500,2832;
@400000005e7db1380be12761 #d,-,18,2453,2356,1141,349,2,182803,11333,2585,2357,1143,2453,2354,1138,89,100,0,500,2727;
@400000005e7db13a0bef9236 #d,-,18,2453,2356,1143,350,2,182790,11332,2453,2357,1143,2453,2356,1138,89,100,0,500,2732;
@400000005e7db13a0bf8ca2f #d,-,18,2455,2357,1140,350,2,182778,11332,2455,2357,1149,2453,2355,1140,89,100,0,500,2739;
@400000005e7db13c0c07683c #d,-,18,2456,2357,1147,351,2,182766,11331,2456,2358,1147,2455,2357,1139,89,100,0,500,2739;
@400000005e7db13c0c1087fe #d,-,18,2515,2357,1272,352,2,182787,11332,2515,2358,1284,2456,2356,1141,91,100,0,500,2763;
@400000005e7db13e0c1e8222 #d,-,18,2878,2355,1327,353,2,182849,11336,2878,2357,1360,2515,2355,1272,92,100,0,500,3095;
@400000005e7db13e0c27b573 #d,-,18,2883,2355,1319,353,2,182936,11342,2883,2356,1327,2878,2355,1299,91,100,0,500,3156;
@400000005e7db1400c35ea44 #d,-,18,2884,2356,1182,354,2,182951,11342,2884,2358,1320,2883,2355,1103,92,100,0,500,3133;
@400000005e7db1400c3f0292 #d,-,18,2547,2357,1190,355,2,182958,11343,2884,2357,1222,2547,2356,1179,90,100,0,500,2825;
@400000005e7db1420c4ca708 #d,-,18,2552,2359,1188,356,2,182928,11341,2552,2359,1194,2547,2357,1187,89,100,0,500,2853;
@400000005e7db1420c566ab3 #d,-,18,2557,2359,1162,356,2,182969,11344,2557,2359,1192,2552,2358,1162,89,100,0,500,2851;
@400000005e7db1440c64f178 #d,-,18,2552,2357,1141,357,2,182955,11343,2557,2360,1162,2552,2357,1126,91,100,0,500,2789;
@400000005e7db1440c6e210f #d,-,18,2461,2358,1143,358,2,182943,11342,2552,2358,1144,2461,2357,1140,89,100,0,500,2737;
@400000005e7db1460c7c4251 #d,-,18,2461,2358,1148,358,2,182895,11339,2461,2359,1148,2461,2358,1140,89,100,0,500,2737;
@400000005e7db1460c85f26e #d,-,18,2461,2358,1142,359,2,182883,11338,2461,2359,1148,2461,2357,1140,89,100,0,500,2744;
@400000005e7db1480c943e87 #d,-,18,2462,2359,1148,360,2,182908,11340,2462,2360,1151,2461,2358,1142,89,100,0,500,2739;
@400000005e7db1480c9d8a0e #d,-,18,2462,2358,1135,360,2,182858,11337,2462,2360,1148,2462,2357,1132,89,100,0,500,2739;
@400000005e7db14a0caa8239 #d,-,18,2460,2358,1138,361,2,182879,11338,2462,2358,1138,2460,2357,1132,90,100,0,500,2720;
@400000005e7db14a0cb39a87 #d,-,18,2458,2358,1134,362,2,182829,11335,2460,2359,1138,2458,2358,1132,90,100,0,500,2723;
@400000005e7db14c0cc24fdd #d,-,18,2457,2359,1135,362,2,182851,11336,2458,2359,1138,2457,2358,1133,90,100,0,500,2723;
@400000005e7db14c0ccb9a76 #d,-,18,2455,2361,1137,363,2,182837,11335,2457,2361,1138,2455,2359,1132,90,100,0,500,2723;
@400000005e7db14e0cd9a829 #d,-,18,2454,2361,1133,364,2,182822,11334,2455,2361,1138,2454,2360,1131,90,100,0,500,2723;
@400000005e7db14e0ce350d3 #d,-,18,2453,2359,1136,364,2,182808,11334,2454,2361,1138,2453,2359,1130,90,100,0,500,2725;
@400000005e7db1500cf1e3b3 #d,-,18,2451,2359,1132,365,2,182793,11333,2453,2360,1137,2451,2359,1131,90,100,0,500,2718;
@400000005e7db1500cfb26d9 #d,-,18,2450,2359,1134,366,2,182743,11330,2451,2359,1137,2450,2356,1131,90,100,0,500,2720;
@400000005e7db1520d0966d7 #d,-,18,2449,2359,1133,366,2,182729,11329,2450,2359,1137,2449,2358,1131,90,100,0,500,2718;
@400000005e7db1520d12a289 #d,-,18,2448,2356,1134,367,2,182715,11328,2449,2359,1138,2448,2355,1132,90,100,0,500,2718;
@400000005e7db1540d2182b7 #d,-,18,2448,2357,1137,368,2,182700,11327,2448,2357,1137,2448,2355,1132,90,100,0,500,2720;
@400000005e7db1540d2ad5b2 #d,-,18,2447,2357,1134,368,2,182686,11326,2448,2357,1138,2447,2356,1130,90,100,0,500,2718;
@400000005e7db1560d398ec1 #d,-,18,2446,2359,1137,369,2,182672,11325,2447,2360,1138,2446,2357,1128,89,100,0,500,2718;
@400000005e7db1560d4318af #d,-,18,2446,2358,1135,370,2,182658,11324,2446,2360,1138,2446,2357,1131,89,100,0,500,2720;
@400000005e7db1580d51451e #d,-,18,2446,2359,1135,371,2,182644,11323,2446,2359,1138,2446,2358,1133,89,100,0,500,2723;
@400000005e7db1580d5aea0d #d,-,18,2445,2356,1136,371,2,182630,11323,2446,2359,1140,2445,2356,1134,89,100,0,500,2723;
@400000005e7db15a0d69da10 #d,-,18,2445,2356,1136,372,2,182617,11322,2445,2357,1138,2445,2356,1134,89,100,0,500,2723;
@400000005e7db15a0d733ce0 #d,-,18,2445,2356,1137,373,2,182603,11321,2445,2357,1139,2445,2356,1134,89,100,0,500,2725;
@400000005e7db15c0d80fc58 #d,-,18,2445,2357,1135,373,2,182590,11320,2445,2357,1138,2445,2356,1131,89,100,0,500,2723;
@400000005e7db15c0d8aa148 #d,-,18,2445,2358,1136,374,2,182576,11319,2445,2358,1140,2445,2357,1134,89,100,0,500,2720;
@400000005e7db15e0d98ed61 #d,-,18,2445,2356,1137,375,2,182563,11318,2445,2358,1138,2445,2356,1133,89,100,0,500,2723;
@400000005e7db15e0da237fa #d,-,18,2445,2357,1136,375,2,182550,11318,2445,2357,1139,2445,2356,1132,89,100,0,500,2720;
@400000005e7db1600db0902e #d,-,18,2445,2357,1139,376,2,182537,11317,2445,2357,1139,2445,2356,1133,89,100,0,500,2723;
@400000005e7db1600db9aff0 #d,-,18,2445,2356,1134,377,2,182523,11316,2445,2358,1139,2445,2356,1132,89,100,0,500,2720;
@400000005e7db1620dc836b5 #d,-,18,2445,2355,1161,377,2,182512,11315,2445,2357,1161,2445,2355,1133,89,100,0,500,2723;
@400000005e7db1620dd17621 #d,-,18,2609,2354,1353,378,2,182554,11318,2609,2356,1362,2445,2353,1161,91,100,0,500,2839;
@400000005e7db1640ddff83f #d,-,18,2922,2353,1334,379,2,182608,11321,2922,2354,1353,2609,2353,1316,93,100,0,500,3133;
@400000005e7db1640de91ca8 #d,-,18,2926,2354,1325,380,2,182663,11325,2926,2356,1336,2922,2353,1325,91,100,0,500,3182;
@400000005e7db1660df73a31 #d,-,18,2842,2357,1168,380,2,182672,11325,2926,2357,1325,2842,2354,1150,91,100,0,500,3114;
@400000005e7db1660e00713b #d,-,18,2555,2357,1195,381,2,182678,11326,2842,2357,1201,2555,2356,1166,90,100,0,500,2810;
@400000005e7db1680e0ef800 #d,-,18,2560,2353,1190,382,2,182684,11326,2560,2357,1196,2555,2353,1188,89,100,0,500,2855;
@400000005e7db1680e18104f #d,-,18,2564,2354,1157,383,2,182721,11328,2564,2354,1195,2560,2353,1157,89,100,0,500,2855;
@400000005e7db16a0e258545 #d,-,18,2560,2355,1159,383,2,182682,11326,2564,2355,1161,2560,2353,1145,91,100,0,500,2806;
@400000005e7db16a0e2f417d #d,-,18,2501,2355,1157,384,2,182676,11325,2560,2356,1161,2501,2355,1155,90,100,0,500,2770;
@400000005e7db16c0e3def60 #d,-,18,2501,2355,1160,385,2,182670,11325,2501,2356,1161,2501,2355,1156,90,100,0,500,2770;
@400000005e7db16c0e4722b1 #d,-,18,2501,2354,1145,385,2,182663,11325,2501,2356,1163,2501,2354,1145,90,100,0,500,2777;
@400000005e7db16e0e54e228 #d,-,18,2498,2353,1222,386,2,182658,11324,2501,2355,1222,2498,2353,1145,90,100,0,500,2756;
@400000005e7db16e0e5ec1c4 #d,-,18,2649,2353,1327,387,2,182703,11327,2649,2354,1369,2498,2352,1222,91,100,0,500,2881;
@400000005e7db1700e6d1db3 #d,-,18,2964,2353,1338,388,2,182758,11331,2964,2354,1345,2649,2352,1323,93,100,0,500,3168;
@400000005e7db1700e765d1f #d,-,18,2964,2353,1305,389,2,182811,11334,2964,2354,1340,2964,2352,1305,92,100,0,500,3189;
@400000005e7db1720e84f2cb #d,-,18,2755,2352,1173,389,2,182810,11334,2964,2354,1305,2755,2352,1137,90,100,0,500,3035;
@400000005e7db1720e8e9b74 #d,-,18,2555,2354,1170,390,2,182810,11334,2755,2354,1181,2555,2352,1169,90,100,0,500,2815;
@400000005e7db1740e9cb542 #d,-,18,2552,2354,1166,391,2,182808,11334,2555,2354,1174,2552,2353,1164,91,100,0,500,2803;
@400000005e7db1740ea60bf7 #d,-,18,2548,2355,1140,391,2,182799,11333,2552,2356,1171,2548,2354,1130,91,100,0,500,2791;
@400000005e7db1760eb48a5b #d,-,18,2455,2355,1140,392,2,182787,11332,2548,2356,1145,2455,2354,1135,90,100,0,500,2727;
@400000005e7db1760ebdd5e2 #d,-,18,2455,2353,1141,393,2,182776,11332,2455,2356,1145,2455,2353,1136,89,100,0,500,2730;
@400000005e7db1780ecc40b7 #d,-,18,2456,2354,1147,393,2,182766,11331,2456,2355,1147,2455,2353,1137,89,100,0,500,2732;
@400000005e7db1780ed58796 #d,-,18,2458,2353,1146,394,2,182756,11330,2458,2354,1149,2456,2353,1143,89,100,0,500,2742;
@400000005e7db17a0ee48fd0 #d,-,18,2461,2350,1252,395,2,182770,11331,2461,2354,1300,2458,2345,1145,89,100,0,500,2744;
@400000005e7db17a0eeda81e #d,-,18,2852,2351,1340,396,2,182821,11334,2852,2351,1358,2461,2350,1249,93,100,0,500,3047;
@400000005e7db17c0efbf7f1 #d,-,18,2952,2350,1337,396,2,182874,11338,2952,2351,1341,2852,2350,1328,92,100,0,500,3180;
@400000005e7db17c0f054aec #d,-,18,2950,2349,1080,397,2,182893,11339,2952,2351,1337,2950,2348,1080,93,100,0,500,3168;
@400000005e7db17e0f13b97a #d,-,18,2543,2348,1191,398,2,182928,11341,2950,2350,1205,2543,2348,1080,89,100,0,500,2832;
@400000005e7db17e0f1ce911 #d,-,18,2549,2345,1197,399,2,182934,11341,2549,2348,1198,2543,2345,1187,89,100,0,500,2843;
@400000005e7db1800f2a94fa #d,-,18,2554,2348,1189,399,2,182907,11340,2554,2348,1197,2549,2345,1189,89,100,0,500,2848;
@400000005e7db1800f345994 #d,-,18,2551,2348,1146,400,2,182927,11341,2554,2348,1189,2551,2348,1129,91,100,0,500,2803;
@400000005e7db1820f42e7cd #d,-,18,2459,2348,1143,401,2,182915,11340,2551,2349,1148,2459,2346,1138,90,100,0,500,2730;
@400000005e7db1820f4c2739 #d,-,18,2458,2350,1145,401,2,182904,11340,2459,2350,1146,2458,2348,1137,90,100,0,500,2730;
@400000005e7db1840f59cf68 #d,-,18,2459,2349,1149,402,2,182862,11337,2459,2351,1151,2458,2349,1142,89,100,0,500,2734;
@400000005e7db1840f6387e7 #d,-,18,2460,2349,1143,403,2,182852,11336,2460,2349,1149,2459,2347,1142,89,100,0,500,2739;
@400000005e7db1860f71d7b9 #d,-,18,2569,2348,1359,403,2,182881,11338,2569,2349,1359,2460,2348,1142,91,100,0,500,2796;
@400000005e7db1860f7b2ab4 #d,-,18,2892,2348,1330,404,2,182933,11341,2892,2349,1366,2569,2347,1320,92,100,0,500,3111;
@400000005e7db1880f894394 #d,-,18,2964,2348,1339,405,2,182985,11345,2964,2348,1340,2892,2347,1330,93,100,0,500,3185;
@400000005e7db1880f9267fe #d,-,18,2898,2349,1206,406,2,182998,11345,2964,2350,1339,2898,2348,1095,91,100,0,500,3152;
@400000005e7db18a0fa0cb5f #d,-,18,2555,2349,1193,406,2,183002,11346,2898,2349,1206,2555,2349,1176,90,100,0,500,2817;
@400000005e7db18a0faa15f9 #d,-,18,2559,2350,1194,407,2,183008,11346,2559,2350,1196,2555,2349,1189,89,100,0,500,2846;
@400000005e7db18c0fb7ba6e #d,-,18,2563,2350,1132,408,2,183006,11346,2563,2351,1195,2559,2350,1130,89,100,0,500,2848;
@400000005e7db18c0fc09810 #d,-,18,2483,2348,1147,409,2,182995,11345,2563,2350,1150,2483,2347,1132,89,100,0,500,2761;
@400000005e7db18e0fce9234 #d,-,18,2480,2347,1144,409,2,182984,11345,2483,2348,1148,2480,2347,1141,90,100,0,500,2732;
@400000005e7db18e0fd7d0b2 #d,-,18,2477,2345,1149,410,2,182974,11344,2480,2347,1153,2477,2345,1143,90,100,0,500,2730;
@400000005e7db1900fe67e95 #d,-,18,2477,2348,1150,411,2,182964,11343,2477,2349,1151,2477,2345,1145,90,100,0,500,2742;
@400000005e7db1900fef6fc6 #d,-,18,2476,2349,1018,411,2,182942,11342,2477,2349,1151,2476,2348,1017,90,100,0,500,2739;
@400000005e7db1920ffc25d0 #d,-,18,2270,2347,1131,412,2,182950,11342,2476,2349,1154,2270,2347,1018,88,100,0,500,2576;
@400000005e7db1921004dc55 #d,-,18,2441,2349,1131,413,2,182905,11340,2441,2349,1138,2270,2347,1127,90,100,0,500,2704;
@400000005e7db19410110205 #d,-,18,2440,2352,1134,413,2,182890,11339,2441,2352,1136,2440,2349,1129,90,100,0,500,2706;
@400000005e7db194101a15ab #d,-,18,2439,2353,1129,414,2,182876,11338,2440,2353,1137,2439,2352,1125,90,100,0,500,2706;
@400000005e7db19610271daa #d,-,18,2438,2354,1130,415,2,182893,11339,2439,2355,1134,2438,2353,1124,90,100,0,500,2706;
@400000005e7db196102fb0cb #d,-,18,2437,2354,1132,415,2,182847,11336,2438,2354,1137,2437,2353,1125,90,100,0,500,2704;
@400000005e7db198103c9dc8 #d,-,18,2436,2354,1131,416,2,182864,11337,2437,2354,1135,2436,2354,1124,90,100,0,500,2704;
@400000005e7db198104592b3 #d,-,18,2435,2353,1131,417,2,182819,11334,2436,2354,1134,2435,2353,1126,90,100,0,500,2704;
@400000005e7db19a1052933f #d,-,18,2434,2353,1130,417,2,182804,11333,2435,2354,1135,2434,2353,1126,89,100,0,500,2706;
@400000005e7db19a105b265f #d,-,18,2433,2351,1131,418,2,182821,11334,2434,2354,1136,2433,2351,1125,89,100,0,500,2704;
@400000005e7db19c1067a931 #d,-,18,2432,2350,1129,419,2,182806,11333,2433,2351,1134,2432,2349,1124,90,100,0,500,2701;
@400000005e7db19c10708e46 #d,-,18,2432,2349,1129,419,2,182761,11331,2432,2350,1134,2432,2349,1125,90,100,0,500,2699;
@400000005e7db19e107d7efd #d,-,18,2431,2352,1132,420,2,182777,11332,2432,2352,1134,2431,2349,1126,90,100,0,500,2701;
@400000005e7db19e1086121e #d,-,18,2431,2355,1130,421,2,182732,11329,2431,2355,1134,2431,2352,1128,89,100,0,500,2704;
@400000005e7db1a0109312aa #d,-,18,2430,2354,1133,421,2,182718,11328,2431,2355,1135,2430,2354,1128,89,100,0,500,2706;
@400000005e7db1a0109bb59f #d,-,18,2430,2354,1128,422,2,182704,11327,2430,2354,1135,2430,2354,1126,89,100,0,500,2706;
@400000005e7db1a210a7cf34 #d,-,18,2430,2352,1131,423,2,182690,11326,2430,2354,1132,2430,2352,1125,89,100,0,500,2704;
@400000005e7db1a210b10ae6 #d,-,18,2430,2352,1133,423,2,182676,11325,2430,2353,1134,2430,2352,1127,89,100,0,500,2706;
@400000005e7db1a410bdfaae #d,-,18,2430,2354,1131,424,2,182662,11325,2430,2354,1135,2430,2351,1127,89,100,0,500,2704;
@400000005e7db1a410c6865c #d,-,18,2430,2353,1132,425,2,182649,11324,2430,2354,1136,2430,2353,1127,89,100,0,500,2708;
@400000005e7db1a610d2987c #d,-,18,2430,2355,1123,425,2,182635,11323,2430,2355,1135,2430,2353,1123,89,100,0,500,2706;
@400000005e7db1a610dbb83e #d,-,18,2431,2355,1134,426,2,182622,11322,2431,2356,1137,2430,2355,1123,89,100,0,500,2708;
@400000005e7db1a810e87e1e #d,-,18,2430,2355,1128,427,2,182609,11321,2431,2355,1134,2430,2354,1126,89,100,0,500,2701;
@400000005e7db1a810f1113e #d,-,18,2431,2355,1134,427,2,182595,11320,2431,2355,1136,2430,2355,1127,89,100,0,500,2706;
@400000005e7db1aa10ff2ec7 #d,-,18,2431,2353,1130,428,2,182582,11320,2431,2355,1135,2431,2353,1126,89,100,0,500,2706;
@400000005e7db1aa11087d19 #d,-,18,2431,2352,1177,429,2,182571,11319,2431,2353,1177,2431,2352,1130,89,100,0,500,2706;
@400000005e7db1ac1116aa76 #d,-,18,2649,2351,1344,430,2,182615,11322,2649,2353,1358,2431,2350,1177,92,100,0,500,2872;
@400000005e7db1ac111fc1d6 #d,-,18,2946,2352,1335,430,2,182663,11325,2946,2352,1344,2649,2349,1323,93,100,0,500,3159;
@400000005e7db1ae112e6846 #d,-,18,2948,2352,1332,431,2,182713,11328,2948,2353,1338,2946,2351,1332,92,100,0,500,3189;
@400000005e7db1ae1137af25 #d,-,18,2773,2354,1063,432,2,182699,11327,2948,2354,1332,2773,2352,1058,90,100,0,500,3059;
@400000005e7db1b011461ae9 #d,-,18,2383,2354,1190,433,2,182697,11327,2773,2354,1221,2383,2353,1063,89,100,0,500,2654;
@400000005e7db1b0114f8084 #d,-,18,2599,2355,1192,433,2,182702,11327,2599,2355,1198,2383,2353,1189,90,100,0,500,2858;
@400000005e7db1b2115bf828 #d,-,18,2598,2354,1188,434,2,182707,11327,2599,2355,1195,2598,2353,1188,91,100,0,500,2851;
@400000005e7db1b211655650 #d,-,18,2523,2352,1138,435,2,182696,11327,2598,2354,1188,2523,2352,1126,90,100,0,500,2803;
@400000005e7db1b41172f70c #d,-,18,2447,2352,1135,435,2,182684,11326,2523,2353,1138,2447,2352,1133,89,100,0,500,2720;
@400000005e7db1b4117befb0 #d,-,18,2447,2353,1146,436,2,182673,11325,2447,2353,1147,2447,2352,1135,90,100,0,500,2718;
@400000005e7db1b61189ced2 #d,-,18,2448,2352,1144,437,2,182664,11325,2448,2353,1146,2447,2352,1140,89,100,0,500,2730;
@400000005e7db1b61193e473 #d,-,18,2450,2352,1167,437,2,182655,11324,2450,2353,1167,2448,2351,1142,89,100,0,500,2734;
@400000005e7db1b811a2d475 #d,-,18,2623,2350,1355,438,2,182693,11327,2623,2352,1367,2450,2350,1167,91,100,0,500,2853;
@400000005e7db1b811ac8581 #d,-,18,2940,2350,1340,439,2,182742,11330,2940,2350,1355,2623,2348,1324,93,100,0,500,3147;
@400000005e7db1ba11bb1fd5 #d,-,18,2944,2350,1317,440,2,182789,11332,2944,2350,1344,2940,2349,1317,92,100,0,500,3194;
@400000005e7db1ba11c568ae #d,-,18,2767,2348,1161,441,2,182788,11332,2944,2351,1317,2767,2347,1113,90,100,0,500,3054;
@400000005e7db1bc11d43907 #d,-,18,2563,2351,1195,441,2,182823,11335,2767,2352,1204,2563,2348,1161,91,100,0,500,2806;
@400000005e7db1bc11de112f #d,-,18,2566,2351,1194,442,2,182799,11333,2566,2352,1195,2563,2351,1192,90,100,0,500,2851;
@400000005e7db1be11eb826c #d,-,18,2570,2350,1142,443,2,182796,11333,2570,2353,1194,2566,2349,1128,90,100,0,500,2851;
@400000005e7db1be11f48372 #d,-,18,2467,2351,1143,443,2,182815,11334,2570,2351,1148,2467,2349,1136,89,100,0,500,2749;
@400000005e7db1c01201f868 #d,-,18,2465,2350,1141,444,2,182775,11332,2467,2351,1144,2465,2350,1136,90,100,0,500,2727;
@400000005e7db1c0120b1be4 #d,-,18,2464,2348,1146,445,2,182765,11331,2465,2350,1146,2464,2348,1139,90,100,0,500,2727;
@400000005e7db1c212199eef #d,-,18,2464,2351,1144,445,2,182756,11330,2464,2351,1148,2464,2348,1142,90,100,0,500,2732;
@400000005e7db1c212234b52 #d,-,18,2464,2351,1244,446,2,182752,11330,2464,2352,1244,2464,2351,1140,90,100,0,500,2734;
@400000005e7db1c41231bacf #d,-,18,2649,2349,1326,447,2,182791,11333,2649,2351,1369,2464,2348,1244,92,100,0,500,2879;
@400000005e7db1c4123b86dc #d,-,18,2970,2349,1339,448,2,182839,11336,2970,2350,1346,2649,2349,1323,93,100,0,500,3173;
@400000005e7db1c6124a2131 #d,-,18,2970,2351,1276,449,2,182883,11338,2970,2351,1341,2970,2349,1276,93,100,0,500,3189;
@400000005e7db1c612540840 #d,-,18,2699,2350,1193,449,2,182880,11338,2970,2352,1276,2699,2350,1077,90,100,0,500,2976;
@400000005e7db1c812635299 #d,-,18,2601,2350,1191,450,2,182885,11338,2699,2350,1203,2601,2349,1189,91,100,0,500,2858;
@400000005e7db1c8126daf01 #d,-,18,2599,2348,1191,451,2,182890,11339,2601,2350,1195,2599,2348,1189,91,100,0,500,2846;
@400000005e7db1ca127ae94b #d,-,18,2594,2350,1138,451,2,182882,11338,2599,2350,1194,2594,2348,1126,91,100,0,500,2827;
@400000005e7db1ca1284f005 #d,-,18,2453,2350,1143,452,2,182872,11338,2594,2352,1143,2453,2350,1138,90,100,0,500,2723;
@400000005e7db1cc12936e69 #d,-,18,2453,2351,1142,453,2,182861,11337,2453,2351,1144,2453,2349,1140,89,100,0,500,2730;
@400000005e7db1cc129d073d #d,-,18,2454,2351,1146,453,2,182852,11336,2454,2352,1148,2453,2351,1140,89,100,0,500,2730;
@400000005e7db1ce12ac2a79 #d,-,18,2455,2350,1144,454,2,182842,11336,2455,2351,1148,2454,2349,1142,89,100,0,500,2734;
@400000005e7db1ce12b6e8ab #d,-,18,2456,2349,1260,455,2,182879,11338,2456,2350,1287,2455,2348,1143,89,100,0,500,2737;
@400000005e7db1d012c641eb #d,-,18,2809,2350,1343,456,2,182922,11341,2809,2350,1368,2456,2348,1244,93,100,0,500,2998;
@400000005e7db1d012d0a2fb #d,-,18,2966,2350,1338,456,2,182969,11344,2966,2351,1345,2809,2350,1336,92,100,0,500,3192;
@400000005e7db1d212debf94 #d,-,18,2966,2348,1082,457,2,182963,11343,2966,2350,1342,2966,2348,1073,92,100,0,500,3194;
@400000005e7db1d212e8fd41 #d,-,18,2579,2349,1171,458,2,182964,11343,2966,2349,1208,2579,2348,1082,89,100,0,500,2877;
@400000005e7db1d412f63017 #d,-,18,2573,2348,1170,459,2,182962,11343,2579,2350,1176,2573,2348,1169,92,100,0,500,2796;
@400000005e7db1d413004e19 #d,-,18,2569,2351,1152,459,2,182988,11345,2573,2351,1175,2569,2348,1152,91,100,0,500,2801;
@400000005e7db1d6130e0176 #d,-,18,2485,2348,1141,460,2,182949,11342,2569,2351,1152,2485,2348,1131,90,100,0,500,2761;
@400000005e7db1d613178f1d #d,-,18,2480,2346,1142,461,2,182938,11342,2485,2348,1142,2480,2346,1137,91,100,0,500,2720;
@400000005e7db1d813255e6a #d,-,18,2477,2348,1141,461,2,182927,11341,2480,2348,1144,2477,2344,1137,90,100,0,500,2723;
@400000005e7db1d8132f8b53 #d,-,18,2474,2349,1146,462,2,182918,11340,2477,2349,1147,2474,2348,1141,90,100,0,500,2727;
@400000005e7db1da133f5632 #d,-,18,2473,2347,1144,463,2,182908,11340,2474,2349,1148,2473,2346,1142,90,100,0,500,2732;
@400000005e7db1da1349e219 #d,-,18,2419,2348,1079,463,2,182879,11338,2473,2349,1148,2419,2347,1017,89,100,0,500,2715;
@400000005e7db1dc1359fb33 #d,-,18,2323,2347,1136,464,2,182869,11337,2419,2349,1160,2323,2346,1079,89,100,0,500,2590;
@400000005e7db1dc1364cc06 #d,-,18,2447,2349,1139,465,2,182858,11337,2447,2349,1141,2323,2346,1136,90,100,0,500,2713;
@400000005e7db1dc136d05be #d,-,18,2447,2348,1139,465,2,182847,11336,2447,2349,1141,2447,2348,1137,90,100,0,500,2715;
@400000005e7db1de137bc376 #d,-,18,2447,2347,1139,466,2,182863,11337,2447,2349,1140,2447,2347,1136,90,100,0,500,2718;
@400000005e7db1de138501f4 #d,-,18,2447,2348,1141,467,2,182852,11336,2447,2349,1142,2447,2347,1136,90,100,0,500,2718;
@400000005e7db1e01392c614 #d,-,18,2447,2348,1140,467,2,182814,11334,2447,2349,1142,2447,2347,1138,89,100,0,500,2720;
@400000005e7db1e0139c9d4e #d,-,18,2447,2347,1139,468,2,182803,11333,2447,2349,1141,2447,2347,1136,89,100,0,500,2720;
@400000005e7db1e213ab4777 #d,-,18,2447,2349,1140,469,2,182820,11334,2447,2349,1141,2447,2347,1137,89,100,0,500,2720;
@400000005e7db1e413bbed33 #d,-,18,2447,2347,1140,470,2,182782,11332,2447,2350,1141,2447,2347,1136,90,100,0,500,2718;
@400000005e7db1e413c70c40 #d,-,18,2447,2346,1140,470,2,182771,11331,2447,2347,1140,2447,2345,1137,90,100,0,500,2718;
@400000005e7db1e613d6c47f #d,-,18,2447,2347,1139,471,2,182760,11331,2447,2347,1141,2447,2345,1136,90,100,0,500,2715;
@400000005e7db1e613e18a25 #d,-,18,2446,2345,1139,472,2,182749,11330,2447,2347,1140,2446,2344,1137,89,100,0,500,2718;
@400000005e7db1e613e9bb7b #d,-,18,2446,2347,1138,472,2,182738,11329,2446,2347,1141,2446,2344,1137,90,100,0,500,2715;
@400000005e7db1e813f8326b #d,-,18,2446,2345,1141,473,2,182728,11329,2446,2347,1143,2446,2344,1136,89,100,0,500,2718;
@400000005e7db1e814016e1e #d,-,18,2446,2346,1141,474,2,182717,11328,2446,2346,1142,2446,2344,1137,89,100,0,500,2718;
@400000005e7db1ea140ff4e3 #d,-,18,2446,2345,1138,474,2,182706,11327,2446,2347,1141,2446,2345,1136,90,100,0,500,2715;
@400000005e7db1ea1419b4d5 #d,-,18,2445,2346,1137,475,2,182695,11327,2446,2346,1140,2445,2344,1135,90,100,0,500,2715;
@400000005e7db1ec142800ee #d,-,18,2445,2344,1136,476,2,182684,11326,2445,2347,1139,2445,2344,1135,90,100,0,500,2711;
@400000005e7db1ec143153e9 #d,-,18,2445,2344,1136,476,2,182700,11327,2445,2345,1139,2445,2344,1135,90,100,0,500,2711;
@400000005e7db1ee143fdaae #d,-,18,2444,2345,1137,477,2,182662,11325,2445,2347,1142,2444,2344,1135,90,100,0,500,2715;
@400000005e7db1ee1448f6b6 #d,-,18,2444,2344,1139,478,2,182651,11324,2444,2346,1142,2444,2344,1135,90,100,0,500,2713;
@400000005e7db1f01457b828 #d,-,18,2444,2346,1141,478,2,182641,11323,2444,2346,1141,2444,2344,1136,90,100,0,500,2713;
@400000005e7db1f01461067b #d,-,18,2444,2345,1135,479,2,182630,11323,2444,2347,1141,2444,2344,1135,90,100,0,500,2713;
@400000005e7db1f2146fb45e #d,-,18,2444,2342,1138,480,2,182619,11322,2444,2345,1141,2444,2341,1135,90,100,0,500,2715;
@400000005e7db1f21478fb3d #d,-,18,2444,2344,1139,480,2,182609,11321,2444,2344,1141,2444,2342,1137,90,100,0,500,2713;
@400000005e7db1f41486c6d0 #d,-,18,2445,2342,1260,481,2,182617,11322,2445,2344,1294,2444,2342,1139,90,100,0,500,2713;
@400000005e7db1f4149086c2 #d,-,18,2830,2346,1351,482,2,182660,11324,2830,2346,1372,2445,2342,1249,93,100,0,500,3016;
@400000005e7db1f6149e885a #d,-,18,2978,2347,1350,483,2,182706,11327,2978,2347,1351,2830,2346,1345,92,100,0,500,3204;
@400000005e7db1f614a79935 #d,-,18,2978,2346,1171,484,3,182734,11329,2978,2347,1350,2978,2345,1169,92,100,0,500,3206;
@400000005e7db1f814b5ae5b #d,-,18,2645,2346,1202,484,3,182767,11331,2978,2347,1211,2645,2346,1171,90,100,0,500,2929;
@400000005e7db1f814bf4bd7 #d,-,18,2641,2348,1204,485,3,182774,11332,2645,2348,1206,2641,2346,1201,92,100,0,500,2865;
@400000005e7db1fa14ce012e #d,-,18,2637,2348,1193,486,3,182753,11330,2641,2348,1205,2637,2347,1191,92,100,0,500,2862;
@400000005e7db1fa14d74f80 #d,-,18,2571,2344,1172,486,3,182752,11330,2637,2349,1194,2571,2344,1165,90,100,0,500,2836;
@400000005e7db1fc14e58097 #d,-,18,2503,2346,1141,487,3,182769,11331,2571,2346,1172,2503,2343,1135,90,100,0,500,2772;
@400000005e7db1fc14ef30b4 #d,-,18,2497,2346,1144,488,3,182734,11329,2503,2347,1146,2497,2345,1141,91,100,0,500,2727;
@400000005e7db1fe14fd569e #d,-,18,2492,2348,1143,488,3,182725,11328,2497,2348,1146,2492,2346,1142,91,100,0,500,2727;
@400000005e7db1fe1506951b #d,-,18,2488,2348,1142,489,3,182715,11328,2492,2350,1145,2488,2346,1140,91,100,0,500,2730;
@400000005e7db2001514ba17 #d,-,18,2539,2346,1327,490,3,182736,11329,2539,2349,1327,2488,2346,1142,91,100,0,500,2770;
@400000005e7db200151dd265 #d,-,18,2902,2349,1340,491,3,182782,11332,2902,2349,1378,2539,2345,1327,93,100,0,500,3118;
@400000005e7db202152bffc3 #d,-,18,2984,2347,1347,492,3,182827,11335,2984,2349,1350,2902,2346,1339,93,100,0,500,3199;
@400000005e7db20215353a86 #d,-,18,2876,2350,1181,492,3,182862,11337,2984,2350,1347,2876,2347,1147,91,100,0,500,3149;
@400000005e7db20415437311 #d,-,18,2549,2348,1177,493,3,182861,11337,2876,2351,1183,2549,2348,1170,90,100,0,500,2808;
@400000005e7db204154cc60c #d,-,18,2548,2349,1177,494,3,182836,11335,2549,2350,1184,2548,2347,1170,90,100,0,500,2803;
@400000005e7db206155acc4b #d,-,18,2548,2349,1143,494,3,182857,11337,2548,2350,1181,2548,2349,1133,90,100,0,500,2813;
@400000005e7db2061564070f #d,-,18,2459,2349,1144,495,3,182848,11336,2548,2350,1146,2459,2349,1140,89,100,0,500,2737;
@400000005e7db2081572ebe5 #d,-,18,2458,2349,1145,496,3,182838,11336,2459,2349,1146,2458,2349,1141,90,100,0,500,2730;
@400000005e7db208157c2b51 #d,-,18,2458,2348,1144,496,3,182830,11335,2458,2350,1147,2458,2347,1140,90,100,0,500,2730;
@400000005e7db20a1589c3ab #d,-,18,2459,2348,1142,497,3,182821,11334,2459,2348,1146,2458,2347,1139,90,100,0,500,2732;
@400000005e7db20a15930e44 #d,-,18,2459,2348,1294,498,3,182824,11335,2459,2349,1295,2459,2346,1140,90,100,0,500,2727;
@400000005e7db20c15a152ea #d,-,18,2739,2347,1340,499,3,182836,11335,2739,2349,1378,2459,2347,1248,93,100,0,500,2938;
@400000005e7db20c15aa7665 #d,-,18,2996,2348,1347,499,3,182881,11338,2996,2348,1350,2739,2347,1340,93,100,0,500,3213;
@400000005e7db20e15b8ce9a #d,-,18,2995,2346,1122,500,3,182908,11340,2996,2349,1348,2995,2346,1122,93,100,0,500,3204;
@400000005e7db20e15c29aa7 #d,-,18,2635,2347,1184,501,3,182910,11340,2995,2347,1208,2635,2345,1117,90,100,0,500,2924;
@400000005e7db21015d1190b #d,-,18,2547,2347,1174,501,3,182909,11340,2635,2347,1184,2547,2347,1172,90,100,0,500,2810;
@400000005e7db21015da48a1 #d,-,18,2548,2346,1178,502,3,182936,11342,2548,2347,1185,2547,2346,1173,90,100,0,500,2813;
@400000005e7db21215e7f844 #d,-,18,2543,2346,1143,503,3,182901,11339,2548,2348,1178,2543,2346,1137,91,100,0,500,2782;
@400000005e7db21215f1ad09 #d,-,18,2457,2346,1145,504,3,182891,11339,2543,2346,1145,2457,2345,1141,90,100,0,500,2725;
@400000005e7db21415ffe1d9 #d,-,18,2456,2346,1143,504,3,182882,11338,2457,2346,1146,2456,2345,1141,90,100,0,500,2727;
@400000005e7db214160918e4 #d,-,18,2456,2346,1143,505,3,182872,11338,2456,2346,1144,2456,2346,1139,90,100,0,500,2725;
@400000005e7db2161616d4a2 #d,-,18,2456,2348,1144,506,3,182889,11339,2456,2349,1145,2456,2346,1140,90,100,0,500,2725;
@400000005e7db21616208105 #d,-,18,2553,2347,1349,506,3,182885,11338,2553,2349,1349,2456,2347,1141,91,100,0,500,2782;
@400000005e7db218162f1f13 #d,-,18,2902,2347,1342,507,3,182929,11341,2902,2348,1375,2553,2347,1328,92,100,0,500,3121;
@400000005e7db21816385ac5 #d,-,18,2986,2346,1345,508,3,182972,11344,2986,2348,1348,2902,2346,1342,93,100,0,500,3199;
@400000005e7db21a1646eda6 #d,-,18,2882,2348,1179,509,3,182981,11344,2986,2348,1347,2882,2346,1138,91,100,0,500,3152;
@400000005e7db21a16503485 #d,-,18,2547,2347,1177,509,3,182980,11344,2882,2348,1185,2547,2346,1171,90,100,0,500,2803;
@400000005e7db21c165e8812 #d,-,18,2546,2346,1180,510,3,182981,11344,2547,2347,1184,2546,2346,1171,90,100,0,500,2808;
@400000005e7db21c1667b7a9 #d,-,18,2547,2345,1145,511,3,182976,11344,2547,2347,1182,2546,2345,1136,90,100,0,500,2810;
@400000005e7db21e1675dca4 #d,-,18,2459,2346,1146,512,3,182967,11343,2547,2347,1147,2459,2345,1142,89,100,0,500,2737;
@400000005e7db21e167ef139 #d,-,18,2458,2347,1144,512,3,182957,11343,2459,2347,1148,2458,2346,1142,90,100,0,500,2727;
@400000005e7db220168d2d7d #d,-,18,2458,2347,1145,513,3,182949,11342,2458,2347,1147,2458,2345,1144,90,100,0,500,2730;
@400000005e7db2201696ceb3 #d,-,18,2459,2348,1147,514,3,182940,11342,2459,2349,1147,2458,2347,1143,90,100,0,500,2732;
@400000005e7db22216a535ce #d,-,18,2459,2347,1135,514,3,182931,11341,2459,2349,1151,2459,2347,1135,89,100,0,500,2734;
@400000005e7db22216ae7180 #d,-,18,2459,2348,1138,515,3,182922,11341,2459,2348,1141,2459,2347,1135,90,100,0,500,2727;
@400000005e7db22416bc2d3e #d,-,18,2457,2348,1134,516,3,182911,11340,2459,2349,1139,2457,2348,1134,90,100,0,500,2715;
@400000005e7db22416c5e976 #d,-,18,2456,2350,1136,516,3,182901,11339,2457,2350,1139,2456,2347,1134,90,100,0,500,2713;
@400000005e7db22616d50f7d #d,-,18,2454,2349,1138,517,3,182891,11339,2456,2350,1141,2454,2347,1136,90,100,0,500,2718;
@400000005e7db22616de4ee9 #d,-,18,2454,2349,1139,518,3,182881,11338,2454,2350,1140,2454,2349,1135,90,100,0,500,2718;
@400000005e7db22816eca71e #d,-,18,2453,2349,1139,518,3,182871,11338,2454,2350,1141,2453,2349,1137,90,100,0,500,2718;
@400000005e7db22816f63ff2 #d,-,18,2452,2349,1140,519,3,182862,11337,2453,2350,1140,2452,2349,1136,90,100,0,500,2718;
@400000005e7db22a1704418a #d,-,18,2451,2347,1138,520,3,182851,11336,2452,2349,1142,2451,2347,1137,90,100,0,500,2718;
@400000005e7db22a170d80f6 #d,-,18,2451,2346,1141,520,3,182842,11336,2451,2347,1141,2451,2346,1138,90,100,0,500,2718;
@400000005e7db22c171c6985 #d,-,18,2450,2345,1137,521,3,182832,11335,2451,2347,1142,2450,2344,1137,90,100,0,500,2720;
@400000005e7db22c172591a8 #d,-,18,2450,2344,1141,522,3,182822,11334,2450,2345,1142,2450,2343,1136,90,100,0,500,2715;
@400000005e7db22e17342755 #d,-,18,2449,2346,1138,522,3,182812,11334,2450,2346,1141,2449,2344,1136,90,100,0,500,2713;
@400000005e7db22e173d7696 #d,-,18,2448,2346,1138,523,3,182802,11333,2449,2347,1140,2448,2345,1135,90,100,0,500,2713;
@400000005e7db230174b2e9a #d,-,18,2447,2347,1137,524,3,182792,11333,2448,2347,1139,2447,2346,1136,90,100,0,500,2713;
@400000005e7db23017544e5c #d,-,18,2447,2347,1137,524,3,182782,11332,2447,2347,1139,2447,2346,1136,90,100,0,500,2711;
@400000005e7db23217629213 #d,-,18,2446,2347,1137,525,3,182772,11331,2447,2347,1141,2446,2347,1136,90,100,0,500,2715;
@400000005e7db232176c4e4b #d,-,18,2446,2347,1136,526,3,182762,11331,2446,2348,1140,2446,2347,1136,90,100,0,500,2713;
@400000005e7db234177af4bb #d,-,18,2446,2348,1141,526,3,182752,11330,2446,2348,1141,2446,2347,1136,90,100,0,500,2713;
@400000005e7db2341784280c #d,-,18,2446,2348,1138,527,3,182742,11330,2446,2348,1142,2446,2348,1137,90,100,0,500,2715;
@400000005e7db23617925922 #d,-,18,2445,2347,1141,528,3,182732,11329,2446,2348,1143,2445,2346,1138,90,100,0,500,2715;
@400000005e7db236179c0585 #d,-,18,2445,2345,1139,528,3,182723,11328,2445,2348,1142,2445,2345,1137,89,100,0,500,2720;
@400000005e7db23817aa5dba #d,-,18,2446,2346,1138,529,3,182713,11328,2446,2346,1142,2445,2344,1137,89,100,0,500,2718;
@400000005e7db23817b3a853 #d,-,18,2446,2347,1139,530,3,182704,11327,2446,2347,1142,2446,2345,1136,90,100,0,500,2715;
@400000005e7db23a17c1f0b2 #d,-,18,2446,2346,1138,531,3,182694,11327,2446,2348,1141,2446,2346,1135,90,100,0,500,2715;
@400000005e7db23a17cb95a2 #d,-,18,2446,2346,1142,531,3,182685,11326,2446,2346,1143,2446,2345,1137,90,100,0,500,2715;
@400000005e7db23c17da2794 #d,-,18,2446,2345,1280,532,3,182684,11326,2446,2346,1280,2446,2345,1136,90,100,0,500,2715;
@400000005e7db23c17e36347 #d,-,18,2671,2346,1324,533,3,182716,11328,2671,2346,1369,2446,2345,1241,92,100,0,500,2888;
@400000005e7db23e17f1af60 #d,-,18,2978,2346,1338,534,3,182756,11330,2978,2347,1346,2671,2346,1324,93,100,0,500,3180;
@400000005e7db23e17fabf4c #d,-,18,2976,2347,1256,534,3,182790,11333,2978,2347,1340,2976,2346,1256,93,100,0,500,3182;
@400000005e7db24018094612 #d,-,18,2695,2347,1171,535,3,182789,11332,2976,2348,1256,2695,2346,1094,90,100,0,500,2988;
@400000005e7db2401812a080 #d,-,18,2557,2347,1167,536,3,182787,11332,2695,2347,1180,2557,2346,1162,91,100,0,500,2806;
@400000005e7db24218213e8e #d,-,18,2553,2345,1176,536,3,182786,11332,2557,2347,1180,2553,2345,1167,91,100,0,500,2789;
@400000005e7db242182a72cd #d,-,18,2550,2346,1137,537,3,182780,11332,2553,2347,1176,2550,2345,1137,91,100,0,500,2798;
@400000005e7db244183845d3 #d,-,18,2451,2347,1138,538,3,182770,11331,2550,2347,1142,2451,2346,1136,90,100,0,500,2723;
@400000005e7db244184197e0 #d,-,18,2450,2347,1141,538,3,182785,11332,2451,2347,1143,2450,2346,1136,90,100,0,500,2718;
@400000005e7db246184f01a9 #d,-,18,2449,2346,1140,539,3,182775,11332,2450,2347,1144,2449,2346,1136,90,100,0,500,2715;
@400000005e7db24618583d5b #d,-,18,2449,2344,1139,540,3,182766,11331,2449,2346,1142,2449,2343,1137,90,100,0,500,2715;
@400000005e7db24818660447 #d,-,18,2449,2343,1272,541,3,182754,11330,2449,2344,1324,2449,2342,1136,90,100,0,500,2715;
@400000005e7db248186f3ff9 #d,-,18,2886,2344,1341,541,3,182791,11333,2886,2344,1356,2449,2340,1270,93,100,0,500,3071;
@400000005e7db24a187dde07 #d,-,18,2948,2343,1337,542,3,182829,11335,2948,2345,1341,2886,2343,1332,93,100,0,500,3168;
@400000005e7db24a18875377 #d,-,18,2948,2343,1188,543,3,182848,11336,2948,2345,1340,2948,2342,1119,92,100,0,500,3178;
@400000005e7db24c189570ff #d,-,18,2599,2345,1192,544,3,182853,11336,2948,2345,1228,2599,2343,1184,90,100,0,500,2886;
@400000005e7db24c189ef28b #d,-,18,2598,2345,1195,544,3,182857,11337,2599,2345,1198,2598,2344,1192,91,100,0,500,2846;
@400000005e7db24e18ad1786 #d,-,18,2597,2345,1172,545,3,182884,11338,2598,2345,1197,2597,2344,1172,91,100,0,500,2846;
@400000005e7db24e18b65339 #d,-,18,2515,2343,1141,546,3,182851,11336,2597,2345,1172,2515,2343,1129,90,100,0,500,2787;
@400000005e7db25018c444fb #d,-,18,2449,2343,1143,547,3,182842,11336,2515,2344,1144,2449,2343,1139,90,100,0,500,2720;
@400000005e7db25018ce2851 #d,-,18,2449,2346,1140,547,3,182856,11337,2449,2346,1145,2449,2343,1139,90,100,0,500,2718;
@400000005e7db25218dca7a3 #d,-,18,2449,2346,1140,548,3,182848,11336,2449,2346,1145,2449,2345,1139,89,100,0,500,2723;
@400000005e7db25218e5fe57 #d,-,18,2450,2343,1277,549,3,182846,11336,2450,2346,1277,2449,2342,1140,89,100,0,500,2723;
@400000005e7db25418f49c65 #d,-,18,2669,2343,1324,549,3,182854,11336,2669,2344,1367,2450,2342,1248,92,100,0,500,2891;
@400000005e7db25418fdc842 #d,-,18,2976,2345,1343,550,3,182916,11340,2976,2345,1345,2669,2343,1322,93,100,0,500,3175;
@400000005e7db256190bba05 #d,-,18,2975,2345,1292,551,3,182929,11341,2976,2345,1343,2975,2345,1292,93,100,0,500,3185;
@400000005e7db2561915058c #d,-,18,2727,2343,1200,552,3,182929,11341,2975,2345,1292,2727,2343,1094,90,100,0,500,3000;
@400000005e7db258192331fb #d,-,18,2601,2342,1195,552,3,182933,11341,2727,2343,1201,2601,2341,1191,91,100,0,500,2858;
@400000005e7db258192c5665 #d,-,18,2599,2343,1193,553,3,182937,11342,2601,2343,1198,2599,2342,1193,91,100,0,500,2846;
@400000005e7db25a193abd80 #d,-,18,2596,2343,1143,554,3,182931,11341,2599,2344,1197,2596,2342,1125,91,100,0,500,2836;
@400000005e7db25a19441ba8 #d,-,18,2441,2346,1139,555,3,182922,11341,2596,2347,1143,2441,2342,1136,89,100,0,500,2713;
@400000005e7db25c19528b25 #d,-,18,2441,2345,1142,555,3,182912,11340,2441,2346,1143,2441,2345,1135,89,100,0,500,2718;
@400000005e7db25c195baae7 #d,-,18,2442,2344,1141,556,3,182903,11340,2442,2346,1144,2441,2344,1137,89,100,0,500,2718;
@400000005e7db25e1969ebd3 #d,-,18,2443,2346,1140,557,3,182894,11339,2443,2346,1145,2442,2344,1138,89,100,0,500,2720;
@400000005e7db25e197384a7 #d,-,18,2551,2344,1341,557,3,182914,11340,2551,2346,1341,2443,2344,1138,91,100,0,500,2775;
@400000005e7db260198203f9 #d,-,18,2894,2344,1333,558,3,182952,11343,2894,2344,1366,2551,2343,1325,92,100,0,500,3116;
@400000005e7db260198b374a #d,-,18,2966,2342,1340,559,3,182990,11345,2966,2344,1342,2894,2341,1333,93,100,0,500,3180;
@400000005e7db26219999aab #d,-,18,2894,2342,1214,560,3,182999,11345,2966,2344,1341,2894,2341,1104,91,100,0,500,3152;
@400000005e7db26219a2ddd1 #d,-,18,2547,2343,1199,560,3,183002,11346,2894,2343,1214,2547,2342,1184,90,100,0,500,2806;
@400000005e7db26419b1b2d1 #d,-,18,2552,2343,1196,561,3,183006,11346,2552,2344,1199,2547,2343,1193,89,100,0,500,2843;
@400000005e7db26419bae622 #d,-,18,2557,2344,1130,562,3,183006,11346,2557,2344,1200,2552,2343,1130,89,100,0,500,2846;
@400000005e7db26619c96ce7 #d,-,18,2491,2342,1143,563,3,182997,11345,2557,2344,1150,2491,2342,1125,90,100,0,500,2765;
@400000005e7db26619d27cd4 #d,-,18,2485,2343,1140,563,3,182988,11345,2491,2343,1145,2485,2341,1139,91,100,0,500,2718;
@400000005e7db26819e16dc5 #d,-,18,2481,2341,1145,564,3,182979,11344,2485,2343,1146,2481,2340,1140,91,100,0,500,2718;
@400000005e7db26819eab85e #d,-,18,2477,2343,1142,565,3,182971,11344,2481,2343,1147,2477,2339,1141,91,100,0,500,2718;
@400000005e7db26a19f8e975 #d,-,18,2474,2342,1137,565,3,182962,11343,2477,2343,1152,2474,2340,1137,90,100,0,500,2723;
@400000005e7db26a1a021cc6 #d,-,18,2472,2341,1142,566,3,182953,11343,2474,2342,1146,2472,2340,1136,90,100,0,500,2720;
@400000005e7db26c1a1093b6 #d,-,18,2469,2341,1139,567,3,182944,11342,2472,2342,1143,2469,2340,1136,90,100,0,500,2715;
@400000005e7db26c1a19e209 #d,-,18,2466,2341,1142,567,3,182935,11341,2469,2342,1142,2466,2340,1135,90,100,0,500,2713;
@400000005e7db26e1a28ea42 #d,-,18,2463,2341,1137,568,3,182925,11341,2466,2342,1143,2463,2340,1136,90,100,0,500,2711;
@400000005e7db26e1a31cb9e #d,-,18,2461,2344,1144,569,3,182916,11340,2463,2344,1144,2461,2341,1137,90,100,0,500,2713;
@400000005e7db2701a3e917e #d,-,18,2459,2345,1141,569,3,182907,11340,2461,2345,1144,2459,2344,1136,90,100,0,500,2715;
@400000005e7db2701a479db1 #d,-,18,2457,2344,1139,570,3,182897,11339,2459,2345,1142,2457,2344,1134,90,100,0,500,2713;
@400000005e7db2721a54a96a #d,-,18,2455,2344,1139,571,3,182888,11339,2457,2345,1141,2455,2344,1134,90,100,0,500,2711;
@400000005e7db2721a5d4044 #d,-,18,2454,2344,1136,571,3,182879,11338,2455,2345,1142,2454,2344,1134,90,100,0,500,2711;
@400000005e7db2741a6b4a3d #d,-,18,2454,2344,1148,572,3,182871,11338,2454,2345,1153,2454,2343,1136,90,100,0,500,2720;
@400000005e7db2741a748d63 #d,-,18,2455,2341,1148,573,3,182864,11337,2455,2344,1152,2454,2340,1144,89,100,0,500,2732;
@400000005e7db2761a82ed0b #d,-,18,2456,2341,1150,573,3,182857,11337,2456,2342,1152,2455,2340,1146,89,100,0,500,2734;
@400000005e7db2761a8c0559 #d,-,18,2458,2345,1148,574,3,182850,11336,2458,2345,1153,2456,2341,1145,89,100,0,500,2734;
@400000005e7db2781a99f362 #d,-,18,2459,2346,1147,575,3,182843,11336,2459,2346,1150,2458,2344,1143,89,100,0,500,2734;
@400000005e7db2781aa32b5a #d,-,18,2460,2346,1148,575,3,182836,11335,2460,2346,1150,2459,2345,1143,90,100,0,500,2732;
@400000005e7db27a1ab14081 #d,-,18,2461,2347,1145,576,3,182829,11335,2461,2348,1151,2460,2346,1143,90,100,0,500,2734;
@400000005e7db27a1aba6c5e #d,-,18,2462,2347,1149,577,3,182822,11334,2462,2348,1151,2461,2346,1143,89,100,0,500,2737;
@400000005e7db27c1ac87657 #d,-,18,2462,2347,1148,578,3,182815,11334,2462,2348,1151,2462,2346,1143,90,100,0,500,2732;
@400000005e7db27c1ad10d32 #d,-,18,2464,2347,1149,578,3,182808,11334,2464,2347,1151,2462,2346,1143,90,100,0,500,2737;
@400000005e7db27e1adf7093 #d,-,18,2464,2345,1147,579,3,182801,11333,2464,2347,1149,2464,2345,1142,90,100,0,500,2734;
@400000005e7db27e1ae7e13e #d,-,18,2464,2345,1144,580,3,182794,11333,2464,2345,1149,2464,2344,1143,90,100,0,500,2730;
@400000005e7db2801af5fa1e #d,-,18,2465,2343,1150,580,3,182787,11332,2465,2345,1150,2464,2343,1143,90,100,0,500,2732;
@400000005e7db2801aff7f64 #d,-,18,2465,2342,1147,581,3,182780,11332,2465,2344,1150,2465,2342,1146,90,100,0,500,2732;
@400000005e7db2821b0d473d #d,-,18,2465,2343,1149,582,3,182773,11331,2465,2343,1151,2465,2342,1146,90,100,0,500,2734;
@400000005e7db2821b165ae4 #d,-,18,2465,2342,1147,582,3,182766,11331,2465,2345,1152,2465,2342,1143,90,100,0,500,2734;
@400000005e7db2841b23fba0 #d,-,18,2465,2339,1290,583,3,182768,11331,2465,2342,1290,2465,2339,1144,90,100,0,500,2732;
@400000005e7db2841b2dcb66 #d,-,18,2709,2341,1330,584,3,182819,11334,2709,2341,1363,2465,2339,1245,92,100,0,500,2917;
@400000005e7db2861b3c9805 #d,-,18,2964,2342,1335,585,3,182855,11337,2964,2342,1342,2709,2341,1330,93,100,0,500,3178;
@400000005e7db2861b45a527 #d,-,18,2962,2340,1278,585,3,182865,11337,2964,2342,1339,2962,2339,1278,93,100,0,500,3173;
@400000005e7db2881b542744 #d,-,18,2765,2342,1179,586,3,182865,11337,2962,2342,1278,2765,2340,1146,90,100,0,500,3040;
@400000005e7db2881b5d7df8 #d,-,18,2527,2343,1205,587,3,182870,11337,2765,2344,1229,2527,2342,1170,90,100,0,500,2782;
@400000005e7db28a1b6c343d #d,-,18,2645,2342,1212,588,3,182878,11338,2645,2344,1218,2527,2341,1203,91,100,0,500,2884;
@400000005e7db28a1b758af2 #d,-,18,2644,2343,1211,588,3,182886,11338,2645,2343,1214,2644,2342,1207,91,100,0,500,2886;
Lost connection at /opt/powertools/bin/wattsup1 line 220.
	main::failure('Lost connection') called at /opt/powertools/bin/wattsup1 line 271
	main::recv_msg() called at /opt/powertools/bin/wattsup1 line 504
