@400000005e81963533d3752b #v,-,8,2,261786,5,2,4,57,200810261703,0;
@400000005e8196362223c746 #h,-,18,W,V,A,WH,Cost,WH/Mo,Cost/Mo,Wmax,Vmax,Amax,Wmin,Vmin,Amin,PF,DC,PC,Hz,VA;
@400000005e8196362831f611 #f,-,48,201,436,1,4775,0,0,65533,0,199,810,237,17949,177,311,4753,4,92217,151,32123,69906,40,694,17008,0,93,1,4659,0,0,65533,0,199,822,242,18484,171,318,5362,2,92206,150,32190,70407,42,536,17029,0,92;
@400000005e81963828445186 #d,-,18,2395,2400,1113,0,0,171942,10660,2395,2401,1121,2384,2400,1112,87,100,0,500,2730;
@400000005e81963a28526f0e #d,-,18,2399,2401,1120,1,0,172995,10725,2399,2402,1122,2395,2400,1113,87,100,0,500,2730;
@400000005e81963a285b3567 #d,-,18,2403,2401,1116,2,0,173386,10749,2403,2401,1120,2399,2400,1113,88,100,0,500,2727;
@400000005e81963c2868c1a6 #d,-,18,2407,2401,1119,2,0,173632,10765,2407,2401,1121,2403,2400,1113,88,100,0,500,2725;
@400000005e81963c2871499a #d,-,18,2410,2401,1118,3,0,173760,10773,2410,2401,1122,2407,2401,1113,88,100,0,500,2730;
@400000005e81963e287ef1c9 #d,-,18,2412,2402,1117,4,0,173848,10778,2412,2402,1122,2410,2401,1115,88,100,0,500,2727;
@400000005e81963e2887ac07 #d,-,18,2414,2401,1122,4,0,173951,10784,2414,2402,1122,2412,2400,1114,88,100,0,500,2732;
@400000005e8196402894c3dc #d,-,18,2416,2401,1115,5,0,173978,10786,2416,2403,1122,2414,2401,1114,88,100,0,500,2730;
@400000005e819640289dbc80 #d,-,18,2418,2401,1116,6,0,174000,10788,2418,2403,1123,2416,2401,1113,88,100,0,500,2730;
@400000005e81964228ab1de7 #d,-,18,2419,2401,1118,6,0,174003,10788,2419,2401,1120,2418,2400,1111,88,100,0,500,2725;
@400000005e81964228b3ccf8 #d,-,18,2420,2401,1116,7,0,174006,10788,2420,2402,1121,2419,2401,1112,88,100,0,500,2730;
@400000005e81964428c0effa #d,-,18,2420,2403,1116,8,0,174009,10788,2420,2404,1118,2420,2401,1111,88,100,0,500,2723;
@400000005e81964428ca181e #d,-,18,2420,2403,1113,8,0,174011,10788,2420,2403,1119,2420,2403,1113,88,100,0,500,2725;
@400000005e81964628d77985 #d,-,18,2421,2403,1117,9,0,174013,10788,2421,2403,1120,2420,2403,1113,88,100,0,500,2725;
@400000005e81964628e0300a #d,-,18,2422,2403,1119,10,0,174024,10789,2422,2403,1121,2421,2402,1115,88,100,0,500,2730;
@400000005e81964828ed47de #d,-,18,2423,2403,1117,10,0,174033,10790,2423,2403,1121,2422,2403,1114,88,100,0,500,2730;
@400000005e81964828f620d8 #d,-,18,2423,2401,1123,11,0,174050,10791,2423,2403,1123,2423,2401,1115,88,100,0,500,2730;
@400000005e81964a2903410e #d,-,18,2424,2400,1116,12,0,174057,10791,2424,2402,1123,2423,2400,1115,88,100,0,500,2732;
@400000005e81964a290c02c0 #d,-,18,2425,2400,1118,12,0,174071,10792,2425,2401,1122,2424,2400,1115,88,100,0,500,2730;
@400000005e81964c29199760 #d,-,18,2425,2403,1117,13,0,174076,10792,2425,2403,1121,2425,2400,1114,88,100,0,500,2727;
@400000005e81964c29224671 #d,-,18,2425,2403,1116,14,0,174081,10793,2425,2403,1119,2425,2403,1115,88,100,0,500,2730;
@400000005e81964e29303bee #d,-,18,2425,2401,1120,14,0,174085,10793,2425,2403,1124,2425,2401,1113,88,100,0,500,2727;
@400000005e81964e2938db2a #d,-,18,2425,2400,1118,15,0,174083,10793,2425,2402,1121,2425,2400,1114,88,100,0,500,2727;
@400000005e8196502945bc0b #d,-,18,2425,2400,1116,16,0,174075,10792,2425,2401,1121,2425,2400,1113,88,100,0,500,2725;
@400000005e819650294e861f #d,-,18,2425,2401,1115,16,0,174068,10792,2425,2402,1120,2425,2400,1111,88,100,0,500,2727;
@400000005e819652295d823d #d,-,18,2425,2402,1146,17,0,174100,10794,2425,2403,1146,2425,2400,1113,88,100,0,500,2727;
@400000005e8196522966b947 #d,-,18,2551,2401,1286,18,0,174973,10848,2551,2402,1302,2425,2400,1146,90,100,0,500,2822;
@400000005e81965429759a63 #d,-,18,2832,2391,1279,19,0,176023,10913,2832,2402,1286,2551,2391,1262,92,100,0,500,3069;
@400000005e819654297ecdb4 #d,-,18,2835,2399,1281,19,0,177021,10975,2835,2400,1286,2832,2390,1275,91,100,0,500,3109;
@400000005e819656298cf2af #d,-,18,2838,2398,1280,20,0,177954,11033,2838,2400,1282,2835,2397,1277,91,100,0,500,3111;
@400000005e8196562996398e #d,-,18,2837,2400,1154,21,0,178479,11065,2838,2400,1280,2837,2397,1154,91,100,0,500,3102;
@400000005e81965829a2f353 #d,-,18,2493,2398,1127,22,0,178649,11076,2837,2400,1156,2493,2396,1017,87,100,0,500,2836;
@400000005e81965829ac2f05 #d,-,18,2383,2396,1121,22,0,178036,11038,2493,2398,1155,2383,2395,1114,89,100,0,500,2663;
@400000005e81965a29b9a042 #d,-,18,2441,2397,1124,23,0,177954,11033,2441,2398,1125,2383,2395,1120,89,100,0,500,2737;
@400000005e81965a29c2238d #d,-,18,2441,2397,1122,24,0,177875,11028,2441,2398,1127,2441,2397,1121,89,100,0,500,2739;
@400000005e81965c29cf0cd1 #d,-,18,2441,2396,1127,24,0,178291,11054,2441,2397,1127,2441,2396,1121,89,100,0,500,2734;
@400000005e81965c29d7ea73 #d,-,18,2442,2396,1117,25,0,178224,11049,2442,2396,1133,2441,2395,1117,88,100,0,500,2746;
@400000005e81965e29e50512 #d,-,18,2442,2394,1126,26,0,178140,11044,2442,2396,1126,2442,2394,1117,89,100,0,500,2739;
@400000005e81965e29ee1d61 #d,-,18,2441,2394,1121,26,0,178051,11039,2442,2395,1126,2441,2393,1119,89,100,0,500,2730;
@400000005e81966029fb8ae4 #d,-,18,2440,2394,1123,27,0,177976,11034,2441,2394,1126,2440,2393,1120,89,100,0,500,2734;
@400000005e8196602a0439f5 #d,-,18,2440,2396,1121,28,0,177902,11029,2440,2396,1126,2440,2394,1120,89,100,0,500,2732;
@400000005e8196622a1095a9 #d,-,18,2441,2397,1131,28,0,177875,11028,2441,2397,1134,2440,2396,1121,89,100,0,500,2742;
@400000005e8196622a19ba13 #d,-,18,2444,2394,1127,29,0,177426,11000,2444,2397,1133,2441,2394,1120,88,100,0,500,2758;
@400000005e8196642a2882f8 #d,-,18,2444,2394,1137,30,0,177389,10998,2444,2395,1137,2444,2394,1120,89,100,0,500,2739;
@400000005e8196642a31c61e #d,-,18,2563,2395,1283,31,0,177856,11027,2563,2395,1297,2444,2393,1137,90,100,0,500,2827;
@400000005e8196662a407b74 #d,-,18,2822,2396,1275,31,0,178415,11061,2822,2397,1283,2563,2394,1260,92,100,0,500,3059;
@400000005e8196662a4a5756 #d,-,18,2825,2397,1280,32,0,179365,11120,2825,2398,1285,2822,2396,1272,91,100,0,500,3104;
@400000005e8196682a5933ca #d,-,18,2830,2398,1285,33,0,179915,11154,2830,2398,1285,2825,2397,1278,90,100,0,500,3121;
@400000005e8196682a627336 #d,-,18,2835,2400,1079,34,0,180146,11169,2835,2401,1285,2830,2397,1079,90,100,0,500,3121;
@400000005e81966a2a700f4a #d,-,18,2493,2398,1122,34,0,179718,11142,2835,2400,1147,2493,2398,1079,88,100,0,500,2820;
@400000005e81966a2a789eb1 #d,-,18,2486,2399,1120,35,0,179622,11136,2493,2400,1124,2486,2398,1117,90,100,0,500,2742;
@400000005e81966c2a860fee #d,-,18,2480,2401,1120,36,0,179532,11130,2486,2401,1125,2480,2399,1118,90,100,0,500,2734;
@400000005e81966c2a8ee174 #d,-,18,2475,2400,1121,36,0,179442,11125,2480,2401,1123,2475,2399,1119,90,100,0,500,2737;
@400000005e81966e2a9c091e #d,-,18,2470,2400,1127,37,0,179375,11121,2475,2401,1132,2470,2400,1120,90,100,0,500,2737;
@400000005e81966e2aa4de5e #d,-,18,2468,2399,1125,38,0,179299,11116,2470,2400,1131,2468,2398,1118,89,100,0,500,2751;
@400000005e8196702ab224c4 #d,-,18,2464,2398,1119,38,0,179223,11111,2468,2399,1128,2464,2397,1118,90,100,0,500,2737;
@400000005e8196702abaf37f #d,-,18,2460,2398,1125,39,0,179151,11107,2464,2398,1128,2460,2398,1118,89,100,0,500,2734;
@400000005e8196722ac839e4 #d,-,18,2458,2398,1123,40,0,179083,11103,2460,2398,1126,2458,2398,1121,89,100,0,500,2737;
@400000005e8196722ad1697b #d,-,18,2456,2398,1130,40,0,179024,11099,2458,2398,1133,2456,2398,1120,89,100,0,500,2737;
@400000005e8196742ae0783a #d,-,18,2456,2399,1129,41,0,178985,11097,2456,2399,1131,2456,2398,1127,89,100,0,500,2746;
@400000005e8196742ae9ee98 #d,-,18,2455,2399,1117,42,0,178909,11092,2456,2399,1129,2455,2398,1116,89,100,0,500,2746;
@400000005e8196762af8f22a #d,-,18,2452,2399,1201,42,0,178990,11097,2455,2399,1233,2452,2398,1116,89,100,0,500,2727;
@400000005e8196762b021a4e #d,-,18,2727,2398,1284,43,0,179374,11121,2727,2399,1306,2452,2398,1194,92,100,0,500,2955;
@400000005e8196782b1088dc #d,-,18,2856,2398,1279,44,0,179771,11145,2856,2398,1285,2727,2397,1274,91,100,0,500,3116;
@400000005e8196782b19d81d #d,-,18,2856,2396,1280,45,0,180160,11169,2856,2398,1280,2856,2396,1275,91,100,0,500,3109;
@400000005e81967a2b283f38 #d,-,18,2856,2396,1231,46,0,180514,11191,2856,2397,1284,2856,2395,1231,91,100,0,500,3111;
@400000005e81967a2b318706 #d,-,18,2647,2397,1094,46,0,180322,11179,2856,2397,1231,2647,2396,1013,88,100,0,500,2976;
@400000005e81967c2b3eb9dd #d,-,18,2355,2398,1119,47,0,180263,11176,2647,2398,1151,2355,2396,1094,89,100,0,500,2642;
@400000005e81967c2b4827da #d,-,18,2441,2399,1123,48,0,180188,11171,2441,2399,1126,2355,2398,1118,89,100,0,500,2734;
@400000005e81967e2b55955d #d,-,18,2440,2399,1125,48,0,180373,11183,2441,2399,1127,2440,2398,1120,89,100,0,500,2737;
@400000005e81967e2b5e287d #d,-,18,2440,2398,1126,49,0,180301,11178,2440,2399,1126,2440,2398,1121,89,100,0,500,2739;
@400000005e8196802b6aed6e #d,-,18,2442,2399,1121,50,0,180246,11175,2442,2400,1135,2440,2398,1121,88,100,0,500,2746;
@400000005e8196802b73c757 #d,-,18,2442,2399,1122,50,0,179929,11155,2442,2400,1124,2442,2399,1119,88,100,0,500,2744;
@400000005e8196822b80fa2d #d,-,18,2442,2399,1124,51,0,179865,11151,2442,2399,1125,2442,2398,1120,89,100,0,500,2737;
@400000005e8196822b89db89 #d,-,18,2442,2399,1122,52,0,179803,11147,2442,2400,1124,2442,2398,1120,89,100,0,500,2739;
@400000005e8196842b97938e #d,-,18,2442,2399,1123,52,0,179979,11158,2442,2400,1124,2442,2399,1120,89,100,0,500,2739;
@400000005e8196842ba03a3d #d,-,18,2442,2400,1130,53,0,179928,11155,2442,2401,1133,2442,2398,1122,89,100,0,500,2742;
@400000005e8196862bae0217 #d,-,18,2444,2400,1115,54,0,179867,11151,2444,2401,1130,2442,2400,1115,88,100,0,500,2756;
@400000005e8196862bb7cd35 #d,-,18,2442,2400,1116,54,0,179795,11147,2444,2401,1123,2442,2400,1113,89,100,0,500,2732;
@400000005e8196882bc6b97e #d,-,18,2525,2401,1302,55,0,179763,11145,2525,2401,1302,2442,2399,1116,90,100,0,500,2791;
@400000005e8196882bd023c2 #d,-,18,2803,2401,1277,56,0,180069,11164,2803,2401,1302,2525,2400,1262,91,100,0,500,3050;
@400000005e81968a2bdf336f #d,-,18,2854,2399,1278,57,0,180370,11182,2854,2401,1280,2803,2398,1274,91,100,0,500,3107;
@400000005e81968a2be87a4e #d,-,18,2854,2398,1277,58,0,180667,11201,2854,2400,1281,2854,2398,1277,91,100,0,500,3111;
@400000005e81968c2bf5b0de #d,-,18,2854,2398,1095,58,0,180864,11213,2854,2399,1279,2854,2397,1095,91,100,0,500,3111;
@400000005e81968c2bfebe00 #d,-,18,2577,2400,1120,59,0,180811,11210,2854,2400,1151,2577,2398,1086,89,100,0,500,2893;
@400000005e81968e2c0c8131 #d,-,18,2443,2400,1126,60,0,180743,11206,2577,2401,1126,2443,2399,1117,89,100,0,500,2744;
@400000005e81968e2c15180c #d,-,18,2442,2399,1120,60,0,180676,11201,2443,2401,1126,2442,2399,1119,89,100,0,500,2734;
@400000005e8196902c22286d #d,-,18,2442,2398,1123,61,0,180614,11198,2442,2400,1125,2442,2398,1120,89,100,0,500,2739;
@400000005e8196902c2b060f #d,-,18,2441,2397,1122,62,0,180548,11194,2442,2399,1124,2441,2397,1119,89,100,0,500,2734;
@400000005e8196922c38343d #d,-,18,2441,2399,1120,62,0,180486,11190,2441,2400,1126,2441,2397,1119,89,100,0,500,2737;
@400000005e8196922c4148d2 #d,-,18,2440,2396,1123,63,0,180622,11198,2441,2400,1124,2440,2396,1118,89,100,0,500,2734;
@400000005e8196942c4e3989 #d,-,18,2439,2396,1120,64,0,180557,11194,2440,2397,1125,2439,2396,1118,89,100,0,500,2737;
@400000005e8196942c56f00d #d,-,18,2439,2397,1121,64,0,180301,11178,2439,2397,1123,2439,2394,1119,89,100,0,500,2732;
@400000005e8196962c646d65 #d,-,18,2439,2398,1129,65,0,180252,11175,2439,2398,1131,2439,2396,1120,89,100,0,500,2732;
@400000005e8196962c6d5635 #d,-,18,2441,2398,1122,66,0,180208,11172,2441,2399,1132,2439,2397,1122,88,100,0,500,2746;
@400000005e8196982c7b1966 #d,-,18,2440,2401,1119,66,0,180145,11169,2441,2401,1122,2440,2398,1115,89,100,0,500,2739;
@400000005e8196982c83b12f #d,-,18,2438,2400,1039,67,0,179972,11158,2440,2401,1120,2438,2399,1013,89,100,0,500,2727;
@400000005e81969a2c909d3e #d,-,18,2290,2398,1120,68,0,179913,11154,2438,2402,1140,2290,2398,1039,88,100,0,500,2599;
@400000005e81969a2c99a1fd #d,-,18,2423,2401,1115,68,0,179854,11150,2423,2401,1120,2290,2398,1115,88,100,0,500,2723;
@400000005e81969c2ca74de6 #d,-,18,2423,2399,1120,69,0,179796,11147,2423,2401,1120,2423,2398,1113,88,100,0,500,2727;
@400000005e81969c2cafe5af #d,-,18,2423,2400,1119,70,0,179739,11143,2423,2400,1120,2423,2397,1115,88,100,0,500,2723;
@400000005e81969e2cbcca4a #d,-,18,2423,2400,1119,70,0,179683,11140,2423,2400,1122,2423,2399,1113,88,100,0,500,2725;
@400000005e81969e2cc63847 #d,-,18,2423,2398,1116,71,0,179626,11136,2423,2400,1121,2423,2397,1112,88,100,0,500,2725;
@400000005e8196a02cd3c486 #d,-,18,2423,2400,1115,72,0,179742,11144,2423,2401,1121,2423,2397,1111,88,100,0,500,2723;
@400000005e8196a02cdc6c24 #d,-,18,2423,2399,1113,72,0,179515,11129,2423,2401,1119,2423,2398,1112,89,100,0,500,2720;
@400000005e8196a22ce9f4a9 #d,-,18,2423,2400,1116,73,0,179459,11126,2423,2400,1117,2423,2398,1112,89,100,0,500,2718;
@400000005e8196a22cf2a774 #d,-,18,2422,2401,1112,74,0,179406,11123,2423,2403,1121,2422,2400,1112,89,100,0,500,2720;
@400000005e8196a42cff9be4 #d,-,18,2422,2403,1121,74,0,179356,11120,2422,2403,1121,2422,2401,1112,88,100,0,500,2725;
@400000005e8196a42d084a07 #d,-,18,2423,2404,1116,75,0,179308,11117,2423,2404,1122,2422,2402,1114,88,100,0,500,2727;
@400000005e8196a62d15d37b #d,-,18,2424,2402,1117,76,0,179264,11114,2424,2404,1126,2423,2401,1113,88,100,0,500,2734;
@400000005e8196a62d1e9c9f #d,-,18,2424,2404,1116,76,0,179216,11111,2424,2404,1118,2424,2401,1113,88,100,0,500,2725;
@400000005e8196a82d2bbcd6 #d,-,18,2424,2403,1118,77,0,179171,11108,2424,2404,1119,2424,2401,1115,88,100,0,500,2725;
@400000005e8196a82d34c909 #d,-,18,2424,2404,1117,78,0,179284,11115,2424,2404,1121,2424,2402,1113,88,100,0,500,2727;
@400000005e8196aa2d41965c #d,-,18,2424,2402,1115,78,0,179235,11112,2424,2404,1119,2424,2401,1113,88,100,0,500,2727;
@400000005e8196aa2d4a3d0b #d,-,18,2424,2404,1114,79,0,179190,11109,2424,2404,1119,2424,2401,1112,88,100,0,500,2725;
@400000005e8196ac2d576fe2 #d,-,18,2424,2404,1115,80,0,178988,11097,2424,2404,1117,2424,2402,1111,88,100,0,500,2725;
@400000005e8196ac2d609805 #d,-,18,2423,2402,1115,81,0,178945,11094,2424,2404,1117,2423,2401,1113,89,100,0,500,2720;
@400000005e8196ae2d6e62aa #d,-,18,2423,2402,1117,81,0,178899,11091,2423,2403,1117,2423,2401,1113,88,100,0,500,2723;
@400000005e8196ae2d76ee57 #d,-,18,2422,2401,1114,82,0,178854,11088,2423,2403,1118,2422,2401,1113,89,100,0,500,2720;
@400000005e8196b02d83df0e #d,-,18,2423,2403,1116,83,0,178813,11086,2423,2403,1120,2422,2400,1113,88,100,0,500,2723;
@400000005e8196b02d8d028a #d,-,18,2422,2403,1114,83,0,178772,11083,2423,2404,1121,2422,2403,1114,88,100,0,500,2730;
@400000005e8196b22d9ac202 #d,-,18,2423,2405,1115,84,0,178735,11081,2423,2405,1118,2422,2403,1114,88,100,0,500,2725;
@400000005e8196b22da34daf #d,-,18,2423,2402,1115,85,0,178842,11088,2423,2405,1121,2423,2401,1112,88,100,0,500,2727;
@400000005e8196b42db051f4 #d,-,18,2423,2403,1118,85,0,178658,11076,2423,2403,1118,2423,2401,1114,88,100,0,500,2725;
@400000005e8196b42db98545 #d,-,18,2423,2402,1116,86,0,178621,11074,2423,2404,1119,2423,2401,1115,88,100,0,500,2727;
@400000005e8196b62dc84e2a #d,-,18,2424,2403,1114,87,0,178584,11072,2424,2403,1119,2423,2401,1111,88,100,0,500,2727;
@400000005e8196b62dd19150 #d,-,18,2517,2402,1297,87,0,178702,11079,2517,2403,1297,2424,2401,1114,90,100,0,500,2784;
@400000005e8196b82de0567b #d,-,18,2785,2400,1273,88,0,178902,11091,2785,2403,1301,2517,2400,1261,91,100,0,500,3038;
@400000005e8196b82de9b592 #d,-,18,2852,2401,1274,89,0,179102,11104,2852,2403,1280,2785,2400,1273,91,100,0,500,3107;
@400000005e8196ba2df88e4c #d,-,18,2852,2402,1279,90,0,179302,11116,2852,2402,1281,2852,2400,1274,91,100,0,500,3111;
@400000005e8196ba2e01a5ac #d,-,18,2852,2400,1153,90,0,179438,11125,2852,2402,1281,2852,2400,1153,91,100,0,500,3116;
@400000005e8196bc2e0f17d7 #d,-,18,2473,2401,1140,91,0,179459,11126,2852,2404,1153,2473,2400,1028,87,100,0,500,2820;
@400000005e8196bc2e17e5a4 #d,-,18,2377,2403,1120,92,0,179288,11115,2473,2403,1141,2377,2401,1109,89,100,0,500,2663;
@400000005e8196be2e25a51c #d,-,18,2439,2403,1123,92,0,179255,11113,2439,2403,1125,2377,2400,1119,89,100,0,500,2737;
@400000005e8196be2e2e5ba0 #d,-,18,2438,2402,1123,93,0,179224,11111,2439,2403,1124,2438,2400,1120,89,100,0,500,2737;
@400000005e8196c02e3b7ea2 #d,-,18,2438,2401,1124,94,0,179195,11110,2438,2403,1125,2438,2401,1120,88,100,0,500,2742;
@400000005e8196c02e4454d0 #d,-,18,2439,2401,1132,94,0,179170,11108,2439,2402,1132,2438,2400,1120,89,100,0,500,2739;
@400000005e8196c22e5125dd #d,-,18,2441,2400,1130,95,0,179150,11107,2441,2401,1132,2439,2398,1128,88,100,0,500,2753;
@400000005e8196c22e5a25f5 #d,-,18,2442,2401,1121,96,0,179119,11105,2442,2403,1130,2441,2400,1118,88,100,0,500,2749;
@400000005e8196c42e6774bc #d,-,18,2441,2403,1123,97,0,179089,11103,2442,2403,1124,2441,2400,1119,89,100,0,500,2739;
@400000005e8196c42e704289 #d,-,18,2440,2403,1119,97,0,179057,11101,2441,2403,1123,2440,2400,1117,89,100,0,500,2734;
@400000005e8196c62e7f3645 #d,-,18,2440,2402,1125,98,0,179032,11100,2440,2403,1130,2440,2401,1118,89,100,0,500,2732;
@400000005e8196c62e884e93 #d,-,18,2440,2402,1116,99,0,178996,11097,2440,2403,1125,2440,2401,1113,89,100,0,500,2737;
@400000005e8196c82e963d8b #d,-,18,2438,2402,1224,99,0,178992,11097,2440,2402,1224,2438,2399,1112,89,100,0,500,2725;
@400000005e8196c82e9ff161 #d,-,18,2589,2399,1268,100,0,179255,11113,2589,2402,1303,2438,2399,1193,90,100,0,500,2855;
@400000005e8196ca2eaee164 #d,-,18,2864,2401,1279,101,0,179432,11124,2864,2401,1286,2589,2398,1267,92,100,0,500,3104;
@400000005e8196ca2eb81d16 #d,-,18,2863,2399,1278,101,0,179485,11128,2864,2402,1282,2863,2399,1277,91,100,0,500,3114;
@400000005e8196cc2ec6bede #d,-,18,2862,2401,1277,102,0,179660,11138,2863,2401,1283,2862,2399,1276,91,100,0,500,3116;
@400000005e8196cc2ed08377 #d,-,18,2809,2401,1034,103,0,179658,11138,2862,2402,1277,2809,2401,1026,91,100,0,500,3080;
@400000005e8196ce2ede6dc6 #d,-,18,2302,2403,1123,104,0,179600,11135,2809,2404,1145,2302,2401,1034,87,100,0,500,2642;
@400000005e8196ce2ee7085a #d,-,18,2449,2404,1122,104,0,179572,11133,2449,2404,1127,2302,2401,1119,89,100,0,500,2746;
@400000005e8196d02ef4202f #d,-,18,2448,2401,1124,105,0,179544,11131,2449,2404,1125,2448,2400,1119,89,100,0,500,2739;
@400000005e8196d02efd5828 #d,-,18,2447,2400,1123,106,0,179632,11137,2448,2403,1125,2447,2400,1118,89,100,0,500,2739;
@400000005e8196d22f0b12f7 #d,-,18,2446,2402,1127,106,0,179487,11128,2447,2403,1127,2446,2400,1120,89,100,0,500,2742;
@400000005e8196d22f13d951 #d,-,18,2446,2402,1129,107,0,179464,11126,2446,2402,1132,2446,2400,1122,89,100,0,500,2742;
@400000005e8196d42f212f8b #d,-,18,2447,2401,1116,108,0,179439,11125,2447,2403,1130,2446,2401,1115,88,100,0,500,2756;
@400000005e8196d42f2a344b #d,-,18,2446,2403,1118,108,0,179410,11123,2447,2403,1125,2446,2400,1116,89,100,0,500,2742;
@400000005e8196d62f374004 #d,-,18,2445,2403,1122,109,0,179382,11121,2446,2404,1124,2445,2401,1117,89,100,0,500,2734;
@400000005e8196d62f3ffa42 #d,-,18,2444,2401,1117,110,0,179353,11119,2445,2403,1125,2444,2401,1117,89,100,0,500,2737;
@400000005e8196d82f4f1163 #d,-,18,2443,2401,1122,110,0,179330,11118,2444,2403,1132,2443,2401,1117,89,100,0,500,2739;
@400000005e8196d82f58a2c3 #d,-,18,2443,2402,1122,111,0,179414,11123,2443,2402,1126,2443,2400,1120,89,100,0,500,2744;
@400000005e8196da2f6782f1 #d,-,18,2443,2401,1211,112,0,179324,11118,2443,2403,1228,2443,2400,1120,89,100,0,500,2739;
@400000005e8196da2f70de4e #d,-,18,2679,2401,1279,112,0,179461,11126,2679,2403,1303,2443,2400,1195,91,100,0,500,2917;
@400000005e8196dc2f7ec4e3 #d,-,18,2854,2403,1276,113,0,179615,11136,2854,2403,1283,2679,2401,1272,91,100,0,500,3116;
@400000005e8196dc2f8859fd #d,-,18,2854,2403,1278,114,0,179768,11145,2854,2403,1279,2854,2401,1275,91,100,0,500,3111;
@400000005e8196de2f97419e #d,-,18,2853,2403,1272,115,0,179918,11154,2854,2403,1278,2853,2401,1272,91,100,0,501,3109;
@400000005e8196de2fa0a46e #d,-,18,2757,2404,1114,116,0,180027,11161,2853,2404,1277,2757,2401,1038,89,100,0,501,3064;
@400000005e8196e02fae5411 #d,-,18,2423,2404,1122,116,0,179889,11153,2757,2404,1129,2423,2401,1106,89,100,0,501,2715;
@400000005e8196e02fb6e732 #d,-,18,2424,2404,1121,117,0,179860,11151,2424,2404,1125,2423,2402,1120,88,100,0,501,2737;
@400000005e8196e22fc4af0b #d,-,18,2426,2403,1124,118,0,179831,11149,2426,2404,1126,2424,2401,1119,88,100,0,501,2739;
@400000005e8196e22fcd6590 #d,-,18,2427,2402,1120,118,0,179802,11147,2427,2403,1125,2426,2401,1120,88,100,0,501,2737;
@400000005e8196e42fda0bc5 #d,-,18,2429,2400,1133,119,0,179880,11152,2429,2403,1133,2427,2400,1119,88,100,0,501,2737;
@400000005e8196e42fe35ec0 #d,-,18,2431,2401,1127,120,0,179858,11151,2431,2403,1133,2429,2400,1125,88,100,0,501,2749;
@400000005e8196e62ff12965 #d,-,18,2434,2402,1121,120,0,179728,11143,2434,2403,1132,2431,2401,1117,88,100,0,501,2751;
@400000005e8196e62ff9c12d #d,-,18,2434,2402,1119,121,0,179700,11141,2434,2402,1125,2434,2400,1117,89,100,0,501,2734;
@400000005e8196e8300745f9 #d,-,18,2435,2403,1123,122,0,179676,11139,2435,2403,1127,2434,2400,1119,88,100,0,501,2737;
@400000005e8196e830106201 #d,-,18,2435,2400,1127,122,0,179651,11138,2435,2403,1127,2435,2400,1119,88,100,0,501,2739;
@400000005e8196ea301f61d9 #d,-,18,2437,2400,1125,123,0,179728,11143,2437,2402,1133,2435,2399,1118,88,100,0,501,2749;
@400000005e8196ea3028dfab #d,-,18,2437,2402,1123,124,0,179702,11141,2437,2402,1127,2437,2399,1120,88,100,0,501,2739;
@400000005e8196ec3037f6cb #d,-,18,2521,2400,1299,124,0,179677,11140,2521,2402,1299,2437,2399,1121,90,100,0,501,2789;
@400000005e8196ec30414164 #d,-,18,2791,2400,1275,125,0,179816,11148,2791,2401,1307,2521,2399,1266,91,100,0,501,3043;
@400000005e8196ee30509331 #d,-,18,2854,2400,1278,126,0,179953,11157,2854,2402,1280,2791,2399,1273,91,100,0,501,3109;
@400000005e8196ee3059d657 #d,-,18,2853,2402,1276,127,0,180088,11165,2854,2402,1279,2853,2400,1275,91,100,0,501,3109;
@400000005e8196f030677713 #d,-,18,2853,2403,1067,128,0,180177,11170,2853,2403,1278,2853,2400,1067,91,100,0,501,3109;
@400000005e8196f0307002c0 #d,-,18,2555,2403,1121,128,0,180146,11169,2853,2404,1155,2555,2401,1043,88,100,0,501,2877;
@400000005e8196f2307d4925 #d,-,18,2431,2401,1122,129,0,180118,11167,2555,2403,1123,2431,2401,1119,88,100,0,501,2734;
@400000005e8196f2308625d9 #d,-,18,2431,2401,1120,130,0,180089,11165,2431,2403,1125,2431,2401,1119,88,100,0,501,2737;
@400000005e8196f43093af4c #d,-,18,2432,2401,1120,130,0,180062,11163,2432,2403,1126,2431,2401,1119,88,100,0,501,2739;
@400000005e8196f4309c49e0 #d,-,18,2433,2402,1122,131,0,180036,11162,2433,2403,1126,2432,2400,1120,88,100,0,501,2734;
@400000005e8196f630aa1ce7 #d,-,18,2434,2402,1127,132,0,180014,11160,2434,2402,1131,2433,2400,1119,88,100,0,501,2739;
@400000005e8196f630b2d813 #d,-,18,2437,2400,1123,132,0,179994,11159,2437,2402,1132,2434,2399,1119,88,100,0,501,2753;
@400000005e8196f830bfe013 #d,-,18,2438,2400,1123,133,0,180061,11163,2438,2402,1125,2437,2399,1120,88,100,0,501,2744;
@400000005e8196f830c9224a #d,-,18,2438,2402,1123,134,0,179944,11156,2438,2402,1126,2438,2400,1122,89,100,0,501,2739;
@400000005e8196fa30d68c13 #d,-,18,2439,2401,1122,134,0,179919,11155,2439,2402,1128,2438,2400,1121,88,100,0,501,2744;
@400000005e8196fa30df798b #d,-,18,2440,2400,1117,135,0,179897,11153,2440,2402,1132,2439,2400,1117,88,100,0,501,2742;
@400000005e8196fc30ecbff0 #d,-,18,2440,2401,1123,136,0,179873,11152,2440,2402,1127,2440,2400,1117,88,100,0,500,2742;
@400000005e8196fc30f5a8bf #d,-,18,2440,2402,1115,136,0,179846,11150,2440,2402,1130,2440,2400,1112,89,100,0,500,2739;
@400000005e8196fe31037cb4 #d,-,18,2438,2400,1115,137,0,179907,11154,2440,2402,1122,2438,2399,1112,89,100,0,500,2730;
@400000005e8196fe310c6583 #d,-,18,2436,2401,1113,138,0,179786,11146,2438,2402,1118,2436,2400,1112,89,100,0,500,2723;
@400000005e819700311a0db3 #d,-,18,2434,2402,1118,138,0,179755,11144,2436,2402,1119,2434,2400,1112,89,100,0,500,2720;
@400000005e81970031236f94 #d,-,18,2432,2401,1117,139,0,179726,11143,2434,2403,1122,2432,2400,1112,89,100,0,500,2723;
@400000005e819702313185a9 #d,-,18,2431,2402,1117,140,0,179697,11141,2432,2403,1119,2431,2400,1114,89,100,0,500,2725;
@400000005e819702313a4b14 #d,-,18,2430,2402,1117,140,0,179670,11139,2431,2402,1121,2430,2400,1115,89,100,0,500,2727;
@400000005e81970431477ed9 #d,-,18,2430,2401,1117,141,0,179643,11137,2430,2402,1122,2430,2400,1112,89,100,0,500,2730;
@400000005e81970431516140 #d,-,18,2430,2402,1119,142,0,179616,11136,2430,2402,1120,2430,2400,1112,89,100,0,500,2725;
@400000005e819706315fa5e6 #d,-,18,2429,2399,1119,142,0,179590,11134,2430,2402,1121,2429,2399,1112,89,100,0,500,2725;
@400000005e81970631695e64 #d,-,18,2429,2400,1117,143,0,179650,11138,2429,2402,1120,2429,2399,1113,89,100,0,500,2727;
@400000005e8197083178002c #d,-,18,2429,2401,1119,144,0,179537,11131,2429,2401,1121,2429,2399,1115,89,100,0,500,2725;
@400000005e8197083181a162 #d,-,18,2428,2399,1114,144,0,179510,11129,2429,2401,1122,2428,2399,1114,89,100,0,500,2725;
@400000005e81970a31904b8b #d,-,18,2428,2400,1119,145,0,179485,11128,2428,2400,1120,2428,2398,1112,89,100,0,500,2727;
@400000005e81970a319a1f0c #d,-,18,2427,2398,1114,146,0,179458,11126,2428,2400,1121,2427,2397,1113,89,100,0,500,2720;
@400000005e81970c31a9ab85 #d,-,18,2427,2400,1117,146,0,179432,11124,2427,2401,1120,2427,2397,1113,89,100,0,500,2723;
@400000005e81970c31b39a08 #d,-,18,2426,2402,1117,147,0,179405,11123,2427,2402,1123,2426,2399,1114,89,100,0,500,2723;
@400000005e81970e31c28297 #d,-,18,2425,2398,1117,148,0,179463,11126,2426,2402,1120,2425,2398,1112,88,100,0,500,2725;
@400000005e81970e31cd9a31 #d,-,18,2425,2401,1117,148,0,179436,11125,2425,2401,1119,2425,2398,1111,89,100,0,500,2723;
@400000005e81970e31d625de #d,-,18,2425,2399,1116,149,0,179329,11118,2425,2401,1123,2425,2399,1114,89,100,0,500,2723;
@400000005e81971031e39361 #d,-,18,2425,2398,1118,150,0,179304,11116,2425,2401,1121,2425,2398,1113,89,100,0,500,2723;
@400000005e81971031ec2ee4 #d,-,18,2425,2400,1118,150,0,179280,11115,2425,2400,1122,2425,2398,1116,88,100,0,500,2725;
@400000005e81971231f91739 #d,-,18,2425,2401,1117,151,0,179256,11113,2425,2401,1123,2425,2398,1116,88,100,0,500,2727;
@400000005e819712320200f6 #d,-,18,2425,2399,1120,152,0,179233,11112,2425,2401,1122,2425,2399,1115,88,100,0,500,2727;
@400000005e819714320f2b6b #d,-,18,2425,2400,1114,152,0,179291,11116,2425,2401,1124,2425,2399,1114,88,100,0,500,2727;
@400000005e81971432185ebc #d,-,18,2425,2399,1122,153,0,179267,11114,2425,2400,1122,2425,2397,1112,88,100,0,500,2725;
@400000005e81971632261e34 #d,-,18,2425,2401,1114,154,0,179163,11108,2425,2401,1122,2425,2398,1112,88,100,0,500,2725;
@400000005e819716322edd1a #d,-,18,2425,2400,1122,155,0,179142,11106,2425,2401,1122,2425,2400,1114,88,100,0,500,2727;
@400000005e819718323ceacd #d,-,18,2425,2402,1117,155,0,179118,11105,2425,2402,1122,2425,2399,1112,88,100,0,500,2725;
@400000005e81971832469ae9 #d,-,18,2425,2400,1117,156,0,179095,11103,2425,2402,1120,2425,2400,1111,88,100,0,500,2725;
@400000005e81971a32556877 #d,-,18,2529,2399,1302,157,0,179167,11108,2529,2402,1302,2425,2399,1117,90,100,0,500,2796;
@400000005e81971a325f014b #d,-,18,2797,2401,1272,157,0,179276,11115,2797,2401,1302,2529,2399,1263,91,100,0,500,3045;
@400000005e81971c326df14e #d,-,18,2852,2399,1280,158,0,179387,11122,2852,2401,1281,2797,2399,1272,91,100,0,500,3109;
@400000005e81971c3277382d #d,-,18,2852,2398,1274,159,0,179575,11133,2852,2400,1282,2852,2398,1273,91,100,0,500,3107;
@400000005e81971e32861949 #d,-,18,2851,2401,1128,160,0,179548,11131,2852,2401,1280,2851,2398,1128,91,100,0,500,3109;
@400000005e81971e328ff7f7 #d,-,18,2501,2401,1029,160,0,179519,11130,2851,2402,1137,2501,2400,1029,88,100,0,500,2817;
@400000005e819720329db3b5 #d,-,18,2306,2399,1120,161,1,179475,11127,2501,2402,1148,2306,2399,1022,87,100,0,500,2635;
@400000005e81972032a646d5 #d,-,18,2457,2401,1132,162,1,179462,11126,2457,2401,1133,2306,2399,1117,89,100,0,500,2737;
@400000005e81972232b2c6dc #d,-,18,2457,2400,1128,162,1,179449,11125,2457,2402,1132,2457,2400,1126,89,100,0,500,2756;
@400000005e81972232bbb71e #d,-,18,2457,2401,1131,163,1,179437,11125,2457,2402,1133,2457,2400,1125,89,100,0,500,2756;
@400000005e81972432c967af #d,-,18,2457,2402,1126,164,1,179423,11124,2457,2402,1132,2457,2400,1125,89,100,0,500,2753;
@400000005e81972432d1fe89 #d,-,18,2457,2400,1118,164,1,179406,11123,2457,2403,1132,2457,2399,1114,89,100,0,500,2756;
@400000005e81972632dfd190 #d,-,18,2454,2402,1120,165,1,179385,11121,2457,2402,1122,2454,2399,1115,89,100,0,500,2732;
@400000005e81972632e880a1 #d,-,18,2450,2401,1116,166,1,179363,11120,2454,2402,1122,2450,2400,1114,89,100,0,500,2727;
@400000005e81972832f633fd #d,-,18,2448,2400,1119,166,1,179342,11119,2450,2402,1122,2448,2400,1111,89,100,0,500,2727;
@400000005e81972832ff0de6 #d,-,18,2445,2403,1111,167,1,179320,11117,2448,2403,1122,2445,2400,1111,89,100,0,500,2725;
@400000005e81972a330cb25c #d,-,18,2443,2402,1124,168,1,179299,11116,2445,2403,1124,2443,2401,1111,89,100,0,500,2725;
@400000005e81972a3315b273 #d,-,18,2440,2401,1114,168,1,179277,11115,2443,2403,1124,2440,2401,1114,89,100,0,500,2727;
@400000005e81972c3324c5da #d,-,18,2438,2400,1211,169,1,179290,11116,2440,2402,1233,2438,2399,1113,89,100,0,500,2727;
@400000005e81972c332de1e2 #d,-,18,2695,2402,1285,170,1,179385,11121,2695,2402,1309,2438,2399,1196,92,100,0,500,2926;
@400000005e81972e333c1a6c #d,-,18,2862,2402,1277,171,1,179490,11128,2862,2402,1288,2695,2400,1274,91,100,0,500,3123;
@400000005e81972e33457982 #d,-,18,2862,2400,1282,172,1,179595,11134,2862,2403,1283,2862,2400,1276,91,100,0,500,3118;
@400000005e819730335465cb #d,-,18,2862,2402,1264,172,1,179697,11141,2862,2402,1285,2862,2400,1264,91,100,0,500,3118;
@400000005e819730335db41e #d,-,18,2713,2400,1121,173,1,179692,11140,2862,2402,1264,2713,2400,1061,89,100,0,500,3028;
@400000005e819732336aa11b #d,-,18,2455,2402,1128,174,1,179679,11140,2713,2402,1136,2455,2400,1115,89,100,0,500,2742;
@400000005e819732337305ab #d,-,18,2455,2402,1129,174,1,179666,11139,2455,2402,1132,2455,2400,1125,89,100,0,500,2753;
@400000005e81973433804768 #d,-,18,2456,2400,1132,175,1,179654,11138,2456,2402,1132,2455,2400,1125,89,100,0,500,2753;
@400000005e81973433890dc2 #d,-,18,2455,2402,1125,176,1,179640,11137,2456,2402,1132,2455,2400,1125,89,100,0,500,2756;
@400000005e819736339663fc #d,-,18,2455,2401,1118,176,1,179625,11136,2455,2402,1133,2455,2401,1118,89,100,0,500,2753;
@400000005e819736339f5ca1 #d,-,18,2453,2403,1115,177,1,179603,11135,2455,2403,1123,2453,2401,1113,89,100,0,500,2742;
@400000005e81973833ad088a #d,-,18,2450,2404,1121,178,1,179583,11134,2453,2404,1122,2450,2401,1112,89,100,0,500,2730;
@400000005e81973833b5ab7f #d,-,18,2447,2403,1117,178,1,179561,11132,2450,2404,1122,2447,2403,1111,89,100,0,500,2725;
@400000005e81973a33c32c91 #d,-,18,2445,2402,1119,179,1,179541,11131,2447,2404,1123,2445,2402,1113,89,100,0,500,2730;
@400000005e81973a33cc2535 #d,-,18,2442,2404,1121,180,1,179590,11134,2445,2404,1121,2442,2401,1114,89,100,0,500,2730;
@400000005e81973c33db5c00 #d,-,18,2441,2403,1119,180,1,179502,11129,2442,2404,1122,2441,2401,1114,89,100,0,500,2732;
@400000005e81973c33e4b66e #d,-,18,2439,2400,1115,181,1,179549,11132,2441,2403,1122,2439,2400,1112,89,100,0,500,2730;
@400000005e81973e33f3ab19 #d,-,18,2527,2400,1305,182,1,179539,11131,2527,2401,1305,2439,2400,1115,90,100,0,500,2796;
@400000005e81973e33fd10b4 #d,-,18,2801,2399,1277,183,1,179635,11137,2801,2400,1306,2527,2399,1265,91,100,0,500,3047;
@400000005e819740340c4b38 #d,-,18,2860,2400,1282,183,1,179732,11143,2860,2400,1283,2801,2399,1276,91,100,0,500,3116;
@400000005e8197403415735c #d,-,18,2859,2401,1279,184,1,179828,11149,2860,2402,1282,2859,2399,1274,91,100,0,500,3114;
@400000005e8197423423b359 #d,-,18,2859,2401,1039,185,1,179874,11152,2859,2402,1282,2859,2398,1038,91,100,0,500,3116;
@400000005e819742342d44ba #d,-,18,2511,2403,1123,186,1,179863,11151,2859,2403,1162,2511,2400,1039,88,100,0,500,2839;
@400000005e819744343c4492 #d,-,18,2453,2401,1128,186,1,179849,11150,2511,2404,1130,2453,2401,1123,89,100,0,500,2746;
@400000005e8197443445ab1b #d,-,18,2453,2400,1127,187,1,179835,11149,2453,2403,1131,2453,2400,1123,89,100,0,500,2749;
@400000005e8197463454d984 #d,-,18,2453,2402,1127,188,1,179887,11153,2453,2402,1132,2453,2400,1124,89,100,0,500,2756;
@400000005e819746345e389a #d,-,18,2453,2403,1129,188,1,179807,11148,2453,2403,1132,2453,2401,1126,89,100,0,500,2751;
@400000005e819748346cde1c #d,-,18,2453,2403,1129,189,1,179795,11147,2453,2404,1134,2453,2402,1124,89,100,0,500,2756;
@400000005e81974834762141 #d,-,18,2454,2404,1133,190,1,179785,11146,2454,2404,1133,2453,2402,1127,88,100,0,500,2761;
@400000005e81974a3484a807 #d,-,18,2456,2405,1130,190,1,179775,11146,2456,2405,1135,2454,2403,1127,88,100,0,500,2761;
@400000005e81974a348dcb82 #d,-,18,2457,2404,1135,191,1,179766,11145,2457,2406,1135,2456,2404,1128,88,100,0,500,2765;
@400000005e81974c349ba331 #d,-,18,2458,2405,1133,192,1,179756,11144,2458,2405,1135,2457,2403,1128,88,100,0,500,2765;
@400000005e81974c34a55ac1 #d,-,18,2459,2402,1129,193,1,179746,11144,2459,2405,1135,2458,2402,1127,88,100,0,500,2765;
@400000005e81974e34b499ed #d,-,18,2460,2404,1130,193,1,179800,11147,2460,2405,1133,2459,2402,1127,89,100,0,500,2761;
@400000005e81974e34bde0cd #d,-,18,2461,2403,1124,194,1,179724,11142,2461,2405,1133,2460,2403,1124,89,100,0,500,2761;
@400000005e81975034cc9623 #d,-,18,2464,2402,1226,195,1,179753,11144,2464,2403,1229,2461,2401,1123,89,100,0,500,2765;
@400000005e81975034d669a3 #d,-,18,2775,2403,1270,195,1,179844,11150,2775,2403,1303,2464,2401,1226,91,100,0,500,3028;
@400000005e81975234e5847d #d,-,18,2850,2402,1277,196,1,179931,11155,2850,2404,1281,2775,2402,1270,91,100,0,500,3102;
@400000005e81975234eec7a3 #d,-,18,2850,2403,1278,197,1,180018,11161,2850,2403,1279,2850,2402,1270,91,100,0,500,3111;
@400000005e81975434fd6e13 #d,-,18,2849,2403,1202,198,1,180095,11165,2850,2404,1278,2849,2402,1202,91,100,0,500,3107;
@400000005e81975435068661 #d,-,18,2601,2404,1134,198,1,180071,11164,2849,2404,1202,2601,2402,1045,89,100,0,500,2907;
@400000005e8197563514cec1 #d,-,18,2451,2402,1122,199,1,180057,11163,2601,2404,1136,2451,2402,1121,88,100,0,500,2758;
@400000005e819756351e504c #d,-,18,2451,2404,1127,200,1,180106,11166,2451,2405,1131,2451,2402,1122,89,100,0,500,2751;
@400000005e819758352d5f0b #d,-,18,2451,2402,1129,200,1,180092,11165,2451,2404,1131,2451,2402,1123,89,100,0,500,2753;
@400000005e8197583536b5bf #d,-,18,2452,2403,1129,201,1,180080,11164,2452,2405,1133,2451,2401,1124,88,100,0,500,2756;
@400000005e81975a354538cb #d,-,18,2452,2404,1134,202,1,180005,11160,2452,2405,1134,2452,2403,1125,89,100,0,500,2753;
@400000005e81975a354f1867 #d,-,18,2454,2403,1129,202,1,179995,11159,2454,2405,1135,2452,2402,1128,88,100,0,500,2763;
@400000005e81975c355e00f6 #d,-,18,2456,2404,1133,203,1,179985,11159,2456,2405,1135,2454,2402,1128,88,100,0,500,2765;
@400000005e81975c35675b65 #d,-,18,2457,2404,1132,204,1,179975,11158,2457,2404,1136,2456,2402,1129,88,100,0,500,2765;
@400000005e81975e3574d8bd #d,-,18,2459,2403,1130,204,1,179965,11157,2459,2405,1136,2457,2403,1128,88,100,0,500,2765;
@400000005e81975e357e3a9e #d,-,18,2460,2405,1134,205,1,180017,11161,2460,2406,1137,2459,2403,1124,88,100,0,500,2765;
@400000005e819760358cd139 #d,-,18,2460,2405,1126,206,1,180006,11160,2460,2405,1135,2460,2403,1126,89,100,0,500,2763;
@400000005e819760359646a9 #d,-,18,2461,2402,1131,206,1,179934,11155,2461,2405,1134,2460,2402,1125,89,100,0,500,2763;
@400000005e81976235a5662b #d,-,18,2460,2405,1017,207,1,179892,11153,2461,2406,1131,2460,2402,1006,89,100,0,500,2756;
@400000005e81976235ae9208 #d,-,18,2266,2404,1115,208,1,179860,11151,2460,2405,1136,2266,2402,1017,87,100,0,500,2590;
@400000005e81976435bc4cd8 #d,-,18,2427,2402,1115,208,1,179839,11150,2427,2404,1119,2266,2402,1111,88,100,0,500,2730;
@400000005e81976435c50bbe #d,-,18,2426,2402,1116,209,1,179819,11148,2427,2403,1119,2426,2401,1107,89,100,0,500,2723;
@400000005e81976635d28916 #d,-,18,2425,2404,1116,210,1,179798,11147,2426,2404,1119,2425,2402,1111,89,100,0,500,2723;
@400000005e81976635db523b #d,-,18,2424,2403,1110,210,1,179778,11146,2425,2404,1119,2424,2403,1110,89,100,0,500,2720;
@400000005e81976835e8f6b1 #d,-,18,2424,2401,1116,211,1,179817,11148,2424,2405,1118,2424,2401,1109,88,100,0,500,2725;
@400000005e81976835f1dbc6 #d,-,18,2423,2403,1111,212,1,179798,11147,2424,2404,1122,2423,2401,1111,88,100,0,500,2725;
@400000005e81976a35ff9fe6 #d,-,18,2424,2401,1117,212,1,179721,11142,2424,2404,1120,2423,2401,1111,88,100,0,500,2725;
@400000005e81976a36083307 #d,-,18,2424,2402,1117,213,1,179702,11141,2424,2403,1119,2424,2401,1113,89,100,0,500,2723;
@400000005e81976c36156224 #d,-,18,2423,2404,1117,214,1,179684,11140,2424,2405,1121,2423,2402,1110,88,100,0,500,2725;
@400000005e81976c361e4af3 #d,-,18,2424,2403,1120,214,1,179665,11139,2424,2405,1121,2423,2402,1112,88,100,0,500,2727;
@400000005e81976e362b99ba #d,-,18,2424,2404,1113,215,1,179647,11138,2424,2405,1122,2424,2403,1111,88,100,0,500,2730;
@400000005e81976e3634c951 #d,-,18,2424,2405,1116,216,1,179629,11137,2424,2405,1121,2424,2403,1110,88,100,0,500,2727;
@400000005e81977036425949 #d,-,18,2424,2402,1112,217,1,179668,11139,2424,2405,1117,2424,2402,1110,88,100,0,500,2725;
@400000005e819770364b3b93 #d,-,18,2424,2401,1117,217,1,179593,11134,2424,2402,1120,2424,2401,1110,88,100,0,500,2725;
@400000005e81977236586e6a #d,-,18,2424,2403,1115,218,1,179574,11133,2424,2403,1118,2424,2401,1111,89,100,0,500,2723;
@400000005e81977236619959 #d,-,18,2423,2400,1115,219,1,179613,11136,2424,2403,1121,2423,2400,1112,88,100,0,500,2723;
@400000005e819774366f5517 #d,-,18,2423,2400,1115,219,1,179537,11131,2423,2401,1118,2423,2399,1111,88,100,0,500,2723;
@400000005e819774367817b7 #d,-,18,2422,2402,1111,220,1,179518,11130,2423,2402,1118,2422,2399,1110,89,100,0,500,2720;
@400000005e819776368546d4 #d,-,18,2422,2403,1114,221,1,179500,11129,2422,2403,1118,2422,2401,1110,89,100,0,500,2720;
@400000005e819776368e3bbe #d,-,18,2422,2401,1116,221,1,179482,11127,2422,2403,1118,2422,2401,1110,89,100,0,500,2720;
@400000005e819778369b4eeb #d,-,18,2422,2403,1113,222,1,179463,11126,2422,2404,1119,2422,2401,1113,88,100,0,500,2723;
@400000005e81977836a428d3 #d,-,18,2422,2402,1121,223,1,179447,11125,2422,2403,1121,2422,2401,1111,88,100,0,500,2725;
@400000005e81977a36b15baa #d,-,18,2422,2403,1112,223,1,179429,11124,2422,2404,1121,2422,2400,1112,88,100,0,500,2727;
@400000005e81977a36baa643 #d,-,18,2422,2403,1120,224,1,179413,11123,2422,2404,1120,2422,2402,1111,88,100,0,500,2727;
@400000005e81977c36c86201 #d,-,18,2423,2406,1111,225,1,179396,11122,2423,2406,1121,2422,2402,1111,88,100,0,500,2723;
@400000005e81977c36d10d58 #d,-,18,2423,2404,1120,225,1,179379,11121,2423,2407,1120,2423,2404,1109,88,100,0,500,2727;
@400000005e81977e36ddb748 #d,-,18,2423,2407,1113,226,1,179418,11123,2423,2407,1120,2423,2404,1111,88,100,0,500,2725;
@400000005e81977e36e69130 #d,-,18,2423,2405,1115,227,1,179346,11119,2423,2407,1119,2423,2404,1112,88,100,0,500,2730;
@400000005e81978036f59c35 #d,-,18,2426,2406,1198,227,1,179365,11120,2426,2406,1225,2423,2404,1113,88,100,0,500,2732;
@400000005e81978036fee314 #d,-,18,2759,2405,1273,228,1,179442,11125,2759,2406,1301,2426,2405,1198,91,100,0,500,3002;
@400000005e819782370d6d93 #d,-,18,2844,2404,1274,229,1,179517,11130,2844,2405,1277,2759,2403,1268,91,100,0,500,3099;
@400000005e8197823716e3f2 #d,-,18,2844,2406,1272,230,1,179592,11134,2844,2406,1275,2844,2402,1269,91,100,0,500,3104;
@400000005e81978437266809 #d,-,18,2844,2404,1225,230,1,179655,11138,2844,2407,1275,2844,2404,1219,91,100,0,500,3109;
@400000005e819784372fa3bc #d,-,18,2705,2407,1033,231,1,179641,11137,2844,2408,1227,2705,2403,1009,90,100,0,500,2998;
@400000005e819786373ba9c1 #d,-,18,2286,2405,1114,232,1,179615,11136,2705,2408,1146,2286,2405,1033,87,100,0,500,2625;
@400000005e81978637440e51 #d,-,18,2449,2406,1125,232,1,179656,11138,2449,2407,1129,2286,2405,1114,89,100,0,500,2746;
@400000005e81978837519f37 #d,-,18,2448,2405,1119,233,1,179589,11134,2449,2407,1125,2448,2404,1117,89,100,0,500,2742;
@400000005e819788375a3258 #d,-,18,2447,2406,1123,234,1,179630,11137,2448,2408,1127,2447,2405,1118,89,100,0,500,2744;
@400000005e81978a37678893 #d,-,18,2447,2407,1124,234,1,179565,11133,2447,2407,1126,2447,2405,1119,89,100,0,500,2744;
@400000005e81978a37708137 #d,-,18,2446,2404,1126,235,1,179553,11132,2447,2407,1126,2446,2404,1121,89,100,0,500,2746;
@400000005e81978c377db40d #d,-,18,2447,2406,1123,236,1,179543,11131,2447,2406,1132,2446,2404,1120,88,100,0,500,2753;
@400000005e81978c37867a67 #d,-,18,2447,2405,1126,237,1,179532,11131,2447,2406,1130,2447,2403,1120,89,100,0,500,2749;
@400000005e81978e37940b4e #d,-,18,2448,2403,1126,237,1,179520,11130,2448,2405,1130,2447,2403,1119,88,100,0,500,2753;
@400000005e81978e379cbd2a #d,-,18,2448,2403,1121,238,1,179509,11129,2448,2404,1133,2448,2402,1120,89,100,0,500,2749;
@400000005e81979037aa233a #d,-,18,2448,2405,1122,239,1,179550,11132,2448,2405,1132,2448,2403,1120,88,100,0,500,2751;
@400000005e81979037b337cf #d,-,18,2448,2404,1118,239,1,179537,11131,2448,2406,1131,2448,2402,1113,89,100,0,500,2749;
@400000005e81979237c232fe #d,-,18,2446,2406,1194,240,1,179499,11128,2448,2406,1226,2446,2402,1111,89,100,0,500,2732;
@400000005e81979237cb95ce #d,-,18,2749,2404,1284,241,1,179622,11136,2749,2406,1302,2446,2404,1192,92,100,0,500,2981;
@400000005e81979437dac07d #d,-,18,2850,2405,1273,242,1,179644,11137,2850,2405,1284,2749,2404,1273,91,100,0,500,3114;
@400000005e81979437e461b3 #d,-,18,2851,2406,1279,242,1,179718,11142,2851,2406,1281,2850,2404,1273,91,100,0,500,3116;
@400000005e81979637f34954 #d,-,18,2852,2404,1215,243,1,179783,11146,2852,2406,1281,2851,2404,1215,91,100,0,500,3118;
@400000005e81979637fc9122 #d,-,18,2613,2403,1115,244,1,179767,11145,2852,2405,1215,2613,2402,1056,88,100,0,500,2938;
@400000005e819798380a82e5 #d,-,18,2455,2403,1124,244,1,179755,11144,2613,2403,1133,2455,2401,1115,89,100,0,500,2749;
@400000005e8197983813124b #d,-,18,2453,2404,1120,245,1,179742,11144,2455,2404,1126,2453,2402,1119,89,100,0,500,2742;
@400000005e81979a381f8636 #d,-,18,2452,2404,1124,246,1,179731,11143,2453,2404,1126,2452,2403,1119,89,100,0,500,2746;
@400000005e81979a3828c95c #d,-,18,2451,2403,1123,247,1,179719,11142,2452,2404,1128,2451,2403,1121,89,100,0,500,2744;
@400000005e81979c3836c73a #d,-,18,2451,2403,1128,247,1,179708,11141,2451,2404,1129,2451,2403,1122,89,100,0,500,2749;
@400000005e81979c383f9507 #d,-,18,2450,2403,1128,248,1,179698,11141,2451,2403,1132,2450,2403,1122,89,100,0,500,2746;
@400000005e81979e384cb095 #d,-,18,2452,2402,1125,249,1,179687,11140,2452,2403,1134,2450,2402,1120,88,100,0,500,2761;
@400000005e81979e3855acf3 #d,-,18,2452,2402,1123,249,1,179677,11140,2452,2404,1133,2452,2402,1121,89,100,0,500,2749;
@400000005e8197a038628dd5 #d,-,18,2451,2402,1126,250,1,179667,11139,2452,2402,1133,2451,2401,1118,89,100,0,500,2751;
@400000005e8197a0386b4813 #d,-,18,2451,2401,1127,251,1,179656,11138,2451,2403,1130,2451,2401,1117,89,100,0,500,2746;
@400000005e8197a2387a6f08 #d,-,18,2450,2402,1124,251,1,179645,11138,2451,2402,1130,2450,2401,1115,89,100,0,500,2746;
@400000005e8197a23883e1ad #d,-,18,2449,2403,1141,252,1,179631,11137,2450,2403,1141,2449,2402,1109,89,100,0,500,2742;
@400000005e8197a43892a6d9 #d,-,18,2551,2402,1287,253,1,179682,11140,2551,2404,1299,2449,2402,1141,90,100,0,500,2822;
@400000005e8197a4389bbf27 #d,-,18,2828,2402,1275,253,1,179750,11144,2828,2403,1287,2551,2401,1262,92,100,0,500,3069;
@400000005e8197a638a962ae #d,-,18,2831,2401,1281,254,1,179819,11148,2831,2403,1281,2828,2401,1273,90,100,0,500,3111;
@400000005e8197a638b2dcc7 #d,-,18,2834,2401,1276,255,1,179888,11153,2834,2402,1281,2831,2401,1275,91,100,0,500,3114;
@400000005e8197a838c19e38 #d,-,18,2835,2400,1077,256,1,179909,11154,2835,2402,1282,2834,2395,1049,91,100,0,500,3107;
@400000005e8197a838cae15e #d,-,18,2469,2399,1119,256,1,179901,11153,2835,2400,1153,2469,2399,1077,88,100,0,500,2794;
@400000005e8197aa38d832f1 #d,-,18,2466,2400,1125,257,1,179889,11153,2469,2400,1127,2466,2399,1119,89,100,0,500,2742;
@400000005e8197aa38e17abe #d,-,18,2464,2400,1123,258,1,179878,11152,2466,2401,1126,2464,2400,1120,89,100,0,500,2742;
@400000005e8197ac38ef5538 #d,-,18,2462,2398,1122,259,1,179866,11151,2464,2400,1128,2462,2398,1122,89,100,0,500,2744;
@400000005e8197ac38f7f0bb #d,-,18,2460,2399,1127,259,1,179855,11151,2462,2400,1127,2460,2398,1121,89,100,0,500,2744;
@400000005e8197ae39045c44 #d,-,18,2458,2399,1129,260,1,179891,11153,2460,2400,1129,2458,2399,1121,89,100,0,500,2742;
@400000005e8197ae390d6fea #d,-,18,2457,2399,1126,261,1,179882,11152,2458,2400,1131,2457,2399,1118,89,100,0,500,2753;
@400000005e8197b0391b340a #d,-,18,2456,2402,1127,261,1,179871,11152,2457,2402,1133,2456,2399,1119,89,100,0,500,2744;
@400000005e8197b03923f5bb #d,-,18,2456,2402,1122,262,1,179811,11148,2456,2402,1133,2456,2402,1118,89,100,0,500,2753;
@400000005e8197b2393182e9 #d,-,18,2455,2401,1123,263,1,179801,11147,2456,2402,1135,2455,2401,1119,89,100,0,500,2749;
@400000005e8197b2393a34c5 #d,-,18,2454,2400,1124,263,1,179790,11147,2455,2401,1133,2454,2400,1117,89,100,0,500,2746;
@400000005e8197b4394807cc #d,-,18,2454,2399,1117,264,1,179778,11146,2454,2400,1133,2454,2399,1116,89,100,0,500,2746;
@400000005e8197b439513fc4 #d,-,18,2452,2399,1206,265,1,179794,11147,2454,2400,1231,2452,2398,1115,89,100,0,500,2734;
@400000005e8197b639605a9e #d,-,18,2777,2398,1282,265,1,179863,11151,2777,2399,1304,2452,2398,1206,92,100,0,500,3014;
@400000005e8197b63969e48c #d,-,18,2856,2396,1280,266,1,179929,11155,2856,2398,1282,2777,2395,1277,91,100,0,500,3114;
@400000005e8197b8397974be #d,-,18,2856,2399,1280,267,1,180042,11162,2856,2399,1283,2856,2395,1279,91,100,0,500,3116;
@400000005e8197b83982d2e6 #d,-,18,2857,2398,1228,268,1,180052,11163,2857,2400,1282,2856,2398,1224,91,100,0,500,3116;
@400000005e8197ba399038f6 #d,-,18,2603,2400,1122,269,1,180037,11162,2857,2400,1228,2603,2398,1055,89,100,0,500,2922;
@400000005e8197ba3998dbec #d,-,18,2455,2399,1130,269,1,180026,11161,2603,2401,1132,2455,2399,1120,89,100,0,500,2753;
@400000005e8197bc39a635e0 #d,-,18,2453,2403,1116,270,1,180014,11160,2455,2403,1130,2453,2399,1116,89,100,0,500,2742;
@400000005e8197bc39af0b20 #d,-,18,2453,2405,1122,271,1,180002,11160,2453,2405,1127,2453,2402,1116,89,100,0,500,2744;
@400000005e8197be39bc1f3b #d,-,18,2452,2402,1122,271,1,179990,11159,2453,2405,1127,2452,2397,1120,89,100,0,500,2744;
@400000005e8197be39c5369b #d,-,18,2450,2402,1123,272,1,179979,11158,2452,2403,1126,2450,2402,1121,89,100,0,500,2742;
@400000005e8197c039d2c00f #d,-,18,2450,2402,1128,273,1,179969,11158,2450,2402,1132,2450,2402,1121,89,100,0,500,2744;
@400000005e8197c039db56e9 #d,-,18,2451,2402,1124,273,1,179959,11157,2451,2403,1129,2450,2401,1121,88,100,0,500,2756;
@400000005e8197c239e847a0 #d,-,18,2451,2402,1128,274,1,179950,11156,2451,2402,1133,2451,2401,1122,89,100,0,500,2751;
@400000005e8197c239f163a8 #d,-,18,2451,2401,1128,275,1,179940,11156,2451,2402,1134,2451,2401,1118,89,100,0,500,2749;
@400000005e8197c439ff26d9 #d,-,18,2452,2401,1126,275,1,179930,11155,2452,2402,1129,2451,2401,1118,89,100,0,500,2749;
@400000005e8197c43a07e117 #d,-,18,2451,2402,1128,276,1,179920,11155,2452,2402,1133,2451,2401,1118,89,100,0,500,2744;
@400000005e8197c63a1591a9 #d,-,18,2450,2403,1101,277,1,179904,11154,2451,2403,1128,2450,2402,1101,89,100,0,500,2742;
@400000005e8197c63a1e535a #d,-,18,2314,2402,1132,277,1,179865,11151,2450,2403,1141,2314,2401,1008,87,100,0,500,2640;
@400000005e8197c83a2be087 #d,-,18,2389,2402,1116,278,1,179849,11150,2389,2402,1132,2314,2402,1103,89,100,0,500,2678;
@400000005e8197c83a34b981 #d,-,18,2393,2401,1119,279,1,179834,11149,2393,2403,1119,2389,2401,1113,87,100,0,500,2725;
@400000005e8197ca3a425684 #d,-,18,2397,2400,1117,279,1,179820,11148,2397,2402,1119,2393,2400,1112,87,100,0,500,2725;
@400000005e8197ca3a4b3426 #d,-,18,2400,2401,1116,280,1,179805,11147,2400,2401,1119,2397,2400,1112,88,100,0,500,2725;
@400000005e8197cc3a587229 #d,-,18,2403,2401,1117,281,1,179791,11147,2403,2402,1118,2400,2400,1113,88,100,0,500,2727;
@400000005e8197cc3a61aa22 #d,-,18,2406,2402,1115,281,1,179777,11146,2406,2402,1122,2403,2401,1114,88,100,0,500,2725;
@400000005e8197ce3a6efbb4 #d,-,18,2408,2402,1116,282,1,179763,11145,2408,2402,1119,2406,2401,1114,88,100,0,500,2727;
@400000005e8197ce3a77ece5 #d,-,18,2411,2402,1117,283,1,179750,11144,2411,2403,1120,2408,2402,1113,88,100,0,500,2727;
@400000005e8197d03a852f91 #d,-,18,2413,2402,1116,283,1,179736,11143,2413,2403,1119,2411,2402,1114,88,100,0,500,2727;
@400000005e8197d03a8e8645 #d,-,18,2415,2402,1121,284,1,179723,11142,2415,2403,1121,2413,2401,1116,88,100,0,500,2730;
@400000005e8197d23a9c2613 #d,-,18,2416,2402,1117,285,1,179710,11142,2416,2402,1121,2415,2401,1114,88,100,0,500,2730;
@400000005e8197d23aa4b1c0 #d,-,18,2418,2402,1120,285,1,179696,11141,2418,2402,1121,2416,2402,1115,88,100,0,500,2730;
@400000005e8197d43ab1b9c0 #d,-,18,2419,2400,1115,286,1,179683,11140,2419,2403,1120,2418,2400,1114,88,100,0,500,2730;
@400000005e8197d43abab264 #d,-,18,2420,2401,1117,287,1,179669,11139,2420,2401,1121,2419,2400,1113,88,100,0,500,2730;
@400000005e8197d63ac89186 #d,-,18,2420,2401,1118,287,1,179655,11138,2420,2401,1119,2420,2400,1112,88,100,0,500,2723;
@400000005e8197d63ad157e0 #d,-,18,2421,2400,1118,288,1,179641,11137,2421,2401,1120,2420,2400,1113,88,100,0,500,2727;
@400000005e8197d83ade8e70 #d,-,18,2421,2402,1112,289,1,179628,11136,2421,2402,1118,2421,2400,1111,88,100,0,500,2723;
@400000005e8197d83ae7835a #d,-,18,2421,2402,1114,289,1,179614,11136,2421,2403,1121,2421,2402,1111,88,100,0,500,2725;
@400000005e8197da3af51441 #d,-,18,2422,2402,1117,290,1,179601,11135,2422,2402,1121,2421,2401,1113,88,100,0,500,2725;
@400000005e8197da3afe2074 #d,-,18,2423,2400,1117,291,1,179588,11134,2423,2402,1120,2422,2400,1114,88,100,0,500,2730;
@400000005e8197dc3b0b112b #d,-,18,2424,2399,1117,291,1,179576,11133,2424,2400,1120,2423,2399,1114,88,100,0,500,2727;
@400000005e8197dc3b142118 #d,-,18,2424,2400,1122,292,1,179564,11132,2424,2400,1122,2424,2398,1116,88,100,0,500,2727;
@400000005e8197de3b2163c4 #d,-,18,2425,2401,1115,293,1,179551,11132,2425,2401,1124,2424,2399,1113,88,100,0,500,2730;
@400000005e8197de3b29ff46 #d,-,18,2425,2401,1119,293,1,179538,11131,2425,2401,1123,2425,2400,1114,88,100,0,500,2727;
@400000005e8197e03b373990 #d,-,18,2426,2400,1115,294,1,179525,11130,2426,2401,1121,2425,2399,1113,89,100,0,500,2723;
@400000005e8197e03b403234 #d,-,18,2426,2401,1117,295,1,179513,11129,2426,2401,1119,2426,2399,1113,88,100,0,500,2727;
@400000005e8197e23b4da45f #d,-,18,2426,2400,1115,295,1,179541,11131,2426,2401,1122,2426,2400,1113,89,100,0,500,2723;
@400000005e8197e23b566257 #d,-,18,2425,2400,1116,296,1,179529,11130,2426,2400,1118,2425,2399,1114,89,100,0,500,2723;
@400000005e8197e43b653ecb #d,-,18,2425,2400,1226,297,1,179488,11128,2425,2401,1226,2425,2400,1115,88,100,0,500,2727;
@400000005e8197e43b6ea554 #d,-,18,2629,2399,1268,298,1,179579,11133,2629,2400,1303,2425,2399,1192,91,100,0,500,2877;
@400000005e8197e63b7dc02e #d,-,18,2868,2399,1278,298,1,179597,11135,2868,2400,1283,2629,2399,1268,92,100,0,500,3116;
@400000005e8197e63b86dff0 #d,-,18,2866,2399,1275,299,1,179655,11138,2868,2400,1279,2866,2399,1274,92,100,0,500,3111;
@400000005e8197e83b94d2a1 #d,-,18,2864,2399,1278,300,1,179714,11142,2866,2399,1279,2864,2398,1275,92,100,0,500,3109;
@400000005e8197e90003c893 #d,-,18,2783,2399,1136,301,1,179723,11142,2864,2400,1279,2783,2398,1125,90,100,0,500,3073;
@400000005e8197eb0012c4b1 #d,-,18,2457,2401,1049,301,1,179692,11140,2783,2401,1136,2457,2399,1020,88,100,0,500,2768;
@400000005e8197eb001c0f4a #d,-,18,2314,2400,1125,302,1,179682,11140,2457,2401,1142,2314,2399,1049,88,100,0,500,2621;
@400000005e8197ed0029693e #d,-,18,2441,2401,1124,303,1,179672,11139,2441,2402,1125,2314,2400,1121,88,100,0,500,2744;
@400000005e8197ed00327660 #d,-,18,2441,2402,1122,303,1,179661,11139,2441,2403,1125,2441,2401,1120,89,100,0,500,2742;
@400000005e8197ef004029bc #d,-,18,2441,2402,1122,304,1,179651,11138,2441,2403,1127,2441,2402,1118,89,100,0,500,2742;
@400000005e8197ef0048c53e #d,-,18,2441,2402,1121,305,1,179641,11137,2441,2402,1126,2441,2401,1118,89,100,0,500,2737;
@400000005e8197f100552866 #d,-,18,2441,2400,1123,305,1,179631,11137,2441,2402,1123,2441,2400,1119,89,100,0,500,2742;
@400000005e8197f1005e6418 #d,-,18,2441,2400,1123,306,1,179621,11136,2441,2401,1125,2441,2400,1120,89,100,0,500,2737;
@400000005e8197f3006c13bb #d,-,18,2441,2398,1127,307,1,179612,11135,2441,2400,1128,2441,2398,1122,89,100,0,500,2742;
@400000005e8197f30074ab83 #d,-,18,2442,2399,1127,307,1,179603,11135,2442,2400,1128,2441,2397,1122,88,100,0,500,2746;
@400000005e8197f500826eb5 #d,-,18,2443,2400,1129,308,1,179637,11137,2443,2400,1134,2442,2399,1127,88,100,0,500,2751;
@400000005e8197f5008b2180 #d,-,18,2446,2397,1131,309,1,179591,11134,2446,2400,1133,2443,2396,1129,88,100,0,500,2758;
@400000005e8197f700998c54 #d,-,18,2448,2400,1121,309,1,179581,11134,2448,2400,1134,2446,2397,1113,88,100,0,500,2758;
@400000005e8197f700a2d334 #d,-,18,2446,2401,1196,310,1,179591,11134,2448,2401,1230,2446,2400,1115,89,100,0,500,2732;
@400000005e8197f900b17d5d #d,-,18,2755,2400,1284,311,1,179648,11138,2755,2401,1310,2446,2400,1195,92,100,0,500,2981;
@400000005e8197f900bb5497 #d,-,18,2856,2399,1277,312,1,179705,11141,2856,2400,1284,2755,2398,1277,91,100,0,500,3114;
@400000005e8197fb00cb0cd6 #d,-,18,2856,2398,1276,312,1,179762,11145,2856,2399,1282,2856,2398,1276,91,100,0,500,3116;
@400000005e8197fb00d4921b #d,-,18,2857,2399,1254,313,1,179817,11148,2857,2399,1282,2856,2398,1254,91,100,0,500,3116;
@400000005e8197fd00e1dff4 #d,-,18,2629,2400,1118,314,1,179803,11147,2857,2400,1254,2629,2398,1052,89,100,0,500,2950;
@400000005e8197fd00eb1f60 #d,-,18,2455,2400,1121,315,1,179793,11147,2629,2400,1128,2455,2399,1118,89,100,0,500,2746;
@400000005e8197ff00f85e52 #d,-,18,2453,2400,1122,315,1,179784,11146,2455,2400,1127,2453,2399,1121,89,100,0,500,2742;
@400000005e8197ff01012866 #d,-,18,2452,2401,1127,316,1,179775,11146,2453,2401,1127,2452,2398,1122,89,100,0,500,2742;
@400000005e819801010e825a #d,-,18,2451,2401,1124,317,1,179765,11145,2452,2402,1127,2451,2400,1121,89,100,0,500,2746;
@400000005e8198010117d0ad #d,-,18,2451,2400,1125,317,1,179756,11144,2451,2401,1127,2451,2400,1122,89,100,0,500,2742;
@400000005e81980301255578 #d,-,18,2450,2399,1125,318,1,179747,11144,2451,2400,1127,2450,2399,1122,89,100,0,500,2746;
@400000005e819803012ded41 #d,-,18,2450,2398,1124,319,1,179738,11143,2450,2399,1127,2450,2398,1123,89,100,0,500,2744;
@400000005e819805013a7fe7 #d,-,18,2450,2399,1125,319,1,179729,11143,2450,2399,1127,2450,2398,1123,89,100,0,500,2744;
@400000005e8198050143ca80 #d,-,18,2449,2400,1131,320,1,179721,11142,2450,2400,1132,2449,2399,1123,89,100,0,500,2746;
@400000005e8198070151863e #d,-,18,2451,2400,1129,321,1,179714,11142,2451,2400,1134,2449,2400,1128,88,100,0,500,2756;
@400000005e819807015a6027 #d,-,18,2452,2398,1130,321,1,179707,11141,2452,2400,1132,2451,2398,1126,88,100,0,500,2758;
@400000005e8198090168e6ec #d,-,18,2451,2398,1115,322,2,179696,11141,2452,2399,1131,2451,2397,1114,89,100,0,500,2749;
@400000005e81980901729709 #d,-,18,2537,2397,1311,323,2,179732,11143,2537,2398,1313,2451,2396,1115,90,100,0,500,2801;
@400000005e81980b018129ea #d,-,18,2813,2399,1284,324,2,179786,11146,2813,2400,1311,2537,2397,1266,91,100,0,500,3059;
@400000005e81980b018a70c9 #d,-,18,2864,2398,1283,324,2,179841,11150,2864,2400,1286,2813,2398,1277,91,100,0,500,3118;
@400000005e81980d0198e400 #d,-,18,2864,2396,1283,325,2,179897,11153,2864,2398,1284,2864,2396,1280,91,100,0,500,3121;
@400000005e81980d01a2f22d #d,-,18,2863,2398,1046,326,2,179922,11155,2864,2398,1284,2863,2396,1046,91,100,0,500,3118;
@400000005e81980f01b0d060 #d,-,18,2397,2399,1115,327,2,179897,11153,2863,2399,1148,2397,2398,1008,87,100,0,500,2749;
@400000005e81980f01b9b664 #d,-,18,2403,2398,1126,327,2,179926,11155,2403,2400,1130,2397,2398,1115,88,100,0,500,2727;
@400000005e81981101c6f910 #d,-,18,2408,2399,1124,328,2,179916,11154,2408,2399,1126,2403,2397,1122,87,100,0,500,2742;
@400000005e81981101cfedfa #d,-,18,2412,2399,1124,329,2,179869,11151,2412,2399,1127,2408,2398,1120,87,100,0,500,2742;
@400000005e81981301dcf152 #d,-,18,2416,2399,1122,329,2,179859,11151,2416,2399,1128,2412,2399,1121,88,100,0,500,2742;
@400000005e81981301e5b3f2 #d,-,18,2419,2396,1124,330,2,179850,11150,2419,2399,1126,2416,2396,1120,88,100,0,500,2739;
@400000005e81981501f2f69d #d,-,18,2422,2396,1124,331,2,179840,11150,2422,2397,1129,2419,2396,1121,88,100,0,500,2742;
@400000005e81981501fc351b #d,-,18,2426,2399,1128,331,2,179869,11151,2426,2399,1128,2422,2396,1123,88,100,0,500,2742;
@400000005e819817020a0910 #d,-,18,2428,2400,1126,332,2,179823,11149,2428,2400,1129,2426,2398,1124,88,100,0,500,2746;
@400000005e8198170212a3a4 #d,-,18,2431,2399,1133,333,2,179816,11148,2431,2400,1134,2428,2398,1125,88,100,0,500,2749;
@400000005e819819021f7959 #d,-,18,2435,2398,1130,333,2,179810,11148,2435,2399,1133,2431,2397,1129,88,100,0,500,2758;
@400000005e8198190228c3f2 #d,-,18,2439,2400,1127,334,2,179803,11147,2439,2400,1132,2435,2398,1127,88,100,0,500,2761;
@400000005e81981b0237db12 #d,-,18,2440,2400,1159,335,2,179795,11147,2440,2401,1159,2439,2400,1114,88,100,0,500,2744;
@400000005e81981b024125ab #d,-,18,2563,2399,1280,335,2,179834,11149,2563,2400,1307,2440,2399,1159,90,100,0,500,2829;
@400000005e81981d024fe363 #d,-,18,2840,2397,1280,336,2,179886,11152,2840,2399,1288,2563,2397,1264,92,100,0,500,3076;
@400000005e81981d0259f54a #d,-,18,2842,2399,1278,337,2,179938,11156,2842,2399,1280,2840,2397,1277,91,100,0,500,3111;
@400000005e81981f026956eb #d,-,18,2844,2399,1281,338,2,179990,11159,2844,2399,1281,2842,2397,1276,91,100,0,500,3114;
@400000005e81981f0272a184 #d,-,18,2844,2401,1130,339,2,180005,11160,2844,2401,1281,2844,2398,1057,91,100,0,500,3109;
@400000005e819821027fe077 #d,-,18,2445,2400,1120,339,2,179997,11159,2844,2401,1153,2445,2400,1113,88,100,0,500,2772;
@400000005e81982102890038 #d,-,18,2446,2399,1126,340,2,179988,11159,2446,2401,1130,2445,2399,1120,88,100,0,500,2751;
@400000005e8198230296047e #d,-,18,2446,2399,1128,341,2,179980,11158,2446,2400,1132,2446,2398,1122,89,100,0,500,2746;
@400000005e819823029edaad #d,-,18,2447,2401,1123,341,2,179971,11158,2447,2401,1130,2446,2399,1120,89,100,0,500,2746;
@400000005e81982502ac08db #d,-,18,2447,2401,1124,342,2,179963,11157,2447,2401,1133,2447,2401,1120,89,100,0,500,2744;
@400000005e81982502b4fa0c #d,-,18,2447,2400,1126,343,2,179954,11157,2447,2402,1130,2447,2400,1120,89,100,0,500,2749;
@400000005e81982702c1e350 #d,-,18,2447,2400,1125,343,2,179982,11158,2447,2401,1128,2447,2400,1121,89,100,0,500,2744;
@400000005e81982702caa148 #d,-,18,2447,2401,1120,344,2,179973,11158,2447,2402,1132,2447,2400,1119,89,100,0,500,2744;
@400000005e81982902d7e3f3 #d,-,18,2447,2401,1125,345,2,179928,11155,2447,2401,1130,2447,2400,1120,89,100,0,500,2749;
@400000005e81982902e10fd0 #d,-,18,2447,2398,1131,345,2,179921,11155,2447,2401,1132,2447,2398,1122,89,100,0,500,2746;
@400000005e81982b02eee2d7 #d,-,18,2449,2398,1127,346,2,179950,11156,2449,2399,1133,2447,2398,1125,88,100,0,500,2756;
@400000005e81982b02f7723e #d,-,18,2450,2400,1119,347,2,179942,11156,2450,2401,1134,2449,2398,1119,88,100,0,500,2756;
@400000005e81982d030364b5 #d,-,18,2449,2401,1118,347,2,179896,11153,2450,2401,1126,2449,2400,1114,89,100,0,500,2744;
@400000005e81982d030c4d84 #d,-,18,2448,2398,1120,348,2,179886,11152,2449,2401,1122,2448,2398,1114,89,100,0,500,2732;
@400000005e81982f031a2532 #d,-,18,2446,2399,1115,349,2,179875,11152,2448,2399,1122,2446,2397,1114,89,100,0,500,2730;
@400000005e81982f0322bfc6 #d,-,18,2444,2397,1121,349,2,179864,11151,2446,2399,1125,2444,2397,1114,89,100,0,500,2730;
@400000005e8198310330484b #d,-,18,2443,2398,1119,350,2,179854,11150,2444,2399,1124,2443,2397,1115,89,100,0,500,2730;
@400000005e8198310339397c #d,-,18,2441,2398,1116,351,2,179843,11150,2443,2400,1122,2441,2397,1116,89,100,0,500,2732;
@400000005e81983303469bd2 #d,-,18,2440,2397,1119,351,2,179832,11149,2441,2398,1122,2440,2397,1113,89,100,0,500,2727;
@400000005e819833034f59ca #d,-,18,2438,2398,1116,352,2,179821,11148,2440,2399,1123,2438,2397,1114,89,100,0,500,2727;
@400000005e819835035cde96 #d,-,18,2437,2398,1118,353,2,179810,11148,2438,2399,1121,2437,2397,1114,89,100,0,500,2727;
@400000005e8198350365a135 #d,-,18,2436,2398,1117,353,2,179799,11147,2437,2399,1121,2436,2397,1113,89,100,0,500,2727;
@400000005e81983703724ede #d,-,18,2435,2400,1115,354,2,179788,11146,2436,2400,1121,2435,2397,1113,89,100,0,500,2725;
@400000005e819837037b2153 #d,-,18,2434,2400,1121,355,2,179814,11148,2435,2400,1123,2434,2399,1113,89,100,0,500,2727;
@400000005e8198390388d869 #d,-,18,2434,2398,1115,355,2,179803,11147,2434,2400,1122,2434,2397,1115,89,100,0,500,2730;
@400000005e81983903919750 #d,-,18,2433,2399,1121,356,2,179758,11145,2434,2399,1122,2433,2398,1115,89,100,0,500,2730;
@400000005e81983b039efc71 #d,-,18,2433,2401,1118,357,2,179747,11144,2433,2401,1123,2433,2399,1114,89,100,0,500,2730;
@400000005e81983b03a80130 #d,-,18,2433,2399,1123,358,2,179738,11143,2433,2401,1126,2433,2398,1116,89,100,0,500,2732;
@400000005e81983d03b5e40c #d,-,18,2433,2398,1120,358,2,179727,11143,2433,2399,1125,2433,2398,1114,88,100,0,500,2734;
@400000005e81983d03be8348 #d,-,18,2433,2400,1118,359,2,179717,11142,2433,2400,1125,2433,2398,1117,88,100,0,500,2734;
@400000005e81983f03cbd121 #d,-,18,2433,2401,1119,360,2,179707,11141,2433,2401,1123,2433,2400,1113,89,100,0,500,2730;
@400000005e81983f03d51800 #d,-,18,2432,2401,1114,360,2,179696,11141,2433,2401,1122,2432,2400,1113,89,100,0,500,2730;
@400000005e81984103e2c7a3 #d,-,18,2432,2401,1120,361,2,179686,11140,2432,2401,1120,2432,2400,1111,89,100,0,500,2727;
@400000005e81984103eb6325 #d,-,18,2431,2400,1116,362,2,179675,11139,2432,2402,1121,2431,2399,1114,89,100,0,500,2727;
@400000005e81984303f89e5e #d,-,18,2430,2400,1117,362,2,179664,11139,2431,2400,1121,2430,2399,1114,89,100,0,500,2727;
@400000005e81984304019348 #d,-,18,2430,2399,1120,363,2,179654,11138,2430,2400,1124,2430,2399,1117,89,100,0,500,2730;
@400000005e819845040ef0f6 #d,-,18,2430,2398,1118,364,2,179644,11137,2430,2399,1123,2430,2398,1116,88,100,0,500,2732;
@400000005e8198450417ab34 #d,-,18,2431,2399,1121,364,2,179635,11137,2431,2399,1123,2430,2397,1116,88,100,0,500,2734;
@400000005e819847042533b9 #d,-,18,2431,2399,1117,365,2,179625,11136,2431,2399,1124,2431,2398,1115,89,100,0,500,2730;
@400000005e819847042e19bd #d,-,18,2431,2398,1119,366,2,179616,11136,2431,2400,1122,2431,2397,1115,89,100,0,500,2730;
@400000005e819849043d30de #d,-,18,2431,2398,1120,366,2,179606,11135,2431,2398,1123,2431,2397,1115,89,100,0,500,2730;
@400000005e81984904464ce6 #d,-,18,2431,2399,1114,367,2,179596,11134,2431,2399,1122,2431,2398,1114,89,100,0,500,2727;
@400000005e81984b0454337b #d,-,18,2435,2397,1232,368,2,179611,11135,2435,2399,1232,2431,2396,1113,88,100,0,500,2739;
@400000005e81984b045df727 #d,-,18,2781,2398,1277,368,2,179694,11141,2781,2398,1308,2435,2396,1232,91,100,0,500,3026;
@400000005e81984d046d58c8 #d,-,18,2862,2398,1283,369,2,179742,11144,2862,2398,1284,2781,2397,1277,91,100,0,500,3114;
@400000005e81984d0476a71b #d,-,18,2862,2396,1280,370,2,179791,11147,2862,2398,1283,2862,2396,1277,91,100,0,500,3116;
@400000005e81984f04858faa #d,-,18,2862,2396,1231,371,2,179799,11147,2862,2396,1285,2862,2395,1231,91,100,0,500,3121;
@400000005e81984f048f24c5 #d,-,18,2555,2398,1117,371,2,179770,11145,2862,2399,1231,2555,2396,1011,88,100,0,500,2896;
@400000005e819851049cbd1f #d,-,18,2367,2398,1119,372,2,179762,11145,2555,2398,1144,2367,2398,1109,89,100,0,500,2651;
@400000005e81985104a5784c #d,-,18,2443,2396,1123,373,2,179754,11144,2443,2398,1126,2367,2396,1116,89,100,0,500,2734;
@400000005e81985304b2804b #d,-,18,2443,2397,1121,374,2,179745,11144,2443,2397,1125,2443,2396,1117,89,100,0,500,2734;
@400000005e81985304bbce9e #d,-,18,2442,2397,1121,374,2,179737,11143,2443,2398,1125,2442,2397,1118,89,100,0,500,2737;
@400000005e81985504c966f8 #d,-,18,2442,2395,1133,375,2,179730,11143,2442,2398,1135,2442,2395,1118,89,100,0,500,2734;
@400000005e81985504d1fa19 #d,-,18,2444,2396,1118,376,2,179722,11142,2444,2396,1133,2442,2395,1118,88,100,0,500,2753;
@400000005e81985704de71bd #d,-,18,2443,2396,1125,376,2,179713,11142,2444,2397,1125,2443,2395,1116,89,100,0,500,2732;
@400000005e81985704e70986 #d,-,18,2442,2397,1118,377,2,179703,11141,2443,2397,1126,2442,2396,1115,89,100,0,500,2732;
@400000005e81985904f485ef #d,-,18,2441,2397,1122,378,2,179694,11141,2442,2397,1126,2441,2397,1115,89,100,0,500,2732;
@400000005e81985904fd488f #d,-,18,2440,2395,1118,378,2,179685,11140,2441,2398,1122,2440,2395,1114,89,100,0,500,2727;
@400000005e81985b050b811a #d,-,18,2439,2395,1122,379,2,179676,11139,2440,2397,1123,2439,2395,1115,89,100,0,500,2730;
@400000005e81985b0514db88 #d,-,18,2439,2395,1180,380,2,179670,11139,2439,2396,1180,2439,2395,1115,89,100,0,500,2730;
@400000005e81985d05239cfa #d,-,18,2575,2396,1272,380,2,179707,11141,2575,2396,1311,2439,2395,1180,90,100,0,500,2839;
@400000005e81985d052cc42f #d,-,18,2862,2394,1286,381,2,179754,11144,2862,2396,1291,2575,2394,1267,92,100,0,500,3095;
@400000005e81985f053ace28 #d,-,18,2862,2394,1284,382,2,179802,11147,2862,2394,1286,2862,2393,1281,91,100,0,500,3118;
@400000005e81985f0544adc4 #d,-,18,2863,2396,1285,383,2,179882,11152,2863,2396,1286,2862,2394,1280,91,100,0,500,3121;
@400000005e8198610553dfe6 #d,-,18,2863,2395,1119,383,2,179894,11153,2863,2397,1285,2863,2395,1061,91,100,0,500,3118;
@400000005e819861055d661a #d,-,18,2423,2395,1119,384,2,179854,11150,2863,2396,1143,2423,2394,1115,87,100,0,500,2756;
@400000005e819863056aac80 #d,-,18,2425,2397,1122,385,2,179878,11152,2425,2397,1129,2423,2394,1119,88,100,0,500,2739;
@400000005e8198630573efa5 #d,-,18,2427,2397,1120,386,2,179837,11149,2427,2397,1126,2425,2396,1119,88,100,0,500,2734;
@400000005e81986505816c0f #d,-,18,2429,2396,1124,386,2,179829,11149,2429,2397,1129,2427,2395,1120,88,100,0,500,2737;
@400000005e819865058a273c #d,-,18,2431,2396,1126,387,2,179821,11148,2431,2397,1128,2429,2395,1120,88,100,0,500,2737;
@400000005e8198670596a29a #d,-,18,2433,2397,1122,388,2,179815,11148,2433,2398,1135,2431,2395,1122,88,100,0,500,2746;
@400000005e81986705a02f53 #d,-,18,2435,2396,1124,388,2,179807,11148,2435,2397,1127,2433,2395,1121,88,100,0,500,2746;
@400000005e81986905adc3f3 #d,-,18,2436,2395,1122,389,2,179799,11147,2436,2396,1130,2435,2395,1121,88,100,0,500,2742;
@400000005e81986905b67a78 #d,-,18,2437,2396,1125,390,2,179791,11147,2437,2397,1128,2436,2395,1122,88,100,0,500,2742;
@400000005e81986b05c3ef6e #d,-,18,2438,2394,1123,390,2,179784,11146,2438,2397,1131,2437,2393,1121,89,100,0,500,2739;
@400000005e81986b05cd07bc #d,-,18,2439,2396,1125,391,2,179808,11148,2439,2397,1129,2438,2394,1120,88,100,0,500,2742;
@400000005e81986d05db5c37 #d,-,18,2440,2395,1126,392,2,179801,11147,2440,2397,1127,2439,2395,1121,89,100,0,500,2739;
@400000005e81986d05e4a316 #d,-,18,2443,2397,1210,392,2,179781,11146,2443,2398,1232,2440,2395,1118,88,100,0,500,2746;
@400000005e81986f05f2814a #d,-,18,2779,2395,1278,393,2,179827,11149,2779,2397,1305,2443,2394,1210,92,100,0,500,3019;
@400000005e81986f05fc077e #d,-,18,2852,2397,1277,394,2,179871,11152,2852,2397,1280,2779,2395,1273,91,100,0,500,3102;
@400000005e819871060b93f7 #d,-,18,2852,2395,1278,395,2,179916,11154,2852,2398,1280,2852,2395,1277,91,100,0,500,3109;
@400000005e81987106151cf6 #d,-,18,2853,2395,1221,396,2,179957,11157,2853,2396,1282,2852,2394,1221,91,100,0,500,3109;
@400000005e819873062286bf #d,-,18,2619,2394,1116,396,2,179946,11156,2853,2395,1221,2619,2393,1070,88,100,0,500,2943;
@400000005e819873062b1626 #d,-,18,2449,2396,1128,397,2,179938,11156,2619,2396,1129,2449,2394,1116,89,100,0,500,2730;
@400000005e8198750637dc06 #d,-,18,2448,2396,1124,398,2,179931,11155,2449,2396,1129,2448,2393,1122,89,100,0,500,2742;
@400000005e81987506409db7 #d,-,18,2448,2394,1127,398,2,179955,11157,2448,2397,1130,2448,2393,1121,89,100,0,500,2742;
@400000005e819877064e0b3a #d,-,18,2448,2397,1123,399,2,179947,11156,2448,2397,1128,2448,2394,1121,89,100,0,500,2739;
@400000005e81987706575e35 #d,-,18,2448,2394,1134,400,2,179909,11154,2448,2397,1138,2448,2394,1121,89,100,0,500,2742;
@400000005e8198790664cf72 #d,-,18,2450,2397,1123,400,2,179902,11153,2450,2397,1134,2448,2394,1119,88,100,0,500,2753;
@400000005e819879066d6af4 #d,-,18,2449,2395,1127,401,2,179895,11153,2450,2397,1127,2449,2394,1121,89,100,0,500,2737;
@400000005e81987b067a7a67 #d,-,18,2448,2395,1123,401,2,179887,11153,2449,2396,1127,2448,2394,1120,89,100,0,500,2737;
@400000005e81987b0683c146 #d,-,18,2447,2395,1122,402,2,179878,11152,2448,2396,1125,2447,2394,1120,89,100,0,500,2737;
@400000005e81987d069170e9 #d,-,18,2446,2396,1120,403,2,179870,11151,2447,2396,1125,2446,2394,1120,89,100,0,500,2734;
@400000005e81987d069a13df #d,-,18,2446,2394,1124,403,2,179862,11151,2446,2397,1126,2446,2394,1119,89,100,0,500,2737;
@400000005e81987f06a81dd8 #d,-,18,2445,2396,1170,404,2,179857,11151,2446,2396,1170,2445,2394,1121,89,100,0,500,2737;
@400000005e81987f06b1da10 #d,-,18,2571,2394,1283,405,2,179889,11153,2571,2396,1305,2445,2392,1170,90,100,0,500,2836;
@400000005e81988106c11494 #d,-,18,2842,2395,1283,406,2,179932,11155,2842,2396,1286,2571,2393,1266,92,100,0,500,3078;
@400000005e81988106ca72bc #d,-,18,2844,2393,1281,406,2,179976,11158,2844,2395,1284,2842,2392,1277,91,100,0,500,3111;
@400000005e81988306d91ce5 #d,-,18,2846,2395,1282,407,2,180019,11161,2846,2395,1284,2844,2392,1279,91,100,0,500,3114;
@400000005e81988306e2ecac #d,-,18,2848,2394,1107,408,2,180034,11162,2848,2395,1283,2846,2392,1046,91,100,0,500,3114;
@400000005e81988506f06a04 #d,-,18,2455,2396,1121,409,2,180028,11161,2848,2396,1152,2455,2393,1107,88,100,0,500,2787;
@400000005e81988506f92089 #d,-,18,2454,2395,1125,409,2,180020,11161,2455,2396,1128,2454,2394,1121,89,100,0,500,2739;
@400000005e81988707068e0c #d,-,18,2453,2396,1124,410,2,180012,11160,2454,2396,1128,2453,2394,1121,89,100,0,500,2739;
@400000005e819887070f9df9 #d,-,18,2452,2395,1123,411,2,180005,11160,2453,2396,1129,2452,2394,1122,89,100,0,500,2739;
@400000005e819889071d1797 #d,-,18,2451,2395,1123,411,2,179997,11159,2452,2397,1127,2451,2394,1121,89,100,0,500,2742;
@400000005e8198890725f091 #d,-,18,2451,2398,1119,412,2,180021,11161,2451,2398,1134,2451,2394,1119,89,100,0,500,2744;
@400000005e81988b07336676 #d,-,18,2451,2396,1121,413,2,179983,11158,2451,2398,1126,2451,2395,1119,89,100,0,500,2744;
@400000005e81988b073c4418 #d,-,18,2449,2397,1121,413,2,179975,11158,2451,2397,1124,2449,2395,1119,89,100,0,500,2737;
@400000005e81988d074a51cb #d,-,18,2448,2395,1122,414,2,179966,11157,2449,2397,1125,2448,2395,1118,89,100,0,500,2734;
@400000005e81988d0752fc34 #d,-,18,2447,2396,1120,415,2,179958,11157,2448,2397,1126,2447,2394,1118,89,100,0,500,2732;
@400000005e81988f075f9af6 #d,-,18,2446,2394,1123,415,2,179951,11156,2447,2396,1126,2446,2393,1119,89,100,0,500,2734;
@400000005e81988f0768a36f #d,-,18,2446,2395,1124,416,2,179943,11156,2446,2396,1127,2446,2394,1121,89,100,0,500,2737;
@400000005e81989107765e3f #d,-,18,2446,2395,1120,417,2,179935,11155,2446,2396,1132,2446,2393,1115,89,100,0,500,2739;
@400000005e819891077ef9c1 #d,-,18,2444,2392,1122,417,2,179956,11157,2446,2395,1122,2444,2392,1116,89,100,0,500,2727;
@400000005e819893078c5b29 #d,-,18,2443,2394,1120,418,2,179917,11154,2444,2395,1124,2443,2392,1116,89,100,0,500,2727;
@400000005e819893079563a2 #d,-,18,2441,2395,1122,419,2,179908,11154,2443,2396,1123,2441,2393,1116,89,100,0,500,2727;
@400000005e81989507a25813 #d,-,18,2440,2393,1121,420,2,179899,11153,2441,2395,1124,2440,2393,1118,89,100,0,500,2730;
@400000005e81989507ab2226 #d,-,18,2440,2393,1116,420,2,179890,11153,2440,2395,1124,2440,2393,1116,89,100,0,500,2730;
@400000005e81989707b8b6c7 #d,-,18,2439,2395,1122,421,2,179882,11152,2440,2395,1123,2439,2392,1115,89,100,0,500,2727;
@400000005e81989707c17966 #d,-,18,2437,2394,1115,422,2,179872,11152,2439,2396,1124,2437,2394,1114,89,100,0,500,2727;
@400000005e81989907cf4c6d #d,-,18,2437,2396,1121,422,2,179863,11151,2437,2396,1123,2437,2393,1114,89,100,0,500,2723;
@400000005e81989907d7c0d2 #d,-,18,2435,2394,1115,423,2,179883,11152,2437,2396,1121,2435,2393,1114,89,100,0,500,2723;
@400000005e81989b07e56813 #d,-,18,2435,2395,1117,424,2,179845,11150,2435,2397,1123,2435,2394,1114,89,100,0,500,2725;
@400000005e81989b07ee51d0 #d,-,18,2434,2397,1118,424,2,179835,11149,2435,2397,1122,2434,2395,1113,89,100,0,500,2723;
@400000005e81989d07fc052d #d,-,18,2433,2395,1115,425,2,179827,11149,2434,2397,1121,2433,2394,1115,89,100,0,500,2727;
@400000005e81989d0804acca #d,-,18,2433,2394,1121,426,2,179818,11148,2433,2396,1122,2433,2394,1115,89,100,0,500,2727;
@400000005e81989f081211ec #d,-,18,2432,2396,1118,426,2,179809,11148,2433,2396,1124,2432,2394,1116,89,100,0,500,2727;
@400000005e81989f081b0f38 #d,-,18,2432,2396,1122,427,2,179801,11147,2432,2396,1125,2432,2394,1117,89,100,0,500,2730;
@400000005e8198a108281af1 #d,-,18,2433,2394,1119,428,2,179792,11147,2433,2397,1122,2432,2394,1117,89,100,0,500,2730;
@400000005e8198a1083161d0 #d,-,18,2433,2395,1119,428,2,179784,11146,2433,2397,1123,2433,2394,1118,89,100,0,500,2730;
@400000005e8198a3083ef2b7 #d,-,18,2433,2395,1123,429,2,179776,11146,2433,2397,1125,2433,2394,1115,89,100,0,500,2730;
@400000005e8198a30847b469 #d,-,18,2432,2396,1116,430,2,179767,11145,2433,2397,1124,2432,2394,1115,89,100,0,500,2730;
@400000005e8198a50854a8d9 #d,-,18,2432,2396,1119,430,2,179759,11145,2432,2397,1123,2432,2394,1115,89,100,0,500,2727;
@400000005e8198a5085dd4b7 #d,-,18,2433,2393,1118,431,2,179779,11146,2433,2396,1123,2432,2393,1115,89,100,0,500,2730;
@400000005e8198a7086b792c #d,-,18,2433,2394,1120,432,2,179771,11145,2433,2395,1123,2433,2393,1117,89,100,0,500,2727;
@400000005e8198a708743ade #d,-,18,2432,2395,1118,432,2,179733,11143,2433,2396,1123,2432,2392,1117,89,100,0,500,2725;
@400000005e8198a908818143 #d,-,18,2432,2395,1120,433,2,179725,11142,2432,2396,1122,2432,2393,1115,89,100,0,500,2727;
@400000005e8198a9088a9d4b #d,-,18,2432,2395,1119,434,2,179716,11142,2432,2395,1122,2432,2393,1116,89,100,0,500,2725;
@400000005e8198ab08980715 #d,-,18,2431,2394,1116,434,2,179707,11141,2432,2396,1120,2431,2394,1115,89,100,0,500,2727;
@400000005e8198ab08a0d128 #d,-,18,2431,2396,1118,435,2,179698,11141,2431,2396,1122,2431,2394,1115,89,100,0,500,2725;
@400000005e8198ad08af631a #d,-,18,2430,2395,1118,436,2,179690,11140,2431,2397,1121,2430,2394,1116,89,100,0,500,2725;
@400000005e8198ad08b9b09c #d,-,18,2430,2392,1213,436,2,179687,11140,2430,2396,1213,2430,2392,1116,89,100,0,500,2727;
@400000005e8198af08c8e2be #d,-,18,2581,2395,1264,437,2,179747,11144,2581,2395,1304,2430,2392,1193,90,100,0,500,2846;
@400000005e8198af08d24948 #d,-,18,2862,2393,1279,438,2,179758,11145,2862,2395,1285,2581,2392,1263,92,100,0,500,3099;
@400000005e8198b108e1394a #d,-,18,2861,2393,1280,439,2,179798,11147,2862,2395,1282,2861,2392,1276,92,100,0,500,3107;
@400000005e8198b108ea5553 #d,-,18,2860,2395,1278,440,2,179838,11150,2861,2396,1281,2860,2392,1276,91,100,0,500,3109;
@400000005e8198b308f964ff #d,-,18,2859,2396,1165,440,2,179860,11151,2860,2396,1281,2859,2393,1155,91,100,0,500,3109;
@400000005e8198b309029496 #d,-,18,2527,2395,1058,441,2,179839,11150,2859,2397,1173,2527,2395,1012,88,100,0,500,2855;
@400000005e8198b5090fe629 #d,-,18,2331,2396,1127,442,2,179834,11149,2527,2396,1147,2331,2394,1058,88,100,0,500,2623;
@400000005e8198b50918b03c #d,-,18,2445,2396,1124,442,2,179855,11151,2445,2396,1128,2331,2393,1124,89,100,0,500,2739;
@400000005e8198b709264123 #d,-,18,2445,2395,1125,443,2,179821,11148,2445,2396,1128,2445,2394,1124,89,100,0,500,2746;
@400000005e8198b7092efb61 #d,-,18,2446,2395,1125,444,2,179814,11148,2446,2397,1127,2445,2395,1124,89,100,0,500,2744;
@400000005e8198b9093c6171 #d,-,18,2446,2396,1127,444,2,179808,11148,2446,2397,1129,2446,2394,1123,89,100,0,500,2744;
@400000005e8198b9094527ca #d,-,18,2446,2396,1133,445,2,179802,11147,2446,2396,1134,2446,2394,1124,89,100,0,500,2742;
@400000005e8198bb0952a434 #d,-,18,2448,2395,1127,446,2,179824,11149,2448,2396,1134,2446,2394,1119,88,100,0,500,2756;
@400000005e8198bb095b8590 #d,-,18,2448,2394,1126,446,2,179818,11148,2448,2396,1128,2448,2393,1122,89,100,0,500,2742;
@400000005e8198bd0968cbf5 #d,-,18,2447,2396,1129,447,2,179783,11146,2448,2396,1129,2447,2393,1123,89,100,0,500,2742;
@400000005e8198bd0971ad51 #d,-,18,2448,2396,1128,448,2,179777,11146,2448,2396,1133,2447,2394,1123,89,100,0,500,2746;
@400000005e8198bf097e6bbd #d,-,18,2449,2394,1130,448,2,179773,11145,2449,2396,1135,2448,2393,1128,89,100,0,500,2749;
@400000005e8198bf09872d6f #d,-,18,2451,2393,1122,449,2,179766,11145,2451,2395,1132,2449,2393,1114,89,100,0,500,2753;
@400000005e8198c10995d3de #d,-,18,2451,2393,1215,450,2,179776,11146,2451,2393,1233,2451,2391,1117,89,100,0,500,2734;
@400000005e8198c1099fb37a #d,-,18,2779,2392,1284,451,2,179845,11150,2779,2394,1309,2451,2391,1215,92,100,0,500,3019;
@400000005e8198c309aed981 #d,-,18,2864,2392,1284,451,2,179857,11151,2864,2393,1285,2779,2391,1281,91,100,0,500,3114;
@400000005e8198c309b84fe0 #d,-,18,2864,2395,1282,452,2,179897,11153,2864,2395,1285,2864,2391,1282,91,100,0,500,3118;
@400000005e8198c509c76700 #d,-,18,2865,2395,1211,453,2,179933,11155,2865,2395,1285,2864,2392,1211,91,100,0,500,3121;
@400000005e8198c509d07333 #d,-,18,2609,2394,1128,454,2,179923,11155,2865,2396,1211,2609,2394,1054,89,100,0,500,2922;
@400000005e8198c709dd874e #d,-,18,2457,2395,1127,454,2,179917,11154,2609,2395,1131,2457,2393,1123,89,100,0,500,2751;
@400000005e8198c709e6ae83 #d,-,18,2455,2394,1122,455,2,179910,11154,2457,2395,1129,2455,2393,1122,89,100,0,500,2742;
@400000005e8198c909f46dfb #d,-,18,2454,2393,1125,456,2,179931,11155,2455,2395,1128,2454,2392,1122,89,100,0,500,2742;
@400000005e8198c909fd2ce1 #d,-,18,2453,2391,1126,456,2,179897,11153,2454,2394,1127,2453,2391,1123,89,100,0,500,2739;
@400000005e8198cb0a0ac8f5 #d,-,18,2452,2394,1124,457,2,179890,11153,2453,2394,1127,2452,2391,1123,89,100,0,500,2739;
@400000005e8198cb0a137bc0 #d,-,18,2452,2394,1132,458,2,179885,11152,2452,2394,1133,2452,2392,1123,89,100,0,500,2742;
@400000005e8198cd0a1ffad8 #d,-,18,2453,2393,1126,458,2,179878,11152,2453,2395,1132,2452,2393,1122,89,100,0,500,2751;
@400000005e8198cd0a29651b #d,-,18,2452,2395,1126,459,2,179872,11152,2453,2395,1127,2452,2393,1121,89,100,0,500,2739;
@400000005e8198cf0a371878 #d,-,18,2452,2395,1129,460,2,179867,11151,2452,2395,1134,2452,2393,1124,89,100,0,500,2742;
@400000005e8198cf0a3ff61a #d,-,18,2452,2393,1130,460,2,179861,11151,2452,2395,1136,2452,2392,1124,89,100,0,500,2751;
@400000005e8198d10a4f3457 #d,-,18,2454,2392,1125,461,2,179857,11151,2454,2394,1135,2452,2392,1125,89,100,0,500,2756;
@400000005e8198d10a588399 #d,-,18,2453,2392,1197,462,2,179853,11150,2454,2394,1197,2453,2391,1116,89,100,0,500,2744;
@400000005e8198d30a66cfb2 #d,-,18,2581,2391,1278,463,2,179882,11152,2581,2393,1307,2453,2391,1197,90,100,0,500,2843;
@400000005e8198d30a7012d7 #d,-,18,2858,2393,1281,463,2,179921,11155,2858,2393,1288,2581,2391,1267,92,100,0,500,3092;
@400000005e8198d50a7e8254 #d,-,18,2858,2393,1281,464,2,179959,11157,2858,2393,1288,2858,2390,1279,91,100,0,500,3116;
@400000005e8198d50a87d909 #d,-,18,2859,2394,1282,465,2,180025,11161,2859,2394,1287,2858,2390,1281,91,100,0,500,3116;
@400000005e8198d70a967e8a #d,-,18,2854,2392,1029,466,2,180025,11161,2859,2394,1283,2854,2392,1029,92,100,0,500,3090;
@400000005e8198d70aa056b3 #d,-,18,2288,2394,1119,466,2,179983,11158,2854,2395,1145,2288,2392,1028,86,100,0,500,2630;
@400000005e8198d90aae162a #d,-,18,2455,2394,1124,467,2,179977,11158,2455,2395,1129,2288,2392,1119,89,100,0,500,2737;
@400000005e8198d90ab6ad05 #d,-,18,2453,2393,1124,468,2,179970,11158,2455,2395,1127,2453,2393,1120,89,100,0,500,2737;
@400000005e8198db0ac366c9 #d,-,18,2452,2393,1122,468,2,179963,11157,2453,2395,1129,2452,2393,1120,89,100,0,500,2739;
@400000005e8198db0acbdee7 #d,-,18,2451,2395,1125,469,2,179957,11157,2452,2396,1128,2451,2393,1122,89,100,0,500,2739;
@400000005e8198dd0ad96fce #d,-,18,2451,2393,1126,470,2,179977,11158,2451,2396,1129,2451,2393,1122,89,100,0,500,2742;
@400000005e8198dd0ae23d9b #d,-,18,2452,2393,1128,470,2,179946,11156,2452,2396,1137,2451,2392,1125,89,100,0,500,2746;
@400000005e8198df0aefc620 #d,-,18,2452,2395,1129,471,2,179940,11156,2452,2395,1129,2452,2392,1122,89,100,0,500,2749;
@400000005e8198df0af87ca5 #d,-,18,2451,2393,1124,472,2,179933,11155,2452,2395,1131,2451,2390,1121,89,100,0,500,2742;
@400000005e8198e10b056d5c #d,-,18,2452,2392,1124,472,2,179928,11155,2452,2394,1134,2451,2391,1123,89,100,0,500,2744;
@400000005e8198e10b0ebbae #d,-,18,2452,2391,1128,473,2,179923,11155,2452,2394,1135,2452,2391,1121,89,100,0,500,2744;
@400000005e8198e30b1d9911 #d,-,18,2454,2390,1121,474,2,179918,11154,2454,2393,1134,2452,2390,1121,89,100,0,500,2756;
@400000005e8198e30b270ac7 #d,-,18,2453,2392,1230,475,2,179918,11154,2454,2393,1230,2453,2390,1115,89,100,0,500,2737;
@400000005e8198e50b35faca #d,-,18,2609,2392,1266,475,2,179947,11156,2609,2392,1309,2453,2390,1195,91,100,0,500,2860;
@400000005e8198e50b3f650d #d,-,18,2874,2391,1283,476,2,179985,11159,2874,2393,1287,2609,2390,1266,92,100,0,500,3111;
@400000005e8198e70b4d9624 #d,-,18,2872,2391,1277,477,2,180022,11161,2874,2392,1285,2872,2390,1277,92,100,0,500,3109;
@400000005e8198e70b56e477 #d,-,18,2871,2392,1283,478,2,180059,11163,2872,2392,1285,2871,2390,1277,92,100,0,500,3111;
@400000005e8198e90b65441f #d,-,18,2867,2392,1154,478,2,180093,11165,2871,2394,1284,2867,2391,1046,92,100,0,500,3107;
@400000005e8198e90b6e971a #d,-,18,2415,2391,1128,479,2,180086,11165,2867,2394,1154,2415,2391,1110,88,100,0,500,2739;
@400000005e8198eb0b7bd164 #d,-,18,2418,2394,1127,480,2,180079,11164,2418,2394,1128,2415,2391,1121,88,100,0,500,2739;
@400000005e8198eb0b8505a3 #d,-,18,2422,2393,1124,480,2,180047,11162,2422,2394,1128,2418,2392,1122,88,100,0,500,2739;
@400000005e8198ed0b92f3ab #d,-,18,2425,2393,1127,481,2,180040,11162,2425,2395,1128,2422,2392,1122,88,100,0,500,2739;
@400000005e8198ed0b9b8a86 #d,-,18,2427,2397,1120,482,2,180033,11162,2427,2398,1127,2425,2393,1119,88,100,0,500,2742;
@400000005e8198ef0ba867ae #d,-,18,2430,2397,1133,482,2,180028,11161,2430,2398,1134,2427,2396,1119,88,100,0,500,2744;
@400000005e8198ef0bb1a360 #d,-,18,2434,2395,1128,483,2,180023,11161,2434,2397,1135,2430,2395,1123,88,100,0,500,2751;
@400000005e8198f10bbf2f9f #d,-,18,2436,2397,1123,484,3,180017,11161,2436,2397,1129,2434,2395,1122,88,100,0,500,2746;
@400000005e8198f10bc7c767 #d,-,18,2438,2397,1129,484,3,180037,11162,2438,2397,1129,2436,2395,1121,88,100,0,500,2744;
@400000005e8198f30bd595c6 #d,-,18,2441,2395,1123,485,3,180006,11160,2441,2397,1135,2438,2394,1122,88,100,0,500,2749;
@400000005e8198f30bde7bca #d,-,18,2443,2394,1132,486,3,180001,11160,2443,2396,1135,2441,2394,1122,88,100,0,500,2749;
@400000005e8198f50beb8b3c #d,-,18,2445,2394,1117,487,3,179995,11159,2445,2396,1134,2443,2394,1117,88,100,0,500,2756;
@400000005e8198f50bf45550 #d,-,18,2444,2395,1121,487,3,179988,11159,2445,2395,1128,2444,2393,1111,89,100,0,500,2734;
@400000005e8198f70c020d54 #d,-,18,2442,2395,1118,488,3,180005,11160,2444,2396,1123,2442,2393,1115,89,100,0,500,2730;
@400000005e8198f70c0acf06 #d,-,18,2441,2395,1115,489,3,179972,11158,2442,2395,1123,2441,2392,1115,89,100,0,500,2727;
@400000005e8198f90c17ee4e #d,-,18,2440,2395,1119,489,3,179964,11157,2441,2395,1125,2440,2392,1115,89,100,0,500,2725;
@400000005e8198f90c21352d #d,-,18,2438,2393,1116,490,3,179956,11157,2440,2395,1120,2438,2392,1112,89,100,0,500,2723;
@400000005e8198fb0c2e31ff #d,-,18,2437,2393,1117,491,3,179948,11156,2438,2395,1121,2437,2392,1115,89,100,0,500,2723;
@400000005e8198fb0c3726ea #d,-,18,2436,2392,1118,491,3,179965,11157,2437,2396,1123,2436,2392,1114,89,100,0,500,2723;
Lost connection at /opt/powertools/bin/wattsup1 line 220.
	main::failure('Lost connection') called at /opt/powertools/bin/wattsup1 line 271
	main::recv_msg() called at /opt/powertools/bin/wattsup1 line 504
