@400000005e73256210bf9cd8 #v,-,8,1,65178,5,2,4,57,200810261703,0;
@400000005e7325623ab25da9 #h,-,18,W,V,A,WH,Cost,WH/Mo,Cost/Mo,Wmax,Vmax,Amax,Wmin,Vmin,Amin,PF,DC,PC,Hz,VA;
@400000005e73256305281592 #f,-,48,233,436,1,4803,0,0,65535,0,150,1177,177,10481,276,203,3340,13,121719,86,50084,105837,25,2629,11458,0,64,1,4686,0,0,65535,0,150,1030,182,11055,266,212,3240,13,121394,92,49362,104176,24,2613,13005,0,71;
@400000005e732565053cb71a #d,-,18,2728,2350,1169,1,0,197341,12235,2728,2352,1196,2722,2350,1168,97,100,0,501,2787;
@400000005e732567054e5a27 #d,-,18,2729,2351,1175,1,0,204693,12690,2729,2352,1178,2728,2349,1169,98,100,0,501,2776;
@400000005e73256705589f47 #d,-,18,2730,2352,1173,2,0,196559,12186,2730,2352,1176,2729,2350,1173,98,100,0,501,2765;
@400000005e7325690564a192 #d,-,18,2730,2350,1174,3,0,196387,12176,2730,2352,1174,2730,2350,1172,98,100,0,501,2764;
@400000005e732569056f7353 #d,-,18,2730,2352,1173,4,0,199866,12391,2730,2353,1174,2730,2350,1173,98,100,0,501,2765;
@400000005e73256b057d3df8 #d,-,18,2733,2351,1167,4,0,196529,12184,2733,2353,1204,2730,2351,1167,98,100,0,501,2776;
@400000005e73256b0587a67c #d,-,18,2734,2353,1173,5,0,196429,12178,2734,2354,1176,2733,2351,1166,98,100,0,501,2780;
@400000005e73256d0597b37a #d,-,18,2733,2348,1175,6,0,198662,12317,2734,2353,1175,2733,2346,1171,98,100,0,501,2764;
@400000005e73256d05a20c29 #d,-,18,2733,2351,1172,7,0,196269,12168,2733,2352,1175,2733,2348,1171,98,100,0,501,2762;
@400000005e73256f05b1a015 #d,-,18,2732,2350,1174,7,0,196212,12165,2733,2352,1174,2732,2349,1172,98,100,0,501,2762;
@400000005e73256f05bbcdec #d,-,18,2733,2351,1173,8,0,196370,12174,2733,2352,1204,2732,2349,1173,98,100,0,501,2767;
@400000005e73257105cb0c2a #d,-,18,2735,2350,1172,9,0,196288,12169,2735,2352,1175,2733,2349,1166,98,100,0,501,2785;
@400000005e73257105d5936a #d,-,18,2734,2351,1172,10,0,196250,12167,2735,2352,1174,2734,2350,1172,98,100,0,501,2764;
@400000005e73257305e63cdf #d,-,18,2734,2352,1172,10,0,196210,12165,2734,2352,1174,2734,2350,1171,98,100,0,501,2762;
@400000005e73257305f0d039 #d,-,18,2733,2348,1495,11,0,197070,12218,2734,2352,1495,2733,2348,1171,98,100,0,501,2762;
@400000005e73257505f9aa22 #d,-,18,3460,2350,1371,12,0,200514,12431,3460,2350,1650,2733,2347,1371,100,100,0,501,3460;
@400000005e73257505fd8db7 #d,-,18,3397,2347,1632,13,0,203327,12606,3460,2351,1632,3397,2347,1304,98,100,0,501,3443;
@400000005e7325770604e8da #d,-,18,3669,2350,1364,14,0,206815,12822,3669,2351,1689,3397,2346,1265,98,100,0,501,3714;
@400000005e73257706088e09 #d,-,18,3319,2346,1731,15,0,208395,12920,3669,2351,1731,3319,2346,1234,97,100,0,501,3387;
@400000005e73257906137359 #d,-,18,3641,2349,1586,16,0,210248,13035,3641,2351,1731,3319,2346,1216,97,100,0,501,3737;
@400000005e7325790619c41f #d,-,18,3269,2347,1747,17,0,213740,13251,3641,2350,1761,3269,2346,1238,97,100,0,501,3342;
@400000005e73257b06241cce #d,-,18,3674,2347,1585,18,0,214107,13274,3674,2351,1747,3269,2345,1215,98,100,0,501,3748;
@400000005e73257b062bb656 #d,-,18,3230,2351,1172,19,0,213739,13251,3674,2351,1585,3230,2347,1157,98,100,0,501,3294;
@400000005e73257d0637a15a #d,-,18,2723,2350,1169,20,0,212995,13205,3230,2352,1177,2723,2349,1169,98,100,0,501,2755;
@400000005e73257d06425ae4 #d,-,18,2722,2350,1170,20,0,212293,13162,2723,2351,1170,2722,2348,1169,98,100,0,501,2755;
@400000005e73257f0652d20e #d,-,18,2722,2349,1201,21,0,211708,13125,2722,2350,1201,2722,2348,1169,98,100,0,501,2753;
@400000005e73257f065d4978 #d,-,18,2726,2351,1171,22,0,211115,13089,2726,2351,1201,2722,2348,1164,98,100,0,501,2781;
@400000005e73258106699645 #d,-,18,2725,2348,1170,23,0,211295,13100,2726,2351,1171,2725,2348,1169,98,100,0,501,2755;
@400000005e7325810673bbbb #d,-,18,2725,2351,1169,23,0,210034,13022,2725,2351,1171,2725,2348,1169,98,100,0,501,2755;
@400000005e73258306831141 #d,-,18,2724,2348,1172,24,0,209547,12991,2725,2351,1172,2724,2347,1169,98,100,0,501,2753;
@400000005e732583068e0dd9 #d,-,18,2724,2348,1201,25,0,209132,12966,2724,2349,1201,2724,2347,1170,98,100,0,501,2755;
@400000005e73258506998f9f #d,-,18,2727,2347,1172,26,0,209371,12981,2727,2349,1203,2724,2346,1164,97,100,0,501,2785;
@400000005e73258506a3f734 #d,-,18,2727,2348,1172,26,0,208317,12915,2727,2349,1172,2727,2346,1169,99,100,0,501,2753;
@400000005e73258706b39383 #d,-,18,2726,2347,1170,27,0,207936,12892,2727,2349,1173,2726,2346,1170,98,100,0,501,2755;
@400000005e73258706be51b5 #d,-,18,2725,2345,1171,28,0,207573,12869,2726,2348,1172,2725,2345,1170,98,100,0,501,2755;
@400000005e73258906ce6715 #d,-,18,2725,2347,1192,29,0,207247,12849,2725,2348,1192,2725,2345,1170,98,100,0,501,2753;
@400000005e73258906d8de7f #d,-,18,2728,2346,1172,29,0,206956,12831,2728,2347,1203,2725,2345,1163,98,100,0,501,2783;
@400000005e73258b06e7baf3 #d,-,18,2727,2347,1172,30,0,207181,12845,2728,2347,1172,2727,2345,1170,99,100,0,501,2749;
@400000005e73258b06f20b40 #d,-,18,2726,2345,1171,31,0,206350,12793,2727,2347,1172,2726,2345,1170,99,100,0,501,2753;
@400000005e73258d06fe25c3 #d,-,18,2725,2346,1173,32,0,206071,12776,2726,2346,1173,2725,2344,1171,98,100,0,501,2753;
@400000005e73258d0705eddc #d,-,18,2724,2345,1180,32,0,205811,12760,2725,2347,1180,2724,2344,1171,98,100,0,501,2753;
@400000005e73258f077aa48d #d,-,18,2729,2345,1611,33,0,206381,12795,2729,2347,1611,2724,2342,1180,97,100,0,501,2785;
@400000005e73258f07826533 #d,-,18,3529,2343,1531,34,0,207039,12836,3529,2347,1611,2729,2343,1248,99,100,0,501,3550;
@400000005e732591078ec0e7 #d,-,18,3266,2343,1690,35,0,207871,12888,3529,2347,1690,3266,2343,1164,98,100,0,501,3317;
@400000005e73259107962f98 #d,-,18,3570,2344,1554,36,0,209352,12979,3570,2345,1697,3266,2342,1207,98,100,0,501,3613;
@400000005e73259307a27f30 #d,-,18,3153,2342,1713,37,0,209785,13006,3570,2347,1739,3153,2342,1131,96,100,0,501,3258;
@400000005e73259307aa66f4 #d,-,18,3602,2346,1573,38,0,210421,13046,3602,2347,1713,3153,2342,1163,97,100,0,501,3700;
@400000005e73259507b2cb84 #d,-,18,3517,2348,1630,39,0,211601,13119,3602,2348,1737,3517,2346,1299,100,100,0,501,3517;
@400000005e73259507b66cf9 #d,-,18,3429,2350,1363,40,0,211978,13142,3517,2352,1630,3429,2347,1155,96,100,0,501,3538;
@400000005e73259707c03906 #d,-,18,3071,2350,1162,41,0,211585,13118,3429,2351,1363,3071,2349,1124,96,100,0,501,3191;
@400000005e73259707c637d8 #d,-,18,2714,2350,1162,41,0,211274,13099,3071,2352,1190,2714,2349,1157,99,100,0,501,2739;
@400000005e73259907d0e635 #d,-,18,2717,2348,1163,42,0,211396,13106,2717,2351,1198,2714,2348,1160,97,100,0,501,2773;
@400000005e73259907d7817d #d,-,18,2718,2350,1166,43,0,210688,13062,2718,2351,1170,2717,2348,1163,98,100,0,501,2762;
@400000005e73259b07e3ce4b #d,-,18,2718,2349,1167,44,0,210395,13044,2718,2351,1168,2718,2349,1166,98,100,0,501,2748;
@400000005e73259b07eaa7f9 #d,-,18,2717,2350,1167,44,0,210489,13050,2718,2351,1168,2717,2348,1166,98,100,0,501,2748;
@400000005e73259d07f677fa #d,-,18,2717,2348,1167,45,0,209836,13009,2717,2350,1169,2717,2347,1166,98,100,0,501,2746;
@400000005e73259d07fd26d1 #d,-,18,2718,2349,1161,46,0,209607,12995,2718,2350,1197,2717,2347,1161,98,100,0,501,2757;
@400000005e73259f08098285 #d,-,18,2719,2348,1166,47,0,209349,12979,2719,2351,1168,2718,2348,1159,98,100,0,501,2764;
@400000005e73259f0811010b #d,-,18,2719,2350,1166,47,0,209101,12964,2719,2351,1168,2719,2348,1166,98,100,0,501,2748;
@400000005e7325a1081e69e6 #d,-,18,2718,2349,1167,48,0,208859,12949,2719,2350,1168,2718,2348,1166,98,100,0,501,2746;
@400000005e7325a108276379 #d,-,18,2717,2349,1168,49,0,208624,12934,2718,2350,1168,2717,2347,1166,98,100,0,501,2746;
@400000005e7325a308371267 #d,-,18,2718,2347,1171,50,0,208436,12923,2718,2350,1199,2717,2347,1167,98,100,0,501,2749;
@400000005e7325a30840717d #d,-,18,2720,2349,1166,50,0,208213,12909,2720,2350,1171,2718,2347,1162,98,100,0,501,2771;
@400000005e7325a5084f591e #d,-,18,2719,2349,1167,51,0,208000,12896,2720,2350,1167,2719,2348,1165,99,100,0,501,2746;
@400000005e7325a5085a36fb #d,-,18,2718,2350,1166,52,0,207794,12883,2719,2350,1168,2718,2348,1165,98,100,0,501,2748;
@400000005e7325a7086acce1 #d,-,18,2717,2348,1166,53,0,207903,12890,2718,2350,1168,2717,2347,1166,99,100,0,501,2744;
@400000005e7325a7087548f3 #d,-,18,2717,2350,1184,53,0,207430,12860,2717,2350,1197,2717,2348,1166,98,100,0,501,2746;
@400000005e7325a908855d65 #d,-,18,2719,2350,1167,54,0,207238,12848,2719,2351,1184,2717,2349,1159,98,100,0,501,2771;
@400000005e7325a908917f5b #d,-,18,3036,2347,1512,55,0,207907,12890,3036,2350,1647,2719,2345,1166,100,100,0,501,3036;
@400000005e7325ab089b3332 #d,-,18,3396,2346,1552,56,0,208349,12917,3396,2347,1596,3036,2345,1244,96,100,0,501,3506;
@400000005e7325ab08a33e59 #d,-,18,3602,2348,1443,57,0,209123,12965,3602,2348,1726,3396,2344,1314,100,100,0,501,3602;
@400000005e7325ad08adb20a #d,-,18,3429,2346,1334,58,0,209766,13005,3602,2349,1609,3429,2345,1162,97,100,0,501,3524;
@400000005e7325ad08b445de #d,-,18,3737,2348,1158,59,0,210125,13027,3737,2349,1743,3429,2344,1158,99,100,0,501,3762;
@400000005e7325af08bc28fa #d,-,18,3280,2344,1685,60,0,210618,13058,3737,2348,1685,3280,2344,1157,97,100,0,501,3378;
@400000005e7325af08c400e8 #d,-,18,3759,2347,1369,61,0,211386,13105,3759,2348,1750,3280,2343,1156,99,100,0,501,3792;
@400000005e7325b108d31809 #d,-,18,3233,2347,1143,62,0,211323,13102,3759,2348,1603,3233,2343,1139,96,100,0,501,3362;
@400000005e7325b108ddb2d7 #d,-,18,2705,2346,1201,63,0,211120,13089,3233,2348,1201,2705,2345,1143,96,100,0,501,2805;
@400000005e7325b308e97303 #d,-,18,2708,2346,1176,63,0,210910,13076,2708,2347,1201,2705,2344,1157,97,100,0,501,2767;
@400000005e7325b308f3cf6b #d,-,18,2712,2348,1167,64,0,210721,13064,2712,2348,1194,2708,2345,1165,98,100,0,501,2764;
@400000005e7325b508ffd1b7 #d,-,18,2711,2349,1172,65,0,210523,13052,2712,2350,1174,2711,2347,1164,98,100,0,501,2744;
@400000005e7325b5090a83cd #d,-,18,2713,2350,1169,66,0,210332,13040,2713,2350,1172,2711,2348,1169,98,100,0,501,2755;
@400000005e7325b7091a0071 #d,-,18,2713,2350,1196,66,0,210157,13029,2713,2350,1196,2713,2347,1168,98,100,0,501,2749;
@400000005e7325b709243975 #d,-,18,2718,2350,1170,67,0,209986,13019,2718,2352,1200,2713,2349,1160,97,100,0,501,2783;
@400000005e7325b9092f9f4b #d,-,18,2717,2351,1169,68,0,209806,13008,2718,2351,1170,2717,2349,1167,98,100,0,501,2746;
@400000005e7325b9093a90b6 #d,-,18,2718,2349,1169,69,0,209631,12997,2718,2351,1170,2717,2348,1168,98,100,0,501,2751;
@400000005e7325bb094b269c #d,-,18,2718,2350,1169,69,0,209462,12986,2718,2351,1170,2718,2348,1168,98,100,0,501,2753;
@400000005e7325bb09558304 #d,-,18,2718,2351,1185,70,0,209301,12976,2718,2352,1185,2718,2349,1167,98,100,0,501,2751;
@400000005e7325bd0961b79b #d,-,18,2722,2349,1169,71,0,209392,12982,2722,2351,1201,2718,2349,1161,97,100,0,501,2781;
@400000005e7325bd096c9931 #d,-,18,2721,2351,1170,72,0,208997,12957,2722,2352,1170,2721,2349,1168,99,100,0,501,2748;
@400000005e7325bf097a3545 #d,-,18,2720,2350,1168,72,0,208839,12948,2721,2351,1170,2720,2349,1168,98,100,0,501,2751;
@400000005e7325bf0984bc84 #d,-,18,2720,2351,1169,73,0,208687,12938,2720,2352,1170,2720,2349,1168,98,100,0,501,2751;
@400000005e7325c109940e51 #d,-,18,2720,2351,1172,74,0,208538,12929,2720,2352,1172,2720,2349,1168,98,100,0,501,2751;
@400000005e7325c1099e8201 #d,-,18,2724,2352,1166,75,0,208412,12921,2724,2352,1200,2720,2350,1161,97,100,0,501,2780;
@400000005e7325c309a7063b #d,-,18,2722,2351,1167,75,0,208268,12912,2724,2352,1170,2722,2350,1166,99,100,0,501,2749;
@400000005e7325c309aaf232 #d,-,18,2722,2350,1250,76,0,208143,12904,2722,2352,1250,2722,2349,1167,98,100,0,501,2751;
@400000005e7325c509b2c1bf #d,-,18,3203,2349,1271,77,0,208567,12931,3203,2350,1601,2722,2347,1250,100,100,0,501,3203;
@400000005e7325c509b67f25 #d,-,18,3204,2349,1395,78,0,208870,12949,3204,2351,1597,3203,2346,1265,97,100,0,501,3278;
@400000005e7325c709be1406 #d,-,18,3681,2347,1250,79,0,209591,12994,3681,2349,1717,3204,2345,1250,99,100,0,501,3691;
@400000005e7325c709c3fc7d #d,-,18,3382,2347,1649,80,0,209755,13004,3681,2349,1649,3382,2345,1214,97,100,0,501,3465;
@400000005e7325c909ce4557 #d,-,18,3750,2347,1364,81,0,210138,13028,3750,2350,1725,3382,2345,1203,99,100,0,501,3774;
@400000005e7325c909d3f234 #d,-,18,3259,2346,1720,82,0,210778,13068,3750,2350,1720,3259,2346,1187,96,100,0,501,3374;
@400000005e7325cb09dba304 #d,-,18,3611,2346,1555,83,0,210908,13076,3611,2350,1725,3259,2344,1205,97,100,0,501,3709;
@400000005e7325cb09e0d6cf #d,-,18,3262,2350,1157,84,0,210991,13081,3611,2351,1585,3262,2346,1154,97,100,0,501,3337;
@400000005e7325cd09f0c8cc #d,-,18,2690,2348,1182,84,0,210836,13071,3262,2351,1182,2690,2348,1157,97,100,0,501,2749;
@400000005e7325cd09fb0deb #d,-,18,2694,2350,1164,85,0,210677,13061,2694,2350,1182,2690,2347,1161,97,100,0,501,2757;
@400000005e7325cf0a03cf9d #d,-,18,2695,2349,1166,86,0,210522,13052,2695,2351,1167,2694,2349,1161,98,100,0,501,2735;
@400000005e7325cf0a0cd816 #d,-,18,2696,2351,1164,87,0,210367,13042,2696,2351,1166,2695,2349,1161,98,100,0,501,2742;
@400000005e7325d10a157b0c #d,-,18,2699,2350,1159,87,0,210430,13046,2699,2352,1194,2696,2350,1159,98,100,0,501,2746;
@400000005e7325d10a209395 #d,-,18,2702,2351,1163,88,0,210087,13025,2702,2352,1165,2699,2350,1156,97,100,0,501,2760;
@400000005e7325d30a315098 #d,-,18,2703,2352,1164,89,0,209940,13016,2703,2352,1164,2702,2350,1162,98,100,0,501,2739;
@400000005e7325d30a3bb474 #d,-,18,2703,2349,1163,90,0,209986,13019,2703,2352,1164,2703,2349,1162,98,100,0,501,2741;
@400000005e7325d50a4af66b #d,-,18,2703,2351,1162,90,0,209656,12998,2703,2352,1164,2703,2349,1162,98,100,0,501,2739;
@400000005e7325d50a55305e #d,-,18,2705,2352,1172,91,0,209539,12991,2705,2352,1194,2703,2350,1162,98,100,0,501,2741;
@400000005e7325d70a643f1d #d,-,18,2707,2350,1163,92,0,209586,12994,2707,2352,1172,2705,2349,1156,97,100,0,501,2765;
@400000005e7325d70a6f3088 #d,-,18,2707,2351,1163,93,0,209268,12974,2707,2351,1164,2707,2349,1161,98,100,0,501,2741;
@400000005e7325d90a7b26b8 #d,-,18,2707,2349,1163,93,0,209137,12966,2707,2351,1164,2707,2348,1162,98,100,0,501,2739;
@400000005e7325d90a857f66 #d,-,18,2707,2352,1162,94,0,209185,12969,2707,2352,1163,2707,2349,1161,98,100,0,501,2737;
@400000005e7325db0a935d9a #d,-,18,2706,2350,1187,95,0,208899,12951,2707,2353,1194,2706,2350,1161,98,100,0,501,2737;
@400000005e7325db0a9e27e7 #d,-,18,2710,2350,1164,96,0,208772,12943,2710,2352,1187,2706,2349,1155,98,100,0,501,2765;
@400000005e7325dd0aac642b #d,-,18,2709,2350,1164,97,0,208649,12936,2710,2351,1165,2709,2348,1163,98,100,0,501,2741;
@400000005e7325dd0ab71288 #d,-,18,2709,2351,1163,97,0,208700,12939,2709,2352,1165,2709,2349,1162,98,100,0,501,2739;
@400000005e7325df0ac692e6 #d,-,18,2708,2350,1478,98,0,208519,12928,2709,2352,1478,2708,2348,1161,98,100,0,501,2739;
@400000005e7325df0ad13616 #d,-,18,3417,2348,1311,99,0,208818,12946,3417,2350,1618,2708,2347,1311,100,100,0,501,3417;
@400000005e7325e10ae15a5d #d,-,18,3356,2348,1684,100,0,209361,12980,3417,2349,1684,3356,2346,1296,98,100,0,501,3419;
@400000005e7325e10aebf9d3 #d,-,18,3630,2347,1550,101,0,209495,12988,3630,2350,1685,3356,2345,1244,98,100,0,501,3698;
@400000005e7325e30afc7871 #d,-,18,3314,2347,1702,102,0,209938,13016,3630,2349,1716,3314,2346,1319,97,100,0,501,3394;
@400000005e7325e30b07617a #d,-,18,3623,2345,1599,103,0,210383,13043,3623,2349,1702,3314,2344,1256,98,100,0,501,3693;
@400000005e7325e50b172c5a #d,-,18,3495,2346,1717,104,0,210670,13061,3623,2348,1722,3495,2344,1285,100,100,0,501,3495;
@400000005e7325e50b2178ed #d,-,18,3496,2349,1451,105,0,210875,13074,3496,2350,1717,3495,2346,1219,96,100,0,501,3605;
@400000005e7325e70b31fb44 #d,-,18,3144,2348,1172,106,0,210908,13076,3496,2351,1451,3144,2347,1139,96,100,0,501,3251;
@400000005e7325e70b3c8283 #d,-,18,2720,2349,1169,106,0,210623,13058,3144,2350,1172,2720,2347,1166,98,100,0,501,2749;
@400000005e7325e90b476060 #d,-,18,2719,2348,1169,107,0,210503,13051,2720,2350,1169,2719,2348,1167,98,100,0,501,2751;
@400000005e7325e90b525496 #d,-,18,2719,2349,1191,108,0,210389,13044,2719,2350,1191,2719,2347,1167,99,100,0,501,2746;
@400000005e7325eb0b5f58dc #d,-,18,2722,2349,1170,109,0,210282,13037,2722,2350,1200,2719,2347,1160,97,100,0,501,2780;
@400000005e7325eb0b69cc8c #d,-,18,2720,2350,1168,109,0,210165,13030,2722,2350,1170,2720,2348,1166,99,100,0,501,2744;
@400000005e7325ed0b7a5eb9 #d,-,18,2720,2349,1166,110,0,210050,13023,2720,2351,1169,2720,2348,1166,98,100,0,501,2748;
@400000005e7325ed0b84af06 #d,-,18,2719,2348,1169,111,0,209938,13016,2720,2350,1170,2719,2346,1165,99,100,0,501,2746;
@400000005e7325ef0b94479a #d,-,18,2718,2347,1177,112,0,209826,13009,2719,2348,1177,2718,2346,1166,98,100,0,501,2746;
@400000005e7325ef0b9f7edf #d,-,18,2722,2348,1167,112,0,209729,13003,2722,2348,1200,2718,2346,1160,98,100,0,501,2776;
@400000005e7325f10bada020 #d,-,18,2720,2346,1168,113,0,209770,13005,2722,2349,1170,2720,2346,1166,99,100,0,501,2744;
@400000005e7325f10bb8178b #d,-,18,2719,2348,1167,114,0,209514,12989,2720,2349,1170,2719,2346,1167,99,100,0,501,2746;
@400000005e7325f30bc70b47 #d,-,18,2718,2347,1168,115,0,209409,12983,2719,2348,1169,2718,2346,1166,98,100,0,501,2746;
@400000005e7325f30bd167af #d,-,18,2718,2348,1169,115,0,209451,12985,2718,2348,1170,2718,2346,1166,98,100,0,501,2746;
@400000005e7325f50be11eff #d,-,18,2721,2346,1165,116,0,209217,12971,2721,2348,1200,2718,2345,1160,98,100,0,501,2773;
@400000005e7325f50bec3788 #d,-,18,2720,2347,1168,117,0,209117,12965,2721,2348,1171,2720,2345,1165,98,100,0,501,2749;
@400000005e7325f70bf779f9 #d,-,18,2719,2345,1169,118,0,209017,12959,2720,2347,1169,2719,2345,1168,99,100,0,501,2746;
@400000005e7325f70c01edaa #d,-,18,2718,2347,1168,118,0,209060,12961,2719,2347,1170,2718,2344,1167,98,100,0,501,2748;
@400000005e7325f90c141e47 #d,-,18,2718,2347,1168,119,0,208821,12946,2718,2348,1169,2718,2345,1167,98,100,0,501,2746;
@400000005e7325f90c1f5945 #d,-,18,2908,2346,1537,120,0,209029,12959,2908,2348,1544,2718,2344,1168,100,100,0,501,2908;
@400000005e7325fb0c2905a8 #d,-,18,3453,2345,1583,121,0,209257,12973,3453,2348,1591,2908,2345,1318,98,100,0,501,3504;
@400000005e7325fb0c2f2424 #d,-,18,3450,2343,1668,122,0,209608,12995,3453,2349,1693,3450,2338,1288,100,100,0,501,3450;
@400000005e7325fd0c37cad3 #d,-,18,3454,2345,1473,123,0,209795,13007,3454,2347,1668,3450,2343,1257,96,100,0,501,3575;
@400000005e7325fd0c3d3591 #d,-,18,3618,2347,1350,124,0,210121,13027,3618,2347,1710,3454,2343,1283,100,100,0,501,3618;
@400000005e7325ff0c443a16 #d,-,18,3442,2345,1315,125,0,210293,13038,3618,2347,1619,3442,2342,1245,97,100,0,501,3518;
@400000005e7325ff0c47996c #d,-,18,3632,2345,1252,126,0,210604,13057,3632,2346,1704,3442,2342,1252,98,100,0,501,3669;
@400000005e7326010c52ccf7 #d,-,18,3405,2344,1150,127,0,210743,13066,3632,2345,1609,3405,2341,1150,97,100,0,501,3483;
@400000005e7326010c5d4461 #d,-,18,2818,2343,1164,127,0,210640,13059,3405,2346,1179,2818,2343,1149,95,100,0,501,2936;
@400000005e7326030c6e349e #d,-,18,2708,2345,1166,128,0,210536,13053,2818,2345,1170,2708,2343,1164,98,100,0,501,2744;
@400000005e7326030c78a84f #d,-,18,2709,2343,1167,129,0,210448,13047,2709,2345,1199,2708,2343,1166,98,100,0,501,2748;
@400000005e7326050c84dce5 #d,-,18,2711,2344,1167,130,0,210344,13041,2711,2345,1169,2709,2342,1161,98,100,0,501,2764;
@400000005e7326050c8fbe7b #d,-,18,2711,2342,1167,130,0,210374,13043,2711,2345,1169,2711,2342,1166,98,100,0,501,2742;
@400000005e7326070c9ac287 #d,-,18,2710,2345,1167,131,0,210144,13028,2711,2345,1169,2710,2342,1167,98,100,0,501,2739;
@400000005e7326070ca5c2d8 #d,-,18,2710,2341,1168,132,0,210046,13022,2710,2345,1170,2710,2341,1167,98,100,0,501,2741;
@400000005e7326090cb41753 #d,-,18,2710,2341,1182,133,0,209963,13017,2710,2343,1200,2710,2341,1168,98,100,0,501,2742;
@400000005e7326090cbec5b0 #d,-,18,2712,2343,1167,133,0,209864,13011,2712,2344,1182,2710,2341,1160,98,100,0,501,2767;
@400000005e73260b0cca8d4f #d,-,18,2712,2342,1167,134,0,209768,13005,2712,2344,1169,2712,2341,1166,98,100,0,501,2741;
@400000005e73260b0cd4d26f #d,-,18,2711,2343,1167,135,0,209798,13007,2712,2344,1168,2711,2341,1166,98,100,0,501,2739;
@400000005e73260d0ce19760 #d,-,18,2710,2341,1166,136,0,209579,12993,2711,2343,1168,2710,2341,1165,99,100,0,501,2737;
@400000005e73260d0ceca014 #d,-,18,2709,2343,1196,137,0,209500,12989,2710,2343,1199,2709,2341,1166,98,100,0,501,2739;
@400000005e73260f0cfcff07 #d,-,18,2712,2342,1167,137,0,209408,12983,2712,2344,1196,2709,2341,1160,98,100,0,501,2767;
@400000005e73260f0d07828d #d,-,18,2712,2344,1166,138,0,209318,12977,2712,2345,1168,2712,2341,1166,98,100,0,501,2741;
@400000005e7326110d13de41 #d,-,18,2711,2343,1166,139,0,209229,12972,2712,2345,1168,2711,2342,1165,98,100,0,501,2739;
@400000005e7326110d1ecbf2 #d,-,18,2710,2345,1165,140,0,209141,12966,2711,2345,1168,2710,2343,1165,98,100,0,501,2739;
@400000005e7326130d2fee7a #d,-,18,2710,2343,1197,140,0,209183,12969,2710,2345,1197,2710,2343,1165,98,100,0,501,2739;
@400000005e7326130d3aa091 #d,-,18,2713,2344,1274,141,0,208991,12957,2713,2345,1274,2710,2341,1160,97,100,0,501,2769;
@400000005e7326150d4ba45c #d,-,18,3232,2338,1358,142,0,209251,12973,3232,2344,1671,2713,2338,1274,100,100,0,501,3232;
@400000005e7326150d564e11 #d,-,18,3326,2341,1337,143,0,209423,12984,3326,2341,1603,3232,2337,1289,97,100,0,501,3394;
@400000005e7326170d5f43ea #d,-,18,3650,2342,1250,144,0,209808,13008,3650,2342,1687,3326,2338,1250,99,100,0,500,3673;
@400000005e7326170d66cd9d #d,-,18,3388,2340,1713,145,0,209912,13014,3650,2342,1713,3388,2338,1219,97,100,0,500,3463;
@400000005e7326190d71e17e #d,-,18,3753,2340,1380,146,0,210125,13027,3753,2343,1753,3388,2338,1218,99,100,0,501,3785;
@400000005e7326190d7c77a4 #d,-,18,3268,2341,1711,147,0,210409,13045,3753,2342,1711,3268,2339,1325,96,100,0,501,3381;
@400000005e73261b0d851326 #d,-,18,3623,2340,1605,148,0,210720,13064,3623,2344,1711,3268,2338,1218,97,100,0,501,3721;
@400000005e73261b0d8e8897 #d,-,18,3262,2344,1177,149,0,210617,13058,3623,2344,1607,3262,2340,1150,97,100,0,501,3330;
@400000005e73261d0d9ca61f #d,-,18,2707,2342,1190,149,0,210535,13053,3262,2345,1190,2707,2342,1163,98,100,0,501,2749;
@400000005e73261d0da7c9d4 #d,-,18,2711,2344,1169,150,0,210568,13055,2711,2345,1200,2707,2341,1161,97,100,0,501,2774;
@400000005e73261f0db0a003 #d,-,18,2710,2344,1167,151,0,210366,13042,2711,2345,1169,2710,2343,1166,99,100,0,501,2737;
@400000005e73261f0db5d787 #d,-,18,2709,2345,1166,152,0,210279,13037,2710,2345,1167,2709,2343,1166,98,100,0,501,2741;
@400000005e7326210dc64a0a #d,-,18,2709,2347,1167,152,0,210304,13038,2709,2347,1167,2709,2345,1165,98,100,0,501,2739;
@400000005e7326210dd0cd8f #d,-,18,2709,2345,1172,153,0,210109,13026,2709,2347,1172,2709,2344,1166,98,100,0,501,2742;
@400000005e7326230de0626a #d,-,18,2713,2346,1164,154,0,210034,13022,2713,2347,1198,2709,2344,1159,97,100,0,501,2769;
@400000005e7326230deae148 #d,-,18,2712,2347,1166,155,0,209951,13016,2713,2347,1168,2712,2344,1164,99,100,0,501,2739;
@400000005e7326250df8e787 #d,-,18,2711,2344,1167,155,0,209977,13018,2712,2347,1167,2711,2343,1165,98,100,0,501,2741;
@400000005e7326250e03f7ae #d,-,18,2710,2346,1167,156,0,209786,13006,2711,2346,1168,2710,2343,1166,98,100,0,501,2739;
@400000005e7326270e0cb5a6 #d,-,18,2710,2345,1167,157,0,209705,13001,2710,2346,1167,2710,2344,1165,98,100,0,501,2742;
@400000005e7326270e122c7f #d,-,18,2713,2346,1162,158,0,209742,13004,2713,2346,1197,2710,2343,1160,98,100,0,501,2762;
@400000005e7326290e1cb005 #d,-,18,2712,2343,1167,158,0,209556,12992,2713,2346,1169,2712,2343,1162,98,100,0,501,2746;
@400000005e7326290e26f8de #d,-,18,2711,2344,1169,159,0,209477,12987,2712,2346,1169,2711,2343,1165,99,100,0,501,2737;
@400000005e73262b0e340851 #d,-,18,2711,2344,1166,160,0,209399,12982,2711,2346,1169,2711,2343,1165,98,100,0,501,2741;
@400000005e73262b0e3f23a5 #d,-,18,2710,2346,1167,161,0,209322,12977,2711,2346,1169,2710,2343,1166,98,100,0,501,2739;
@400000005e73262d0e49517c #d,-,18,2713,2346,1161,161,1,209257,12973,2713,2347,1199,2710,2344,1161,98,100,0,501,2758;
@400000005e73262d0e52df23 #d,-,18,2713,2345,1167,162,1,209183,12969,2713,2347,1169,2713,2345,1161,98,100,0,501,2757;
@400000005e73262f0e5f793d #d,-,18,2713,2344,1580,163,1,209222,12971,2713,2347,1580,2713,2343,1167,98,100,0,501,2742;
@400000005e73262f0e675d47 #d,-,18,3513,2343,1492,164,1,209389,12982,3513,2346,1636,2713,2342,1280,100,100,0,501,3513;
@400000005e7326310e73acdf #d,-,18,3320,2343,1718,165,1,209643,12997,3513,2347,1719,3320,2342,1298,98,100,0,501,3383;
@400000005e7326310e7b985d #d,-,18,3626,2344,1582,166,1,209804,13007,3626,2347,1718,3320,2342,1178,97,100,0,501,3712;
@400000005e7326330e8400a6 #d,-,18,3359,2345,1709,167,1,210086,13025,3626,2347,1745,3359,2343,1300,100,100,0,501,3359;
@400000005e7326330e8a13f5 #d,-,18,3469,2344,1536,168,1,210212,13033,3469,2348,1709,3359,2343,1155,96,100,0,501,3611;
@400000005e7326350e95a0e8 #d,-,18,3657,2345,1366,169,1,210468,13049,3657,2347,1745,3469,2343,1309,100,100,0,501,3657;
@400000005e7326350e9ca927 #d,-,18,3409,2348,1259,170,1,210568,13055,3657,2348,1607,3409,2344,1159,97,100,0,501,3513;
@400000005e7326370ea4e2df #d,-,18,3011,2346,1176,170,1,210498,13050,3409,2348,1259,3011,2345,1144,96,100,0,501,3134;
@400000005e7326370eab9570 #d,-,18,2732,2346,1180,171,1,210422,13046,3011,2348,1181,2732,2346,1159,98,100,0,501,2773;
@400000005e7326390ebbce34 #d,-,18,2731,2347,1167,172,1,210348,13041,2732,2348,1180,2731,2346,1166,99,100,0,501,2757;
@400000005e7326390ec67076 #d,-,18,2728,2346,1170,173,1,210373,13043,2731,2348,1173,2728,2345,1167,99,100,0,501,2744;
@400000005e73263b0ecf0397 #d,-,18,2727,2348,1169,174,1,210201,13032,2728,2348,1170,2727,2345,1167,99,100,0,501,2751;
@400000005e73263b0ed53a49 #d,-,18,2726,2349,1189,174,1,210140,13028,2727,2349,1201,2726,2346,1168,99,100,0,501,2748;
@400000005e73263d0edd86a2 #d,-,18,2727,2347,1168,175,1,210164,13030,2727,2349,1189,2726,2346,1161,98,100,0,501,2776;
@400000005e73263d0ee31c37 #d,-,18,2726,2348,1169,176,1,209995,13019,2727,2349,1169,2726,2346,1168,99,100,0,501,2748;
@400000005e73263f0eedbbad #d,-,18,2724,2348,1168,177,1,209924,13015,2726,2348,1169,2724,2346,1166,99,100,0,501,2746;
@400000005e73263f0ef878f1 #d,-,18,2723,2346,1167,177,1,209949,13016,2724,2348,1169,2723,2346,1167,99,100,0,501,2746;
@400000005e7326410f012bbc #d,-,18,2722,2348,1198,178,1,209793,13007,2723,2348,1199,2722,2345,1167,99,100,0,501,2746;
@400000005e7326410f070bd2 #d,-,18,2724,2348,1168,179,1,209724,13002,2724,2348,1198,2722,2346,1161,98,100,0,501,2773;
@400000005e7326430f10db98 #d,-,18,2722,2345,1168,180,1,209749,13004,2724,2348,1169,2722,2345,1166,99,100,0,501,2746;
@400000005e7326430f1b1856 #d,-,18,2721,2348,1168,180,1,209586,12994,2722,2348,1169,2721,2345,1167,99,100,0,501,2746;
@400000005e7326450f267a72 #d,-,18,2720,2345,1169,181,1,209519,12990,2721,2348,1169,2720,2345,1167,99,100,0,501,2746;
@400000005e7326450f31bdd2 #d,-,18,2719,2344,1199,182,1,209552,12992,2720,2347,1199,2719,2344,1167,99,100,0,501,2744;
@400000005e7326470f3c06ab #d,-,18,2722,2348,1170,183,1,209395,12982,2722,2348,1200,2719,2343,1161,98,100,0,501,2776;
@400000005e7326470f463faf #d,-,18,2720,2346,1168,183,1,209329,12978,2722,2348,1170,2720,2345,1167,99,100,0,501,2742;
@400000005e7326490f568ece #d,-,18,2720,2347,1168,184,1,209264,12974,2720,2348,1169,2720,2346,1167,99,100,0,501,2746;
@400000005e7326490f620921 #d,-,18,3075,2347,1373,185,1,209455,12986,3075,2347,1690,2720,2343,1168,100,100,0,501,3075;
@400000005e73264b0f6f0504 #d,-,18,3359,2343,1538,186,1,209592,12994,3359,2347,1600,3075,2343,1299,96,100,0,501,3467;
@400000005e73264b0f76b21c #d,-,18,3620,2346,1413,187,1,209907,13014,3620,2346,1699,3359,2342,1344,100,100,0,501,3620;
@400000005e73264d0f835851 #d,-,18,3385,2345,1295,188,1,209911,13014,3620,2346,1594,3385,2343,1166,97,100,0,501,3479;
@400000005e73264d0f8b206a #d,-,18,3696,2348,1156,189,1,210115,13027,3696,2348,1735,3385,2343,1156,99,100,0,501,3721;
@400000005e73264f0f936db2 #d,-,18,3329,2342,1707,190,1,210289,13037,3696,2348,1707,3329,2342,1154,96,100,0,501,3433;
@400000005e73264f0f972de3 #d,-,18,3740,2343,1519,191,1,210535,13053,3740,2347,1748,3329,2341,1151,98,100,0,501,3792;
@400000005e7326510fa15447 #d,-,18,3287,2346,1163,192,1,210525,13052,3740,2346,1653,3287,2341,1157,96,100,0,501,3406;
@400000005e7326510fa82a3c #d,-,18,2717,2346,1181,192,1,210464,13048,3287,2347,1184,2717,2345,1163,96,100,0,501,2803;
@400000005e7326530fb33974 #d,-,18,2719,2344,1177,193,1,210402,13044,2719,2347,1181,2717,2343,1175,98,100,0,501,2767;
@400000005e7326530fba1b84 #d,-,18,2721,2345,1177,194,1,210341,13041,2721,2346,1178,2719,2343,1177,98,100,0,501,2765;
@400000005e7326550fc60687 #d,-,18,2722,2344,1179,195,1,210281,13037,2722,2345,1179,2721,2343,1176,98,100,0,501,2764;
@400000005e7326550fccf00b #d,-,18,2727,2345,1175,195,1,210229,13034,2727,2345,1209,2722,2343,1170,97,100,0,501,2792;
@400000005e7326570fd93be9 #d,-,18,2727,2344,1177,196,1,210170,13030,2727,2346,1179,2727,2342,1175,98,100,0,501,2765;
@400000005e7326570fe08bdf #d,-,18,2728,2345,1176,197,1,210109,13026,2728,2346,1177,2727,2343,1176,98,100,0,501,2764;
@400000005e7326590fed0eb0 #d,-,18,2728,2346,1177,198,1,210051,13023,2728,2346,1178,2728,2343,1176,98,100,0,501,2764;
@400000005e7326590ff5a1d1 #d,-,18,2728,2343,1176,198,1,210079,13024,2728,2346,1179,2728,2342,1176,98,100,0,501,2764;
@400000005e73265b1003ca86 #d,-,18,2732,2345,1172,199,1,209943,13016,2732,2345,1208,2728,2342,1169,98,100,0,501,2785;
@400000005e73265b100c3b31 #d,-,18,2732,2344,1177,200,1,209887,13012,2732,2345,1179,2732,2342,1172,98,100,0,501,2771;
@400000005e73265d101a3cc9 #d,-,18,2732,2345,1175,201,1,209913,13014,2732,2345,1177,2732,2342,1175,98,100,0,501,2764;
@400000005e73265d1023e572 #d,-,18,2731,2344,1177,201,1,209773,13005,2732,2345,1178,2731,2342,1175,98,100,0,501,2762;
@400000005e73265f1033dfd0 #d,-,18,2731,2346,1176,202,1,209717,13002,2731,2346,1178,2731,2343,1175,98,100,0,501,2764;
@400000005e73265f103e8212 #d,-,18,2734,2346,1170,203,1,209670,12999,2734,2346,1208,2731,2343,1170,98,100,0,501,2776;
@400000005e732661104f6e95 #d,-,18,2734,2344,1176,204,1,209697,13001,2734,2346,1178,2734,2343,1170,98,100,0,501,2776;
@400000005e7326611059d9e4 #d,-,18,2734,2344,1177,204,1,209559,12992,2734,2345,1177,2734,2342,1176,98,100,0,501,2764;
@400000005e732663106b2beb #d,-,18,2733,2342,1177,205,1,209504,12989,2734,2344,1177,2733,2342,1176,99,100,0,501,2760;
@400000005e73266310770719 #d,-,18,2733,2341,1508,206,1,209591,12994,2733,2344,1508,2733,2340,1176,98,100,0,501,2762;
@400000005e73266510844163 #d,-,18,3444,2339,1352,207,1,209650,12998,3444,2341,1632,2733,2339,1273,100,100,0,501,3444;
@400000005e732665108f7134 #d,-,18,3370,2337,1718,208,1,209848,13010,3444,2339,1718,3370,2336,1299,97,100,0,501,3454;
@400000005e732667109bd45b #d,-,18,3612,2336,1582,209,1,210059,13023,3612,2339,1718,3370,2335,1206,97,100,0,501,3714;
@400000005e73266710a36a2a #d,-,18,3208,2334,1713,210,1,210155,13029,3612,2340,1729,3208,2334,1179,97,100,0,501,3287;
@400000005e73266910ac1cf5 #d,-,18,3611,2334,1598,211,1,210280,13037,3611,2338,1713,3208,2333,1208,98,100,0,501,3678;
@400000005e73266910b3bdf0 #d,-,18,3480,2337,1706,212,1,210585,13056,3611,2339,1759,3480,2334,1294,100,100,0,501,3480;
@400000005e73266b10bc02d6 #d,-,18,3479,2338,1437,213,1,210593,13056,3480,2340,1706,3479,2336,1290,96,100,0,501,3613;
@400000005e73266b10c21d98 #d,-,18,3128,2338,1173,214,1,210530,13052,3479,2340,1437,3128,2337,1141,96,100,0,501,3235;
@400000005e73266d10d288a7 #d,-,18,2708,2337,1166,214,1,210464,13048,3128,2340,1173,2708,2336,1164,98,100,0,501,2739;
@400000005e73266d10dd334b #d,-,18,2707,2339,1168,215,1,210481,13049,2708,2339,1172,2707,2336,1165,98,100,0,501,2737;
@400000005e73266f10e5f142 #d,-,18,2706,2338,1190,216,1,210347,13041,2707,2339,1197,2706,2337,1165,99,100,0,501,2733;
@400000005e73266f10ebd8cc #d,-,18,2708,2340,1165,217,1,210283,13037,2708,2340,1190,2706,2337,1159,98,100,0,501,2760;
@400000005e73267110f450ea #d,-,18,2707,2338,1166,217,1,210220,13033,2708,2340,1167,2707,2338,1165,99,100,0,501,2732;
@400000005e73267110fa9a3e #d,-,18,2706,2340,1166,218,1,210158,13029,2707,2341,1167,2706,2338,1165,99,100,0,501,2733;
@400000005e732673110909ba #d,-,18,2705,2342,1166,219,1,210096,13025,2706,2342,1166,2705,2340,1164,98,100,0,501,2733;
@400000005e73267311134678 #d,-,18,2705,2341,1196,220,1,210043,13022,2705,2343,1196,2705,2340,1165,98,100,0,501,2733;
@400000005e7326751123d4eb #d,-,18,2708,2343,1165,220,1,210059,13023,2708,2343,1196,2705,2340,1158,98,100,0,501,2762;
@400000005e732675112ea2f2 #d,-,18,2706,2342,1163,221,1,209922,13015,2708,2343,1165,2706,2341,1163,99,100,0,501,2730;
@400000005e7326771138b11f #d,-,18,2706,2343,1165,222,1,209862,13011,2706,2344,1165,2706,2341,1163,99,100,0,501,2733;
@400000005e732677113ee6e4 #d,-,18,2705,2345,1164,223,1,209879,13012,2706,2345,1165,2705,2342,1163,98,100,0,501,2733;
@400000005e732679114fc392 #d,-,18,2704,2343,1196,223,1,209749,13004,2705,2345,1196,2704,2342,1163,98,100,0,501,2732;
@400000005e732679115b0604 #d,-,18,2707,2343,1165,224,1,209692,13000,2707,2344,1196,2704,2342,1158,97,100,0,501,2764;
@400000005e73267b11648b49 #d,-,18,2706,2343,1164,225,1,209634,12997,2707,2344,1166,2706,2342,1164,99,100,0,501,2730;
@400000005e73267b116a4441 #d,-,18,2705,2344,1166,226,1,209576,12993,2706,2344,1166,2705,2342,1164,98,100,0,501,2733;
@400000005e73267d1173ce2f #d,-,18,2705,2343,1165,226,1,209520,12990,2705,2345,1166,2705,2342,1164,98,100,0,501,2735;
@400000005e73267d117e9b48 #d,-,18,2704,2343,1189,227,1,209466,12986,2705,2344,1189,2704,2342,1163,98,100,0,501,2733;
@400000005e73267f118ad486 #d,-,18,2974,2342,1563,228,1,209605,12995,2974,2343,1620,2704,2340,1189,100,100,0,501,2974;
@400000005e73267f11920ffe #d,-,18,3385,2341,1571,229,1,209690,13000,3385,2343,1582,2974,2340,1283,97,100,0,501,3474;
@400000005e73268111a0e4ff #d,-,18,3451,2341,1685,230,1,209885,13012,3451,2344,1714,3385,2339,1305,100,100,0,501,3451;
@400000005e73268111ad1222 #d,-,18,3446,2342,1484,231,1,209966,13017,3451,2343,1685,3446,2341,1174,97,100,0,501,3529;
@400000005e73268111b64572 #d,-,18,3672,2345,1252,232,1,210140,13028,3672,2345,1747,3446,2341,1252,100,100,0,501,3672;
@400000005e73268311c302f0 #d,-,18,3396,2343,1490,233,1,210237,13034,3672,2345,1611,3396,2341,1181,97,100,0,501,3492;
@400000005e73268311c9b1c7 #d,-,18,3716,2343,1161,234,1,210386,13043,3716,2345,1749,3396,2340,1158,99,100,0,501,3750;
@400000005e73268511d2e15e #d,-,18,3334,2343,1146,235,1,210466,13048,3716,2345,1641,3334,2341,1146,96,100,0,501,3438;
@400000005e73268711def739 #d,-,18,2774,2346,1171,235,1,210412,13045,3334,2346,1175,2774,2343,1146,95,100,0,501,2895;
@400000005e73268711e5f44b #d,-,18,2720,2345,1172,236,1,210358,13042,2774,2346,1174,2720,2343,1169,98,100,0,501,2753;
@400000005e73268711eb05a0 #d,-,18,2723,2345,1167,237,1,210312,13039,2723,2346,1203,2720,2344,1163,98,100,0,501,2776;
@400000005e73268911f4bd30 #d,-,18,2722,2347,1170,238,1,210258,13036,2723,2347,1173,2722,2344,1167,99,100,0,501,2749;
@400000005e73268911faeb81 #d,-,18,2721,2346,1169,238,1,210205,13032,2722,2347,1171,2721,2344,1169,98,100,0,501,2749;
@400000005e73268b1206bb82 #d,-,18,2720,2347,1169,239,1,210152,13029,2721,2347,1171,2720,2345,1169,98,100,0,501,2749;
@400000005e73268b120e700d #d,-,18,2719,2345,1169,240,1,210099,13026,2720,2347,1170,2719,2344,1168,98,100,0,501,2748;
Lost connection at /opt/powertools/bin/wattsup1 line 220.
	main::failure('Lost connection') called at /opt/powertools/bin/wattsup1 line 271
	main::recv_msg() called at /opt/powertools/bin/wattsup1 line 504
