@400000005e328b663529dd3f #v,-,8,2,261786,5,2,4,57,200810261703,0;
@400000005e328b672389b72c #h,-,18,W,V,A,WH,Cost,WH/Mo,Cost/Mo,Wmax,Vmax,Amax,Wmin,Vmin,Amin,PF,DC,PC,Hz,VA;
@400000005e328b67299b699f #f,-,48,86,436,1,4775,0,0,65533,0,199,810,237,17949,177,311,4753,4,92217,151,32123,69906,40,694,17008,0,93,1,4659,0,0,65533,0,199,822,242,18484,171,318,5362,2,92206,150,32190,70407,42,536,17029,0,92;
@400000005e328b6929b162d0 #d,-,18,2651,2371,1207,1,0,198085,12281,2653,2372,1210,2651,2369,1203,91,100,0,501,2896;
@400000005e328b6b29c1c66b #d,-,18,2651,2369,1201,1,0,194885,12082,2651,2371,1211,2651,2369,1195,91,100,0,501,2903;
@400000005e328b6b29cb284d #d,-,18,2648,2372,1193,2,0,188191,11667,2651,2372,1202,2648,2369,1192,91,100,0,501,2884;
@400000005e328b6d29dafb8e #d,-,18,2645,2370,1201,3,0,188206,11668,2648,2372,1211,2645,2370,1184,91,100,0,501,2881;
@400000005e328b6d29e47d19 #d,-,18,2641,2371,1197,4,0,188142,11664,2645,2372,1201,2641,2369,1194,91,100,0,501,2872;
@400000005e328b6f29f44bb2 #d,-,18,2638,2370,1195,4,0,188098,11662,2641,2372,1202,2638,2370,1191,91,100,0,501,2881;
@400000005e328b6f29fdad94 #d,-,18,2635,2371,1192,5,0,187955,11653,2638,2372,1195,2635,2370,1187,91,100,0,501,2870;
@400000005e328b712a0d0f35 #d,-,18,2631,2370,1113,6,0,186779,11580,2635,2373,1195,2631,2370,1073,91,100,0,501,2865;
@400000005e328b712a167205 #d,-,18,2451,2369,1199,6,0,186624,11570,2631,2372,1220,2451,2369,1108,90,100,0,501,2723;
@400000005e328b732a261d3a #d,-,18,2601,2371,1185,7,0,186629,11571,2601,2371,1199,2451,2369,1185,90,100,0,501,2867;
@400000005e328b732a2f73ef #d,-,18,2600,2369,1194,8,0,186634,11571,2601,2371,1194,2600,2368,1185,90,100,0,501,2858;
@400000005e328b752a3eba8e #d,-,18,2601,2367,1188,9,0,188107,11662,2601,2370,1194,2600,2367,1185,90,100,0,501,2862;
@400000005e328b752a484747 #d,-,18,2600,2366,1187,9,0,186610,11569,2601,2369,1190,2600,2366,1182,91,100,0,501,2855;
@400000005e328b772a581e41 #d,-,18,2600,2367,1187,10,0,186586,11568,2600,2368,1192,2600,2365,1182,91,100,0,501,2853;
@400000005e328b772a61b35c #d,-,18,2599,2367,1186,11,0,186565,11567,2600,2368,1190,2599,2365,1184,91,100,0,501,2853;
@400000005e328b792a718a56 #d,-,18,2598,2365,1191,11,0,186555,11566,2599,2368,1191,2598,2365,1185,91,100,0,501,2851;
@400000005e328b792a7aeff2 #d,-,18,2598,2366,1187,12,0,186522,11564,2598,2367,1191,2598,2365,1187,90,100,0,500,2858;
@400000005e328b7b2a8a8113 #d,-,18,2598,2366,1185,13,0,186485,11562,2598,2367,1190,2598,2365,1182,91,100,0,500,2853;
@400000005e328b7b2a942d76 #d,-,18,2596,2364,1183,14,0,187379,11617,2598,2367,1191,2596,2364,1182,91,100,0,500,2848;
@400000005e328b7d2aa3ffc8 #d,-,18,2595,2366,1183,14,0,187297,11612,2596,2367,1189,2595,2364,1180,91,100,0,500,2848;
@400000005e328b7d2aad89b6 #d,-,18,2593,2366,1184,15,0,186348,11553,2595,2366,1186,2593,2364,1181,91,100,0,501,2843;
@400000005e328b7f2abd7bb2 #d,-,18,2592,2366,1182,16,0,186306,11551,2593,2367,1187,2592,2365,1181,91,100,0,501,2843;
@400000005e328b7f2ac6e5f6 #d,-,18,2591,2364,1187,17,0,186274,11549,2592,2366,1188,2591,2363,1182,91,100,0,501,2846;
@400000005e328b812ad694e4 #d,-,18,2590,2361,1184,17,0,186233,11546,2591,2364,1190,2590,2361,1181,91,100,0,501,2843;
@400000005e328b812ae045ef #d,-,18,2589,2363,1183,18,0,186200,11544,2590,2364,1189,2589,2361,1182,91,100,0,501,2843;
@400000005e328b832af03f5f #d,-,18,2587,2365,1176,19,0,186117,11539,2589,2366,1183,2587,2363,1174,91,100,0,501,2834;
@400000005e328b832af9c94d #d,-,18,2584,2364,1180,19,0,186049,11535,2587,2365,1181,2584,2363,1174,91,100,0,501,2827;
@400000005e328b852b09d292 #d,-,18,2583,2363,1180,20,0,186642,11571,2584,2365,1183,2583,2363,1176,91,100,0,501,2829;
@400000005e328b852b135b91 #d,-,18,2580,2365,1177,21,0,185933,11527,2583,2366,1182,2580,2363,1174,91,100,0,501,2829;
@400000005e328b872b22d47b #d,-,18,2579,2364,1179,22,0,185883,11524,2580,2366,1183,2579,2363,1176,91,100,0,501,2827;
@400000005e328b872b2c8940 #d,-,18,2577,2364,1181,22,0,185836,11521,2579,2365,1183,2577,2363,1178,91,100,0,501,2829;
@400000005e328b892b3c57d9 #d,-,18,2577,2364,1179,23,0,186358,11554,2577,2365,1184,2577,2362,1176,90,100,0,501,2832;
@400000005e328b892b4623e6 #d,-,18,2576,2366,1178,24,0,185746,11516,2577,2367,1180,2576,2362,1176,91,100,0,501,2825;
@400000005e328b8b2b56060d #d,-,18,2575,2367,1179,24,0,185707,11513,2576,2368,1181,2575,2366,1176,91,100,0,501,2829;
@400000005e328b8b2b5f7051 #d,-,18,2574,2367,1179,25,0,185670,11511,2575,2368,1181,2574,2366,1177,90,100,0,501,2834;
@400000005e328b8d2b6f0c9f #d,-,18,2573,2368,1174,26,0,185620,11508,2574,2369,1180,2573,2366,1174,90,100,0,501,2829;
@400000005e328b8d2b78c51d #d,-,18,2571,2368,1176,26,0,185576,11505,2573,2368,1178,2571,2366,1172,90,100,0,501,2827;
@400000005e328b8f2b973ddf #d,-,18,2570,2368,1178,27,0,185545,11503,2571,2369,1180,2570,2366,1173,90,100,0,501,2825;
@400000005e328b8f2badf9b5 #d,-,18,2570,2367,1178,28,0,185505,11501,2570,2368,1179,2570,2365,1175,90,100,0,501,2829;
@400000005e328b912bc4f899 #d,-,18,2574,2364,1526,29,0,186694,11575,2574,2368,1822,2570,2362,1174,90,100,0,501,2836;
@400000005e328b912bce9d88 #d,-,18,3737,2364,1517,30,0,188062,11659,3737,2367,1723,2574,2363,1316,96,100,0,501,3891;
@400000005e328b932bdfd758 #d,-,18,3737,2362,2092,31,0,191985,11903,3737,2364,2272,3737,2362,1517,98,100,0,501,3780;
@400000005e328b932beafec8 #d,-,18,4952,2364,1908,32,0,194985,12089,4952,2365,2145,3737,2362,1904,97,100,0,501,5102;
@400000005e328b952bfc1269 #d,-,18,4587,2365,1967,34,0,197918,12270,4952,2365,1988,4587,2362,1908,96,100,0,501,4768;
@400000005e328b952c06fb72 #d,-,18,4580,2364,1965,35,0,200716,12444,4587,2365,1972,4580,2362,1956,97,100,0,501,4680;
@400000005e328b972c1873a8 #d,-,18,4576,2363,1971,36,0,203849,12638,4580,2365,1973,4576,2363,1965,97,100,0,501,4692;
@400000005e328b972c2316d8 #d,-,18,4574,2363,1973,37,0,206433,12798,4576,2365,1975,4574,2362,1968,97,100,0,501,4706;
@400000005e328b992c346437 #d,-,18,4571,2364,1975,39,0,208493,12926,4574,2365,1977,4571,2363,1968,97,100,0,501,4699;
@400000005e328b992c3f586d #d,-,18,4571,2365,1981,40,0,210898,13075,4571,2365,1981,4571,2363,1973,97,100,0,501,4711;
@400000005e328b9b2c51335b #d,-,18,4571,2365,1977,41,0,213215,13219,4571,2365,1982,4571,2363,1976,96,100,0,501,4721;
@400000005e328b9b2c5c5269 #d,-,18,4572,2365,1985,43,0,215451,13357,4572,2365,1986,4571,2362,1976,96,100,0,501,4718;
@400000005e328b9d2c6d2b5d #d,-,18,4574,2365,1978,44,0,217602,13491,4574,2365,1988,4572,2363,1978,96,100,0,501,4732;
@400000005e328b9d2c77c62b #d,-,18,4575,2364,1986,45,0,219676,13619,4575,2365,1986,4574,2363,1978,96,100,0,501,4728;
@400000005e328b9f2c88d16b #d,-,18,4576,2365,1984,46,0,221687,13744,4576,2365,1989,4575,2362,1983,96,100,0,501,4735;
@400000005e328b9f2c938f9d #d,-,18,4579,2365,1988,48,0,223632,13865,4579,2365,1991,4576,2362,1984,96,100,0,501,4737;
@400000005e328ba12ca48393 #d,-,18,4581,2362,1990,49,0,225508,13981,4581,2365,1990,4579,2362,1985,96,100,0,501,4744;
@400000005e328ba12caee76f #d,-,18,4583,2364,1985,50,0,227313,14093,4583,2364,1990,4581,2362,1983,96,100,0,501,4740;
@400000005e328ba32cbfbf75 #d,-,18,4584,2364,1986,51,0,229053,14201,4584,2364,1988,4583,2362,1984,96,100,0,501,4735;
@400000005e328ba32cca1823 #d,-,18,4585,2363,1993,53,0,230747,14306,4585,2364,1993,4584,2361,1985,96,100,0,501,4737;
@400000005e328ba52cdaa2dc #d,-,18,4586,2360,1990,54,0,232768,14431,4586,2363,1997,4585,2360,1986,96,100,0,501,4744;
@400000005e328ba52ce57fca #d,-,18,4589,2362,1998,55,0,233988,14507,4589,2363,2000,4586,2359,1990,96,100,0,501,4744;
@400000005e328ba72cf6e91a #d,-,18,4592,2363,1993,57,0,235541,14603,4592,2364,1999,4589,2361,1993,96,100,0,501,4761;
@400000005e328ba72d0217fc #d,-,18,4594,2361,1999,58,0,237041,14696,4594,2364,1999,4592,2361,1992,96,100,0,501,4754;
@400000005e328ba92d133f2c #d,-,18,4597,2360,1998,59,0,238502,14787,4597,2362,2000,4594,2360,1996,96,100,0,501,4761;
@400000005e328ba92d1e088b #d,-,18,4599,2359,1993,60,0,240281,14897,4599,2362,2002,4597,2359,1992,96,100,0,501,4756;
@400000005e328bab2d2ef066 #d,-,18,4602,2360,2004,62,0,241301,14960,4602,2361,2004,4599,2359,1993,96,100,0,501,4758;
@400000005e328bab2d39a725 #d,-,18,4606,2359,2005,63,0,242653,15044,4606,2361,2009,4602,2358,2004,96,100,0,501,4775;
@400000005e328bad2d4ad981 #d,-,18,4610,2361,2007,64,0,243968,15126,4610,2361,2013,4606,2358,2003,96,100,0,501,4780;
@400000005e328bad2d55b2b6 #d,-,18,4612,2361,2005,66,0,245240,15204,4612,2364,2007,4610,2361,2000,96,100,0,501,4775;
@400000005e328baf2d668702 #d,-,18,4615,2362,2003,67,0,246477,15281,4615,2364,2007,4612,2361,2001,96,100,0,501,4777;
@400000005e328baf2d71258a #d,-,18,4618,2363,2005,68,0,248027,15377,4618,2364,2005,4615,2361,2000,96,100,0,501,4777;
@400000005e328bb12d82c5cc #d,-,18,4620,2362,2002,69,0,248853,15428,4620,2364,2006,4618,2362,2001,96,100,0,501,4780;
@400000005e328bb12d8d83fe #d,-,18,4621,2362,2003,71,0,249987,15499,4621,2364,2007,4620,2362,1999,96,100,0,501,4773;
@400000005e328bb32d9e2158 #d,-,18,4622,2364,2005,72,0,251097,15568,4622,2364,2007,4621,2362,2001,96,100,0,501,4775;
@400000005e328bb32da87a06 #d,-,18,4624,2364,2004,73,0,252176,15634,4624,2365,2009,4622,2362,1999,96,100,0,501,4780;
@400000005e328bb52db9520c #d,-,18,4625,2362,2001,75,0,253227,15700,4625,2364,2008,4624,2362,2000,96,100,0,501,4775;
@400000005e328bb52dc408cb #d,-,18,4626,2364,2000,76,0,254251,15763,4626,2366,2005,4625,2362,1999,96,100,0,501,4775;
@400000005e328bb72dd53ee1 #d,-,18,4627,2367,1999,77,0,255245,15825,4627,2367,2004,4626,2363,1999,96,100,0,501,4775;
@400000005e328bb72ddfaed8 #d,-,18,4627,2368,2004,78,0,256221,15885,4627,2368,2006,4627,2364,1999,96,100,0,501,4777;
@400000005e328bb92df0215a #d,-,18,4630,2368,2009,80,0,257186,15945,4630,2368,2009,4627,2366,2004,96,100,0,501,4787;
@400000005e328bb92dfacbfe #d,-,18,4633,2368,2003,81,0,258126,16003,4633,2368,2012,4630,2366,2003,96,100,0,501,4794;
@400000005e328bbb2e0bc3ae #d,-,18,4634,2367,2007,82,0,259041,16060,4634,2368,2008,4633,2365,2003,96,100,0,501,4792;
@400000005e328bbb2e164734 #d,-,18,4636,2368,2007,84,0,259938,16116,4636,2368,2012,4634,2366,2006,96,100,0,501,4792;
@400000005e328bbd2e274746 #d,-,18,4638,2367,2005,85,0,260812,16170,4638,2368,2012,4636,2364,2005,96,100,0,501,4796;
@400000005e328bbd2e31e987 #d,-,18,4639,2366,2006,86,0,261663,16223,4639,2367,2008,4638,2365,2002,96,100,0,501,4792;
@400000005e328bbf2e42f4c6 #d,-,18,4640,2365,2006,87,0,262497,16274,4640,2368,2009,4639,2365,2004,96,100,0,501,4789;
@400000005e328bbf2e4df8d2 #d,-,18,4642,2365,2005,89,0,263311,16325,4642,2367,2009,4640,2364,2003,96,100,0,501,4794;
@400000005e328bc12e5f9ccd #d,-,18,4642,2367,2005,90,0,264109,16374,4642,2367,2011,4642,2364,2003,96,100,0,501,4792;
@400000005e328bc12e6a4771 #d,-,18,4644,2365,2017,91,0,264902,16423,4644,2368,2022,4642,2365,2005,96,100,0,500,4796;
@400000005e328bc32e7b69f8 #d,-,18,4647,2366,2015,93,0,265680,16472,4647,2367,2019,4644,2365,2013,96,100,0,500,4815;
@400000005e328bc32e863f73 #d,-,18,4650,2368,2012,94,0,266436,16519,4650,2368,2015,4647,2365,2010,96,100,0,500,4808;
@400000005e328bc52e973e96 #d,-,18,4651,2368,2009,95,0,267172,16564,4651,2368,2015,4650,2366,2008,96,100,0,501,4806;
@400000005e328bc52ea21057 #d,-,18,4652,2366,2013,97,0,267897,16609,4652,2369,2014,4651,2366,2009,96,100,0,501,4804;
@400000005e328bc72eb30bc1 #d,-,18,4654,2365,2012,98,0,268601,16653,4654,2367,2014,4652,2365,2010,96,100,0,501,4806;
@400000005e328bc72ebe0859 #d,-,18,4654,2366,2014,99,0,269294,16696,4654,2367,2014,4654,2365,2011,96,100,0,501,4801;
@400000005e328bc92ecf3ab6 #d,-,18,4655,2367,2016,100,0,270252,16755,4655,2367,2016,4654,2364,2012,96,100,0,501,4806;
@400000005e328bc92eda13ea #d,-,18,4656,2366,2013,102,0,270636,16779,4656,2367,2016,4655,2364,2009,96,100,0,501,4806;
@400000005e328bcb2eeb59d5 #d,-,18,4657,2366,2013,103,0,271287,16819,4657,2367,2017,4656,2365,2010,97,100,0,501,4801;
@400000005e328bcb2ef5f94c #d,-,18,4657,2365,2013,104,0,271923,16859,4657,2366,2016,4657,2363,2011,97,100,0,501,4801;
@400000005e328bcd2f076a0e #d,-,18,4657,2366,2011,105,0,272817,16914,4657,2366,2018,4657,2363,2011,96,100,0,501,4804;
@400000005e328bcd2f11ba5b #d,-,18,4658,2365,2015,107,0,273429,16952,4658,2366,2017,4657,2363,2010,96,100,0,501,4804;
@400000005e328bcf2f22b5c5 #d,-,18,4658,2365,2012,108,0,273760,16973,4658,2366,2017,4658,2363,2008,96,100,0,501,4804;
@400000005e328bcf2f2d58f5 #d,-,18,4658,2364,2012,109,0,274348,17009,4658,2366,2014,4658,2363,2010,97,100,0,501,4799;
@400000005e328bd12f3e7f36 #d,-,18,4658,2363,2015,111,0,274925,17045,4658,2365,2016,4658,2363,2010,97,100,0,501,4801;
@400000005e328bd12f494983 #d,-,18,4659,2363,2011,112,0,275753,17096,4659,2366,2015,4658,2363,2008,96,100,0,501,4804;
@400000005e328bd32f5ad18f #d,-,18,4659,2365,2012,113,0,276306,17131,4659,2366,2014,4659,2363,2010,97,100,0,501,4801;
@400000005e328bd32f65f8fe #d,-,18,4659,2365,2013,114,0,276593,17148,4659,2366,2015,4659,2363,2011,97,100,0,501,4801;
@400000005e328bd52f771f3f #d,-,18,4659,2363,2014,116,0,277130,17182,4659,2365,2016,4659,2363,2011,96,100,0,501,4806;
@400000005e328bd52f81e4e5 #d,-,18,4659,2363,2014,117,0,277656,17214,4659,2365,2015,4659,2362,2010,97,100,0,501,4801;
@400000005e328bd72f933332 #d,-,18,4659,2367,2008,118,0,278171,17246,4659,2367,2014,4659,2363,2007,97,100,0,501,4801;
@400000005e328bd72f9e08ac #d,-,18,4660,2365,2015,120,0,278680,17278,4660,2367,2015,4659,2364,2008,97,100,0,501,4801;
@400000005e328bd92fafdef3 #d,-,18,4660,2363,2010,121,0,279425,17324,4660,2366,2016,4660,2363,2010,96,100,0,501,4806;
@400000005e328bd92fbac442 #d,-,18,4660,2363,2015,122,0,279668,17339,4660,2365,2018,4660,2362,2010,97,100,0,501,4801;
@400000005e328bdb2fcbd33b #d,-,18,4660,2366,2013,124,0,280148,17369,4660,2366,2017,4660,2362,2008,96,100,0,501,4806;
@400000005e328bdb2fd6ac6f #d,-,18,4660,2366,2012,125,0,280622,17398,4660,2366,2015,4660,2363,2008,97,100,0,501,4801;
@400000005e328bdd2fe87b42 #d,-,18,4660,2365,2014,126,0,281087,17427,4660,2366,2014,4660,2364,2009,97,100,0,501,4799;
@400000005e328bdd2ff2f666 #d,-,18,4660,2364,2013,127,0,281544,17455,4660,2366,2016,4660,2364,2011,97,100,0,501,4804;
@400000005e328bdf300434de #d,-,18,4660,2364,2012,129,0,281992,17483,4660,2366,2014,4660,2364,2007,97,100,0,501,4804;
@400000005e328bdf300f2dbc #d,-,18,4660,2366,2011,130,0,282669,17525,4660,2367,2015,4660,2364,2009,97,100,0,501,4804;
@400000005e328be13020a5f2 #d,-,18,4660,2367,2010,131,0,282871,17538,4660,2367,2018,4660,2364,2010,97,100,0,501,4804;
@400000005e328be1302b8efc #d,-,18,4661,2366,2017,133,0,283299,17564,4661,2367,2017,4660,2364,2008,96,100,0,501,4806;
@400000005e328be3303cdc5b #d,-,18,4661,2365,2016,134,0,283722,17590,4661,2367,2018,4661,2365,2009,97,100,0,501,4804;
@400000005e328be330478e71 #d,-,18,4661,2365,2015,135,0,284139,17616,4661,2367,2017,4661,2365,2010,96,100,0,501,4808;
@400000005e328be530587eae #d,-,18,4662,2366,2013,136,0,284777,17656,4662,2367,2017,4661,2365,2011,96,100,0,501,4808;
@400000005e328be5306348fc #d,-,18,4662,2367,2014,138,0,285177,17681,4662,2368,2015,4662,2365,2010,96,100,0,501,4808;
@400000005e328be7307467c9 #d,-,18,4663,2368,2013,139,0,285351,17691,4663,2368,2018,4662,2366,2012,96,100,0,501,4808;
@400000005e328be7307ec7eb #d,-,18,4664,2367,2011,140,0,285741,17715,4664,2369,2018,4663,2367,2009,96,100,0,501,4815;
@400000005e328be930902c92 #d,-,18,4664,2368,2012,142,0,286127,17739,4664,2369,2015,4664,2367,2009,97,100,0,501,4806;
@400000005e328be9309af238 #d,-,18,4664,2366,2014,143,0,286727,17777,4664,2369,2017,4664,2366,2011,97,100,0,501,4808;
@400000005e328beb30ac99ed #d,-,18,4665,2367,2015,144,0,286882,17786,4665,2369,2018,4664,2366,2013,96,100,0,501,4815;
@400000005e328beb30b79a3f #d,-,18,4665,2366,2012,146,0,287249,17809,4665,2368,2017,4665,2366,2011,96,100,0,501,4811;
@400000005e328bed30c8ec46 #d,-,18,4665,2367,2012,147,0,287613,17832,4665,2368,2017,4665,2366,2010,96,100,0,501,4811;
@400000005e328bed30d3a216 #d,-,18,4666,2365,2015,148,0,287970,17854,4666,2368,2016,4665,2365,2009,97,100,0,501,4808;
@400000005e328bef30e507ac #d,-,18,4666,2366,2017,149,0,288534,17889,4666,2368,2017,4666,2365,2011,97,100,0,501,4808;
@400000005e328bef30efe49a #d,-,18,4666,2367,2016,151,0,288881,17910,4666,2367,2019,4666,2364,2011,96,100,0,501,4813;
@400000005e328bf131020561 #d,-,18,4666,2367,2012,152,0,289010,17918,4666,2367,2020,4666,2365,2011,96,100,0,501,4811;
@400000005e328bf1310cd722 #d,-,18,4667,2367,2015,153,0,289347,17939,4667,2367,2019,4666,2364,2012,97,100,0,501,4811;
@400000005e328bf3311e0d39 #d,-,18,4667,2366,2015,155,0,289680,17960,4667,2367,2018,4667,2365,2013,97,100,0,501,4811;
@400000005e328bf331294faa #d,-,18,4667,2366,2015,156,0,290008,17980,4667,2366,2019,4667,2364,2013,96,100,0,501,4813;
@400000005e328bf5313b2237 #d,-,18,4667,2364,2016,157,0,290329,18000,4667,2366,2018,4667,2364,2010,97,100,0,501,4811;
@400000005e328bf53145ec84 #d,-,18,4667,2364,2016,159,0,290647,18020,4667,2367,2019,4667,2364,2010,97,100,0,501,4808;
@400000005e328bf7315754e5 #d,-,18,4667,2365,2016,160,0,290961,18039,4667,2367,2020,4667,2364,2012,97,100,0,501,4811;
@400000005e328bf7316206fc #d,-,18,4667,2365,2017,161,1,291270,18058,4667,2367,2018,4667,2364,2010,97,100,0,501,4811;
@400000005e328bf931735549 #d,-,18,4667,2365,2016,162,1,291573,18077,4667,2367,2018,4667,2365,2009,97,100,0,501,4808;
@400000005e328bf9317e1ea8 #d,-,18,4667,2364,2014,164,1,292073,18108,4667,2367,2019,4667,2363,2011,97,100,0,501,4808;
@400000005e328bfb318f70af #d,-,18,4667,2364,2014,165,1,292366,18126,4667,2366,2016,4667,2363,2011,97,100,0,501,4806;
@400000005e328bfb319a2a39 #d,-,18,4666,2365,2019,166,1,292459,18132,4667,2366,2019,4666,2364,2010,97,100,0,501,4806;
@400000005e328bfd31ab7886 #d,-,18,4666,2365,2009,168,1,292747,18150,4666,2366,2020,4666,2364,2009,96,100,0,501,4811;
@400000005e328bfd31b5fb1d #d,-,18,4666,2365,2013,169,1,293030,18167,4666,2367,2018,4666,2364,2008,97,100,0,501,4806;
@400000005e328bff31c73222 #d,-,18,4666,2365,2009,170,1,293502,18197,4666,2367,2016,4666,2364,2009,97,100,0,501,4804;
@400000005e328bff31d1f7c7 #d,-,18,4665,2365,2014,171,1,293777,18214,4666,2367,2015,4665,2365,2009,97,100,0,501,4804;
@400000005e328c0131e2d82f #d,-,18,4665,2365,2016,173,1,293856,18219,4665,2367,2018,4665,2365,2010,97,100,0,501,4808;
@400000005e328c0131ed8a46 #d,-,18,4665,2364,2014,174,1,294125,18235,4665,2367,2019,4665,2363,2009,97,100,0,501,4806;
@400000005e328c033209340d #d,-,18,4664,2364,2013,175,1,294388,18252,4665,2365,2017,4664,2362,2010,97,100,0,501,4804;
@400000005e328c03321f545b #d,-,18,4664,2366,1699,177,1,294561,18262,4664,2366,2016,4664,2362,1699,97,100,0,501,4801;
@400000005e328c053235688d #d,-,18,3936,2364,1672,178,1,294415,18253,4664,2366,1844,3936,2364,1512,93,100,0,501,4216;
@400000005e328c05323f14f0 #d,-,18,3627,2366,1192,178,1,293816,18216,3936,2368,1672,3627,2364,1055,94,100,0,501,3848;
@400000005e328c07324edc15 #d,-,18,2551,2368,1241,179,1,293373,18189,3627,2368,1259,2551,2365,1178,89,100,0,501,2846;
@400000005e328c073258140e #d,-,18,2717,2365,1242,180,1,292760,18151,2717,2368,1242,2551,2364,1231,91,100,0,501,2964;
@400000005e328c09326546e5 #d,-,18,2712,2364,1213,181,1,291946,18100,2717,2366,1254,2712,2363,1171,92,100,0,501,2936;
@400000005e328c09326e4f5e #d,-,18,2708,2364,1212,181,1,291322,18061,2712,2365,1222,2708,2363,1206,92,100,0,501,2929;
@400000005e328c0b327bff01 #d,-,18,2649,2362,1211,182,1,290702,18023,2708,2364,1215,2649,2361,1207,91,100,0,501,2900;
@400000005e328c0b32848aae #d,-,18,2649,2362,1212,183,1,290090,17985,2649,2363,1218,2649,2360,1209,91,100,0,501,2903;
@400000005e328c0d32912881 #d,-,18,2650,2363,1205,184,1,289484,17948,2650,2363,1217,2649,2360,1205,91,100,0,501,2907;
@400000005e328c0d3299df06 #d,-,18,2649,2361,1205,184,1,288880,17910,2650,2363,1208,2649,2360,1202,91,100,0,501,2893;
@400000005e328c0f32a77c08 #d,-,18,2647,2360,1199,185,1,288281,17873,2649,2361,1208,2647,2359,1199,91,100,0,501,2886;
@400000005e328c0f32b01b44 #d,-,18,2644,2360,1202,186,1,287685,17836,2647,2360,1204,2644,2358,1196,92,100,0,501,2872;
@400000005e328c1132bda010 #d,-,18,2642,2360,1205,187,1,287268,17810,2644,2361,1205,2642,2358,1200,91,100,0,501,2877;
@400000005e328c1132c651ec #d,-,18,2640,2358,1194,187,1,286513,17763,2642,2361,1205,2640,2358,1194,91,100,0,501,2879;
@400000005e328c1332d39cfa #d,-,18,2636,2359,1204,188,1,285934,17727,2640,2361,1204,2636,2358,1192,91,100,0,501,2867;
@400000005e328c1332dc820f #d,-,18,2633,2357,1194,189,1,285362,17692,2636,2360,1204,2633,2357,1194,91,100,0,501,2867;
@400000005e328c1532e9fbad #d,-,18,2631,2356,1195,189,1,284794,17657,2633,2358,1201,2631,2356,1190,91,100,0,501,2865;
@400000005e328c1532f27ef9 #d,-,18,2627,2355,1192,190,1,284229,17622,2631,2357,1197,2627,2355,1189,92,100,0,501,2851;
@400000005e328c17330172b5 #d,-,18,2625,2357,1197,191,1,283838,17597,2627,2357,1200,2625,2354,1192,91,100,0,501,2860;
@400000005e328c17330a5411 #d,-,18,2623,2359,1192,192,1,283125,17553,2625,2359,1198,2623,2356,1192,91,100,0,501,2858;
@400000005e328c193317bdda #d,-,18,2620,2362,1189,192,1,282576,17519,2623,2362,1192,2620,2359,1184,91,100,0,501,2853;
@400000005e328c1933204d41 #d,-,18,2616,2362,1193,193,1,282037,17486,2620,2362,1196,2616,2360,1187,91,100,0,501,2848;
@400000005e328c1b332daaef #d,-,18,2614,2361,1189,194,1,281504,17453,2616,2363,1194,2614,2361,1188,91,100,0,501,2858;
@400000005e328c1b333690f3 #d,-,18,2612,2361,1190,195,1,280975,17420,2614,2364,1194,2612,2361,1187,91,100,0,501,2853;
@400000005e328c1d3344294d #d,-,18,2611,2363,1187,195,1,280451,17388,2612,2363,1194,2611,2361,1185,91,100,0,501,2853;
@400000005e328c1d334cb8b4 #d,-,18,2608,2362,1184,196,1,279930,17355,2611,2364,1190,2608,2361,1182,91,100,0,501,2846;
@400000005e328c1f3359e7d1 #d,-,18,2605,2363,1186,197,1,279566,17333,2608,2363,1191,2605,2361,1183,91,100,0,501,2839;
@400000005e328c1f3362d45a #d,-,18,2603,2366,1185,197,1,278903,17292,2605,2366,1192,2603,2362,1182,91,100,0,501,2846;
@400000005e328c2133706187 #d,-,18,2601,2367,1185,198,1,278400,17260,2603,2368,1189,2601,2366,1182,91,100,0,501,2843;
@400000005e328c213378ed34 #d,-,18,2599,2367,1184,199,1,277901,17229,2601,2369,1188,2599,2366,1179,91,100,0,501,2846;
@400000005e328c233385fca7 #d,-,18,2597,2366,1184,200,1,277555,17208,2599,2368,1188,2597,2365,1180,91,100,0,501,2843;
@400000005e328c23338ee664 #d,-,18,2596,2367,1186,200,1,276917,17168,2597,2368,1186,2596,2365,1183,91,100,0,501,2843;
@400000005e328c25339c8278 #d,-,18,2594,2367,1178,201,1,276433,17138,2596,2368,1188,2594,2365,1178,91,100,0,501,2843;
@400000005e328c2533a511df #d,-,18,2593,2368,1188,201,1,275953,17109,2594,2368,1188,2593,2366,1178,91,100,0,501,2841;
@400000005e328c2733b27347 #d,-,18,2591,2366,1180,202,1,275477,17079,2593,2368,1188,2591,2365,1177,91,100,0,501,2841;
@400000005e328c2733bb322d #d,-,18,2590,2368,1184,203,1,275007,17050,2591,2368,1185,2590,2366,1179,91,100,0,501,2839;
@400000005e328c2933c8ae97 #d,-,18,2589,2365,1181,204,1,274541,17021,2590,2368,1189,2589,2365,1179,91,100,0,501,2839;
@400000005e328c2933d142a6 #d,-,18,2587,2369,1178,204,1,274077,16992,2589,2369,1185,2587,2365,1174,91,100,0,501,2839;
@400000005e328c2b33deb79c #d,-,18,2585,2368,1179,205,1,273617,16964,2587,2369,1185,2585,2364,1176,91,100,0,501,2829;
@400000005e328c2b33e76a67 #d,-,18,2583,2368,1174,206,1,273161,16936,2585,2369,1183,2583,2366,1174,91,100,0,501,2834;
@400000005e328c2d33f48d68 #d,-,18,2582,2366,1180,206,1,272712,16908,2583,2368,1184,2582,2365,1174,91,100,0,501,2832;
@400000005e328c2d33fd7e99 #d,-,18,2580,2367,1179,207,1,272266,16880,2582,2368,1184,2580,2365,1173,91,100,0,501,2829;
@400000005e328c2f340b133a #d,-,18,2579,2367,1180,208,1,271825,16853,2580,2369,1183,2579,2366,1176,91,100,0,501,2834;
@400000005e328c2f34139a3f #d,-,18,2578,2367,1181,209,1,271389,16826,2579,2368,1184,2578,2366,1177,90,100,0,501,2834;
@400000005e328c313420e54c #d,-,18,2578,2368,1178,209,1,270958,16799,2578,2368,1183,2578,2366,1175,90,100,0,501,2834;
@400000005e328c313429ce1c #d,-,18,2577,2366,1179,210,1,270663,16781,2578,2368,1180,2577,2366,1175,91,100,0,501,2829;
@400000005e328c3334341e68 #d,-,18,2576,2367,1179,211,1,270106,16746,2577,2369,1183,2576,2366,1176,91,100,0,501,2829;
@400000005e328c33343d26e2 #d,-,18,2577,2367,1557,212,1,269913,16734,2577,2369,1780,2576,2364,1178,90,100,0,501,2836;
@400000005e328c35344cabe7 #d,-,18,3713,2365,1442,213,1,269776,16726,3713,2368,1710,2577,2364,1304,96,100,0,501,3844;
@400000005e328c35345692f7 #d,-,18,3333,2364,2180,214,1,269955,16737,3713,2368,2290,3333,2361,1386,95,100,0,501,3488;
@400000005e328c3734671db0 #d,-,18,4858,2363,2119,215,1,270346,16761,4858,2364,2180,3333,2362,2040,98,100,0,501,4915;
@400000005e328c373471a8a9 #d,-,18,4707,2364,1964,216,1,270738,16785,4858,2365,2119,4707,2362,1900,96,100,0,501,4886;
@400000005e328c3934822fa9 #d,-,18,4555,2361,1977,218,1,270881,16794,4707,2364,1983,4555,2361,1964,96,100,0,501,4702;
@400000005e328c39348cecec #d,-,18,4555,2360,1971,219,1,271150,16811,4555,2363,1981,4555,2360,1969,96,100,0,501,4699;
@400000005e328c3b349c338c #d,-,18,4555,2362,1974,220,1,271417,16827,4555,2362,1976,4555,2360,1970,96,100,0,501,4702;
@400000005e328c3b34a64572 #d,-,18,4556,2359,1977,221,1,271684,16844,4556,2362,1982,4555,2359,1971,96,100,0,501,4702;
@400000005e328c3d34b6721b #d,-,18,4557,2360,1987,223,1,271952,16861,4557,2360,1989,4556,2358,1977,96,100,0,501,4711;
@400000005e328c3d34c0da9f #d,-,18,4559,2358,1985,224,1,272219,16877,4559,2360,1990,4557,2358,1980,96,100,0,501,4721;
@400000005e328c3f34d11e90 #d,-,18,4562,2359,1983,225,1,272483,16894,4562,2359,1989,4559,2357,1980,96,100,0,501,4721;
@400000005e328c3f34dba989 #d,-,18,4564,2357,1990,227,1,272748,16910,4564,2360,1992,4562,2357,1982,96,100,0,501,4723;
@400000005e328c4134ebdda6 #d,-,18,4568,2359,1987,228,1,273013,16926,4568,2360,1996,4564,2357,1986,96,100,0,501,4735;
@400000005e328c4134f5f07b #d,-,18,4571,2359,1992,229,1,273277,16943,4571,2361,1996,4568,2358,1987,96,100,0,501,4740;
@400000005e328c4335059f69 #d,-,18,4575,2362,1987,230,1,273662,16967,4575,2362,1994,4571,2359,1985,96,100,0,501,4742;
@400000005e328c433510789e #d,-,18,4578,2362,1994,232,1,273798,16975,4578,2362,1998,4575,2360,1985,96,100,0,501,4737;
@400000005e328c4535203850 #d,-,18,4581,2361,1996,233,1,274057,16991,4581,2362,1997,4578,2359,1990,96,100,0,501,4749;
@400000005e328c45352ab81c #d,-,18,4584,2359,1991,234,1,274314,17007,4584,2362,1997,4581,2359,1987,96,100,0,501,4751;
@400000005e328c47353b2a9e #d,-,18,4587,2360,2002,235,1,274571,17023,4587,2362,2002,4584,2359,1991,96,100,0,501,4747;
@400000005e328c4735462ea9 #d,-,18,4591,2361,1997,237,1,274826,17039,4591,2362,2003,4587,2360,1993,96,100,0,501,4758;
@400000005e328c493556862a #d,-,18,4594,2362,1996,238,1,275078,17054,4594,2363,2000,4591,2360,1993,96,100,0,501,4756;
@400000005e328c493560ded8 #d,-,18,4596,2363,1998,239,1,275328,17070,4596,2364,1999,4594,2361,1990,96,100,0,501,4756;
@400000005e328c4b356fcb21 #d,-,18,4598,2364,1996,241,1,275577,17085,4598,2365,2000,4596,2362,1991,96,100,0,501,4756;
@400000005e328c4b35799ae8 #d,-,18,4600,2363,1998,242,1,275822,17100,4600,2365,2000,4598,2362,1989,96,100,0,501,4756;
@400000005e328c4d358a09b1 #d,-,18,4602,2364,1997,243,1,276067,17116,4602,2366,2003,4600,2362,1993,96,100,0,501,4754;
@400000005e328c4d35946ac1 #d,-,18,4605,2364,2002,244,1,276315,17131,4605,2366,2006,4602,2363,1997,96,100,0,501,4770;
@400000005e328c4f35a450a2 #d,-,18,4608,2364,1998,246,1,276557,17146,4608,2365,2006,4605,2362,1996,96,100,0,501,4770;
@400000005e328c4f35ae43cd #d,-,18,4611,2362,2001,247,1,276918,17168,4611,2364,2006,4608,2361,1997,96,100,0,501,4768;
@400000005e328c5135be592e #d,-,18,4612,2363,2002,248,1,277037,17176,4612,2364,2006,4611,2361,1996,96,100,0,501,4766;
@400000005e328c5135c87288 #d,-,18,4614,2365,2002,250,1,277275,17191,4614,2366,2005,4612,2363,1996,96,100,0,501,4768;
@400000005e328c5335d8c64e #d,-,18,4616,2365,2003,251,1,277510,17205,4616,2365,2005,4614,2362,1998,96,100,0,501,4770;
@400000005e328c5335e3af57 #d,-,18,4617,2363,1999,252,1,277743,17220,4617,2365,2004,4616,2362,1993,96,100,0,501,4768;
@400000005e328c5535f39539 #d,-,18,4618,2365,2006,253,1,277977,17234,4618,2365,2009,4617,2362,1998,96,100,0,501,4770;
@400000005e328c5535fde674 #d,-,18,4622,2365,2007,255,1,278212,17249,4622,2366,2012,4618,2362,2004,96,100,0,501,4782;
@400000005e328c57360e6c85 #d,-,18,4624,2365,2011,256,1,278445,17263,4624,2366,2013,4622,2364,2001,96,100,0,501,4789;
@400000005e328c573618d14f #d,-,18,4627,2367,2005,257,1,278676,17277,4627,2367,2011,4624,2364,2003,96,100,0,501,4785;
@400000005e328c59362893cc #d,-,18,4629,2364,2006,259,1,279020,17299,4629,2368,2009,4627,2364,1999,96,100,0,501,4787;
@400000005e328c593633658d #d,-,18,4631,2367,2008,260,1,279130,17306,4631,2368,2009,4629,2364,2000,96,100,0,501,4785;
@400000005e328c5b3643eb9e #d,-,18,4632,2368,2004,261,1,279354,17319,4632,2369,2008,4631,2366,2000,96,100,0,501,4785;
@400000005e328c5b364e2d04 #d,-,18,4633,2365,2010,262,1,279577,17333,4633,2369,2011,4632,2365,1998,96,100,0,501,4785;
@400000005e328c5d365ec6a4 #d,-,18,4635,2365,2005,264,1,279798,17347,4635,2368,2010,4633,2365,2001,96,100,0,501,4785;
@400000005e328c5d36694670 #d,-,18,4636,2365,2008,265,1,280016,17361,4636,2366,2010,4635,2364,2003,96,100,0,501,4787;
@400000005e328c5f367986a8 #d,-,18,4636,2366,2009,266,1,280233,17374,4636,2366,2012,4636,2363,2001,96,100,0,501,4782;
@400000005e328c5f3683afd7 #d,-,18,4637,2363,2005,268,1,280449,17387,4637,2367,2011,4636,2363,2002,96,100,0,501,4785;
@400000005e328c6136935841 #d,-,18,4638,2365,2006,269,1,280662,17401,4638,2366,2010,4637,2363,2001,96,100,0,501,4782;
@400000005e328c61369dac47 #d,-,18,4638,2366,2002,270,1,280985,17421,4638,2367,2009,4638,2362,2002,96,100,0,501,4782;
@400000005e328c6336add8f0 #d,-,18,4638,2367,2006,272,1,281084,17427,4638,2367,2011,4638,2364,2001,96,100,0,501,4785;
@400000005e328c6336b82de5 #d,-,18,4639,2365,2003,273,1,281292,17440,4639,2368,2010,4638,2365,2000,96,100,0,501,4785;
@400000005e328c6536c85a8e #d,-,18,4639,2367,2005,274,1,281498,17452,4639,2368,2009,4639,2365,2000,97,100,0,501,4780;
@400000005e328c6536d2e940 #d,-,18,4639,2365,2007,275,1,281703,17465,4639,2368,2010,4639,2365,2001,96,100,0,501,4785;
@400000005e328c6736e325be #d,-,18,4639,2367,2002,277,1,282016,17485,4639,2367,2010,4639,2364,2001,96,100,0,501,4785;
@400000005e328c6736ed95b5 #d,-,18,4639,2366,2019,278,1,282109,17490,4639,2367,2019,4639,2364,2000,97,100,0,501,4780;
@400000005e328c6936fe180d #d,-,18,4642,2365,2008,279,1,282314,17503,4642,2366,2020,4639,2364,2007,96,100,0,501,4799;
@400000005e328c693708ca24 #d,-,18,4643,2363,2016,281,1,282627,17522,4643,2367,2020,4642,2363,2008,96,100,0,501,4799;
@400000005e328c6b3718f313 #d,-,18,4645,2366,2008,282,1,282718,17528,4645,2366,2016,4643,2363,2005,96,100,0,501,4796;
@400000005e328c6b37234360 #d,-,18,4645,2366,2015,283,1,282917,17540,4645,2366,2017,4645,2364,2007,96,100,0,501,4796;
@400000005e328c6d3733a342 #d,-,18,4647,2364,2010,284,1,283224,17559,4647,2366,2015,4645,2364,2004,96,100,0,501,4796;
@400000005e328c6d373e2a81 #d,-,18,4648,2366,2010,286,1,283311,17565,4648,2366,2018,4647,2364,2006,96,100,0,501,4796;
@400000005e328c6f374e7e48 #d,-,18,4649,2367,2017,287,1,283507,17577,4649,2367,2017,4648,2364,2006,96,100,0,501,4796;
@400000005e328c6f3758ce94 #d,-,18,4650,2365,2004,288,1,283807,17596,4650,2367,2017,4649,2364,2004,96,100,0,501,4799;
@400000005e328c713767cab2 #d,-,18,4650,2367,2012,290,1,283891,17601,4650,2368,2014,4650,2365,2004,96,100,0,501,4794;
@400000005e328c713771e141 #d,-,18,4651,2365,2011,291,1,284083,17613,4651,2369,2019,4650,2365,2008,96,100,0,501,4799;
@400000005e328c73378247a8 #d,-,18,4652,2368,2011,292,1,284379,17631,4652,2368,2016,4651,2364,2005,96,100,0,501,4801;
@400000005e328c73378ca410 #d,-,18,4653,2367,2016,293,1,284461,17636,4653,2368,2016,4652,2366,2005,96,100,0,501,4799;
@400000005e328c75379d03f2 #d,-,18,4653,2368,2011,295,1,284647,17648,4653,2368,2016,4653,2366,2008,97,100,0,501,4796;
@400000005e328c7537a74ccb #d,-,18,4654,2367,2012,296,1,284834,17659,4654,2368,2018,4653,2365,2007,96,100,0,501,4804;
@400000005e328c7737b70062 #d,-,18,4654,2368,2007,297,1,285017,17671,4654,2369,2013,4654,2367,2005,96,100,0,501,4799;
@400000005e328c7737c131f3 #d,-,18,4654,2366,2014,299,1,285304,17688,4654,2369,2014,4654,2366,2006,97,100,0,501,4796;
@400000005e328c7937d15dad #d,-,18,4655,2368,2011,300,1,285381,17693,4655,2370,2017,4654,2366,2006,96,100,0,501,4804;
@400000005e328c7937dbd606 #d,-,18,4655,2369,2008,301,1,285562,17704,4655,2369,2017,4655,2367,2007,96,100,0,501,4801;
@400000005e328c7b37ec1db1 #d,-,18,4656,2370,2011,302,1,285845,17722,4656,2370,2014,4655,2367,2006,97,100,0,501,4799;
@400000005e328c7b37f63440 #d,-,18,4656,2367,2009,304,1,285919,17727,4656,2370,2015,4656,2367,2005,96,100,0,501,4801;
@400000005e328c7d38069334 #d,-,18,4657,2367,2014,305,1,286096,17737,4657,2369,2017,4656,2367,2006,96,100,0,501,4804;
@400000005e328c7d3810cff1 #d,-,18,4657,2367,2010,306,1,286374,17755,4657,2369,2015,4657,2365,2008,97,100,0,501,4801;
@400000005e328c7f3820dddf #d,-,18,4657,2368,2014,308,1,286445,17759,4657,2368,2017,4657,2366,2004,97,100,0,501,4801;
@400000005e328c7f382bb713 #d,-,18,4657,2367,2009,309,1,286617,17770,4657,2368,2015,4657,2366,2007,97,100,0,501,4799;
@400000005e328c81383b4fa7 #d,-,18,4657,2367,2016,310,1,286789,17780,4657,2367,2018,4657,2365,2009,97,100,0,501,4799;
@400000005e328c813845ce85 #d,-,18,4658,2368,2012,311,1,286959,17791,4658,2368,2017,4657,2366,2005,96,100,0,501,4804;
@400000005e328c8338560749 #d,-,18,4657,2367,2008,313,1,287229,17808,4658,2368,2016,4657,2365,2005,97,100,0,501,4799;
@400000005e328c8338602905 #d,-,18,4657,2366,2019,314,1,287296,17812,4657,2367,2019,4657,2365,2008,97,100,0,501,4799;
@400000005e328c853870a3e9 #d,-,18,4658,2366,2009,315,1,287463,17822,4658,2367,2021,4657,2364,2008,96,100,0,501,4804;
@400000005e328c85387b179a #d,-,18,4658,2364,2012,317,1,287629,17833,4658,2366,2019,4658,2364,2008,97,100,0,501,4799;
@400000005e328c87388a1b2b #d,-,18,4657,2364,2013,318,1,287793,17843,4658,2366,2016,4657,2364,2009,97,100,0,501,4799;
@400000005e328c8738942958 #d,-,18,4658,2364,2016,319,1,288057,17859,4658,2366,2019,4657,2363,2011,96,100,0,501,4804;
@400000005e328c8938a4c2f8 #d,-,18,4658,2364,2013,320,1,288119,17863,4658,2366,2018,4658,2363,2008,97,100,0,501,4801;
@400000005e328c8938aee4b4 #d,-,18,4658,2366,2010,322,1,288279,17873,4658,2367,2016,4658,2364,2009,97,100,0,501,4799;
@400000005e328c8b38bec322 #d,-,18,4658,2366,2015,323,2,288440,17883,4658,2367,2017,4658,2365,2009,97,100,0,501,4799;
@400000005e328c8b38c8ab20 #d,-,18,4658,2366,2007,324,2,288599,17893,4658,2367,2019,4658,2365,2007,96,100,0,501,4804;
@400000005e328c8d38d83799 #d,-,18,4658,2365,2016,326,2,288855,17909,4658,2366,2017,4658,2364,2007,97,100,0,501,4799;
@400000005e328c8d38e25954 #d,-,18,4658,2365,2013,327,2,288913,17912,4658,2365,2019,4658,2363,2009,97,100,0,501,4799;
@400000005e328c8f38f2b0d5 #d,-,18,4659,2364,2015,328,2,289068,17922,4659,2365,2019,4658,2362,2010,97,100,0,501,4801;
@400000005e328c8f38fc9b9e #d,-,18,4659,2363,2015,330,2,289321,17937,4659,2365,2020,4659,2362,2009,97,100,0,501,4799;
@400000005e328c91390cf6d8 #d,-,18,4658,2365,2009,331,2,289377,17941,4659,2366,2018,4658,2363,2007,97,100,0,501,4801;
@400000005e328c9139175ba2 #d,-,18,4658,2366,2015,332,2,289529,17950,4658,2366,2016,4658,2364,2007,97,100,0,501,4799;
@400000005e328c9339279f93 #d,-,18,4658,2366,2013,333,2,289777,17966,4658,2366,2020,4658,2363,2009,97,100,0,501,4799;
@400000005e328c9339326cac #d,-,18,4659,2363,2017,335,2,289832,17969,4659,2366,2020,4658,2363,2010,96,100,0,501,4804;
@400000005e328c95394233d1 #d,-,18,4659,2363,2012,336,2,289981,17978,4659,2365,2017,4659,2363,2008,97,100,0,501,4801;
@400000005e328c95394c2342 #d,-,18,4659,2363,2016,337,2,290129,17988,4659,2364,2018,4659,2361,2010,97,100,0,501,4796;
@400000005e328c97395c5ed2 #d,-,18,4659,2362,2023,339,2,290278,17997,4659,2364,2023,4659,2361,2013,97,100,0,501,4801;
@400000005e328c973966bb3a #d,-,18,4659,2362,2014,340,2,290424,18006,4659,2364,2023,4659,2362,2007,96,100,0,501,4804;
@400000005e328c9939771ed6 #d,-,18,4658,2364,2016,341,2,290569,18015,4659,2364,2018,4658,2361,2008,97,100,0,501,4796;
@400000005e328c993981c117 #d,-,18,4658,2363,2013,342,2,290713,18024,4658,2364,2019,4658,2361,2011,97,100,0,501,4796;
@400000005e328c9b3991cf04 #d,-,18,4658,2359,2018,344,2,290952,18039,4658,2363,2020,4658,2359,2010,96,100,0,501,4804;
@400000005e328c9b399c2f26 #d,-,18,4659,2360,2017,345,2,291000,18042,4659,2362,2021,4658,2359,2009,97,100,0,501,4796;
@400000005e328c9d39aba810 #d,-,18,4658,2361,2018,346,2,291141,18050,4659,2362,2020,4658,2360,2012,97,100,0,501,4799;
@400000005e328c9d39b60bec #d,-,18,4659,2358,2017,348,2,291377,18065,4659,2361,2023,4658,2358,2012,97,100,0,501,4801;
@400000005e328c9f39c6486a #d,-,18,4658,2361,2014,349,2,291422,18068,4659,2361,2021,4658,2358,2011,97,100,0,501,4801;
@400000005e328c9f39d098b7 #d,-,18,4659,2360,2021,350,2,291561,18076,4659,2362,2021,4658,2359,2012,97,100,0,501,4801;
@400000005e328ca139e08ab3 #d,-,18,4659,2361,2015,352,2,291700,18085,4659,2362,2022,4659,2359,2012,97,100,0,501,4801;
@400000005e328ca139eae71b #d,-,18,4659,2360,2019,353,2,291931,18099,4659,2362,2021,4659,2359,2011,97,100,0,501,4801;
@400000005e328ca339fc1205 #d,-,18,4659,2361,2013,354,2,291974,18102,4659,2362,2022,4659,2360,2011,97,100,0,501,4799;
@400000005e328ca33a065e98 #d,-,18,4659,2358,2020,355,2,292110,18110,4659,2361,2022,4659,2357,2013,97,100,0,501,4799;
@400000005e328ca53a0ffc14 #d,-,18,4659,2360,2019,357,2,292244,18119,4659,2360,2024,4659,2357,2011,97,100,0,501,4801;
@400000005e328ca53a14b313 #d,-,18,4659,2362,2014,358,2,292378,18127,4659,2362,2020,4659,2359,2012,97,100,0,501,4796;
@400000005e328ca73a2396fa #d,-,18,4659,2362,1747,359,2,292486,18134,4659,2363,2018,4659,2360,1747,97,100,0,501,4799;
@400000005e328ca73a2d1886 #d,-,18,4226,2365,1138,360,2,292475,18133,4659,2367,1969,4226,2360,1138,95,100,0,501,4410;
@400000005e328ca93a3accd0 #d,-,18,3040,2367,1255,361,2,292084,18109,4226,2367,1296,3040,2365,1110,88,100,0,501,3431;
@400000005e328ca93a435c37 #d,-,18,2715,2367,1227,362,2,291781,18090,3040,2368,1260,2715,2365,1220,91,100,0,501,2957;
@400000005e328cab3a509a3b #d,-,18,2711,2366,1214,363,2,291473,18071,2715,2368,1261,2711,2365,1164,91,100,0,501,2957;
@400000005e328cab3a5987b2 #d,-,18,2708,2366,1217,363,2,291165,18052,2711,2368,1222,2708,2365,1209,92,100,0,501,2924;
@400000005e328cad3a673bfd #d,-,18,2702,2366,1208,364,2,290945,18038,2708,2368,1217,2702,2365,1204,92,100,0,501,2912;
@400000005e328cad3a6fd691 #d,-,18,2651,2366,1206,365,2,290545,18013,2702,2368,1212,2651,2366,1205,91,100,0,501,2903;
@400000005e328caf3a7d53e9 #d,-,18,2649,2367,1200,365,2,290234,17994,2651,2370,1209,2649,2366,1199,91,100,0,501,2896;
@400000005e328caf3a860a6d #d,-,18,2647,2369,1201,366,2,289926,17975,2649,2369,1206,2647,2367,1196,91,100,0,501,2884;
@400000005e328cb13a93548c #d,-,18,2645,2368,1196,367,2,289616,17956,2647,2369,1201,2645,2366,1192,91,100,0,501,2881;
@400000005e328cb13a9c45bd #d,-,18,2641,2369,1198,368,2,289308,17937,2645,2369,1202,2641,2365,1194,91,100,0,501,2874;
@400000005e328cb33aa9d6a4 #d,-,18,2638,2369,1190,368,2,288998,17917,2641,2369,1198,2638,2367,1183,91,100,0,501,2870;
@400000005e328cb33ab28881 #d,-,18,2633,2369,1194,369,2,288778,17904,2638,2369,1198,2633,2366,1187,92,100,0,501,2860;
@400000005e328cb53abff24a #d,-,18,2630,2370,1195,370,2,288386,17879,2633,2370,1196,2630,2367,1190,91,100,0,501,2862;
@400000005e328cb53ac8dc07 #d,-,18,2627,2370,1189,371,2,288168,17866,2630,2370,1197,2627,2368,1188,91,100,0,501,2865;
@400000005e328cb73ad68f64 #d,-,18,2625,2371,1189,371,2,287780,17842,2627,2371,1196,2625,2368,1186,91,100,0,501,2862;
@400000005e328cb73adf1ecb #d,-,18,2621,2370,1189,372,2,287478,17823,2625,2371,1192,2621,2369,1183,91,100,0,501,2858;
@400000005e328cb93aec9c23 #d,-,18,2618,2369,1186,373,2,287177,17805,2621,2371,1195,2618,2369,1183,91,100,0,501,2855;
@400000005e328cb93af5899a #d,-,18,2615,2371,1187,373,2,286878,17786,2618,2372,1190,2615,2369,1182,91,100,0,501,2853;
@400000005e328cbb3b034558 #d,-,18,2612,2369,1184,374,2,286580,17767,2615,2372,1191,2612,2369,1183,91,100,0,501,2848;
@400000005e328cbb3b0bcc5d #d,-,18,2610,2371,1188,375,2,286285,17749,2612,2373,1191,2610,2369,1181,91,100,0,501,2858;
@400000005e328cbd3b190796 #d,-,18,2607,2371,1182,376,2,285990,17731,2610,2373,1189,2607,2371,1181,91,100,0,501,2848;
@400000005e328cbd3b21f41e #d,-,18,2605,2373,1182,376,2,285695,17713,2607,2373,1186,2605,2370,1179,91,100,0,501,2851;
@400000005e328cbf3b2fa4b0 #d,-,18,2602,2372,1180,377,2,285402,17694,2605,2374,1187,2602,2371,1177,91,100,0,501,2841;
@400000005e328cbf3b3837d0 #d,-,18,2599,2372,1182,378,2,285111,17676,2602,2372,1187,2599,2369,1178,91,100,0,501,2843;
@400000005e328cc13b45c055 #d,-,18,2597,2372,1181,378,2,284821,17658,2599,2372,1188,2597,2370,1178,91,100,0,501,2841;
@400000005e328cc13b4e7a93 #d,-,18,2595,2372,1183,379,2,284616,17646,2597,2372,1188,2595,2370,1179,91,100,0,501,2843;
@400000005e328cc33b5c3652 #d,-,18,2594,2370,1182,380,2,284248,17623,2595,2372,1188,2594,2369,1178,91,100,0,501,2846;
@400000005e328cc33b64c972 #d,-,18,2592,2369,1180,381,2,283963,17605,2594,2371,1185,2592,2369,1178,91,100,0,501,2839;
@400000005e328cc53b727a03 #d,-,18,2591,2371,1187,381,2,283763,17593,2592,2371,1190,2591,2368,1180,91,100,0,501,2843;
@400000005e328cc53b7b8636 #d,-,18,2590,2369,1180,382,2,283400,17570,2591,2371,1187,2590,2368,1176,91,100,0,501,2846;
@400000005e328cc73b89e224 #d,-,18,2588,2367,1180,383,2,283118,17553,2590,2370,1184,2588,2367,1172,91,100,0,501,2834;
@400000005e328cc73b93095a #d,-,18,2586,2367,1182,383,2,282838,17536,2588,2369,1184,2586,2366,1173,91,100,0,501,2832;
@400000005e328cca0006ab1d #d,-,18,2584,2367,1178,384,2,282559,17518,2586,2368,1183,2584,2366,1175,91,100,0,501,2834;
@400000005e328cca0010a975 #d,-,18,2583,2365,1179,385,2,282282,17501,2584,2367,1185,2583,2365,1175,91,100,0,501,2829;
@400000005e328ccc001f7e75 #d,-,18,2582,2364,1180,386,2,282087,17489,2583,2367,1186,2582,2363,1177,91,100,0,501,2834;
@400000005e328ccc00292365 #d,-,18,2580,2363,1182,386,2,281735,17467,2582,2366,1184,2580,2363,1176,91,100,0,501,2832;
@400000005e328cce00381adb #d,-,18,2580,2364,1183,387,2,281462,17450,2580,2366,1183,2580,2362,1177,91,100,0,501,2832;
@400000005e328cce00428ad2 #d,-,18,2578,2362,1179,388,2,281270,17438,2580,2365,1187,2578,2362,1177,91,100,0,501,2829;
@400000005e328cce004ad45f #d,-,18,2578,2362,1182,388,2,280922,17417,2578,2364,1184,2578,2362,1177,90,100,0,501,2834;
@400000005e328cd000587073 #d,-,18,2576,2361,1173,389,2,280653,17400,2578,2363,1183,2576,2359,1173,91,100,0,501,2825;
@400000005e328cd00061083c #d,-,18,2575,2361,1185,390,2,280463,17388,2576,2363,1185,2575,2360,1170,91,100,0,501,2820;
@400000005e328cd2006e90c1 #d,-,18,2573,2360,1174,391,2,280118,17367,2575,2363,1185,2573,2360,1173,91,100,0,501,2820;
@400000005e328cd200773b2a #d,-,18,2572,2360,1182,391,2,279854,17350,2573,2362,1183,2572,2360,1174,91,100,0,501,2822;
@400000005e328cd40084951e #d,-,18,2571,2361,1178,392,2,279666,17339,2572,2362,1182,2571,2359,1173,91,100,0,501,2820;
@400000005e328cd4008d767a #d,-,18,2570,2362,1178,393,2,279327,17318,2571,2362,1183,2570,2360,1173,91,100,0,501,2820;
@400000005e328cd6009cccef #d,-,18,2569,2363,1736,394,2,279241,17312,2570,2364,1781,2569,2360,1171,91,100,0,501,2820;
@400000005e328cd600a64619 #d,-,18,3579,2362,1445,395,2,279068,17302,3579,2363,1736,2569,2361,1307,97,100,0,501,3659;
@400000005e328cd800b6e81a #d,-,18,3236,2358,2258,396,2,279088,17303,3579,2362,2258,3236,2357,1382,93,100,0,501,3469;
@400000005e328cd800c1642d #d,-,18,4711,2357,2110,397,2,279362,17320,4711,2360,2276,3236,2357,2048,99,100,0,501,4754;
@400000005e328cda00d23106 #d,-,18,4763,2360,1958,398,2,279419,17324,4763,2360,2123,4711,2357,1902,96,100,0,501,4948;
@400000005e328cda00dc3a8b #d,-,18,4559,2360,1977,400,2,279548,17331,4763,2362,1983,4559,2359,1957,97,100,0,501,4687;
@400000005e328cdc00ec6bdc #d,-,18,4557,2361,1977,401,2,279677,17339,4559,2362,1981,4557,2358,1970,97,100,0,501,4697;
@400000005e328cdc00f6df8c #d,-,18,4558,2362,1979,402,2,279806,17348,4558,2363,1984,4557,2360,1971,96,100,0,501,4702;
@400000005e328cde01075982 #d,-,18,4558,2363,1970,403,2,279934,17355,4558,2363,1981,4558,2361,1969,96,100,0,501,4709;
@400000005e328cde0111c206 #d,-,18,4559,2361,1981,404,2,280063,17363,4559,2365,1981,4558,2361,1969,96,100,0,501,4704;
@400000005e328ce00122a26d #d,-,18,4560,2365,1976,406,2,280192,17371,4560,2365,1984,4559,2361,1973,96,100,0,501,4713;
@400000005e328ce0012d1264 #d,-,18,4561,2365,1981,407,2,280321,17379,4561,2366,1984,4560,2362,1974,96,100,0,501,4716;
@400000005e328ce2013d529c #d,-,18,4564,2363,1984,408,2,280451,17387,4564,2366,1989,4561,2363,1978,96,100,0,501,4725;
@400000005e328ce20147f897 #d,-,18,4567,2364,1981,409,2,280581,17396,4567,2366,1990,4564,2363,1981,96,100,0,501,4732;
@400000005e328ce401586fc2 #d,-,18,4570,2365,1986,411,2,280785,17408,4570,2365,1991,4567,2363,1980,96,100,0,501,4732;
@400000005e328ce401629537 #d,-,18,4572,2366,1983,412,2,280840,17412,4572,2366,1989,4570,2363,1980,96,100,0,501,4732;
@400000005e328ce60172f8d3 #d,-,18,4574,2364,1992,413,2,280970,17420,4574,2366,1994,4572,2363,1982,96,100,0,501,4735;
@400000005e328ce6017d7c59 #d,-,18,4578,2363,1989,415,2,281099,17428,4578,2366,1996,4574,2363,1985,96,100,0,501,4742;
@400000005e328ce8018e395c #d,-,18,4580,2363,1989,416,2,281228,17436,4580,2365,1993,4578,2362,1985,96,100,0,501,4744;
@400000005e328ce8019889a9 #d,-,18,4583,2365,1990,417,2,281356,17444,4583,2366,1992,4580,2363,1986,96,100,0,501,4742;
@400000005e328cea01a95ee4 #d,-,18,4585,2366,1988,418,2,281483,17451,4585,2367,1994,4583,2364,1986,96,100,0,501,4744;
@400000005e328cea01b3bf06 #d,-,18,4587,2365,1997,420,2,281612,17459,4587,2367,1997,4585,2364,1985,96,100,0,501,4744;
@400000005e328cec01c406b1 #d,-,18,4590,2367,1995,421,2,281742,17468,4590,2368,2000,4587,2365,1991,96,100,0,501,4756;
@400000005e328cec01ce24b3 #d,-,18,4594,2366,1997,422,2,281871,17476,4594,2368,2000,4590,2365,1993,96,100,0,501,4766;
@400000005e328cee01de74c0 #d,-,18,4597,2367,1994,424,2,281999,17483,4597,2367,1998,4594,2365,1990,96,100,0,501,4763;
@400000005e328cee01e90372 #d,-,18,4600,2365,1998,425,2,282127,17491,4600,2367,2000,4597,2365,1993,96,100,0,501,4761;
@400000005e328cf001f9a1bb #d,-,18,4602,2366,1998,426,2,282326,17504,4602,2368,2001,4600,2364,1993,96,100,0,501,4763;
@400000005e328cf002042540 #d,-,18,4604,2368,1997,427,2,282381,17507,4604,2368,2001,4602,2365,1990,96,100,0,501,4763;
@400000005e328cf2021497c3 #d,-,18,4607,2366,2007,429,2,282509,17515,4607,2368,2007,4604,2366,1995,96,100,0,501,4766;
@400000005e328cf2021f22bc #d,-,18,4610,2368,1998,430,2,282708,17527,4610,2369,2008,4607,2366,1997,96,100,0,501,4777;
@400000005e328cf4022f4bab #d,-,18,4613,2368,2003,431,2,282764,17531,4613,2368,2006,4610,2366,1997,96,100,0,501,4780;
@400000005e328cf402397120 #d,-,18,4615,2367,1995,433,2,282890,17539,4615,2369,2003,4613,2367,1995,96,100,0,501,4775;
@400000005e328cf60249d102 #d,-,18,4617,2367,2000,434,2,283014,17546,4617,2368,2004,4615,2365,1995,96,100,0,501,4773;
@400000005e328cf60254117a #d,-,18,4618,2366,2005,435,2,283140,17554,4618,2367,2005,4617,2365,1995,96,100,0,501,4773;
@400000005e328cf80264f59b #d,-,18,4620,2367,2004,436,2,283265,17562,4620,2368,2010,4618,2365,2000,96,100,0,501,4777;
@400000005e328cf8026eec80 #d,-,18,4624,2365,2009,438,2,283463,17574,4624,2368,2009,4620,2364,2002,96,100,0,501,4787;
@400000005e328cfa027ed709 #d,-,18,4626,2368,2003,439,2,283517,17578,4626,2368,2009,4624,2365,2002,96,100,0,501,4789;
@400000005e328cfa02896e1e #d,-,18,4628,2368,2007,440,2,283642,17585,4628,2369,2011,4626,2366,2002,96,100,0,501,4787;
@400000005e328cfc02992ce1 #d,-,18,4631,2369,2002,442,2,283766,17593,4631,2369,2008,4628,2366,1999,96,100,0,501,4789;
@400000005e328cfc02a356ff #d,-,18,4632,2367,2003,443,2,283959,17605,4632,2369,2009,4631,2366,2001,96,100,0,501,4787;
@400000005e328cfe02b3aac5 #d,-,18,4633,2367,2008,444,2,284012,17608,4633,2369,2011,4632,2366,2001,96,100,0,501,4787;
@400000005e328cfe02bdc7d9 #d,-,18,4635,2367,2002,445,2,284134,17616,4635,2369,2011,4633,2367,2001,96,100,0,501,4789;
@400000005e328d0002ce564c #d,-,18,4636,2369,2005,447,2,284326,17628,4636,2369,2007,4635,2366,1999,96,100,0,501,4787;
@400000005e328d0002d860bf #d,-,18,4636,2369,2003,448,2,284377,17631,4636,2369,2008,4636,2366,1999,96,100,0,501,4785;
@400000005e328d0202e8cbce #d,-,18,4637,2369,2003,449,2,284497,17638,4637,2370,2010,4636,2368,1999,96,100,0,501,4787;
@400000005e328d0202f31861 #d,-,18,4638,2365,2008,451,2,284686,17650,4638,2371,2008,4637,2365,1999,96,100,0,501,4785;
@400000005e328d0403035126 #d,-,18,4638,2366,2004,452,2,284735,17653,4638,2368,2011,4638,2365,2000,96,100,0,501,4785;
@400000005e328d04030db8bb #d,-,18,4639,2367,2006,453,2,284922,17665,4639,2369,2008,4638,2366,2001,97,100,0,501,4782;
@400000005e328d06031df539 #d,-,18,4638,2366,2003,454,2,284970,17668,4639,2368,2008,4638,2366,2001,96,100,0,501,4785;
@400000005e328d0603286ca3 #d,-,18,4639,2365,2011,456,2,285087,17675,4639,2368,2012,4638,2364,2002,97,100,0,501,4782;
@400000005e328d0803390ea5 #d,-,18,4639,2365,2002,457,2,285203,17682,4639,2367,2012,4639,2364,2001,96,100,0,501,4785;
@400000005e328d0803437ae2 #d,-,18,4639,2365,2008,458,2,285319,17689,4639,2366,2010,4639,2364,2002,96,100,0,501,4785;
@400000005e328d0a0353caef #d,-,18,4639,2365,2008,460,2,285434,17696,4639,2366,2012,4639,2364,2003,97,100,0,501,4782;
@400000005e328d0a035ddcd6 #d,-,18,4640,2364,2005,461,2,285550,17704,4640,2367,2011,4639,2364,2003,96,100,0,501,4789;
Lost connection at /opt/powertools/bin/wattsup1 line 220.
	main::failure('Lost connection') called at /opt/powertools/bin/wattsup1 line 271
	main::recv_msg() called at /opt/powertools/bin/wattsup1 line 504
