@400000005e5624933687c794 #v,-,8,2,261786,5,2,4,57,200810261703,0;
@400000005e56249424d87318 #h,-,18,W,V,A,WH,Cost,WH/Mo,Cost/Mo,Wmax,Vmax,Amax,Wmin,Vmin,Amin,PF,DC,PC,Hz,VA;
@400000005e5624942ae67f6d #f,-,48,49,436,1,4775,0,0,65533,0,199,810,237,17949,177,311,4753,4,92217,151,32123,69906,40,694,17008,0,93,1,4659,0,0,65533,0,199,822,242,18484,171,318,5362,2,92206,150,32190,70407,42,536,17029,0,92;
@400000005e5624962af8fe45 #d,-,18,2453,2383,1132,0,0,167282,10371,2453,2383,1139,2451,2382,1132,89,100,0,500,2746;
@400000005e5624982b072341 #d,-,18,2454,2384,1135,1,0,171134,10610,2454,2384,1139,2453,2382,1128,89,100,0,500,2744;
@400000005e5624982b0fc27d #d,-,18,2455,2385,1132,2,0,172743,10710,2455,2385,1136,2454,2384,1128,89,100,0,500,2746;
@400000005e56249a2b1c1e31 #d,-,18,2456,2385,1132,2,0,173605,10763,2456,2385,1135,2455,2384,1129,89,100,0,500,2742;
@400000005e56249a2b24b50b #d,-,18,2457,2384,1130,3,0,174180,10799,2457,2385,1137,2456,2384,1128,89,100,0,500,2744;
@400000005e56249c2b31ec8a #d,-,18,2458,2385,1130,4,0,174556,10822,2458,2385,1135,2457,2384,1128,89,100,0,500,2744;
@400000005e56249c2b3a871e #d,-,18,2458,2383,1132,4,0,174851,10840,2458,2385,1137,2458,2383,1129,89,100,0,500,2742;
@400000005e56249e2b47bdae #d,-,18,2459,2383,1130,5,0,175043,10852,2459,2384,1135,2458,2383,1129,89,100,0,500,2744;
@400000005e56249e2b505930 #d,-,18,2459,2386,1134,6,0,175209,10862,2459,2386,1137,2459,2383,1128,89,100,0,500,2744;
@400000005e5624a02b5d12f5 #d,-,18,2458,2385,1128,6,0,175275,10867,2459,2386,1134,2458,2385,1126,89,100,0,500,2739;
@400000005e5624a02b65f450 #d,-,18,2458,2385,1132,7,0,175355,10872,2458,2385,1133,2458,2382,1127,89,100,0,500,2739;
@400000005e5624a22b734e44 #d,-,18,2457,2384,1129,8,0,175410,10875,2458,2386,1133,2457,2384,1126,89,100,0,500,2734;
@400000005e5624a22b7be9c7 #d,-,18,2457,2386,1131,8,0,176756,10958,2457,2386,1133,2457,2384,1126,89,100,0,500,2739;
@400000005e5624a42b88ed1e #d,-,18,2456,2386,1130,9,0,175489,10880,2457,2386,1132,2456,2383,1126,89,100,0,500,2737;
@400000005e5624a42b91bf93 #d,-,18,2456,2384,1126,10,0,175515,10881,2456,2386,1134,2456,2384,1125,89,100,0,500,2737;
@400000005e5624a62b9ea075 #d,-,18,2455,2387,1131,10,0,175539,10883,2456,2387,1132,2455,2384,1124,89,100,0,500,2732;
@400000005e5624a62ba74ade #d,-,18,2455,2386,1129,11,0,175568,10885,2455,2387,1133,2455,2385,1126,89,100,0,500,2739;
@400000005e5624a82bb48616 #d,-,18,2454,2385,1132,12,0,175602,10887,2455,2387,1136,2454,2385,1127,89,100,0,500,2739;
@400000005e5624a82bbd2464 #d,-,18,2455,2387,1132,13,0,175632,10889,2455,2387,1134,2454,2385,1127,89,100,0,500,2742;
@400000005e5624aa2bca7a9e #d,-,18,2455,2385,1127,13,0,175666,10891,2455,2387,1135,2455,2384,1125,89,100,0,500,2742;
@400000005e5624aa2bd30a05 #d,-,18,2455,2387,1133,14,0,176512,10943,2455,2387,1133,2455,2384,1123,89,100,0,500,2739;
@400000005e5624ac2be05424 #d,-,18,2455,2385,1126,15,0,176498,10942,2455,2387,1134,2455,2384,1125,89,100,0,500,2734;
@400000005e5624ac2be92a53 #d,-,18,2455,2385,1135,15,0,176491,10942,2455,2387,1136,2455,2384,1126,89,100,0,500,2739;
@400000005e5624ae2bf655b6 #d,-,18,2455,2386,1130,16,0,175752,10896,2455,2387,1135,2455,2384,1128,89,100,0,500,2739;
@400000005e5624ae2bff2af7 #d,-,18,2455,2384,1134,17,0,175775,10898,2455,2387,1135,2455,2384,1126,89,100,0,500,2742;
@400000005e5624b02c0c4df8 #d,-,18,2455,2385,1129,17,0,175791,10899,2455,2386,1134,2455,2384,1125,89,100,0,500,2737;
@400000005e5624b02c150925 #d,-,18,2455,2383,1126,18,0,175790,10899,2455,2385,1132,2455,2383,1121,89,100,0,500,2737;
@400000005e5624b22c22339a #d,-,18,2454,2383,1126,19,0,175779,10898,2455,2385,1130,2454,2383,1122,89,100,0,500,2727;
@400000005e5624b22c2b482e #d,-,18,2452,2385,1126,19,0,175764,10897,2454,2385,1129,2452,2383,1122,89,100,0,500,2727;
@400000005e5624b42c38b1f8 #d,-,18,2451,2383,1121,20,0,175735,10895,2452,2385,1128,2451,2383,1121,89,100,0,500,2727;
@400000005e5624b42c41415f #d,-,18,2449,2385,1126,21,0,175709,10893,2451,2385,1133,2449,2382,1118,90,100,0,500,2718;
@400000005e5624b62c4e19df #d,-,18,2449,2383,1123,21,0,175697,10893,2449,2385,1131,2449,2383,1118,89,100,0,500,2732;
@400000005e5624b62c5751d7 #d,-,18,2447,2385,1128,22,0,175677,10892,2449,2385,1128,2447,2383,1119,89,100,0,500,2720;
@400000005e5624b82c646504 #d,-,18,2446,2382,1121,23,0,175647,10890,2447,2385,1128,2446,2382,1121,89,100,0,500,2723;
@400000005e5624b82c6ca62f #d,-,18,2445,2382,1290,23,0,175751,10896,2446,2384,1290,2445,2382,1121,89,100,0,500,2720;
@400000005e5624ba2c7a2fa3 #d,-,18,3100,2381,1353,24,0,177952,11033,3100,2382,1756,2445,2380,1290,95,100,0,500,3253;
@400000005e5624ba2c83089d #d,-,18,3343,2379,1592,25,0,179806,11148,3343,2382,1773,3100,2379,1167,95,100,0,500,3514;
@400000005e5624bc2c911a0a #d,-,18,3587,2380,1549,26,0,181911,11278,3587,2381,1627,3343,2378,1546,93,100,0,500,3825;
@400000005e5624bc2c9a1756 #d,-,18,3592,2379,1561,27,0,183909,11402,3592,2380,1612,3587,2378,1549,94,100,0,500,3820;
@400000005e5624be2ca89e1b #d,-,18,3597,2381,1597,28,0,185805,11519,3597,2381,1605,3592,2378,1543,94,100,0,500,3808;
@400000005e5624be2cb1d8df #d,-,18,3600,2379,1602,29,0,187599,11631,3600,2381,1604,3597,2378,1557,94,100,0,500,3810;
@400000005e5624c02cc05831 #d,-,18,3602,2380,1601,30,0,189312,11737,3602,2380,1612,3600,2376,1544,94,100,0,500,3803;
@400000005e5624c02cc91629 #d,-,18,3605,2378,1583,31,0,191374,11865,3605,2380,1601,3602,2378,1556,94,100,0,500,3822;
@400000005e5624c22cd6fcbf #d,-,18,3608,2380,1577,32,0,192485,11934,3608,2380,1605,3605,2378,1552,94,100,0,500,3818;
@400000005e5624c22cdfcf34 #d,-,18,3611,2380,1593,33,0,193987,12027,3611,2380,1601,3608,2378,1565,94,100,0,500,3808;
@400000005e5624c42cedf075 #d,-,18,3614,2379,1592,34,0,195441,12117,3614,2380,1599,3611,2379,1584,94,100,0,500,3818;
@400000005e5624c42cf6e91a #d,-,18,3618,2380,1585,35,0,196830,12203,3618,2380,1600,3614,2378,1582,94,100,0,500,3832;
@400000005e5624c62d04c74d #d,-,18,3620,2380,1586,36,0,198152,12285,3620,2380,1598,3618,2378,1572,94,100,0,500,3825;
@400000005e5624c62d0dc0e0 #d,-,18,3620,2378,1576,37,0,199831,12389,3620,2380,1602,3620,2377,1570,95,100,0,500,3810;
@400000005e5624c82d1c727c #d,-,18,3623,2380,1594,38,0,201062,12465,3623,2380,1610,3620,2377,1573,94,100,0,500,3829;
@400000005e5624c82d25a987 #d,-,18,3627,2377,1604,39,0,201865,12515,3627,2380,1612,3623,2377,1580,94,100,0,500,3829;
@400000005e5624ca2d33d32a #d,-,18,3630,2379,1611,40,0,203002,12586,3630,2379,1612,3627,2377,1570,94,100,0,500,3834;
@400000005e5624ca2d3b1616 #d,-,18,3630,2378,1599,42,0,204097,12654,3630,2379,1613,3630,2377,1571,94,100,0,500,3825;
@400000005e5624cc2d4a30f0 #d,-,18,3632,2379,1563,43,0,205135,12718,3632,2379,1610,3630,2377,1562,94,100,0,500,3832;
@400000005e5624cc2d53ab08 #d,-,18,3630,2379,1571,44,0,206124,12779,3632,2380,1624,3630,2379,1534,95,100,0,500,3813;
@400000005e5624ce2d61dc1f #d,-,18,3632,2378,1603,45,0,207120,12841,3632,2379,1621,3630,2377,1558,95,100,0,500,3822;
@400000005e5624ce2d6b26b8 #d,-,18,3634,2378,1610,46,0,208062,12899,3634,2379,1615,3632,2378,1553,94,100,0,500,3827;
@400000005e5624d02d79cd28 #d,-,18,3634,2380,1601,47,0,208979,12956,3634,2380,1617,3634,2378,1569,95,100,0,500,3818;
@400000005e5624d02d82d5a1 #d,-,18,3636,2378,1584,48,0,209886,13012,3636,2380,1624,3634,2378,1578,94,100,0,500,3839;
@400000005e5624d22d90b3d5 #d,-,18,3641,2379,1615,49,0,210798,13069,3641,2379,1622,3636,2378,1584,94,100,0,500,3860;
@400000005e5624d22d9c67e5 #d,-,18,3697,2380,1609,50,0,212038,13146,3697,2380,1618,3641,2378,1609,95,100,0,500,3874;
@400000005e5624d42dade10a #d,-,18,3696,2377,1610,51,0,212882,13198,3697,2380,1615,3696,2377,1600,95,100,0,500,3879;
@400000005e5624d42db789b3 #d,-,18,3695,2379,1609,52,0,213377,13229,3696,2379,1618,3695,2377,1606,95,100,0,500,3877;
@400000005e5624d62dc73d49 #d,-,18,3695,2377,1617,53,0,214184,13279,3695,2379,1618,3695,2376,1604,95,100,0,500,3877;
@400000005e5624d62dd0f120 #d,-,18,3695,2377,1617,54,0,214960,13327,3695,2378,1626,3695,2376,1594,95,100,0,500,3874;
@400000005e5624d82de0b845 #d,-,18,3694,2376,1612,55,0,215719,13374,3695,2378,1618,3694,2375,1607,95,100,0,500,3874;
@400000005e5624d82dea4d60 #d,-,18,3695,2378,1605,56,0,216449,13419,3695,2378,1619,3694,2376,1605,95,100,0,500,3879;
@400000005e5624da2dfa37e9 #d,-,18,3695,2376,1618,57,0,217175,13464,3695,2378,1626,3695,2376,1605,95,100,0,500,3879;
@400000005e5624da2e047d09 #d,-,18,3696,2378,1620,58,0,217877,13508,3696,2378,1624,3695,2376,1608,95,100,0,500,3886;
@400000005e5624dc2e14864e #d,-,18,3697,2376,1624,59,0,218558,13550,3697,2378,1624,3696,2375,1603,95,100,0,500,3884;
@400000005e5624dc2e1e3ecc #d,-,18,3697,2376,1625,60,0,219531,13610,3697,2378,1633,3697,2375,1602,95,100,0,500,3879;
@400000005e5624de2e2e3fb0 #d,-,18,3698,2377,1619,61,0,220171,13650,3698,2377,1627,3697,2375,1605,95,100,0,500,3889;
@400000005e5624de2e37f0bb #d,-,18,3699,2377,1616,62,0,220493,13670,3699,2378,1622,3698,2377,1606,95,100,0,500,3886;
@400000005e5624e02e46f092 #d,-,18,3699,2378,1599,63,0,221098,13708,3699,2378,1623,3699,2376,1595,95,100,0,500,3889;
@400000005e5624e02e51310a #d,-,18,3699,2376,1583,64,0,221688,13744,3699,2378,1634,3699,2376,1583,95,100,0,500,3882;
@400000005e5624e22e614ecc #d,-,18,3698,2377,1601,65,0,222261,13780,3699,2378,1633,3698,2376,1582,95,100,0,500,3874;
@400000005e5624e22e6b646d #d,-,18,3698,2375,1623,66,0,222828,13815,3698,2378,1633,3698,2375,1589,95,100,0,500,3872;
@400000005e5624e42e7b42da #d,-,18,3700,2376,1630,67,0,223387,13850,3700,2376,1635,3698,2375,1605,95,100,0,500,3891;
@400000005e5624e42e84f2f7 #d,-,18,3700,2375,1633,68,0,223921,13883,3700,2376,1633,3700,2375,1594,95,100,0,500,3886;
@400000005e5624e62e93d7cd #d,-,18,3698,2373,1618,69,0,224425,13914,3700,2376,1639,3698,2373,1575,95,100,0,500,3872;
@400000005e5624e62e9d7549 #d,-,18,3699,2375,1627,70,0,225224,13963,3699,2375,1643,3698,2373,1587,95,100,0,500,3889;
@400000005e5624e82ead53b7 #d,-,18,3702,2374,1617,71,0,225733,13995,3702,2375,1631,3699,2373,1617,94,100,0,500,3901;
@400000005e5624e82eb7423a #d,-,18,3704,2376,1620,72,0,226226,14026,3704,2376,1630,3702,2373,1611,95,100,0,500,3898;
@400000005e5624ea2ec73c98 #d,-,18,3705,2374,1617,73,0,226432,14038,3705,2376,1628,3704,2373,1615,95,100,0,500,3893;
@400000005e5624ea2ed12b1b #d,-,18,3706,2374,1625,74,0,226906,14068,3706,2376,1631,3705,2373,1610,95,100,0,500,3891;
@400000005e5624ec2ee120d1 #d,-,18,3706,2376,1625,75,0,227366,14096,3706,2376,1636,3706,2374,1607,95,100,0,500,3889;
@400000005e5624ec2eeae56b #d,-,18,3707,2375,1620,76,0,227811,14124,3707,2376,1628,3706,2374,1613,95,100,0,500,3898;
@400000005e5624ee2efb05f9 #d,-,18,3707,2375,1613,77,0,228246,14151,3707,2376,1632,3707,2374,1609,95,100,0,500,3889;
@400000005e5624ee2f04f47b #d,-,18,3707,2375,1610,78,0,228669,14177,3707,2376,1631,3707,2374,1606,95,100,0,500,3893;
@400000005e5624f02f14d3d8 #d,-,18,3707,2376,1618,79,0,229090,14203,3707,2376,1628,3707,2373,1609,95,100,0,500,3889;
@400000005e5624f02f1e803b #d,-,18,3709,2374,1619,80,0,229752,14244,3709,2376,1626,3707,2373,1610,95,100,0,500,3893;
@400000005e5624f22f2df925 #d,-,18,3709,2375,1621,82,0,229902,14253,3709,2375,1627,3709,2373,1615,95,100,0,500,3889;
@400000005e5624f22f38f5bd #d,-,18,3709,2375,1625,83,0,230299,14278,3709,2376,1630,3709,2375,1616,95,100,0,500,3896;
@400000005e5624f42f4996d0 #d,-,18,3710,2373,1626,84,0,230691,14302,3710,2375,1634,3709,2373,1619,95,100,0,500,3898;
@400000005e5624f42f53e452 #d,-,18,3712,2374,1621,85,0,231068,14326,3712,2375,1634,3710,2373,1614,95,100,0,500,3903;
@400000005e5624f62f6354da #d,-,18,3711,2374,1610,86,0,231432,14348,3712,2375,1625,3711,2373,1610,95,100,0,500,3893;
@400000005e5624f62f6d285b #d,-,18,3711,2375,1623,87,0,231798,14371,3711,2376,1628,3711,2373,1610,95,100,0,500,3889;
@400000005e5624f82f7d74ae #d,-,18,3711,2374,1621,88,0,232152,14393,3711,2376,1631,3711,2374,1617,95,100,0,500,3893;
@400000005e5624f82f874475 #d,-,18,3712,2374,1627,89,0,232501,14415,3712,2376,1630,3711,2374,1619,95,100,0,500,3896;
@400000005e5624fa2f974dba #d,-,18,3713,2375,1622,90,0,233076,14450,3713,2375,1629,3712,2374,1619,95,100,0,500,3903;
@400000005e5624fa2fa16bbc #d,-,18,3714,2373,1623,91,0,233182,14457,3714,2375,1629,3713,2373,1617,95,100,0,500,3898;
@400000005e5624fc2fb159ff #d,-,18,3714,2375,1622,92,0,233515,14477,3714,2376,1630,3714,2372,1620,95,100,0,500,3903;
@400000005e5624fc2fbb0a1c #d,-,18,3715,2377,1623,93,0,233840,14498,3715,2378,1629,3714,2375,1616,95,100,0,500,3901;
@400000005e5624fe2fcaffd2 #d,-,18,3715,2378,1624,94,0,234156,14517,3715,2379,1624,3715,2376,1618,95,100,0,500,3898;
@400000005e5624fe2fd4b850 #d,-,18,3716,2379,1626,95,0,234469,14537,3716,2379,1627,3715,2376,1617,95,100,0,500,3898;
@400000005e5625002fe46474 #d,-,18,3716,2376,1620,96,0,234776,14556,3716,2379,1629,3716,2376,1615,95,100,0,500,3901;
@400000005e5625002fee8da3 #d,-,18,3717,2376,1617,97,0,235079,14574,3717,2378,1630,3716,2376,1617,95,100,0,500,3903;
@400000005e5625022ffef4f8 #d,-,18,3717,2378,1613,98,0,235590,14606,3717,2378,1627,3717,2376,1613,95,100,0,500,3903;
@400000005e56250230090325 #d,-,18,3716,2379,1619,99,0,235661,14611,3717,2379,1627,3716,2376,1612,95,100,0,500,3893;
@400000005e5625043019285b #d,-,18,3717,2377,1627,100,0,235946,14628,3717,2379,1630,3716,2375,1613,95,100,0,501,3898;
@400000005e56250430230708 #d,-,18,3716,2374,1632,101,0,236219,14645,3717,2378,1632,3716,2374,1613,95,100,0,501,3893;
@400000005e56250630326137 #d,-,18,3716,2375,1632,102,0,236494,14662,3716,2377,1636,3716,2374,1614,95,100,0,501,3896;
@400000005e562506303caa10 #d,-,18,3716,2378,1616,103,0,236758,14679,3716,2378,1636,3716,2375,1607,95,100,0,500,3903;
@400000005e562508304cfdd7 #d,-,18,3715,2376,1609,104,0,237019,14695,3716,2378,1633,3715,2375,1609,95,100,0,500,3891;
@400000005e56250830574a6a #d,-,18,3715,2378,1621,105,0,237280,14711,3715,2378,1633,3715,2375,1607,95,100,0,500,3896;
@400000005e56250a30678240 #d,-,18,3715,2376,1622,106,0,237531,14726,3715,2378,1624,3715,2375,1611,95,100,0,500,3896;
@400000005e56250a307146d9 #d,-,18,3715,2378,1627,107,0,237782,14742,3715,2378,1629,3715,2376,1610,95,100,0,500,3896;
@400000005e56250c308138d6 #d,-,18,3716,2376,1630,108,0,238030,14757,3716,2378,1630,3715,2376,1611,95,100,0,500,3901;
@400000005e56250c308b2759 #d,-,18,3716,2378,1622,109,0,238270,14772,3716,2379,1630,3716,2376,1614,95,100,0,500,3898;
@400000005e56250e309a9c89 #d,-,18,3716,2377,1627,110,0,238510,14787,3716,2378,1627,3716,2376,1610,95,100,0,500,3898;
@400000005e56250e30a5c3f9 #d,-,18,3716,2379,1616,111,0,238743,14802,3716,2379,1632,3716,2377,1607,95,100,0,500,3901;
@400000005e56251030b5a620 #d,-,18,3716,2378,1614,112,0,238975,14816,3716,2379,1631,3716,2376,1614,95,100,0,500,3898;
@400000005e56251030bf572b #d,-,18,3716,2377,1609,113,0,239202,14830,3716,2380,1626,3716,2377,1609,95,100,0,500,3898;
@400000005e56251230cf77b9 #d,-,18,3716,2379,1613,114,0,239424,14844,3716,2380,1627,3716,2377,1609,95,100,0,500,3896;
@400000005e56251230d995bb #d,-,18,3715,2378,1624,115,0,239643,14857,3716,2380,1627,3715,2378,1608,95,100,0,500,3893;
@400000005e56251430e95927 #d,-,18,3715,2377,1630,116,0,239859,14871,3715,2380,1634,3715,2376,1606,95,100,0,500,3896;
@400000005e56251430f3999e #d,-,18,3716,2378,1625,117,0,240074,14884,3716,2379,1632,3715,2377,1614,95,100,0,500,3905;
@400000005e5625163103cea9 #d,-,18,3716,2375,1620,118,0,240282,14897,3716,2378,1633,3716,2375,1610,95,100,0,500,3901;
@400000005e562516310dcd01 #d,-,18,3717,2376,1622,119,0,240490,14910,3717,2376,1631,3716,2374,1613,95,100,0,500,3901;
@400000005e562518311dd28c #d,-,18,3717,2374,1623,121,0,240695,14923,3717,2376,1629,3717,2374,1612,95,100,0,500,3903;
@400000005e56251831283a21 #d,-,18,3718,2375,1625,122,0,241082,14947,3718,2376,1630,3717,2374,1617,95,100,0,500,3901;
@400000005e56251a313866ca #d,-,18,3718,2377,1631,123,0,241098,14948,3718,2377,1631,3718,2374,1620,95,100,0,500,3903;
@400000005e56251a314259f5 #d,-,18,3719,2375,1622,124,0,241292,14960,3719,2377,1631,3718,2374,1619,95,100,0,500,3908;
@400000005e56251c3151d2df #d,-,18,3718,2376,1625,125,0,241482,14971,3719,2376,1625,3718,2374,1614,95,100,0,500,3893;
@400000005e56251c315bd137 #d,-,18,3718,2374,1625,126,0,241673,14983,3718,2376,1629,3718,2374,1620,95,100,0,500,3898;
@400000005e56251e316b94a3 #d,-,18,3719,2374,1622,127,0,241859,14995,3719,2376,1629,3718,2374,1621,95,100,0,500,3903;
@400000005e56251e31755cf6 #d,-,18,3718,2375,1615,128,0,242040,15006,3719,2376,1632,3718,2374,1614,95,100,0,500,3896;
@400000005e562520318536bc #d,-,18,3718,2376,1620,129,0,242397,15028,3718,2376,1630,3718,2374,1615,95,100,0,500,3901;
@400000005e562520318f262d #d,-,18,3718,2375,1619,130,0,242402,15028,3718,2376,1633,3718,2373,1617,95,100,0,500,3898;
@400000005e562522319edd7e #d,-,18,3719,2373,1626,131,0,242579,15039,3719,2376,1631,3718,2373,1615,95,100,0,501,3901;
@400000005e56252231a912c8 #d,-,18,3718,2374,1629,132,0,242749,15050,3719,2376,1630,3718,2372,1617,95,100,0,501,3898;
@400000005e56252431b94f46 #d,-,18,3718,2374,1628,133,0,242922,15061,3718,2374,1632,3718,2373,1619,95,100,0,501,3898;
@400000005e56252431c368a0 #d,-,18,3718,2374,1631,134,0,243092,15071,3718,2374,1635,3718,2373,1611,95,100,0,500,3898;
@400000005e56252631d36a72 #d,-,18,3718,2375,1626,135,0,243257,15081,3718,2375,1632,3718,2373,1613,95,100,0,500,3903;
@400000005e56252631dd3a39 #d,-,18,3718,2375,1624,136,0,243422,15092,3718,2375,1638,3718,2373,1611,95,100,0,500,3903;
@400000005e56252831ebff64 #d,-,18,3718,2367,1618,137,0,243579,15101,3718,2375,1638,3718,2366,1602,95,100,0,500,3903;
@400000005e56252831f62d3c #d,-,18,3718,2375,1614,138,0,243903,15122,3718,2375,1634,3718,2367,1609,95,100,0,500,3893;
@400000005e56252a32061b7e #d,-,18,3718,2372,1622,139,0,243893,15121,3718,2375,1632,3718,2370,1607,95,100,0,500,3893;
@400000005e56252a32106f85 #d,-,18,3718,2374,1626,140,0,244048,15131,3718,2374,1636,3718,2372,1612,95,100,0,500,3893;
@400000005e56252c32201346 #d,-,18,3717,2372,1638,141,0,244197,15140,3718,2374,1638,3717,2371,1599,95,100,0,500,3893;
@400000005e56252c3229c098 #d,-,18,3715,2373,1633,142,0,244342,15149,3717,2374,1639,3715,2371,1592,95,100,0,500,3889;
@400000005e56252e323a8155 #d,-,18,3715,2373,1609,143,0,244487,15158,3715,2373,1650,3715,2371,1598,95,100,0,500,3896;
@400000005e56252e3244d1a2 #d,-,18,3714,2373,1606,144,0,244632,15167,3715,2374,1643,3714,2372,1606,95,100,0,500,3891;
@400000005e562530325538f7 #d,-,18,3714,2372,1604,145,0,244933,15185,3714,2374,1636,3714,2371,1604,95,100,0,500,3891;
@400000005e562530325f6315 #d,-,18,3714,2374,1621,146,0,244920,15185,3714,2374,1640,3714,2371,1600,95,100,0,500,3893;
@400000005e562532326fba95 #d,-,18,3715,2374,1632,147,0,245063,15193,3715,2374,1641,3714,2371,1607,95,100,0,500,3898;
@400000005e5625323279d035 #d,-,18,3715,2372,1636,148,0,245203,15202,3715,2374,1636,3715,2372,1609,95,100,0,501,3898;
@400000005e562534328a27b6 #d,-,18,3715,2371,1633,149,0,245341,15211,3715,2373,1643,3715,2371,1605,95,100,0,501,3893;
@400000005e56253432941ae0 #d,-,18,3716,2372,1625,150,0,245474,15219,3716,2373,1639,3715,2370,1610,95,100,0,501,3905;
@400000005e56253632a3d231 #d,-,18,3715,2371,1618,151,0,245605,15227,3716,2372,1637,3715,2370,1600,95,100,0,501,3893;
@400000005e56253632aedae4 #d,-,18,3715,2369,1612,153,0,245889,15245,3715,2373,1635,3715,2369,1609,95,100,0,501,3893;
@400000005e56253832bf5120 #d,-,18,3715,2372,1619,154,0,246020,15253,3715,2372,1634,3715,2369,1611,95,100,0,501,3893;
@400000005e56253832c972dc #d,-,18,3716,2373,1625,155,0,245997,15251,3716,2373,1637,3715,2370,1610,95,100,0,501,3896;
@400000005e56253a32d89618 #d,-,18,3716,2372,1625,156,0,246124,15259,3716,2374,1630,3716,2372,1614,95,100,0,501,3896;
@400000005e56253a32e259c3 #d,-,18,3715,2374,1631,157,0,246251,15267,3716,2375,1631,3715,2372,1613,95,100,0,500,3893;
@400000005e56253c32f25422 #d,-,18,3715,2374,1633,158,0,246375,15275,3715,2375,1634,3715,2372,1611,95,100,0,500,3898;
@400000005e56253c32fc105a #d,-,18,3716,2371,1618,159,0,246494,15282,3716,2374,1633,3715,2371,1612,95,100,0,500,3896;
@400000005e56253e330c77af #d,-,18,3715,2371,1622,160,0,246614,15290,3716,2372,1633,3715,2370,1615,95,100,0,500,3889;
@400000005e56253e3316724d #d,-,18,3715,2370,1630,161,1,246884,15306,3715,2372,1634,3715,2370,1622,95,100,0,500,3896;
@400000005e562540332640e6 #d,-,18,3716,2373,1618,162,1,246856,15305,3716,2373,1636,3715,2370,1615,95,100,0,500,3898;
@400000005e56254033301820 #d,-,18,3714,2372,1615,163,1,246971,15312,3716,2373,1640,3714,2371,1609,95,100,0,500,3893;
@400000005e562542333f95b3 #d,-,18,3715,2374,1621,164,1,247087,15319,3715,2374,1638,3714,2371,1607,95,100,0,500,3891;
@400000005e56254233499f37 #d,-,18,3715,2372,1618,165,1,247199,15326,3715,2374,1636,3715,2371,1612,95,100,0,500,3898;
@400000005e56254433593059 #d,-,18,3714,2374,1631,166,1,247311,15333,3715,2374,1635,3714,2371,1604,95,100,0,500,3886;
@400000005e56254433637932 #d,-,18,3715,2371,1633,167,1,247424,15340,3715,2374,1635,3714,2370,1615,95,100,0,500,3903;
@400000005e562546337352f8 #d,-,18,3716,2372,1628,168,1,247536,15347,3716,2374,1634,3715,2371,1621,95,100,0,500,3903;
@400000005e562546337d49dc #d,-,18,3716,2373,1627,169,1,247645,15354,3716,2373,1632,3716,2371,1618,95,100,0,500,3893;
@400000005e562548338cd655 #d,-,18,3716,2370,1626,170,1,247754,15360,3716,2373,1635,3716,2369,1620,95,100,0,500,3901;
@400000005e56254833968ed4 #d,-,18,3716,2372,1632,171,1,247861,15367,3716,2373,1632,3716,2370,1610,95,100,0,500,3896;
@400000005e56254a33a649de #d,-,18,3717,2370,1631,172,1,247969,15374,3717,2373,1633,3716,2370,1619,95,100,0,500,3903;
@400000005e56254a33b0e0f2 #d,-,18,3718,2373,1625,173,1,248076,15380,3718,2373,1631,3717,2370,1619,95,100,0,500,3901;
@400000005e56254c33c0d2ef #d,-,18,3719,2371,1623,174,1,248183,15387,3719,2373,1634,3718,2371,1623,95,100,0,500,3905;
@400000005e56254c33cb047f #d,-,18,3719,2373,1611,175,1,248285,15393,3719,2373,1633,3719,2371,1611,95,100,0,500,3903;
@400000005e56254e33db44b7 #d,-,18,3719,2370,1627,176,1,248388,15400,3719,2373,1638,3719,2370,1610,95,100,0,500,3896;
@400000005e56254e33e56a2d #d,-,18,3719,2371,1623,177,1,248491,15406,3719,2373,1636,3719,2370,1623,95,100,0,500,3903;
@400000005e56255033f5648b #d,-,18,3719,2373,1632,178,1,248592,15412,3719,2374,1633,3719,2371,1616,95,100,0,500,3901;
@400000005e56255033ff5f29 #d,-,18,3720,2372,1628,179,1,248826,15427,3720,2374,1633,3719,2371,1618,95,100,0,500,3903;
@400000005e562552340f167a #d,-,18,3719,2374,1628,180,1,248923,15433,3720,2374,1635,3719,2372,1612,95,100,0,500,3896;
@400000005e5625523418e9fa #d,-,18,3719,2374,1620,181,1,248887,15431,3719,2375,1639,3719,2372,1616,95,100,0,500,3901;
@400000005e5625543429700b #d,-,18,3719,2374,1619,182,1,248982,15436,3719,2375,1640,3719,2373,1609,95,100,0,500,3898;
@400000005e5625543433d88f #d,-,18,3718,2374,1614,183,1,249074,15442,3719,2375,1641,3718,2373,1604,95,100,0,500,3896;
@400000005e56255634441c80 #d,-,18,3718,2375,1619,185,1,249167,15448,3718,2375,1636,3718,2373,1604,95,100,0,500,3898;
@400000005e562556344e8c77 #d,-,18,3718,2372,1630,186,1,249260,15454,3718,2375,1641,3718,2367,1608,95,100,0,500,3896;
@400000005e562558345e250c #d,-,18,3718,2370,1629,187,1,249480,15467,3718,2373,1642,3718,2369,1614,95,100,0,500,3898;
@400000005e5625583469600a #d,-,18,3718,2372,1641,188,1,249570,15473,3718,2372,1641,3718,2369,1614,95,100,0,500,3896;
@400000005e56255a34796595 #d,-,18,3718,2372,1634,189,1,249531,15470,3718,2372,1642,3718,2369,1610,95,100,0,500,3896;
@400000005e56255a34832587 #d,-,18,3718,2370,1625,190,1,249620,15476,3718,2372,1641,3718,2370,1615,95,100,0,500,3898;
@400000005e56255c349374a6 #d,-,18,3718,2372,1614,191,1,249706,15481,3718,2372,1637,3718,2370,1606,95,100,0,500,3903;
@400000005e56255c349d6b8a #d,-,18,3718,2371,1608,192,1,249792,15487,3718,2372,1634,3718,2369,1608,95,100,0,500,3893;
@400000005e56255e34ad49f8 #d,-,18,3718,2370,1620,193,1,249880,15492,3718,2372,1640,3718,2369,1608,95,100,0,500,3893;
@400000005e56255e34b6fb03 #d,-,18,3718,2369,1630,194,1,250089,15505,3718,2372,1638,3718,2369,1612,95,100,0,500,3896;
@400000005e56256034c6cd55 #d,-,18,3718,2370,1634,195,1,250174,15510,3718,2372,1641,3718,2369,1615,95,100,0,500,3893;
@400000005e56256034d0d055 #d,-,18,3717,2370,1631,196,1,250134,15508,3718,2372,1640,3717,2370,1617,95,100,0,501,3901;
@400000005e56256234e087a6 #d,-,18,3717,2372,1628,197,1,250216,15513,3717,2372,1636,3717,2370,1613,95,100,0,501,3898;
@400000005e56256234eaff10 #d,-,18,3718,2372,1627,198,1,250299,15518,3718,2372,1635,3717,2370,1618,95,100,0,501,3898;
@400000005e56256434fb4b63 #d,-,18,3718,2372,1612,199,1,250379,15523,3718,2373,1637,3718,2370,1612,95,100,0,501,3901;
@400000005e56256435058467 #d,-,18,3717,2372,1618,200,1,250579,15535,3718,2372,1637,3717,2369,1612,95,100,0,501,3896;
@400000005e56256635157dd7 #d,-,18,3717,2370,1624,201,1,250539,15533,3717,2372,1638,3717,2370,1613,95,100,0,501,3896;
@400000005e562566352072fc #d,-,18,3718,2370,1633,202,1,250619,15538,3718,2372,1636,3717,2370,1619,95,100,0,501,3896;
@400000005e56256835307026 #d,-,18,3718,2372,1634,203,1,250699,15543,3718,2373,1636,3718,2370,1617,95,100,0,501,3903;
@400000005e562568353b1356 #d,-,18,3719,2372,1637,204,1,250779,15548,3719,2373,1637,3718,2370,1613,95,100,0,501,3903;
@400000005e56256a354c2608 #d,-,18,3719,2371,1629,205,1,250855,15553,3719,2373,1637,3719,2370,1617,95,100,0,501,3901;
@400000005e56256a3557079e #d,-,18,3719,2369,1625,206,1,250931,15557,3719,2372,1637,3719,2369,1618,95,100,0,501,3898;
@400000005e56256c3567e806 #d,-,18,3719,2372,1626,207,1,251007,15562,3719,2372,1641,3719,2369,1614,95,100,0,501,3901;
@400000005e56256c3572e857 #d,-,18,3718,2371,1609,208,1,251077,15566,3719,2372,1633,3718,2370,1606,95,100,0,501,3896;
@400000005e56256e3583e77b #d,-,18,3718,2369,1619,209,1,251152,15571,3718,2372,1636,3718,2369,1609,95,100,0,501,3891;
@400000005e56256e358ee05a #d,-,18,3717,2368,1611,210,1,251222,15575,3718,2370,1637,3717,2367,1611,95,100,0,501,3893;
@400000005e56257035a0b6a0 #d,-,18,3714,2369,1467,211,1,251245,15577,3717,2369,1620,3714,2367,1467,95,100,0,501,3870;
@400000005e56257035abbf53 #d,-,18,3413,2370,1463,212,1,251180,15573,3714,2370,1483,3413,2368,1445,93,100,0,501,3635;
@400000005e56257035b43ee5 #d,-,18,3216,2369,1280,213,1,251004,15562,3413,2371,1463,3216,2368,1254,93,100,0,501,3455;
@400000005e56257235bf567f #d,-,18,2822,2369,1253,214,1,250893,15555,3216,2371,1288,2822,2368,1245,91,100,0,501,3078;
@400000005e56257235c4d885 #d,-,18,2822,2371,1428,215,1,250710,15544,2822,2371,1705,2822,2368,1253,92,100,0,501,3038;
@400000005e56257435d399f7 #d,-,18,3545,2371,1320,215,1,250604,15537,3545,2371,1587,2822,2368,1245,95,100,0,501,3694;
@400000005e56257435dd2b58 #d,-,18,2739,2373,1139,216,1,250289,15517,3545,2373,1326,2739,2369,1092,88,100,0,501,3095;
@400000005e56257635ec9827 #d,-,18,2505,2374,1145,217,1,249972,15498,2739,2374,1166,2505,2371,1134,90,100,0,501,2775;
@400000005e56257635f65907 #d,-,18,2502,2373,1139,217,1,249763,15485,2505,2374,1148,2502,2371,1134,90,100,0,501,2753;
@400000005e56257836057ffc #d,-,18,2498,2375,1137,218,1,249334,15458,2502,2375,1142,2498,2373,1133,90,100,0,501,2746;
@400000005e562578360f4ed5 #d,-,18,2494,2373,1140,219,1,249019,15439,2498,2375,1141,2494,2373,1135,90,100,0,501,2742;
@400000005e56257a361f1240 #d,-,18,2491,2373,1141,220,1,248706,15419,2494,2375,1143,2491,2372,1136,90,100,0,501,2746;
@400000005e56257a3628889f #d,-,18,2488,2372,1137,220,1,248396,15400,2491,2374,1142,2488,2372,1134,90,100,0,501,2744;
@400000005e56257c3637be7b #d,-,18,2485,2373,1138,221,1,248191,15387,2488,2374,1138,2485,2371,1129,90,100,0,501,2739;
@400000005e56257c3641adec #d,-,18,2482,2370,1136,222,1,247883,15368,2485,2373,1142,2482,2370,1132,90,100,0,501,2732;
@400000005e56257e36517158 #d,-,18,2479,2371,1139,222,1,247472,15343,2482,2373,1139,2479,2370,1133,90,100,0,500,2739;
@400000005e56257e365af69d #d,-,18,2477,2371,1132,223,1,247169,15324,2479,2371,1139,2477,2369,1132,90,100,0,500,2737;
@400000005e562580366a5fb3 #d,-,18,2475,2370,1140,224,1,246871,15306,2477,2372,1140,2475,2370,1130,90,100,0,500,2734;
@400000005e5625803673c282 #d,-,18,2473,2372,1131,224,1,246572,15287,2475,2372,1140,2473,2370,1131,90,100,0,500,2734;
@400000005e5625823682644a #d,-,18,2471,2369,1133,225,1,246275,15269,2473,2372,1138,2471,2369,1131,90,100,0,500,2732;
@400000005e562582368c3411 #d,-,18,2469,2371,1134,226,1,245982,15250,2471,2371,1138,2469,2369,1132,90,100,0,500,2730;
@400000005e562584369b3b5c #d,-,18,2467,2368,1131,226,1,245687,15232,2469,2371,1136,2467,2368,1129,90,100,0,500,2732;
@400000005e56258436a4c903 #d,-,18,2464,2370,1133,227,1,245497,15220,2467,2370,1136,2464,2368,1126,90,100,0,500,2720;
@400000005e56258636b391e8 #d,-,18,2462,2367,1131,228,1,245106,15196,2464,2370,1134,2462,2365,1127,90,100,0,500,2723;
@400000005e56258636bcf872 #d,-,18,2460,2369,1130,228,1,244819,15178,2462,2370,1136,2460,2367,1128,90,100,0,500,2720;
@400000005e56258836cc32f6 #d,-,18,2458,2368,1132,229,1,244534,15161,2460,2369,1136,2458,2367,1129,90,100,0,500,2723;
@400000005e56258836d5ff03 #d,-,18,2456,2370,1129,230,1,244251,15143,2458,2370,1134,2456,2368,1129,90,100,0,500,2723;
@400000005e56258a36e55bfd #d,-,18,2455,2370,1131,230,1,243970,15126,2456,2370,1135,2455,2368,1127,90,100,0,500,2723;
@400000005e56258a36eec640 #d,-,18,2453,2370,1126,231,1,243691,15108,2455,2370,1134,2453,2369,1126,90,100,0,500,2720;
Lost connection at /opt/powertools/bin/wattsup1 line 220.
	main::failure('Lost connection') called at /opt/powertools/bin/wattsup1 line 271
	main::recv_msg() called at /opt/powertools/bin/wattsup1 line 504
