@400000005e1438d60676c0ba #v,-,8,2,261786,5,2,4,57,200810261703,0;
@400000005e1438d630659df6 #h,-,18,W,V,A,WH,Cost,WH/Mo,Cost/Mo,Wmax,Vmax,Amax,Wmin,Vmin,Amin,PF,DC,PC,Hz,VA;
@400000005e1438d636759ab1 #f,-,48,32,436,1,4775,0,0,65533,0,199,810,237,17949,177,311,4753,4,92217,151,32123,69906,40,694,17008,0,93,1,4659,0,0,65533,0,199,822,242,18484,171,318,5362,2,92206,150,32190,70407,42,536,17029,0,92;
@400000005e1438d8368b707d #d,-,18,2500,2375,1151,0,0,171737,10647,2500,2376,1151,2499,2375,1148,90,100,0,500,2775;
@400000005e1438da369ce9a1 #d,-,18,2500,2376,1145,1,0,174851,10840,2500,2376,1152,2500,2375,1145,90,100,0,500,2770;
@400000005e1438da36a62465 #d,-,18,2498,2377,1031,2,0,174358,10810,2500,2377,1146,2498,2376,1031,90,100,0,500,2765;
@400000005e1438dc36b39a4a #d,-,18,2308,2376,1121,2,0,173305,10744,2498,2378,1154,2308,2376,1029,88,100,0,500,2616;
@400000005e1438dc36bc3124 #d,-,18,2463,2375,1138,3,0,173946,10784,2463,2376,1139,2308,2375,1121,90,100,0,500,2725;
@400000005e1438de36c973d0 #d,-,18,2463,2375,1136,4,0,174387,10812,2463,2375,1140,2463,2374,1130,89,100,0,500,2742;
@400000005e1438de36d20e64 #d,-,18,2463,2379,1136,4,0,174786,10836,2463,2379,1141,2463,2375,1131,89,100,0,500,2742;
@400000005e1438e036df4d56 #d,-,18,2464,2378,1132,5,0,175039,10852,2464,2379,1139,2463,2377,1129,89,100,0,500,2749;
@400000005e1438e036e7dcbd #d,-,18,2463,2378,1125,6,0,175131,10858,2464,2379,1137,2463,2378,1125,89,100,0,500,2739;
@400000005e1438e236f4adca #d,-,18,2461,2378,1128,6,0,175206,10862,2463,2378,1130,2461,2377,1124,90,100,0,500,2725;
@400000005e1438e236fde5c2 #d,-,18,2460,2379,1127,7,0,175254,10865,2461,2379,1130,2460,2378,1123,90,100,0,500,2727;
@400000005e1438e4370d142b #d,-,18,2459,2378,1130,8,0,175284,10867,2460,2379,1132,2459,2378,1125,90,100,0,500,2725;
@400000005e1438e43716acff #d,-,18,2457,2376,1149,8,0,175362,10872,2459,2380,1149,2457,2376,1124,90,100,0,500,2725;
@400000005e1438e637279121 #d,-,18,3306,2372,2073,10,0,185270,11486,3306,2376,2344,2457,2371,1149,94,100,0,500,3488;
@400000005e1438e6373272b7 #d,-,18,4625,2373,1993,11,0,195114,12097,4625,2374,2098,3306,2372,1987,95,100,0,500,4832;
@400000005e1438e837428f8b #d,-,18,4629,2371,1917,12,0,203012,12586,4629,2374,2059,4625,2371,1889,95,100,0,500,4841;
@400000005e1438e8374c6f27 #d,-,18,4365,2373,1887,13,0,210644,13059,4629,2373,1958,4365,2371,1808,96,100,0,500,4540;
@400000005e1438ea375d6a91 #d,-,18,4435,2375,1910,15,0,216489,13422,4435,2375,1920,4365,2373,1881,97,100,0,500,4569;
@400000005e1438ea37685ec7 #d,-,18,4432,2374,1908,16,0,221735,13747,4435,2375,1915,4432,2374,1901,96,100,0,500,4574;
@400000005e1438ec3779c816 #d,-,18,4432,2370,1914,17,0,226486,14042,4432,2374,1918,4432,2369,1905,96,100,0,500,4578;
@400000005e1438ec378457b7 #d,-,18,4431,2373,1906,18,0,230778,14308,4432,2373,1915,4431,2370,1904,96,100,0,500,4581;
@400000005e1438ee3794d1ad #d,-,18,4430,2374,1914,20,0,233656,14486,4431,2374,1918,4430,2373,1906,96,100,0,500,4576;
@400000005e1438ee379f41a4 #d,-,18,4430,2372,1918,21,0,237305,14712,4430,2374,1920,4430,2371,1910,96,100,0,500,4585;
@400000005e1438f037b1d051 #d,-,18,4432,2372,1917,22,0,240667,14921,4432,2372,1923,4430,2371,1913,96,100,0,500,4595;
@400000005e1438f037bd64b7 #d,-,18,4433,2373,1919,23,0,243769,15113,4433,2373,1923,4432,2371,1913,96,100,0,500,4597;
@400000005e1438f237cdbc38 #d,-,18,4436,2373,1923,24,0,246670,15293,4436,2373,1928,4433,2372,1919,96,100,0,500,4602;
@400000005e1438f237d79f8d #d,-,18,4439,2371,1919,26,0,249342,15459,4439,2373,1925,4436,2371,1916,96,100,0,500,4609;
@400000005e1438f437e7d852 #d,-,18,4440,2372,1925,27,0,251832,15613,4440,2372,1927,4439,2371,1917,96,100,0,500,4604;
@400000005e1438f437f2b8f9 #d,-,18,4443,2373,1933,28,0,254206,15760,4443,2373,1934,4440,2371,1925,96,100,0,500,4616;
@400000005e1438f6380278ab #d,-,18,4446,2372,1925,29,0,256396,15896,4446,2373,1933,4443,2371,1924,96,100,0,500,4623;
@400000005e1438f6380c01ab #d,-,18,4448,2374,1925,31,0,258446,16023,4448,2375,1928,4446,2371,1922,96,100,0,500,4619;
@400000005e1438f838196401 #d,-,18,4449,2379,1218,32,0,258014,15996,4449,2380,1929,4448,2374,930,96,100,0,500,4616;
@400000005e1438f8382221f8 #d,-,18,2511,2378,1145,32,0,255749,15856,4449,2380,1282,2511,2378,1105,84,100,0,500,2986;
@400000005e1438fa382ecbe7 #d,-,18,2514,2378,1158,33,0,253595,15722,2514,2379,1176,2511,2377,1145,89,100,0,500,2803;
@400000005e1438fa38379e5c #d,-,18,2515,2380,1146,34,0,252235,15638,2515,2380,1173,2514,2378,1142,89,100,0,500,2798;
@400000005e1438fc3844d4ed #d,-,18,2513,2378,1147,34,0,249536,15471,2515,2380,1152,2513,2377,1140,90,100,0,500,2775;
@400000005e1438fc384dc176 #d,-,18,2510,2377,1144,35,0,247648,15354,2513,2378,1149,2510,2377,1140,90,100,0,500,2765;
@400000005e1438fe385ba098 #d,-,18,2509,2379,1142,36,0,245851,15242,2510,2379,1148,2509,2376,1138,90,100,0,500,2770;
@400000005e1438fe38643fd4 #d,-,18,2505,2377,1135,36,0,244116,15135,2509,2379,1142,2505,2377,1131,90,100,0,500,2756;
@400000005e14390038714f46 #d,-,18,2502,2378,1134,37,0,242470,15033,2505,2378,1142,2502,2376,1134,90,100,0,500,2753;
@400000005e143900387a6b4e #d,-,18,2496,2378,1133,38,0,240879,14934,2502,2379,1139,2496,2378,1127,91,100,0,500,2742;
@400000005e14390238881f99 #d,-,18,2493,2376,1132,39,0,239371,14841,2496,2378,1138,2493,2375,1129,90,100,0,500,2742;
@400000005e1439023890aa58 #d,-,18,2489,2378,1133,39,0,237918,14750,2493,2378,1137,2489,2376,1127,90,100,0,500,2742;
@400000005e143904389d7038 #d,-,18,2484,2377,1125,40,0,236515,14663,2489,2378,1133,2484,2376,1124,90,100,0,500,2730;
@400000005e14390438a6713e #d,-,18,2480,2377,1125,41,0,235174,14580,2484,2378,1132,2480,2376,1122,90,100,0,500,2730;
@400000005e14390638b3fd7c #d,-,18,2475,2377,1126,41,0,234380,14531,2480,2377,1128,2475,2375,1120,90,100,0,500,2720;
@400000005e14390638bcb7bb #d,-,18,2470,2379,1126,42,0,233131,14454,2475,2379,1130,2470,2377,1122,90,100,0,500,2718;
@400000005e14390838cbeacb #d,-,18,2466,2376,1142,43,0,231455,14350,2470,2379,1142,2466,2376,1121,90,100,0,500,2720;
@400000005e14390838d55155 #d,-,18,3288,2374,2081,44,0,233667,14487,3288,2376,2407,2466,2371,1142,93,100,0,500,3505;
@400000005e14390a38e72f0f #d,-,18,4619,2375,1981,45,0,235245,14585,4619,2375,2108,3288,2374,1981,94,100,0,500,4872;
@400000005e14390a38f279e2 #d,-,18,4675,2373,1919,46,0,236998,14693,4675,2375,2068,4619,2373,1878,96,100,0,500,4860;
@400000005e14390c3902e8ab #d,-,18,4361,2373,1884,48,0,238471,14785,4675,2374,1953,4361,2372,1802,96,100,0,500,4540;
@400000005e14390c390b4d3a #d,-,18,4431,2375,1906,49,0,239947,14876,4431,2375,1917,4361,2373,1880,97,100,0,500,4567;
@400000005e14390e391a77e9 #d,-,18,4428,2372,1901,50,0,241367,14964,4431,2375,1911,4428,2372,1898,97,100,0,500,4564;
@400000005e14390e39248e78 #d,-,18,4427,2372,1918,51,0,242761,15051,4428,2373,1919,4427,2372,1901,96,100,0,500,4574;
@400000005e14391039362a12 #d,-,18,4427,2374,1907,53,0,244093,15133,4427,2374,1918,4427,2372,1903,96,100,0,500,4581;
@400000005e1439103941975b #d,-,18,4428,2374,1911,54,0,245387,15213,4428,2374,1916,4427,2373,1904,96,100,0,500,4581;
@400000005e1439123951c04a #d,-,18,4428,2371,1923,55,0,246648,15292,4428,2374,1923,4428,2370,1906,96,100,0,500,4583;
@400000005e143912395b6cad #d,-,18,4430,2372,1916,56,0,247874,15368,4430,2372,1923,4428,2370,1915,96,100,0,500,4595;
@400000005e143914396bcc8f #d,-,18,4432,2373,1919,57,0,249057,15441,4432,2374,1920,4430,2372,1913,96,100,0,500,4595;
@400000005e1439143975c72d #d,-,18,4434,2372,1920,59,0,250220,15513,4434,2374,1927,4432,2372,1919,96,100,0,500,4604;
@400000005e1439163987b4bc #d,-,18,4437,2374,1922,60,0,251342,15583,4437,2374,1925,4434,2371,1918,96,100,0,500,4612;
@400000005e1439163992c129 #d,-,18,4439,2372,1919,61,0,252425,15650,4439,2375,1925,4437,2371,1914,96,100,0,500,4604;
@400000005e14391839a19270 #d,-,18,4442,2374,1933,62,0,253495,15716,4442,2374,1935,4439,2372,1919,96,100,0,500,4614;
@400000005e14391839aaf098 #d,-,18,4446,2375,1925,64,0,254535,15781,4446,2375,1935,4442,2374,1921,96,100,0,500,4626;
@400000005e14391a39ba883e #d,-,18,4449,2372,1921,65,0,255535,15843,4449,2375,1931,4446,2372,1917,96,100,0,500,4621;
@400000005e14391a39c3a446 #d,-,18,4450,2378,1188,66,0,255387,15834,4450,2379,1928,4449,2372,907,96,100,0,500,4614;
@400000005e14391c39d2e72c #d,-,18,2539,2378,1148,67,0,254343,15769,4450,2378,1306,2539,2377,1095,83,100,0,500,3024;
@400000005e14391c39dcd968 #d,-,18,2539,2376,1155,67,0,253291,15704,2539,2378,1162,2539,2376,1148,90,100,0,500,2801;
@400000005e14391e39ec56fb #d,-,18,2536,2378,1151,68,0,252253,15639,2539,2378,1155,2536,2376,1149,90,100,0,500,2787;
@400000005e14391e39f5d025 #d,-,18,2532,2377,1145,69,0,251237,15576,2536,2379,1153,2532,2377,1144,91,100,0,500,2782;
@400000005e1439203a058c1d #d,-,18,2529,2377,1150,69,0,250244,15515,2532,2378,1151,2529,2377,1144,91,100,0,500,2772;
@400000005e1439203a0ee2d2 #d,-,18,2525,2379,1143,70,0,249274,15455,2529,2379,1151,2525,2377,1143,90,100,0,500,2775;
@400000005e1439223a1e4385 #d,-,18,2520,2377,1141,71,0,248319,15395,2525,2379,1146,2520,2377,1137,91,100,0,500,2768;
@400000005e1439223a284685 #d,-,18,2515,2376,1134,71,0,247698,15357,2520,2378,1141,2515,2376,1130,91,100,0,500,2753;
@400000005e1439243a38018f #d,-,18,2459,2378,1132,72,0,246767,15299,2515,2378,1136,2459,2376,1129,89,100,0,500,2739;
@400000005e1439243a417ba7 #d,-,18,2459,2376,1135,73,0,245861,15243,2459,2378,1138,2459,2375,1130,89,100,0,500,2737;
@400000005e1439263a516da4 #d,-,18,2459,2378,1124,73,0,244966,15187,2459,2378,1137,2459,2375,1124,89,100,0,500,2737;
@400000005e1439263a5ad42d #d,-,18,2457,2379,1132,74,0,243784,15114,2459,2380,1132,2457,2378,1123,90,100,0,500,2725;
@400000005e1439283a69f2c1 #d,-,18,2456,2377,1129,75,0,242941,15062,2457,2379,1134,2456,2376,1127,89,100,0,500,2730;
@400000005e1439283a73fd34 #d,-,18,2456,2379,1129,75,0,242116,15011,2456,2379,1132,2456,2376,1126,89,100,0,500,2730;
@400000005e14392a3a828b6d #d,-,18,2455,2376,1124,76,0,241306,14960,2456,2379,1129,2455,2376,1123,90,100,0,500,2727;
@400000005e14392a3a8bcad9 #d,-,18,2452,2377,1145,77,0,240515,14911,2455,2378,1145,2452,2375,1119,90,100,0,500,2718;
@400000005e14392c3a9ba947 #d,-,18,3300,2372,2039,78,0,241425,14968,3300,2377,2217,2452,2372,1145,95,100,0,500,3443;
@400000005e14392c3aa6405b #d,-,18,4593,2374,1966,79,0,242514,15035,4593,2374,2056,3300,2371,1966,95,100,0,500,4787;
@400000005e14392e3ab42e64 #d,-,18,4594,2374,1890,81,0,243449,15093,4594,2374,2010,4593,2373,1890,96,100,0,500,4768;
@400000005e14392e3abd37cc #d,-,18,4397,2372,1890,82,0,244266,15144,4594,2375,1956,4397,2372,1810,96,100,0,500,4571;
@400000005e1439303accd6e5 #d,-,18,4401,2373,1905,83,0,245093,15195,4401,2374,1918,4397,2372,1889,96,100,0,500,4564;
@400000005e1439303ad72f94 #d,-,18,4403,2370,1906,84,0,246181,15263,4403,2373,1913,4401,2370,1902,96,100,0,500,4569;
@400000005e1439323ae6e32a #d,-,18,4405,2369,1911,86,0,246697,15295,4405,2372,1911,4403,2369,1904,96,100,0,500,4574;
@400000005e1439323af0b6ab #d,-,18,4406,2371,1910,87,0,247470,15343,4406,2371,1912,4405,2369,1903,96,100,0,500,4569;
@400000005e1439343aff97c7 #d,-,18,4408,2370,1914,88,0,248240,15390,4408,2371,1919,4406,2370,1910,96,100,0,500,4578;
@400000005e1439343b09097e #d,-,18,4411,2368,1917,89,0,248985,15437,4411,2370,1918,4408,2368,1903,96,100,0,500,4583;
@400000005e1439363b18b95a #d,-,18,4413,2370,1911,90,0,249717,15482,4413,2370,1919,4411,2368,1902,96,100,0,500,4576;
@400000005e1439363b2324a9 #d,-,18,4416,2367,1919,92,0,250448,15527,4416,2370,1927,4413,2367,1911,96,100,0,500,4588;
@400000005e1439383b321d0e #d,-,18,4419,2368,1925,93,0,251166,15572,4419,2368,1930,4416,2366,1914,96,100,0,500,4595;
@400000005e1439383b3b8ec4 #d,-,18,4422,2365,1923,94,0,251867,15615,4422,2368,1928,4419,2365,1916,96,100,0,500,4597;
@400000005e14393a3b4ab973 #d,-,18,4427,2364,1924,95,0,252820,15674,4427,2366,1933,4422,2364,1923,96,100,0,500,4604;
@400000005e14393a3b54b8ba #d,-,18,4431,2368,1924,97,0,253246,15701,4431,2368,1936,4427,2364,1921,96,100,0,500,4614;
@400000005e14393c3b63cfda #d,-,18,4434,2368,1927,98,0,253909,15742,4434,2368,1932,4431,2367,1917,96,100,0,500,4602;
@400000005e14393c3b6cebe2 #d,-,18,4435,2365,1920,99,0,254557,15782,4435,2368,1929,4434,2365,1917,96,100,0,500,4600;
@400000005e14393e3b79ad1a #d,-,18,4436,2370,1249,100,0,254410,15773,4436,2371,1934,4435,2365,908,96,100,0,500,4602;
@400000005e14393e3b829e4a #d,-,18,2443,2372,1163,101,0,253707,15729,4436,2372,1278,2443,2370,1119,83,100,0,500,2917;
@400000005e1439403b90564f #d,-,18,2517,2371,1152,101,0,252994,15685,2517,2372,1163,2443,2369,1143,90,100,0,500,2784;
@400000005e1439403b98f58b #d,-,18,2516,2373,1153,102,0,252305,15642,2517,2373,1171,2516,2371,1142,90,100,0,500,2784;
@400000005e143943000c7b5e #d,-,18,2513,2374,1144,103,0,251613,15600,2516,2374,1153,2513,2373,1141,90,100,0,500,2770;
@400000005e143943001568d5 #d,-,18,2510,2373,1140,103,0,250940,15558,2513,2374,1171,2510,2372,1140,90,100,0,500,2763;
@400000005e1439450022ddcb #d,-,18,2509,2376,1137,104,0,250270,15516,2510,2376,1151,2509,2372,1136,90,100,0,500,2777;
@400000005e143945002b7d07 #d,-,18,2505,2374,1142,105,0,249605,15475,2509,2376,1143,2505,2373,1135,90,100,0,500,2753;
@400000005e14394700392537 #d,-,18,2501,2375,1138,105,0,248952,15435,2505,2375,1142,2501,2373,1137,90,100,0,500,2749;
@400000005e1439470041ef4a #d,-,18,2499,2373,1137,106,0,248314,15395,2501,2376,1148,2499,2372,1135,90,100,0,500,2753;
@400000005e143949004f4496 #d,-,18,2495,2374,1130,107,0,247897,15369,2499,2374,1137,2495,2372,1130,90,100,0,500,2744;
@400000005e1439490057d8a5 #d,-,18,2490,2374,1127,107,0,247041,15316,2495,2375,1133,2490,2374,1123,91,100,0,500,2732;
@400000005e14394b00650b7c #d,-,18,2485,2370,1131,108,0,246419,15278,2490,2374,1133,2485,2370,1126,91,100,0,500,2723;
@400000005e14394b006dc200 #d,-,18,2480,2373,1125,109,0,245806,15239,2485,2373,1132,2480,2370,1124,91,100,0,500,2725;
@400000005e14394d007acdb9 #d,-,18,2476,2372,1127,109,0,245201,15202,2480,2373,1130,2476,2371,1123,91,100,0,500,2718;
@400000005e14394d0083e9c1 #d,-,18,2472,2373,1128,110,0,244607,15165,2476,2373,1132,2472,2371,1123,90,100,0,500,2718;
@400000005e14394f00945117 #d,-,18,2468,2373,1162,111,0,244028,15129,2472,2374,1162,2468,2372,1124,90,100,0,500,2720;
@400000005e14394f009e56e2 #d,-,18,3339,2369,2073,112,0,244678,15170,3339,2373,2234,2468,2367,1162,96,100,0,500,3476;
@400000005e14395100b185bf #d,-,18,4637,2368,2002,113,0,245434,15216,4637,2370,2083,3339,2367,1974,96,100,0,500,4825;
@400000005e14395100bd6fd4 #d,-,18,4636,2371,1916,115,0,246079,15256,4637,2372,2072,4636,2368,1876,96,100,0,500,4825;
@400000005e14395300cdcfb6 #d,-,18,4365,2372,1885,116,0,246640,15291,4636,2373,1957,4365,2371,1806,96,100,0,500,4533;
@400000005e14395300d70f22 #d,-,18,4437,2372,1907,117,0,247416,15339,4437,2373,1922,4365,2371,1885,97,100,0,500,4574;
@400000005e14395500e67faa #d,-,18,4434,2373,1904,118,0,247979,15374,4437,2374,1909,4434,2372,1902,97,100,0,500,4569;
@400000005e14395500f14196 #d,-,18,4431,2371,1904,119,0,248531,15408,4434,2373,1908,4431,2370,1902,96,100,0,500,4569;
@400000005e14395701044d0f #d,-,18,4429,2371,1910,121,0,249074,15442,4431,2372,1910,4429,2370,1901,96,100,0,500,4567;
@400000005e143957011004d9 #d,-,18,4428,2373,1908,122,0,249421,15464,4429,2374,1917,4428,2371,1904,96,100,0,500,4571;
@400000005e143959011fbfe3 #d,-,18,4428,2373,1916,123,0,249960,15497,4428,2374,1921,4428,2371,1905,96,100,0,500,4583;
@400000005e1439590128fb96 #d,-,18,4429,2373,1916,124,0,250492,15530,4429,2374,1919,4428,2372,1905,96,100,0,500,4583;
@400000005e14395b01390121 #d,-,18,4430,2375,1906,126,0,251015,15562,4430,2375,1923,4429,2373,1906,96,100,0,500,4588;
@400000005e14395b0143ce3a #d,-,18,4431,2373,1921,127,0,251536,15595,4431,2376,1922,4430,2373,1906,96,100,0,500,4593;
@400000005e14395d0156f0fc #d,-,18,4433,2374,1909,128,0,252045,15626,4433,2374,1921,4431,2373,1908,96,100,0,500,4595;
@400000005e14395d016298f1 #d,-,18,4433,2374,1919,129,0,252552,15658,4433,2375,1921,4433,2373,1909,96,100,0,500,4593;
@400000005e14395f0172ca42 #d,-,18,4436,2373,1918,131,0,253053,15689,4436,2375,1923,4433,2372,1915,96,100,0,500,4602;
@400000005e14395f017bf9d9 #d,-,18,4437,2373,1919,132,0,253547,15719,4437,2374,1921,4436,2372,1918,96,100,0,500,4604;
@400000005e143961018ad64d #d,-,18,4439,2376,1920,133,0,254035,15750,4439,2376,1924,4437,2373,1918,96,100,0,500,4604;
@400000005e14396101949285 #d,-,18,4440,2379,1233,134,0,253957,15745,4440,2381,1922,4439,2374,940,96,100,0,500,4609;
@400000005e14396301a4883b #d,-,18,2493,2376,1159,135,0,253438,15713,4440,2379,1263,2493,2376,1115,84,100,0,500,2967;
@400000005e14396301ae508f #d,-,18,2497,2376,1149,135,0,252914,15680,2497,2378,1160,2493,2376,1149,89,100,0,500,2803;
@400000005e14396501be269b #d,-,18,2499,2377,1151,136,0,252397,15648,2499,2377,1155,2497,2375,1149,89,100,0,500,2784;
@400000005e14396501c78d24 #d,-,18,2500,2378,1148,137,0,252060,15627,2500,2378,1151,2499,2377,1144,89,100,0,500,2779;
@400000005e14396701d76f4c #d,-,18,2500,2376,1140,137,0,251369,15584,2500,2379,1152,2500,2375,1140,90,100,0,500,2772;
@400000005e14396701e10820 #d,-,18,2498,2376,1139,138,0,251032,15564,2500,2377,1144,2498,2376,1137,90,100,0,500,2761;
@400000005e14396901f0d3ee #d,-,18,2495,2378,1136,139,0,250347,15521,2498,2379,1141,2495,2376,1131,90,100,0,500,2746;
@400000005e14396901fa5ced #d,-,18,2492,2375,1134,140,0,249842,15490,2495,2379,1139,2492,2375,1131,90,100,0,500,2749;
@400000005e14396b020a37a1 #d,-,18,2488,2375,1134,140,0,249344,15459,2492,2376,1141,2488,2375,1131,90,100,0,500,2739;
@400000005e14396b0213a59e #d,-,18,2486,2377,1135,141,0,248856,15429,2488,2377,1141,2486,2375,1134,90,100,0,500,2751;
@400000005e14396d02237c98 #d,-,18,2484,2374,1127,142,0,248364,15398,2486,2377,1138,2484,2374,1125,90,100,0,500,2742;
@400000005e14396d022d01de #d,-,18,2479,2377,1129,142,0,247877,15368,2484,2377,1133,2479,2374,1124,90,100,0,500,2727;
@400000005e14396f023cfb4e #d,-,18,2475,2375,1131,143,0,247399,15338,2479,2378,1133,2475,2375,1127,90,100,0,500,2730;
@400000005e14396f024698ca #d,-,18,2472,2376,1127,144,0,246924,15309,2475,2377,1131,2472,2375,1126,90,100,0,500,2730;
@400000005e14397102561ce1 #d,-,18,2469,2377,1123,144,0,246453,15280,2472,2378,1131,2469,2376,1122,90,100,0,500,2725;
@400000005e143971025fc1d1 #d,-,18,2464,2375,1169,145,0,245993,15251,2469,2378,1169,2464,2375,1119,90,100,0,500,2713;
@400000005e143973026ef4e2 #d,-,18,3341,2372,2063,146,0,246468,15281,3341,2375,2070,2464,2371,1169,96,100,0,500,3462;
@400000005e1439730278c4a9 #d,-,18,4585,2372,1991,147,0,247190,15325,4585,2373,2066,3341,2372,1980,96,100,0,500,4763;
@400000005e14397502896202 #d,-,18,4584,2372,1871,149,0,247660,15354,4585,2373,2003,4584,2372,1870,96,100,0,500,4749;
@400000005e143975029427a8 #d,-,18,4401,2374,1892,150,0,248094,15381,4584,2374,1937,4401,2372,1851,96,100,0,500,4567;
@400000005e14397702a3bc82 #d,-,18,4404,2374,1906,151,0,248534,15409,4404,2374,1923,4401,2373,1889,96,100,0,500,4571;
@400000005e14397702acfbef #d,-,18,4405,2375,1906,152,0,248967,15435,4405,2375,1909,4404,2374,1900,96,100,0,500,4567;
@400000005e14397902bd300b #d,-,18,4407,2374,1903,154,0,249239,15452,4407,2375,1913,4405,2374,1902,96,100,0,500,4576;
@400000005e14397902c8093f #d,-,18,4408,2373,1909,155,0,249820,15488,4408,2374,1913,4407,2372,1900,96,100,0,500,4569;
@400000005e14397b02d74b37 #d,-,18,4412,2373,1914,156,0,250242,15515,4412,2373,1917,4408,2372,1903,96,100,0,500,4583;
@400000005e14397b02e14a7d #d,-,18,4413,2372,1904,157,0,250503,15531,4413,2373,1916,4412,2372,1901,96,100,0,500,4581;
@400000005e14397d02f110b4 #d,-,18,4414,2372,1915,159,0,250915,15556,4414,2373,1917,4413,2372,1899,96,100,0,500,4576;
@400000005e14397d02fb3ad1 #d,-,18,4417,2375,1915,160,0,251478,15591,4417,2376,1921,4414,2372,1908,96,100,0,500,4588;
@400000005e14397f030ab775 #d,-,18,4421,2376,1916,161,1,251737,15607,4421,2376,1923,4417,2375,1914,96,100,0,500,4597;
@400000005e14397f031507c2 #d,-,18,4424,2375,1912,162,1,252139,15632,4424,2376,1919,4421,2375,1912,96,100,0,500,4602;
@400000005e14398103243ad3 #d,-,18,4426,2374,1923,164,1,252543,15657,4426,2376,1927,4424,2374,1912,96,100,0,500,4597;
@400000005e143981032dfe7e #d,-,18,4430,2374,1924,165,1,252942,15682,4430,2375,1928,4426,2374,1913,96,100,0,500,4607;
@400000005e143983033d11e5 #d,-,18,4432,2374,1915,166,1,253333,15706,4432,2376,1927,4430,2374,1912,96,100,0,500,4609;
@400000005e1439830346364f #d,-,18,4435,2374,1922,167,1,253726,15731,4435,2375,1932,4432,2374,1915,96,100,0,500,4609;
@400000005e14398503530b15 #d,-,18,4010,2377,1152,168,1,253477,15715,4435,2379,1927,4010,2374,882,90,100,0,500,4415;
@400000005e143985035bfc46 #d,-,18,2457,2376,1158,169,1,253043,15688,4010,2378,1185,2457,2376,1080,90,100,0,500,2718;
@400000005e1439870369b804 #d,-,18,2461,2378,1142,169,1,252623,15662,2461,2378,1163,2457,2376,1136,88,100,0,500,2775;
@400000005e14398703724ede #d,-,18,2466,2380,1141,170,1,252200,15636,2466,2380,1147,2461,2377,1137,89,100,0,500,2770;
@400000005e143989037fa8d2 #d,-,18,2468,2379,1148,171,1,251783,15610,2468,2380,1148,2466,2379,1140,89,100,0,500,2763;
@400000005e14398903885f57 #d,-,18,2471,2378,1144,171,1,251372,15585,2471,2379,1149,2468,2378,1141,89,100,0,500,2763;
@400000005e14398b039553c7 #d,-,18,2473,2377,1138,172,1,250958,15559,2473,2378,1146,2471,2377,1135,89,100,0,500,2765;
@400000005e14398b039e64a3 #d,-,18,2473,2377,1138,173,1,250549,15534,2473,2378,1144,2473,2376,1134,89,100,0,500,2749;
@400000005e14398d03abc250 #d,-,18,2473,2377,1129,174,1,250138,15508,2473,2377,1138,2473,2376,1126,89,100,0,500,2751;
@400000005e14398d03b48048 #d,-,18,2470,2377,1136,174,1,249731,15483,2473,2378,1137,2470,2376,1127,90,100,0,500,2732;
@400000005e14398f03c17873 #d,-,18,2469,2378,1130,175,1,249331,15458,2470,2378,1138,2469,2376,1128,90,100,0,500,2739;
@400000005e14398f03ca8d07 #d,-,18,2467,2378,1125,176,1,248929,15433,2469,2378,1131,2467,2377,1119,90,100,0,500,2732;
@400000005e14399103d7f228 #d,-,18,2464,2378,1124,176,1,248530,15408,2467,2378,1129,2464,2377,1122,90,100,0,500,2723;
@400000005e14399103e08dab #d,-,18,2461,2378,1122,177,1,248132,15384,2464,2378,1128,2461,2377,1119,90,100,0,500,2720;
@400000005e14399303f29e9e #d,-,18,2458,2377,1128,178,1,247740,15359,2461,2378,1128,2458,2377,1120,90,100,0,500,2715;
@400000005e14399303fdf0e4 #d,-,18,2455,2379,1122,178,1,247350,15335,2458,2380,1128,2455,2377,1118,90,100,0,500,2718;
@400000005e143995040cbab8 #d,-,18,2454,2374,2213,179,1,247127,15321,2455,2380,2213,2454,2374,1122,90,100,0,500,2723;
@400000005e1439950415fddd #d,-,18,3747,2373,2050,180,1,247540,15347,3747,2376,2222,2454,2372,1892,96,100,0,500,3877;
@400000005e1439970427b479 #d,-,18,4687,2373,2043,182,1,248016,15377,4687,2374,2080,3747,2373,1970,95,100,0,500,4903;
@400000005e1439970432ef78 #d,-,18,4587,2374,1910,183,1,248384,15399,4687,2375,2043,4587,2371,1869,96,100,0,500,4756;
@400000005e14399904442a36 #d,-,18,4391,2374,1913,184,1,248731,15421,4587,2375,1958,4391,2374,1809,96,100,0,500,4538;
@400000005e143999044e571f #d,-,18,4395,2372,1904,185,1,249088,15443,4395,2374,1926,4391,2372,1902,95,100,0,500,4590;
@400000005e14399b045ef567 #d,-,18,4398,2372,1910,187,1,249442,15465,4398,2373,1914,4395,2371,1904,96,100,0,500,4574;
@400000005e14399b0468b19f #d,-,18,4402,2372,1916,188,1,249923,15495,4402,2373,1916,4398,2372,1907,96,100,0,500,4581;
@400000005e14399d047a683b #d,-,18,4405,2373,1907,189,1,250270,15516,4405,2373,1916,4402,2372,1904,96,100,0,500,4581;
@400000005e14399d04861c4c #d,-,18,4408,2374,1915,190,1,250618,15538,4408,2374,1918,4405,2373,1907,96,100,0,500,4583;
@400000005e14399f049616aa #d,-,18,4412,2374,1925,191,1,250838,15551,4412,2375,1925,4408,2374,1911,96,100,0,500,4590;
@400000005e14399f04a01c75 #d,-,18,4416,2374,1908,193,1,251305,15580,4416,2375,1925,4412,2374,1908,96,100,0,500,4597;
@400000005e1439a104b02a62 #d,-,18,4419,2373,1922,194,1,251645,15601,4419,2375,1925,4416,2372,1907,96,100,0,500,4595;
@400000005e1439a104bb3e43 #d,-,18,4422,2374,1922,195,1,251860,15615,4422,2374,1933,4419,2372,1912,96,100,0,500,4600;
@400000005e1439a304cdd81d #d,-,18,4427,2375,1916,196,1,252323,15644,4427,2375,1932,4422,2372,1916,95,100,0,500,4616;
@400000005e1439a304d92e1d #d,-,18,4430,2375,1921,198,1,252531,15656,4430,2376,1923,4427,2375,1916,96,100,0,500,4607;
@400000005e1439a504e9015e #d,-,18,4433,2373,1924,199,1,252864,15677,4433,2375,1927,4430,2373,1916,96,100,0,500,4604;
@400000005e1439a504f2483e #d,-,18,4437,2372,1926,200,1,253196,15698,4437,2373,1931,4433,2371,1920,96,100,0,500,4614;
@400000005e1439a70501867b #d,-,18,4441,2371,1921,201,1,253524,15718,4441,2373,1934,4437,2371,1920,96,100,0,500,4621;
@400000005e1439a7050b6617 #d,-,18,4080,2377,1173,202,1,253345,15707,4441,2379,1931,4080,2371,958,91,100,0,500,4446;
@400000005e1439a9051b4485 #d,-,18,2473,2377,1154,203,1,252989,15685,4080,2378,1173,2473,2377,1116,89,100,0,500,2753;
@400000005e1439a905251806 #d,-,18,2477,2376,1152,203,1,252640,15663,2477,2378,1155,2473,2376,1148,89,100,0,500,2782;
@400000005e1439ab0534fde7 #d,-,18,2481,2377,1150,204,1,252295,15642,2481,2378,1153,2477,2376,1145,89,100,0,500,2782;
@400000005e1439ab053e87d5 #d,-,18,2483,2377,1142,205,1,251947,15620,2483,2378,1151,2481,2377,1141,89,100,0,500,2777;
@400000005e1439ad054db284 #d,-,18,2484,2379,1141,205,1,251599,15599,2484,2379,1145,2483,2377,1135,89,100,0,500,2763;
@400000005e1439ad055779e9 #d,-,18,2482,2379,1133,206,1,251250,15577,2484,2380,1142,2482,2379,1130,90,100,0,500,2753;
@400000005e1439af0567549d #d,-,18,2481,2379,1136,207,1,250906,15556,2482,2379,1143,2481,2379,1133,90,100,0,500,2749;
@400000005e1439af0570e5fe #d,-,18,2480,2377,1138,208,1,250566,15535,2481,2379,1141,2480,2377,1133,90,100,0,500,2751;
@400000005e1439b10580df6e #d,-,18,2479,2378,1134,208,1,250228,15514,2480,2378,1141,2479,2377,1133,90,100,0,500,2751;
@400000005e1439b1058a5213 #d,-,18,2477,2377,1135,209,1,249890,15493,2479,2379,1136,2477,2377,1127,90,100,0,500,2744;
@400000005e1439b30599ab53 #d,-,18,2475,2378,1131,210,1,249553,15472,2477,2379,1135,2475,2377,1127,90,100,0,500,2739;
@400000005e1439b305a39e7e #d,-,18,2473,2379,1131,210,1,249220,15451,2475,2379,1137,2473,2377,1125,90,100,0,500,2737;
@400000005e1439b505b3a409 #d,-,18,2471,2379,1127,211,1,248887,15431,2473,2380,1134,2471,2379,1125,90,100,0,500,2734;
@400000005e1439b505bd2d08 #d,-,18,2468,2377,1126,212,1,248554,15410,2471,2379,1131,2468,2377,1120,90,100,0,500,2727;
@400000005e1439b705ccf074 #d,-,18,2465,2378,1129,212,1,248227,15390,2468,2379,1132,2465,2377,1123,90,100,0,500,2723;
@400000005e1439b705d740c1 #d,-,18,2463,2373,2025,213,1,248079,15380,2465,2379,2037,2463,2373,1125,90,100,0,500,2725;
@400000005e1439b905e66c5e #d,-,18,3916,2373,2017,214,1,248427,15402,3916,2375,2065,2463,2373,1844,97,100,0,500,4000;
@400000005e1439b905f05e9a #d,-,18,4673,2373,1909,216,1,248903,15431,4673,2374,2055,3916,2373,1902,96,100,0,500,4846;
@400000005e1439bb0600a28c #d,-,18,4513,2376,1877,217,1,249214,15451,4673,2376,1957,4513,2373,1877,96,100,0,500,4694;
@400000005e1439bb060b744d #d,-,18,4391,2375,1913,218,1,249508,15469,4513,2376,1924,4391,2375,1850,96,100,0,500,4545;
@400000005e1439bd061b2070 #d,-,18,4393,2376,1911,219,1,249699,15481,4393,2376,1914,4391,2375,1898,96,100,0,500,4569;
@400000005e1439bd0624dca8 #d,-,18,4398,2375,1913,221,1,250106,15506,4398,2376,1917,4393,2375,1901,96,100,0,500,4581;
@400000005e1439bf0634744e #d,-,18,4401,2373,1905,222,1,250402,15524,4401,2376,1919,4398,2373,1904,96,100,0,500,4581;
@400000005e1439bf063e7ec1 #d,-,18,4405,2373,1913,223,1,250695,15543,4405,2375,1915,4401,2373,1903,96,100,0,500,4585;
@400000005e1439c1064cf96b #d,-,18,4408,2372,1919,224,1,250988,15561,4408,2373,1919,4405,2372,1908,96,100,0,500,4585;
@400000005e1439c106568713 #d,-,18,4412,2374,1913,226,1,251281,15579,4412,2375,1922,4408,2372,1912,95,100,0,500,4597;
@400000005e1439c306663aa9 #d,-,18,4416,2373,1917,227,1,251463,15590,4416,2375,1918,4412,2373,1913,96,100,0,500,4595;
@400000005e1439c306707c0f #d,-,18,4419,2374,1913,228,1,251750,15608,4419,2374,1919,4416,2373,1909,96,100,0,500,4593;
@400000005e1439c5067fec98 #d,-,18,4422,2374,1924,229,1,252037,15626,4422,2375,1924,4419,2374,1910,96,100,0,500,4595;
@400000005e1439c506898dce #d,-,18,4425,2372,1920,230,1,252326,15644,4425,2374,1931,4422,2372,1914,96,100,0,500,4602;
@400000005e1439c706998384 #d,-,18,4429,2371,1918,232,1,252609,15661,4429,2373,1927,4425,2371,1912,96,100,0,500,4609;
@400000005e1439c706a416df #d,-,18,4432,2371,1923,233,1,252889,15679,4432,2372,1924,4429,2370,1914,96,100,0,500,4600;
@400000005e1439c906b3a358 #d,-,18,4434,2372,1920,234,1,253168,15696,4434,2373,1925,4432,2370,1916,96,100,0,500,4600;
@400000005e1439c906bcedf1 #d,-,18,4436,2373,1778,235,1,253429,15712,4436,2373,1926,4434,2372,1778,96,100,0,500,4604;
@400000005e1439cb06c9cb19 #d,-,18,3359,2376,1181,236,1,253091,15691,4436,2377,1778,3359,2373,900,89,100,0,500,3763;
@400000005e1439cb06d2d392 #d,-,18,2519,2375,1145,237,1,252792,15673,3359,2376,1192,2519,2374,1135,89,100,0,500,2820;
@400000005e1439cd06e07f7b #d,-,18,2520,2375,1151,237,1,252497,15654,2520,2376,1173,2519,2375,1140,90,100,0,500,2798;
@400000005e1439cd06e91655 #d,-,18,2516,2377,1141,238,1,252195,15636,2520,2377,1153,2516,2374,1139,90,100,0,500,2770;
@400000005e1439cf06f6704a #d,-,18,2513,2376,1146,239,1,251898,15617,2516,2377,1148,2513,2376,1140,90,100,0,500,2763;
@400000005e1439cf06ff2b76 #d,-,18,2510,2370,1138,240,1,251599,15599,2513,2376,1147,2510,2368,1138,90,100,0,500,2761;
@400000005e1439d1070cbf28 #d,-,18,2506,2371,1147,240,1,251304,15580,2510,2371,1147,2506,2369,1137,91,100,0,500,2751;
@400000005e1439d107155aab #d,-,18,2503,2371,1129,241,1,251004,15562,2506,2372,1147,2503,2371,1129,90,100,0,500,2751;
@400000005e1439d30722a4ca #d,-,18,2497,2365,1140,242,1,250809,15550,2503,2371,1140,2497,2364,1129,91,100,0,500,2734;
@400000005e1439d3072b5795 #d,-,18,2493,2367,1132,242,1,250512,15531,2497,2370,1142,2493,2363,1129,91,100,0,500,2737;
@400000005e1439d507384492 #d,-,18,2488,2365,1130,243,1,250215,15513,2493,2368,1134,2488,2365,1127,91,100,0,500,2723;
@400000005e1439d507415838 #d,-,18,2483,2365,1130,244,1,249823,15489,2488,2366,1135,2483,2364,1129,91,100,0,500,2723;
@400000005e1439d7074e972a #d,-,18,2479,2364,1133,244,1,249533,15471,2483,2366,1135,2479,2363,1129,91,100,0,500,2723;
@400000005e1439d7075758dc #d,-,18,2475,2367,1129,245,1,249340,15459,2479,2367,1135,2475,2364,1128,90,100,0,500,2723;
@400000005e1439d90769d7b4 #d,-,18,2471,2367,1126,246,1,248952,15435,2475,2369,1131,2471,2367,1123,91,100,0,500,2715;
@400000005e1439d907758451 #d,-,18,2466,2365,1128,246,1,248665,15417,2471,2368,1132,2466,2365,1124,90,100,0,500,2713;
@400000005e1439db07869abd #d,-,18,2462,2360,1974,247,1,248626,15414,2466,2366,2237,2462,2360,1125,90,100,0,500,2711;
@400000005e1439db07904366 #d,-,18,4304,2363,2023,249,1,248944,15434,4304,2363,2102,2462,2360,1892,97,100,0,500,4429;
@400000005e1439dd07a1e762 #d,-,18,4685,2362,1919,250,1,249271,15454,4685,2363,2086,4304,2361,1919,95,100,0,500,4884;
@400000005e1439dd07ace3fa #d,-,18,4529,2361,1830,251,1,249518,15470,4685,2363,1939,4529,2361,1818,96,100,0,500,4687;
@400000005e1439df07bc6458 #d,-,18,4389,2362,1920,252,1,249786,15486,4529,2363,1967,4389,2361,1830,96,100,0,500,4545;
@400000005e1439df07c5d255 #d,-,18,4394,2361,1912,254,1,250046,15502,4394,2363,1923,4389,2361,1910,96,100,0,500,4576;
@400000005e1439e107d69401 #d,-,18,4398,2361,1916,255,1,250303,15518,4398,2362,1922,4394,2361,1912,96,100,0,500,4574;
@400000005e1439e107e00971 #d,-,18,4402,2363,1921,256,1,250560,15534,4402,2363,1922,4398,2361,1909,96,100,0,500,4576;
@400000005e1439e307f00b43 #d,-,18,4405,2365,1916,257,1,250813,15550,4405,2366,1923,4402,2363,1908,96,100,0,500,4576;
@400000005e1439e307fa0d54 #d,-,18,4408,2366,1916,258,1,251066,15566,4408,2367,1925,4405,2365,1908,96,100,0,500,4578;
@400000005e1439e508095f21 #d,-,18,4411,2367,1925,260,1,251319,15581,4411,2367,1926,4408,2366,1909,96,100,0,500,4581;
@400000005e1439e50812d1c6 #d,-,18,4415,2365,1924,261,1,251571,15597,4415,2368,1930,4411,2364,1919,96,100,0,500,4595;
@400000005e1439e70824cf2a #d,-,18,4419,2365,1922,262,1,251917,15618,4419,2366,1931,4415,2364,1917,96,100,0,500,4602;
@400000005e1439e7083086f4 #d,-,18,4423,2368,1931,263,1,252169,15634,4423,2368,1931,4419,2365,1917,96,100,0,500,4600;
@400000005e1439e90841c926 #d,-,18,4427,2369,1924,265,1,252420,15650,4427,2369,1932,4423,2368,1920,96,100,0,500,4609;
@400000005e1439e9084bbb62 #d,-,18,4431,2365,1925,266,1,252575,15659,4431,2369,1927,4427,2365,1921,96,100,0,500,4609;
@400000005e1439eb085633bb #d,-,18,4434,2366,1930,267,1,252916,15680,4434,2366,1934,4431,2364,1923,96,100,0,500,4612;
@400000005e1439eb085b20be #d,-,18,4438,2366,1928,268,1,253163,15696,4438,2366,1933,4434,2365,1928,96,100,0,500,4616;
@400000005e1439ed086a01da #d,-,18,4442,2370,1669,270,1,253381,15709,4442,2370,1932,4438,2366,1669,96,100,0,500,4614;
@400000005e1439ed08736c1d #d,-,18,3339,2372,1165,270,1,253003,15686,4442,2373,1669,3339,2369,950,89,100,0,500,3735;
@400000005e1439ef08831398 #d,-,18,2537,2372,1158,271,1,252746,15670,3339,2373,1174,2537,2372,1155,89,100,0,500,2827;
@400000005e1439ef088cfe61 #d,-,18,2535,2371,1151,272,1,252487,15654,2537,2373,1160,2535,2371,1149,90,100,0,500,2791;
@400000005e1439f1089ce177 #d,-,18,2531,2370,1152,272,1,252227,15638,2535,2372,1154,2531,2370,1149,91,100,0,500,2779;
@400000005e1439f108a64f74 #d,-,18,2528,2370,1145,273,1,251969,15622,2531,2372,1155,2528,2370,1145,91,100,0,500,2775;
@400000005e1439f308b61e0d #d,-,18,2524,2372,1143,274,1,251710,15606,2528,2372,1150,2524,2370,1142,91,100,0,500,2768;
@400000005e1439f308bfb6e1 #d,-,18,2519,2372,1141,274,1,251450,15589,2524,2373,1146,2519,2372,1139,91,100,0,500,2758;
@400000005e1439f508cf6a77 #d,-,18,2514,2370,1140,275,1,251189,15573,2519,2372,1141,2514,2369,1135,91,100,0,500,2746;
@400000005e1439f508d8fbd8 #d,-,18,2508,2370,1135,276,1,250931,15557,2514,2371,1142,2508,2369,1134,91,100,0,500,2744;
@400000005e1439f708e90d7f #d,-,18,2503,2371,1139,276,1,250672,15541,2508,2371,1139,2503,2369,1133,91,100,0,500,2737;
@400000005e1439f708f28f0b #d,-,18,2498,2372,1129,277,1,250414,15525,2503,2372,1140,2498,2371,1129,91,100,0,500,2739;
@400000005e1439f9090290dd #d,-,18,2493,2370,1131,278,1,250156,15509,2498,2372,1132,2493,2370,1128,91,100,0,500,2730;
@400000005e1439f9090c064d #d,-,18,2488,2370,1131,278,1,249900,15493,2493,2372,1134,2488,2370,1130,91,100,0,500,2727;
@400000005e1439fb091bd4e6 #d,-,18,2483,2371,1133,279,1,249645,15478,2488,2371,1134,2483,2370,1131,91,100,0,500,2727;
@400000005e1439fb09256a00 #d,-,18,2480,2371,1131,280,1,249392,15462,2483,2372,1134,2480,2371,1130,90,100,0,500,2730;
@400000005e1439fd0934f2c0 #d,-,18,2475,2369,1130,281,1,249139,15446,2480,2372,1133,2475,2369,1128,90,100,0,500,2727;
@400000005e1439fd093ed615 #d,-,18,2475,2366,1931,281,1,249230,15452,2475,2370,2254,2475,2364,1130,90,100,0,500,2727;
@400000005e1439ff094e37b7 #d,-,18,4491,2366,2070,283,1,249519,15470,4491,2367,2084,2475,2366,1885,97,100,0,500,4609;
@400000005e1439ff0957ec7c #d,-,18,4657,2364,1944,284,1,249787,15486,4657,2367,2075,4491,2364,1921,95,100,0,500,4858;
@400000005e143a01096800ee #d,-,18,4477,2366,1854,285,1,250003,15500,4657,2366,1966,4477,2364,1805,96,100,0,500,4649;
@400000005e143a0109730140 #d,-,18,4375,2366,1908,286,1,250151,15509,4477,2367,1961,4375,2366,1854,96,100,0,500,4529;
@400000005e143a0309825b6e #d,-,18,4381,2364,1917,288,1,250377,15523,4381,2366,1919,4375,2364,1898,95,100,0,500,4567;
@400000005e143a03098bf442 #d,-,18,4386,2366,1908,289,1,250601,15537,4386,2366,1920,4381,2363,1906,95,100,0,500,4574;
@400000005e143a05099c05e9 #d,-,18,4389,2366,1910,290,1,250825,15551,4389,2367,1914,4386,2366,1906,96,100,0,500,4564;
@400000005e143a0509a64ec3 #d,-,18,4394,2365,1919,291,1,251049,15565,4394,2367,1923,4389,2364,1910,96,100,0,500,4574;
@400000005e143a0709b52b36 #d,-,18,4399,2365,1917,293,1,251271,15578,4399,2366,1920,4394,2364,1910,96,100,0,500,4581;
@400000005e143a0709be65fa #d,-,18,4402,2368,1916,294,1,251492,15592,4402,2368,1925,4399,2365,1908,96,100,0,500,4581;
@400000005e143a0909cee940 #d,-,18,4406,2367,1924,295,1,251716,15606,4406,2368,1928,4402,2366,1915,96,100,0,500,4585;
@400000005e143a0909d9c9e8 #d,-,18,4412,2366,1930,296,1,251939,15620,4412,2367,1934,4406,2364,1917,95,100,0,500,4600;
@400000005e143a0b09e952a7 #d,-,18,4416,2367,1922,298,1,252160,15633,4416,2367,1930,4412,2365,1919,96,100,0,500,4600;
@400000005e143a0b09f26af6 #d,-,18,4421,2366,1927,299,1,252381,15647,4421,2367,1931,4416,2366,1921,96,100,0,500,4602;
@400000005e143a0d0a02d24b #d,-,18,4425,2366,1923,300,1,252601,15661,4425,2367,1932,4421,2365,1923,96,100,0,500,4609;
@400000005e143a0d0a0d326d #d,-,18,4429,2366,1928,301,1,252901,15679,4429,2367,1932,4425,2365,1921,96,100,0,500,4607;
@400000005e143a0f0a1d2f96 #d,-,18,4432,2368,1925,302,1,253036,15688,4432,2368,1933,4429,2366,1919,96,100,0,500,4602;
@400000005e143a0f0a265f2d #d,-,18,4434,2372,921,303,1,253095,15691,4434,2372,1933,4432,2367,921,96,100,0,500,4604;
@400000005e143a110a33d512 #d,-,18,2902,2368,1163,304,1,252947,15682,4434,2372,1266,2902,2368,914,86,100,0,500,3360;
@400000005e143a110a3c6833 #d,-,18,2489,2369,1141,305,1,252633,15663,2902,2369,1165,2489,2368,1141,90,100,0,500,2761;
@400000005e143a130a49c99a #d,-,18,2492,2370,1151,305,1,252400,15648,2492,2370,1167,2489,2369,1138,89,100,0,500,2779;
@400000005e143a130a52801f #d,-,18,2491,2372,1141,306,1,252164,15634,2492,2372,1152,2491,2370,1141,90,100,0,500,2763;
@400000005e143a150a5f881e #d,-,18,2489,2372,1143,307,1,251929,15619,2491,2373,1144,2489,2372,1137,90,100,0,500,2756;
@400000005e143a150a6898f9 #d,-,18,2488,2370,1137,308,1,251696,15605,2489,2372,1146,2488,2369,1137,90,100,0,500,2751;
@400000005e143a170a762538 #d,-,18,2486,2369,1134,308,1,251460,15590,2488,2370,1139,2486,2368,1130,90,100,0,500,2749;
@400000005e143a170a7eb859 #d,-,18,2483,2369,1136,309,1,251226,15576,2486,2370,1139,2483,2368,1134,90,100,0,500,2732;
@400000005e143a190a8bcc73 #d,-,18,2480,2366,1131,310,1,250992,15561,2483,2369,1139,2480,2365,1130,90,100,0,500,2734;
@400000005e143a190a94e87b #d,-,18,2477,2368,1138,310,1,250759,15547,2480,2369,1138,2477,2366,1130,90,100,0,500,2727;
@400000005e143a1b0aa275a9 #d,-,18,2474,2368,1131,311,1,250529,15532,2477,2369,1138,2474,2367,1130,90,100,0,500,2730;
@400000005e143a1b0aab0510 #d,-,18,2472,2370,1133,312,1,250299,15518,2474,2370,1137,2472,2368,1128,90,100,0,500,2730;
@400000005e143a1d0ab7dd90 #d,-,18,2470,2370,1129,312,1,250069,15504,2472,2371,1134,2470,2369,1128,90,100,0,500,2727;
@400000005e143a1d0ac0e609 #d,-,18,2467,2370,1129,313,1,249839,15490,2470,2370,1132,2467,2369,1122,90,100,0,500,2720;
@400000005e143a1f0ad3ce1e #d,-,18,2463,2368,1128,314,1,249609,15475,2467,2370,1130,2463,2367,1123,90,100,0,500,2711;
@400000005e143a1f0adfb922 #d,-,18,2460,2370,1128,314,1,249458,15466,2463,2370,1132,2460,2368,1126,90,100,0,500,2715;
@400000005e143a210af089b4 #d,-,18,2840,2366,2042,315,1,249542,15471,2840,2370,2279,2460,2365,1128,97,100,0,500,2905;
@400000005e143a210afa97e1 #d,-,18,4491,2364,1996,317,1,249802,15487,4491,2366,2086,2840,2363,1985,92,100,0,500,4832;
@400000005e143a230b0d6c68 #d,-,18,4699,2364,1912,318,1,250040,15502,4699,2365,2071,4491,2364,1880,96,100,0,500,4865;
@400000005e143a230b195ede #d,-,18,4441,2366,1967,319,1,250166,15510,4699,2367,1967,4441,2364,1816,96,100,0,500,4616;
@400000005e143a250b2d57d4 #d,-,18,4389,2364,1915,320,1,250369,15522,4441,2366,1967,4389,2364,1899,96,100,0,500,4543;
@400000005e143a250b38a661 #d,-,18,4394,2364,1915,322,1,250573,15535,4394,2366,1924,4389,2364,1910,95,100,0,500,4583;
@400000005e143a270b4b2091 #d,-,18,4398,2364,1917,323,2,250775,15548,4398,2365,1917,4394,2364,1909,96,100,0,500,4576;
@400000005e143a270b5620e3 #d,-,18,4401,2365,1913,324,2,250975,15560,4401,2366,1918,4398,2363,1913,96,100,0,500,4576;
@400000005e143a290b696709 #d,-,18,4404,2366,1912,325,2,251175,15572,4404,2367,1919,4401,2365,1911,96,100,0,500,4574;
@400000005e143a290b75792a #d,-,18,4407,2364,1921,327,2,251375,15585,4407,2366,1922,4404,2364,1909,96,100,0,500,4576;
@400000005e143a2b0b87efa0 #d,-,18,4412,2364,1930,328,2,251578,15597,4412,2365,1931,4407,2364,1919,96,100,0,500,4593;
@400000005e143a2b0b92a570 #d,-,18,4417,2364,1918,329,2,251778,15610,4417,2365,1933,4412,2364,1918,95,100,0,500,4604;
@400000005e143a2d0ba32054 #d,-,18,4421,2366,1930,330,2,251979,15622,4421,2367,1930,4417,2364,1918,96,100,0,500,4595;
@400000005e143a2d0bad270e #d,-,18,4425,2365,1929,332,2,252180,15635,4425,2367,1935,4421,2365,1924,96,100,0,500,4607;
@400000005e143a2f0bbf7a20 #d,-,18,4429,2364,1922,333,2,252379,15647,4429,2366,1935,4425,2364,1922,95,100,0,500,4614;
@400000005e143a2f0bcb7051 #d,-,18,4432,2363,1928,334,2,252575,15659,4432,2365,1929,4429,2363,1921,96,100,0,500,4604;
@400000005e143a310bdc3970 #d,-,18,4435,2366,1927,335,2,252771,15671,4435,2366,1932,4432,2363,1922,96,100,0,500,4600;
@400000005e143a310be5de60 #d,-,18,4438,2367,1932,336,2,252969,15684,4438,2367,1935,4435,2366,1926,96,100,0,500,4614;
@400000005e143a330bf5a585 #d,-,18,4442,2370,1237,338,2,253093,15691,4442,2370,1936,4438,2365,1237,96,100,0,500,4614;
@400000005e143a330bff1eaf #d,-,18,3138,2369,1179,338,2,252868,15677,4442,2371,1289,3138,2368,912,88,100,0,500,3550;
@400000005e143a350c0f190d #d,-,18,2497,2370,1157,339,2,252659,15664,3138,2370,1179,2497,2368,1149,89,100,0,500,2791;
@400000005e143a350c18d8ff #d,-,18,2499,2370,1158,340,2,252526,15656,2499,2370,1160,2497,2370,1153,89,100,0,500,2784;
@400000005e143a370c281af7 #d,-,18,2501,2369,1157,340,2,252320,15643,2501,2370,1162,2499,2369,1152,89,100,0,500,2787;
@400000005e143a370c31e704 #d,-,18,2502,2367,1148,341,2,252112,15630,2502,2369,1158,2501,2367,1146,90,100,0,500,2779;
@400000005e143a390c41f8ab #d,-,18,2500,2368,1146,342,2,251903,15618,2502,2369,1149,2500,2367,1144,90,100,0,500,2763;
@400000005e143a390c4b917f #d,-,18,2499,2369,1139,342,2,251623,15600,2500,2369,1148,2499,2368,1139,90,100,0,500,2758;
@400000005e143a3b0c5b7760 #d,-,18,2496,2368,1142,343,2,251414,15587,2499,2370,1146,2496,2367,1136,90,100,0,500,2749;
@400000005e143a3b0c64edbf #d,-,18,2493,2369,1143,344,2,251207,15574,2496,2369,1145,2493,2367,1139,90,100,0,500,2751;
@400000005e143a3d0c74c873 #d,-,18,2491,2368,1137,345,2,250999,15561,2493,2370,1144,2491,2368,1137,90,100,0,500,2749;
@400000005e143a3d0c7e4db8 #d,-,18,2489,2368,1140,345,2,250793,15549,2491,2369,1143,2489,2367,1133,90,100,0,500,2742;
@400000005e143a3f0c8e3fb5 #d,-,18,2486,2369,1131,346,2,250586,15536,2489,2369,1140,2486,2367,1130,90,100,0,500,2739;
@400000005e143a3f0c97cd5c #d,-,18,2482,2368,1134,347,2,250378,15523,2486,2370,1135,2482,2368,1128,90,100,0,500,2730;
@400000005e143a410ca7e1ce #d,-,18,2478,2370,1133,347,2,250173,15510,2482,2370,1138,2478,2368,1131,90,100,0,500,2727;
@400000005e143a410cb15fa0 #d,-,18,2476,2371,1132,348,2,249968,15498,2478,2371,1135,2476,2370,1129,90,100,0,500,2730;
@400000005e143a430cbf7d28 #d,-,18,2473,2369,1128,349,2,249764,15485,2476,2372,1136,2473,2369,1128,90,100,0,500,2730;
@400000005e143a430cc8e76c #d,-,18,2551,2364,1942,350,2,249876,15492,2551,2370,2351,2473,2363,1128,92,100,0,500,2761;
@400000005e143a450cd892a1 #d,-,18,4637,2366,2005,351,2,250114,15507,4637,2366,2091,2551,2364,1942,95,100,0,500,4865;
@400000005e143a450ce31e88 #d,-,18,4643,2364,1976,352,2,250332,15520,4643,2366,2077,4637,2364,1925,95,100,0,500,4863;
@400000005e143a470cf27055 #d,-,18,4467,2361,1958,353,2,250510,15531,4643,2365,1976,4467,2361,1811,96,100,0,500,4635;
@400000005e143a470cfc1544 #d,-,18,4387,2361,1917,355,2,250628,15538,4467,2362,1971,4387,2361,1894,96,100,0,500,4543;
@400000005e143a490d0c7bab #d,-,18,4449,2364,1925,356,2,250885,15554,4449,2364,1935,4387,2361,1917,96,100,0,500,4597;
@400000005e143a490d16c92d #d,-,18,4450,2364,1931,357,2,251006,15562,4450,2364,1936,4449,2363,1924,96,100,0,500,4604;
@400000005e143a4b0d26e601 #d,-,18,4451,2363,1927,358,2,251192,15573,4451,2364,1934,4450,2362,1922,96,100,0,500,4607;
@400000005e143a4b0d30d483 #d,-,18,4451,2364,1924,360,2,251377,15585,4451,2365,1932,4451,2362,1922,96,100,0,500,4600;
@400000005e143a4d0d41962f #d,-,18,4451,2365,1919,361,2,251561,15596,4451,2365,1932,4451,2363,1919,96,100,0,500,4600;
@400000005e143a4d0d4bb7eb #d,-,18,4451,2364,1931,362,2,251743,15608,4451,2366,1932,4451,2364,1917,96,100,0,500,4600;
@400000005e143a4f0d5ae29a #d,-,18,4450,2364,1932,363,2,251926,15619,4451,2365,1936,4450,2364,1921,96,100,0,500,4597;
@400000005e143a4f0d64878a #d,-,18,4452,2364,1930,365,2,252111,15630,4452,2367,1940,4450,2364,1929,96,100,0,500,4616;
@400000005e143a510d73f459 #d,-,18,4455,2364,1937,366,2,252295,15642,4455,2366,1939,4452,2363,1927,96,100,0,500,4621;
@400000005e143a510d7dfb12 #d,-,18,4456,2366,1929,367,2,252476,15653,4456,2366,1938,4455,2364,1925,96,100,0,500,4621;
@400000005e143a530d8df482 #d,-,18,4458,2364,1934,368,2,252657,15664,4458,2366,1936,4456,2364,1928,96,100,0,500,4616;
@400000005e143a530d9829cd #d,-,18,4459,2366,1936,370,2,252838,15675,4459,2366,1939,4458,2364,1929,96,100,0,500,4616;
@400000005e143a550da6e3cb #d,-,18,4461,2363,1939,371,2,253020,15687,4461,2366,1944,4459,2362,1935,96,100,0,500,4626;
@400000005e143a550db060af #d,-,18,4464,2371,912,372,2,253062,15689,4464,2371,1941,4461,2363,912,96,100,0,500,4633;
@400000005e143a570dbdbaa3 #d,-,18,2874,2371,1152,373,2,252882,15678,4464,2371,1286,2874,2370,912,86,100,0,500,3334;
@400000005e143a570dc65625 #d,-,18,2521,2370,1156,373,2,252694,15667,2874,2371,1174,2521,2369,1147,90,100,0,500,2787;
@400000005e143a590dd3d737 #d,-,18,2519,2369,1145,374,2,252503,15655,2521,2371,1161,2519,2368,1143,90,100,0,500,2777;
@400000005e143a590ddccc22 #d,-,18,2516,2368,1151,375,2,252310,15643,2519,2370,1151,2516,2368,1129,90,100,0,500,2768;
@400000005e143a5b0dea594f #d,-,18,2511,2370,1140,375,2,252118,15631,2516,2371,1153,2511,2368,1139,91,100,0,500,2751;
@400000005e143a5b0df2e8b6 #d,-,18,2507,2370,1144,376,2,251927,15619,2511,2371,1145,2507,2369,1140,91,100,0,500,2753;
@400000005e143a5d0dffcd51 #d,-,18,2504,2371,1138,377,2,251800,15611,2507,2371,1145,2504,2370,1134,90,100,0,500,2753;
@400000005e143a5d0e08a291 #d,-,18,2499,2372,1138,377,2,251607,15599,2504,2372,1139,2499,2371,1131,91,100,0,500,2739;
@400000005e143a5f0e1623a3 #d,-,18,2494,2371,1137,378,2,251351,15583,2499,2372,1140,2494,2371,1133,91,100,0,500,2739;
@400000005e143a5f0e1ebb6c #d,-,18,2490,2370,1134,379,2,251160,15571,2494,2372,1137,2490,2370,1129,90,100,0,500,2737;
@400000005e143a610e2b9032 #d,-,18,2486,2367,1130,379,2,250967,15560,2490,2370,1134,2486,2367,1128,91,100,0,500,2725;
@400000005e143a610e34a881 #d,-,18,2481,2367,1133,380,2,250777,15548,2486,2368,1135,2481,2367,1129,91,100,0,500,2725;
@400000005e143a630e420da2 #d,-,18,2477,2367,1124,381,2,250586,15536,2481,2368,1136,2477,2367,1123,90,100,0,500,2723;
@400000005e143a630e4a9d09 #d,-,18,2473,2368,1129,381,2,250458,15528,2477,2368,1130,2473,2367,1123,91,100,0,500,2715;
@400000005e143a650e5c50da #d,-,18,2469,2368,1129,382,2,250269,15516,2473,2368,1131,2469,2368,1126,91,100,0,500,2713;
@400000005e143a650e681879 #d,-,18,2466,2369,1128,383,2,250079,15504,2469,2370,1131,2466,2368,1123,90,100,0,500,2720;
@400000005e143a670e7b8d30 #d,-,18,2813,2365,2040,384,2,250080,15504,2813,2369,2226,2466,2364,1123,97,100,0,500,2896;
@400000005e143a670e8763b6 #d,-,18,4503,2363,2024,385,2,250358,15522,4503,2366,2097,2813,2363,1992,93,100,0,500,4818;
@400000005e143a690e9ab508 #d,-,18,4675,2364,1915,386,2,250491,15530,4675,2364,2079,4503,2362,1915,96,100,0,500,4860;
@400000005e143a690ea62ab3 #d,-,18,4463,2362,1969,388,2,250653,15540,4675,2364,1971,4463,2362,1804,96,100,0,500,4621;
@400000005e143a6b0eb76571 #d,-,18,4377,2362,1913,389,2,250818,15550,4463,2363,1969,4377,2362,1890,96,100,0,500,4529;
@400000005e143a6b0ec1bd31 #d,-,18,4381,2362,1908,390,2,250982,15560,4381,2363,1918,4377,2362,1906,95,100,0,500,4569;
@400000005e143a6d0ed541bd #d,-,18,4385,2362,1919,391,2,251147,15571,4385,2362,1922,4381,2361,1908,96,100,0,500,4564;
@400000005e143a6d0ee120a5 #d,-,18,4391,2362,1918,393,2,251313,15581,4391,2363,1925,4385,2361,1914,95,100,0,500,4578;
@400000005e143a6f0ef237ff #d,-,18,4396,2363,1920,394,2,251479,15591,4396,2364,1925,4391,2362,1915,96,100,0,500,4578;
@400000005e143a6f0efc462c #d,-,18,4401,2364,1925,395,2,251646,15602,4401,2364,1928,4396,2363,1917,95,100,0,500,4588;
@400000005e143a710f0b9bb2 #d,-,18,4406,2364,1926,396,2,251811,15612,4406,2365,1928,4401,2363,1919,95,100,0,500,4593;
@400000005e143a710f14cf03 #d,-,18,4410,2363,1923,397,2,251975,15622,4410,2364,1928,4406,2362,1922,96,100,0,500,4593;
@400000005e143a730f26bc92 #d,-,18,4414,2362,1927,399,2,252139,15632,4414,2363,1930,4410,2362,1921,96,100,0,500,4595;
@400000005e143a730f31f3d6 #d,-,18,4419,2362,1934,400,2,252305,15642,4419,2363,1937,4414,2361,1926,96,100,0,500,4597;
@400000005e143a750f42e413 #d,-,18,4424,2364,1924,401,2,252470,15653,4424,2364,1935,4419,2362,1923,95,100,0,500,4612;
@400000005e143a750f4cf240 #d,-,18,4427,2363,1927,402,2,252633,15663,4427,2364,1931,4424,2363,1924,96,100,0,500,4604;
@400000005e143a770f5cbd1f #d,-,18,4431,2362,1937,403,2,252796,15673,4431,2363,1937,4427,2360,1924,96,100,0,500,4602;
@400000005e143a770f664e80 #d,-,18,4434,2362,1933,405,2,252961,15683,4434,2362,1941,4431,2360,1931,96,100,0,500,4607;
@400000005e143a790f760217 #d,-,18,4439,2367,1008,406,2,253025,15687,4439,2367,1941,4434,2362,1008,96,100,0,500,4621;
@400000005e143a790f7f68a0 #d,-,18,3000,2365,1166,406,2,252855,15677,4439,2368,1261,3000,2364,959,87,100,0,500,3434;
@400000005e143a7b0f8eba6d #d,-,18,2515,2365,1159,407,2,252743,15670,3000,2366,1166,2515,2364,1156,90,100,0,500,2784;
@400000005e143a7b0f98f371 #d,-,18,2515,2367,1153,408,2,252569,15659,2515,2367,1159,2515,2365,1150,90,100,0,500,2782;
@400000005e143a7d0fa8e1b4 #d,-,18,2513,2365,1151,409,2,252337,15644,2515,2368,1158,2513,2364,1151,90,100,0,500,2777;
@400000005e143a7d0fb266f9 #d,-,18,2512,2365,1147,409,2,252223,15637,2513,2366,1154,2512,2364,1146,90,100,0,500,2772;
@400000005e143a7f0fc278a0 #d,-,18,2509,2368,1149,410,2,252048,15627,2512,2368,1150,2509,2365,1144,90,100,0,500,2761;
@400000005e143a7f0fcbf584 #d,-,18,2506,2364,1139,411,2,251813,15612,2509,2368,1149,2506,2364,1139,90,100,0,500,2758;
@400000005e143a810fdb5726 #d,-,18,2502,2366,1140,411,2,251638,15601,2506,2366,1144,2502,2364,1137,91,100,0,500,2744;
@400000005e143a810fe536c2 #d,-,18,2498,2368,1134,412,2,251462,15590,2502,2368,1143,2498,2366,1134,91,100,0,500,2742;
@400000005e143a830ff5214b #d,-,18,2494,2365,1142,413,2,251288,15579,2498,2369,1142,2494,2365,1133,91,100,0,500,2734;
@400000005e143a830ffea690 #d,-,18,2490,2367,1131,413,2,251112,15569,2494,2368,1143,2490,2365,1128,90,100,0,500,2737;
@400000005e143a85100eb38f #d,-,18,2486,2368,1136,414,2,250938,15558,2490,2370,1136,2486,2367,1130,91,100,0,500,2725;
@400000005e143a851018218c #d,-,18,2482,2367,1133,415,2,250764,15547,2486,2368,1138,2482,2365,1131,90,100,0,500,2730;
@400000005e143a87102786e8 #d,-,18,2479,2367,1132,415,2,250591,15536,2482,2368,1137,2479,2366,1132,90,100,0,500,2730;
@400000005e143a871031729f #d,-,18,2476,2366,1128,416,2,250417,15525,2479,2368,1136,2476,2366,1127,90,100,0,500,2727;
@400000005e143a8910411661 #d,-,18,2471,2368,1129,417,2,250243,15515,2476,2368,1131,2471,2366,1124,91,100,0,500,2713;
@400000005e143a89104b2c01 #d,-,18,2900,2364,2065,418,2,250376,15523,2900,2368,2358,2471,2363,1129,96,100,0,500,3019;
@400000005e143a8b105ab87a #d,-,18,4527,2363,2031,419,2,250516,15531,4527,2365,2088,2900,2362,1991,93,100,0,500,4834;
@400000005e143a8b10644621 #d,-,18,4649,2363,1948,420,2,250691,15542,4649,2364,2076,4527,2362,1918,96,100,0,500,4841;
Lost connection at /opt/powertools/bin/wattsup1 line 220.
	main::failure('Lost connection') called at /opt/powertools/bin/wattsup1 line 271
	main::recv_msg() called at /opt/powertools/bin/wattsup1 line 504
