@400000005e7476fa17cf8199 #v,-,8,2,261786,5,2,4,57,200810261703,0;
@400000005e7476fb062be8a1 #h,-,18,W,V,A,WH,Cost,WH/Mo,Cost/Mo,Wmax,Vmax,Amax,Wmin,Vmin,Amin,PF,DC,PC,Hz,VA;
@400000005e7476fb0c3d2975 #f,-,48,45,436,1,4775,0,0,65533,0,199,810,237,17949,177,311,4753,4,92217,151,32123,69906,40,694,17008,0,93,1,4659,0,0,65533,0,199,822,242,18484,171,318,5362,2,92206,150,32190,70407,42,536,17029,0,92;
@400000005e7476fd0c54099d #d,-,18,2412,2374,1126,0,0,165270,10246,2412,2374,1129,2411,2371,1118,89,100,0,501,2708;
@400000005e7476ff0c64be3f #d,-,18,2414,2373,1122,1,0,168476,10445,2414,2374,1128,2412,2372,1121,89,100,0,501,2711;
@400000005e7476ff0c6dedd6 #d,-,18,2415,2374,1127,2,0,170021,10541,2415,2374,1130,2414,2371,1122,89,100,0,501,2711;
@400000005e7477010c7d1974 #d,-,18,2415,2372,1124,2,0,170831,10591,2415,2374,1130,2415,2372,1122,88,100,0,501,2715;
@400000005e7477010c869b00 #d,-,18,2416,2372,1129,3,0,171404,10627,2416,2374,1129,2415,2372,1121,89,100,0,501,2713;
@400000005e7477030c955b83 #d,-,18,2417,2373,1126,4,0,171737,10647,2417,2374,1129,2416,2371,1121,89,100,0,501,2711;
@400000005e7477030c9ea351 #d,-,18,2418,2371,1125,4,0,172021,10665,2418,2373,1129,2417,2371,1122,89,100,0,501,2713;
@400000005e7477050cadddd5 #d,-,18,2418,2371,1128,5,0,172238,10678,2418,2373,1129,2418,2370,1124,89,100,0,501,2713;
@400000005e7477050cb78a38 #d,-,18,2419,2373,1123,6,0,172426,10690,2419,2373,1131,2418,2370,1123,89,100,0,501,2715;
@400000005e7477070cc758d1 #d,-,18,2420,2374,1127,6,0,172578,10699,2420,2374,1130,2419,2371,1121,89,100,0,501,2715;
@400000005e7477070cd0b6f8 #d,-,18,2420,2372,1125,7,0,172704,10707,2420,2374,1128,2420,2371,1121,89,100,0,501,2711;
@400000005e7477090ce09566 #d,-,18,2422,2373,1128,8,0,172821,10714,2422,2374,1129,2420,2372,1121,89,100,0,501,2715;
@400000005e7477090ce9e861 #d,-,18,2422,2373,1126,8,0,172900,10719,2422,2375,1129,2422,2372,1122,89,100,0,501,2713;
@400000005e74770b0cf8b9a8 #d,-,18,2422,2374,1125,9,0,172987,10725,2422,2375,1129,2422,2373,1124,89,100,0,501,2713;
@400000005e74770b0d02b800 #d,-,18,2423,2373,1137,10,0,173082,10731,2423,2375,1137,2422,2373,1122,89,100,0,501,2718;
@400000005e74770d0d114639 #d,-,18,2914,2371,1452,11,0,178918,11092,2914,2373,1677,2423,2370,1137,95,100,0,501,3062;
@400000005e74770d0d1a957a #d,-,18,3054,2373,1207,11,0,179329,11118,3054,2375,1452,2914,2371,1051,90,100,0,501,3374;
@400000005e74770f0d2ac996 #d,-,18,2665,2373,1175,12,0,178876,11090,3054,2375,1219,2665,2373,1175,90,100,0,501,2945;
@400000005e74770f0d34b54e #d,-,18,2595,2373,1157,13,0,179150,11107,2665,2375,1186,2595,2373,1157,90,100,0,501,2872;
@400000005e7477110d3d96a9 #d,-,18,2503,2372,1719,14,0,180939,11218,2595,2375,1783,2503,2371,1125,89,100,0,501,2794;
@400000005e7477110d41dc09 #d,-,18,3511,2373,1311,15,0,183552,11380,3511,2375,1719,2503,2370,1079,96,100,0,501,3623;
@400000005e7477130d4fbb2b #d,-,18,2647,2373,1211,15,0,183876,11400,3511,2374,1311,2647,2371,1191,88,100,0,501,3005;
@400000005e7477130d595045 #d,-,18,2645,2371,1181,16,0,183198,11358,2647,2373,1212,2645,2371,1172,90,100,0,501,2907;
@400000005e7477150d687eae #d,-,18,2543,2371,1159,17,0,182965,11343,2645,2373,1183,2543,2371,1124,89,100,0,501,2827;
@400000005e7477150d6cd3e3 #d,-,18,3020,2372,1259,18,0,185614,11508,3020,2372,1750,2543,2369,1159,95,100,0,501,3159;
@400000005e7477170d7a02ff #d,-,18,3020,2372,1220,18,0,185828,11521,3020,2373,1303,3020,2371,1108,90,100,0,501,3346;
@400000005e7477170d834d99 #d,-,18,2653,2372,1163,19,0,185853,11522,3020,2372,1220,2653,2370,1151,90,100,0,501,2936;
@400000005e7477190d8ea841 #d,-,18,2547,2371,1137,20,0,186257,11547,2653,2373,1172,2547,2370,1132,89,100,0,501,2832;
@400000005e7477190d92f9bc #d,-,18,2471,2371,1519,21,0,187607,11631,2547,2373,1758,2471,2370,1131,89,100,0,501,2749;
@400000005e74771b0d9af8c8 #d,-,18,3481,2372,1240,22,0,187738,11639,3481,2372,1627,2471,2369,1102,94,100,0,501,3697;
@400000005e74771b0d9f0823 #d,-,18,2665,2371,1210,22,0,187809,11644,3481,2373,1240,2665,2371,1195,91,100,0,501,2926;
@400000005e74771d0da6d03c #d,-,18,2659,2371,1185,23,0,187731,11639,2665,2372,1210,2659,2370,1176,91,100,0,501,2891;
@400000005e74771d0dab159c #d,-,18,2525,2373,1132,24,0,187383,11617,2659,2373,1185,2525,2370,1127,89,100,0,501,2813;
@400000005e74771f0db76d96 #d,-,18,2365,2372,1144,24,0,186881,11586,2525,2373,1170,2365,2370,1045,88,100,0,501,2673;
@400000005e74771f0dc000b6 #d,-,18,2437,2371,1122,25,0,186492,11562,2437,2373,1144,2365,2370,1114,89,100,0,501,2713;
@400000005e7477210dcc6113 #d,-,18,2434,2371,1127,26,0,186650,11572,2437,2373,1128,2434,2370,1122,89,100,0,501,2708;
@400000005e7477210dd56d46 #d,-,18,2432,2373,1123,26,0,185807,11520,2434,2374,1128,2432,2371,1120,89,100,0,501,2711;
@400000005e7477230de23a98 #d,-,18,2431,2373,1125,27,0,185498,11500,2432,2374,1129,2431,2372,1119,89,100,0,501,2713;
@400000005e7477230deaba2a #d,-,18,2430,2374,1124,28,0,185198,11482,2431,2374,1126,2430,2372,1121,89,100,0,501,2708;
@400000005e7477250df768c1 #d,-,18,2428,2372,1124,28,0,184916,11464,2430,2374,1129,2428,2372,1120,89,100,0,501,2711;
@400000005e7477250e002300 #d,-,18,2428,2371,1127,29,0,184651,11448,2428,2374,1128,2428,2371,1121,89,100,0,501,2708;
@400000005e7477270e0bd710 #d,-,18,2427,2372,1123,30,0,184829,11459,2428,2374,1128,2427,2371,1122,89,100,0,501,2711;
@400000005e7477270e1452e8 #d,-,18,2426,2373,1126,30,0,184151,11417,2427,2374,1130,2426,2372,1120,89,100,0,501,2711;
@400000005e7477290e21289d #d,-,18,2426,2372,1126,31,0,183921,11403,2426,2373,1130,2426,2371,1121,89,100,0,501,2711;
@400000005e7477290e29a82f #d,-,18,2425,2373,1123,32,0,183698,11389,2426,2373,1127,2425,2371,1121,89,100,0,501,2711;
@400000005e74772b0e35a219 #d,-,18,2425,2373,1127,32,0,183487,11376,2425,2373,1129,2425,2371,1121,89,100,0,501,2711;
@400000005e74772b0e3ecdf6 #d,-,18,2424,2371,1125,33,0,183665,11387,2425,2374,1128,2424,2371,1122,89,100,0,501,2711;
@400000005e74772d0e4c00cd #d,-,18,2424,2371,1126,34,0,183461,11374,2424,2374,1129,2424,2371,1121,89,100,0,501,2713;
@400000005e74772d0e549c4f #d,-,18,2423,2371,1120,34,0,182889,11339,2424,2374,1130,2423,2370,1119,89,100,0,501,2708;
@400000005e74772f0e614db1 #d,-,18,2423,2373,1127,35,0,182706,11327,2423,2373,1127,2423,2370,1120,89,100,0,501,2708;
@400000005e74772f0e69e934 #d,-,18,2422,2373,1125,36,0,182524,11316,2423,2373,1127,2422,2371,1119,89,100,0,501,2706;
@400000005e7477310e74c268 #d,-,18,2421,2371,1354,36,0,182488,11314,2422,2373,1354,2421,2371,1120,89,100,0,501,2708;
@400000005e7477310e7af0b9 #d,-,18,3036,2371,1165,37,0,183929,11403,3036,2371,1643,2421,2367,1165,94,100,0,501,3199;
@400000005e7477330e8911fb #d,-,18,2964,2371,1210,38,0,183755,11392,3036,2373,1293,2964,2370,1108,91,100,0,501,3256;
@400000005e7477330e922e03 #d,-,18,2667,2371,1161,39,0,183821,11396,2964,2373,1216,2667,2371,1156,90,100,0,501,2943;
@400000005e7477350e9e6eb5 #d,-,18,2553,2372,1122,40,0,183729,11391,2667,2373,1171,2553,2370,1116,89,100,0,501,2839;
@400000005e7477350ea4b808 #d,-,18,2461,2369,1652,40,0,184327,11428,2553,2372,1756,2461,2367,1122,89,100,0,501,2751;
@400000005e7477370eacaeb2 #d,-,18,3513,2370,1301,41,0,184897,11463,3513,2371,1652,2461,2369,1109,96,100,0,501,3635;
@400000005e7477370eb0ba54 #d,-,18,2635,2370,1212,42,0,184987,11469,3513,2372,1301,2635,2370,1192,88,100,0,501,2983;
@400000005e7477390ebc4747 #d,-,18,2635,2371,1184,43,0,185008,11470,2635,2373,1218,2635,2370,1176,90,100,0,501,2910;
@400000005e7477390ec10972 #d,-,18,2545,2372,1190,43,0,184914,11464,2635,2373,1190,2545,2370,1115,89,100,0,501,2832;
@400000005e74773b0ec97dd7 #d,-,18,3070,2372,1195,44,0,185962,11529,3070,2372,1775,2545,2368,1190,95,100,0,501,3211;
@400000005e74773b0ecd8117 #d,-,18,3012,2371,1226,45,0,186063,11535,3070,2372,1306,3012,2370,1106,90,100,0,501,3327;
@400000005e74773d0edda293 #d,-,18,2655,2372,1182,46,0,186097,11538,3012,2373,1226,2655,2370,1176,90,100,0,501,2931;
@400000005e74773d0ee7d335 #d,-,18,2591,2373,1130,46,0,186023,11533,2655,2374,1190,2591,2371,1115,90,100,0,501,2867;
@400000005e74773f0ef36c44 #d,-,18,2539,2370,1530,47,0,186713,11576,2591,2374,1737,2539,2369,1130,91,100,0,501,2787;
@400000005e74773f0ef9e8d0 #d,-,18,3405,2372,1207,48,0,186995,11593,3405,2374,1634,2539,2369,1095,92,100,0,501,3680;
@400000005e7477410f04f808 #d,-,18,2709,2373,1204,49,0,187047,11596,3405,2373,1225,2709,2370,1193,92,100,0,501,2941;
@400000005e7477410f0b12cb #d,-,18,2603,2372,1162,50,0,186984,11593,2709,2373,1204,2603,2370,1160,90,100,0,501,2879;
@400000005e7477430f1910a9 #d,-,18,2507,2371,1117,50,0,186827,11583,2603,2372,1162,2507,2370,1117,89,100,0,501,2794;
@400000005e7477430f228ac1 #d,-,18,2335,2370,1144,51,0,186783,11580,2507,2374,1158,2335,2370,1014,88,100,0,501,2651;
@400000005e7477450f30fa3e #d,-,18,2405,2373,1131,52,0,186356,11554,2405,2373,1144,2335,2369,1121,89,100,0,500,2675;
@400000005e7477450f3a6bf5 #d,-,18,2408,2372,1127,52,0,186194,11544,2408,2373,1132,2405,2371,1124,88,100,0,500,2723;
@400000005e7477470f49f4b4 #d,-,18,2411,2369,1131,53,0,186041,11534,2411,2372,1132,2408,2369,1127,88,100,0,500,2720;
@400000005e7477470f535ef7 #d,-,18,2414,2369,1129,54,0,185888,11525,2414,2372,1132,2411,2369,1126,88,100,0,501,2720;
@400000005e7477490f62bbf1 #d,-,18,2416,2371,1128,54,0,185739,11515,2416,2371,1133,2414,2369,1124,88,100,0,501,2718;
@400000005e7477490f6c0b32 #d,-,18,2418,2370,1129,55,0,185594,11506,2418,2371,1131,2416,2369,1126,88,100,0,501,2718;
@400000005e74774b0f7a8e3e #d,-,18,2419,2370,1129,56,0,185688,11512,2419,2370,1131,2418,2368,1126,89,100,0,501,2715;
@400000005e74774b0f845e05 #d,-,18,2421,2369,1128,56,0,185312,11489,2421,2371,1132,2419,2368,1127,89,100,0,501,2718;
@400000005e74774d0f935a23 #d,-,18,2422,2367,1130,57,0,185180,11481,2422,2370,1132,2421,2367,1128,89,100,0,501,2718;
@400000005e74774d0f9ca4bc #d,-,18,2423,2368,1133,58,0,185048,11473,2423,2369,1134,2422,2367,1126,89,100,0,501,2720;
@400000005e74774f0faaf48f #d,-,18,2424,2367,1129,58,0,184920,11465,2424,2369,1133,2423,2367,1127,89,100,0,501,2715;
@400000005e74774f0fb40cdd #d,-,18,2425,2367,1128,59,0,184797,11457,2425,2369,1132,2424,2366,1128,89,100,0,500,2718;
@400000005e7477510fc21a90 #d,-,18,2426,2368,1134,60,0,184678,11450,2426,2369,1134,2425,2366,1127,89,100,0,500,2718;
@400000005e7477510fcba38f #d,-,18,2427,2368,1129,60,0,184561,11442,2427,2369,1134,2426,2366,1128,89,100,0,500,2720;
@400000005e7477530fda68bb #d,-,18,2428,2368,1131,61,0,184449,11435,2428,2371,1134,2427,2368,1128,89,100,0,500,2720;
@400000005e7477530fe3abe0 #d,-,18,2429,2369,1129,62,0,184338,11429,2429,2369,1136,2428,2367,1127,89,100,0,500,2720;
@400000005e7477550ff31d57 #d,-,18,2430,2368,1129,62,0,184229,11422,2430,2369,1134,2429,2366,1128,89,100,0,501,2718;
@400000005e7477550ffd5ebd #d,-,18,2431,2367,1287,63,0,184174,11418,2431,2369,1287,2430,2366,1129,89,100,0,501,2720;
@400000005e7477571008c492 #d,-,18,3048,2370,1171,64,0,184854,11460,3048,2370,1684,2431,2365,1171,95,100,0,501,3199;
@400000005e747757100f0a2c #d,-,18,2988,2368,1197,65,0,184908,11464,3048,2370,1296,2988,2366,1104,90,100,0,501,3291;
@400000005e747759101db721 #d,-,18,2597,2367,1166,65,0,184906,11464,2988,2369,1199,2597,2366,1163,90,100,0,501,2884;
@400000005e74775910277bbb #d,-,18,2591,2370,1137,66,0,184840,11460,2597,2370,1175,2591,2366,1123,91,100,0,500,2827;
@400000005e74775b1032ba72 #d,-,18,2451,2367,1517,67,0,185229,11484,2591,2370,1722,2451,2364,1131,89,100,0,500,2737;
@400000005e74775b1039f231 #d,-,18,3493,2367,1291,68,0,185465,11498,3493,2370,1644,2451,2366,976,94,100,0,500,3678;
@400000005e74775d1047636d #d,-,18,2571,2368,1222,69,0,185516,11502,3493,2369,1291,2571,2367,1186,89,100,0,500,2862;
@400000005e74775d104c418a #d,-,18,2637,2367,1185,69,0,185524,11502,2637,2369,1223,2571,2367,1177,90,100,0,500,2912;
@400000005e74775f10573e22 #d,-,18,2543,2367,1166,70,0,185444,11497,2637,2368,1186,2543,2366,1122,89,100,0,500,2827;
@400000005e74775f105d83bb #d,-,18,3024,2369,1238,71,0,186097,11538,3024,2369,1762,2543,2363,1166,95,100,0,500,3163;
@400000005e74776110660ac0 #d,-,18,3019,2367,1226,72,0,186308,11551,3024,2370,1329,3019,2367,1028,91,100,0,500,3308;
@400000005e747761106a1dd5 #d,-,18,2653,2370,1183,72,0,186326,11552,3019,2370,1226,2653,2367,1175,90,100,0,500,2936;
@400000005e7477631075be57 #d,-,18,2587,2373,1125,73,0,186097,11538,2653,2373,1190,2587,2369,1118,90,100,0,500,2862;
@400000005e747763107c9092 #d,-,18,2497,2369,1509,74,0,186500,11563,2587,2373,1760,2497,2367,1125,90,100,0,500,2770;
@400000005e7477651089db9f #d,-,18,3455,2371,1194,75,0,186670,11573,3455,2373,1635,2497,2368,1059,93,100,0,500,3701;
@400000005e747765108e1d45 #d,-,18,2595,2372,1188,75,0,186661,11573,3455,2372,1200,2595,2370,1172,90,100,0,500,2853;
@400000005e747767109b7739 #d,-,18,2590,2372,1153,76,0,186611,11569,2595,2372,1188,2590,2370,1153,91,100,0,500,2841;
@400000005e74776710a54e74 #d,-,18,2487,2370,1077,77,0,186488,11562,2590,2372,1153,2487,2370,1077,89,100,0,500,2770;
@400000005e74776910b43abd #d,-,18,2300,2370,1140,78,0,186287,11549,2487,2373,1153,2300,2370,1014,87,100,0,500,2618;
@400000005e74776910bdb11b #d,-,18,2407,2372,1131,78,0,186182,11543,2407,2372,1140,2300,2370,1121,89,100,0,500,2682;
@400000005e74776b10cc7dba #d,-,18,2411,2370,1134,79,0,186080,11536,2411,2372,1134,2407,2369,1128,88,100,0,500,2725;
@400000005e74776b10d5d0b5 #d,-,18,2414,2368,1130,80,0,185980,11530,2414,2372,1135,2411,2368,1127,88,100,0,500,2723;
@400000005e74776d10e4ccd3 #d,-,18,2417,2369,1132,80,0,185880,11524,2417,2370,1134,2414,2367,1129,88,100,0,500,2723;
@400000005e74776d10ee326e #d,-,18,2419,2368,1130,81,0,185783,11518,2419,2370,1133,2417,2368,1129,88,100,0,500,2723;
@400000005e74776f10fcf026 #d,-,18,2421,2370,1132,82,0,185851,11522,2421,2370,1134,2419,2367,1129,88,100,0,500,2723;
@400000005e74776f11062f92 #d,-,18,2423,2368,1133,82,0,185595,11506,2423,2370,1133,2421,2367,1129,88,100,0,500,2723;
@400000005e747771111440ff #d,-,18,2425,2368,1129,83,0,185663,11511,2425,2371,1134,2423,2368,1128,88,100,0,500,2725;
@400000005e747771111dc9fe #d,-,18,2427,2370,1130,84,0,185412,11495,2427,2371,1134,2425,2368,1128,89,100,0,500,2723;
@400000005e747773112c0288 #d,-,18,2428,2368,1130,84,0,185323,11490,2428,2371,1134,2427,2367,1128,89,100,0,500,2720;
@400000005e747773113536c7 #d,-,18,2429,2368,1130,85,0,185236,11484,2429,2369,1133,2428,2367,1128,89,100,0,500,2720;
@400000005e7477751143571b #d,-,18,2430,2365,1132,86,0,185149,11479,2430,2369,1135,2429,2360,1128,89,100,0,500,2720;
@400000005e747775114d2b8a #d,-,18,2430,2366,1131,86,0,185063,11473,2430,2366,1134,2430,2364,1128,89,100,0,500,2718;
@400000005e747777115bf46f #d,-,18,2431,2364,1133,87,0,184978,11468,2431,2366,1136,2430,2364,1129,89,100,0,500,2720;
@400000005e74777711655650 #d,-,18,2431,2366,1131,88,0,184893,11463,2431,2367,1133,2431,2364,1127,89,100,0,500,2718;
@400000005e74777911747d46 #d,-,18,2431,2365,1130,88,0,184959,11467,2431,2367,1132,2431,2365,1128,89,100,0,500,2715;
@400000005e747779117da569 #d,-,18,2431,2367,1130,89,0,184729,11453,2431,2367,1132,2431,2365,1129,89,100,0,500,2715;
@400000005e74777b118c2fe8 #d,-,18,2432,2363,1395,90,0,184712,11452,2432,2367,1395,2431,2363,1129,89,100,0,500,2718;
@400000005e74777b1193c10f #d,-,18,3062,2366,1091,91,0,185139,11478,3062,2367,1669,2432,2362,1091,94,100,0,500,3227;
@400000005e74777d11a0dc9d #d,-,18,2922,2365,1221,91,0,185188,11481,3062,2366,1298,2922,2362,1057,90,100,0,500,3220;
@400000005e74777d11aab10c #d,-,18,2653,2361,1178,92,0,185211,11483,2922,2365,1221,2653,2361,1175,90,100,0,500,2926;
@400000005e74777f11b90852 #d,-,18,2591,2363,1122,93,0,185182,11481,2653,2364,1188,2591,2360,1119,90,100,0,500,2862;
@400000005e74777f11bd59cd #d,-,18,2469,2361,1669,94,0,185418,11495,2591,2364,1755,2469,2360,1122,89,100,0,500,2758;
@400000005e74778111c66e62 #d,-,18,3509,2364,1308,94,0,185673,11511,3509,2365,1669,2469,2360,1097,97,100,0,500,3611;
@400000005e74778111ca7cce #d,-,18,2641,2364,1211,95,0,185711,11514,3509,2365,1308,2641,2364,1193,88,100,0,500,2998;
@400000005e74778311d759f6 #d,-,18,2640,2362,1187,96,0,185711,11514,2641,2364,1216,2640,2362,1177,90,100,0,500,2903;
@400000005e74778311dc5403 #d,-,18,2543,2363,1222,97,0,185665,11511,2640,2365,1222,2543,2362,1122,90,100,0,500,2825;
@400000005e74778511e4433a #d,-,18,3076,2365,1146,98,0,186125,11539,3076,2365,1764,2543,2360,1146,95,100,0,500,3216;
@400000005e74778511e8467a #d,-,18,2976,2362,1222,98,0,186164,11542,3076,2365,1298,2976,2362,1083,90,100,0,500,3291;
@400000005e74778711f6ad95 #d,-,18,2649,2363,1185,99,0,186179,11543,2976,2364,1222,2649,2361,1177,90,100,0,500,2919;
@400000005e7477871200d7b2 #d,-,18,2591,2364,1137,100,0,186142,11540,2649,2365,1193,2591,2363,1124,90,100,0,500,2862;
@400000005e747789120ff28c #d,-,18,2591,2361,1561,100,0,186501,11563,2591,2364,1773,2591,2359,1137,92,100,0,500,2803;
@400000005e7477891219546e #d,-,18,3367,2362,1198,101,0,186605,11569,3367,2363,1641,2591,2360,1104,91,100,0,500,3668;
@400000005e74778b122840b7 #d,-,18,2697,2361,1207,102,0,186634,11571,3367,2364,1226,2697,2361,1197,92,100,0,500,2929;
@400000005e74778b123243b7 #d,-,18,2615,2363,1159,103,0,186615,11570,2697,2363,1207,2615,2360,1159,90,100,0,500,2879;
@400000005e74778d12414b02 #d,-,18,2503,2364,1019,103,0,186495,11562,2615,2364,1159,2503,2362,1019,89,100,0,500,2784;
@400000005e74778d124aa570 #d,-,18,2274,2362,1127,104,0,186375,11555,2503,2364,1153,2274,2362,1019,87,100,0,500,2585;
@400000005e74778f125a3e05 #d,-,18,2445,2361,1134,105,0,186296,11550,2445,2364,1136,2274,2361,1127,89,100,0,500,2718;
@400000005e74778f126369e2 #d,-,18,2443,2362,1132,105,0,186343,11553,2445,2363,1136,2443,2361,1130,89,100,0,500,2715;
@400000005e7477911271c5d0 #d,-,18,2442,2359,1131,106,0,186138,11540,2443,2362,1136,2442,2359,1129,89,100,0,500,2715;
@400000005e747791127b2f25 #d,-,18,2441,2359,1130,107,0,186061,11535,2442,2361,1134,2441,2359,1130,89,100,0,500,2713;
@400000005e747793128a561a #d,-,18,2440,2361,1132,107,0,185985,11531,2441,2361,1134,2440,2359,1130,89,100,0,500,2713;
@400000005e74779312938e13 #d,-,18,2439,2360,1133,108,0,185910,11526,2440,2362,1134,2439,2359,1131,89,100,0,500,2718;
@400000005e74779512a1edbb #d,-,18,2438,2362,1134,109,0,185838,11521,2439,2362,1135,2438,2359,1132,89,100,0,500,2715;
@400000005e74779512ab6f46 #d,-,18,2438,2361,1129,109,0,185765,11517,2438,2362,1135,2438,2361,1128,89,100,0,500,2718;
@400000005e74779712ba4f74 #d,-,18,2438,2363,1135,110,0,185695,11513,2438,2363,1135,2438,2360,1129,89,100,0,500,2715;
@400000005e74779712c3cd46 #d,-,18,2437,2362,1133,111,0,185625,11508,2438,2363,1135,2437,2361,1129,89,100,0,500,2715;
@400000005e74779912d2e0ad #d,-,18,2437,2361,1133,111,0,185557,11504,2437,2364,1134,2437,2361,1130,89,100,0,500,2718;
@400000005e74779912dc3b1b #d,-,18,2437,2364,1132,112,0,185489,11500,2437,2364,1135,2437,2360,1131,89,100,0,500,2720;
@400000005e74779b12eb3eac #d,-,18,2437,2361,1134,113,0,185423,11496,2437,2364,1136,2437,2361,1132,89,100,0,500,2718;
@400000005e74779b12f4b151 #d,-,18,2438,2360,1135,113,0,185358,11492,2438,2363,1135,2437,2360,1132,89,100,0,500,2718;
@400000005e74779d13039d9a #d,-,18,2438,2362,1133,114,0,185294,11488,2438,2362,1136,2438,2360,1131,89,100,0,500,2720;
@400000005e74779d130cf44f #d,-,18,2438,2360,1135,115,0,185230,11484,2438,2362,1136,2438,2359,1132,89,100,0,500,2718;
@400000005e74779f1315e0d8 #d,-,18,2438,2360,1136,115,0,185167,11480,2438,2361,1136,2438,2359,1132,89,100,0,500,2720;
@400000005e74779f131f9d10 #d,-,18,2438,2357,1630,116,0,185263,11486,2438,2360,1630,2438,2356,1132,89,100,0,500,2720;
@400000005e7477a11327d6c8 #d,-,18,3248,2357,1161,117,0,185474,11499,3248,2358,1630,2438,2357,1134,96,100,0,500,3370;
@400000005e7477a1132c20d0 #d,-,18,2755,2359,1212,118,0,185639,11509,3248,2360,1274,2755,2357,1161,89,100,0,500,3085;
@400000005e7477a3133a9b7a #d,-,18,2669,2358,1170,119,0,185536,11503,2755,2359,1221,2669,2357,1154,91,100,0,500,2922;
@400000005e7477a31344d837 #d,-,18,2545,2361,1140,119,0,185496,11500,2669,2362,1175,2545,2357,1134,90,100,0,500,2825;
@400000005e7477a513522e72 #d,-,18,2539,2357,1546,120,0,185771,11517,2545,2361,1799,2539,2355,1140,92,100,0,500,2753;
@400000005e7477a51356e570 #d,-,18,3487,2358,1228,121,0,185905,11526,3487,2361,1653,2539,2357,1091,93,100,0,500,3737;
@400000005e7477a71366f717 #d,-,18,2693,2361,1215,122,0,185932,11527,3487,2362,1228,2693,2358,1202,92,100,0,500,2926;
@400000005e7477a71371959f #d,-,18,2599,2361,1154,122,0,185902,11525,2693,2362,1215,2599,2360,1154,90,100,0,500,2872;
@400000005e7477a9137f6c5f #d,-,18,2483,2358,1454,123,0,186006,11532,2599,2363,1454,2483,2358,1129,89,100,0,500,2765;
@400000005e7477a913874cb0 #d,-,18,3140,2363,1058,124,0,186293,11550,3140,2364,1737,2483,2357,1056,95,100,0,500,3294;
@400000005e7477ab1392d9a3 #d,-,18,2888,2363,1216,125,0,186242,11547,3140,2363,1325,2888,2360,1058,90,100,0,500,3199;
@400000005e7477ab1396d929 #d,-,18,2665,2361,1168,126,0,186248,11547,2888,2363,1224,2665,2361,1161,90,100,0,500,2929;
@400000005e7477ad13a3ec55 #d,-,18,2563,2361,1141,126,0,186218,11545,2665,2363,1179,2563,2360,1136,90,100,0,500,2839;
@400000005e7477ad13ada88d #d,-,18,2479,2360,1734,127,0,186372,11555,2563,2362,1768,2479,2359,1138,89,100,0,500,2763;
@400000005e7477af13bc69ff #d,-,18,3457,2361,1290,128,0,186528,11564,3457,2361,1734,2479,2358,1026,96,100,0,500,3564;
@400000005e7477af13c5bcfa #d,-,18,2597,2360,1214,129,0,186662,11573,3457,2362,1304,2597,2359,1200,87,100,0,500,2960;
@400000005e7477b113d3caad #d,-,18,2667,2362,1193,129,0,186566,11567,2667,2362,1222,2597,2359,1183,91,100,0,500,2922;
@400000005e7477b113dd95cc #d,-,18,2567,2361,1143,130,0,186524,11564,2667,2362,1194,2567,2360,1131,90,100,0,500,2846;
@400000005e7477b313ea8682 #d,-,18,2455,2362,1131,131,0,186463,11560,2567,2362,1145,2455,2360,1124,89,100,0,500,2737;
@400000005e7477b313f33d07 #d,-,18,2452,2360,1129,131,0,186397,11556,2455,2362,1134,2452,2360,1127,90,100,0,500,2713;
@400000005e7477b513ffa11d #d,-,18,2449,2362,1130,132,0,186331,11552,2452,2362,1134,2449,2360,1127,90,100,0,500,2713;
@400000005e7477b51408ccfa #d,-,18,2446,2360,1135,133,0,186266,11548,2449,2362,1135,2446,2359,1126,90,100,0,500,2708;
@400000005e7477b714154c12 #d,-,18,2444,2360,1129,133,0,186201,11544,2446,2361,1135,2444,2358,1128,90,100,0,500,2711;
@400000005e7477b7141e0650 #d,-,18,2442,2360,1129,134,0,186138,11540,2444,2361,1132,2442,2360,1127,90,100,0,500,2708;
@400000005e7477b9142acfe9 #d,-,18,2440,2358,1126,135,0,186073,11536,2442,2360,1131,2440,2357,1123,90,100,0,500,2706;
@400000005e7477b9143399fc #d,-,18,2438,2356,1128,135,0,186011,11532,2440,2359,1133,2438,2356,1126,90,100,0,500,2706;
@400000005e7477bb14402088 #d,-,18,2437,2359,1128,136,0,185948,11528,2438,2359,1133,2437,2356,1124,90,100,0,500,2704;
@400000005e7477bb14493163 #d,-,18,2435,2358,1131,137,0,185886,11524,2437,2359,1132,2435,2358,1125,90,100,0,500,2704;
@400000005e7477bd14556d6c #d,-,18,2434,2358,1129,137,0,185822,11520,2435,2359,1133,2434,2358,1122,90,100,0,500,2704;
@400000005e7477bd145e33c6 #d,-,18,2432,2358,1130,138,0,185856,11523,2434,2359,1132,2432,2358,1125,89,100,0,500,2704;
@400000005e7477bf146aa7b1 #d,-,18,2431,2358,1128,139,0,185699,11513,2432,2359,1132,2431,2356,1124,89,100,0,500,2704;
@400000005e7477bf1473db01 #d,-,18,2430,2361,1129,139,0,185638,11509,2431,2361,1130,2430,2358,1126,89,100,0,500,2706;
@400000005e7477c114815859 #d,-,18,2429,2360,1128,140,0,185673,11511,2430,2362,1129,2429,2360,1123,89,100,0,500,2704;
@400000005e7477c11489e7c0 #d,-,18,2429,2361,1130,141,0,185519,11502,2429,2361,1131,2429,2359,1123,89,100,0,500,2704;
@400000005e7477c31496472e #d,-,18,2428,2360,1129,141,0,185460,11498,2429,2361,1131,2428,2359,1122,89,100,0,500,2704;
@400000005e7477c3149f7a7f #d,-,18,2428,2360,1131,142,0,185403,11495,2428,2363,1134,2428,2360,1126,89,100,0,500,2706;
@400000005e7477c514aa8332 #d,-,18,2427,2363,1130,143,0,185347,11491,2428,2363,1134,2427,2360,1127,89,100,0,500,2708;
@400000005e7477c514b01153 #d,-,18,2567,2360,1571,144,0,185595,11506,2567,2363,1727,2427,2357,1129,92,100,0,500,2768;
@400000005e7477c714be3dc2 #d,-,18,3335,2361,1203,144,0,185648,11510,3335,2362,1639,2567,2359,1034,91,100,0,501,3654;
@400000005e7477c714c784a1 #d,-,18,2641,2360,1216,145,0,185674,11511,3335,2362,1237,2641,2360,1190,92,100,0,501,2862;
@400000005e7477c914d2b473 #d,-,18,2639,2360,1188,146,0,185674,11511,2641,2362,1216,2639,2359,1180,91,100,0,501,2893;
@400000005e7477c914d730c5 #d,-,18,2533,2361,1150,147,0,185631,11509,2639,2362,1188,2533,2360,1123,89,100,0,501,2815;
@400000005e7477cb14df179a #d,-,18,2994,2361,1348,148,0,185961,11529,2994,2361,1746,2533,2357,1150,95,100,0,501,3128;
@400000005e7477cb14e326f5 #d,-,18,2997,2360,1230,148,0,185963,11529,2997,2362,1348,2994,2358,1022,89,100,0,501,3341;
@400000005e7477cd14f27508 #d,-,18,2657,2358,1181,149,0,185979,11530,2997,2360,1230,2657,2357,1181,90,100,0,501,2936;
@400000005e7477cd14fcd52a #d,-,18,2651,2359,1145,150,0,185954,11529,2657,2360,1195,2651,2357,1125,92,100,0,501,2874;
@400000005e7477cf150b4c1a #d,-,18,2457,2360,1652,151,0,186005,11532,2651,2362,1652,2457,2359,1128,89,100,0,501,2749;
@400000005e7477cf151492f9 #d,-,18,3264,2361,1145,151,0,186199,11544,3264,2363,1713,2457,2359,1025,96,100,0,501,3389;
@400000005e7477d115235ccd #d,-,18,2787,2360,1210,152,0,186240,11546,3264,2363,1325,2787,2360,1145,88,100,0,501,3137;
@400000005e7477d1152d43dc #d,-,18,2661,2363,1182,153,0,186250,11547,2787,2363,1219,2661,2359,1182,91,100,0,501,2912;
@400000005e7477d31537e264 #d,-,18,2595,2364,1133,154,0,186226,11546,2661,2364,1193,2595,2361,1120,90,100,0,501,2862;
@400000005e7477d3153bee06 #d,-,18,2527,2359,1535,154,0,186522,11564,2595,2365,1755,2527,2358,1133,91,100,0,501,2772;
@400000005e7477d51549768b #d,-,18,3425,2361,1220,155,0,186532,11565,3425,2364,1661,2527,2359,1101,92,100,0,501,3697;
@400000005e7477d51552d0f9 #d,-,18,2711,2360,1209,156,0,186552,11566,3425,2363,1228,2711,2360,1202,92,100,0,501,2938;
@400000005e7477d7155ec36f #d,-,18,2595,2362,1163,157,0,186527,11564,2711,2363,1209,2595,2360,1150,90,100,0,501,2867;
@400000005e7477d715679d58 #d,-,18,2487,2363,1135,157,0,186474,11561,2595,2363,1163,2487,2361,1128,89,100,0,501,2770;
@400000005e7477d9157541cd #d,-,18,2435,2361,1133,158,0,186419,11557,2487,2363,1135,2435,2360,1123,89,100,0,501,2720;
@400000005e7477d9157ddc61 #d,-,18,2434,2359,1133,159,0,186448,11559,2435,2363,1133,2434,2359,1127,89,100,0,501,2708;
@400000005e7477db158a0211 #d,-,18,2433,2361,1130,159,0,186310,11551,2434,2362,1136,2433,2359,1125,89,100,0,501,2713;
@400000005e7477db1592cfde #d,-,18,2432,2362,1128,160,0,186255,11547,2433,2362,1134,2432,2360,1122,89,100,0,501,2708;
@400000005e7477dd159f2065 #d,-,18,2432,2361,1125,161,1,186202,11544,2432,2362,1134,2432,2360,1125,89,100,0,501,2708;
@400000005e7477dd15a8576f #d,-,18,2431,2361,1130,161,1,186149,11541,2432,2363,1132,2431,2361,1124,89,100,0,501,2708;
@400000005e7477df15b592a8 #d,-,18,2431,2363,1126,162,1,186096,11537,2431,2364,1133,2431,2360,1125,89,100,0,501,2708;
@400000005e7477df15be25c8 #d,-,18,2430,2363,1128,163,1,186043,11534,2431,2364,1133,2430,2361,1126,89,100,0,501,2708;
@400000005e7477e115caf31b #d,-,18,2430,2362,1132,163,1,186074,11536,2430,2363,1133,2430,2360,1125,89,100,0,501,2708;
@400000005e7477e115d42ddf #d,-,18,2430,2361,1125,164,1,185940,11528,2430,2363,1133,2430,2360,1124,89,100,0,501,2713;
@400000005e7477e315e0fb32 #d,-,18,2429,2363,1129,165,1,185890,11525,2430,2363,1134,2429,2360,1124,89,100,0,501,2706;
@400000005e7477e315e9cda7 #d,-,18,2429,2362,1127,165,1,185838,11521,2429,2363,1134,2429,2361,1125,89,100,0,501,2708;
@400000005e7477e515f6ae89 #d,-,18,2428,2361,1127,166,1,185787,11518,2429,2363,1133,2428,2361,1125,89,100,0,501,2708;
@400000005e7477e515ffb349 #d,-,18,2428,2363,1131,167,1,185736,11515,2428,2364,1134,2428,2361,1122,89,100,0,501,2708;
@400000005e7477e7160c49a9 #d,-,18,2427,2362,1125,167,1,185685,11512,2428,2363,1132,2427,2362,1123,89,100,0,501,2706;
@400000005e7477e716151b2f #d,-,18,2427,2363,1127,168,1,185714,11514,2427,2364,1130,2427,2361,1121,89,100,0,501,2704;
@400000005e7477e91624ee70 #d,-,18,2426,2364,1123,169,1,185585,11506,2427,2364,1129,2426,2360,1123,89,100,0,501,2704;
@400000005e7477e9162eae62 #d,-,18,2425,2364,1132,170,1,185536,11503,2426,2364,1132,2425,2362,1123,89,100,0,501,2701;
@400000005e7477eb163d6772 #d,-,18,2425,2359,1672,170,1,185588,11506,2425,2364,1672,2425,2359,1122,89,100,0,501,2706;
@400000005e7477eb1646e8fe #d,-,18,3284,2362,1210,171,1,185764,11517,3284,2365,1706,2425,2359,1076,96,100,0,500,3405;
@400000005e7477ed1655dda9 #d,-,18,2809,2363,1214,172,1,185803,11519,3284,2364,1323,2809,2361,1210,89,100,0,500,3152;
@400000005e7477ed165fb129 #d,-,18,2651,2362,1187,173,1,185807,11520,2809,2364,1218,2651,2362,1180,91,100,0,500,2910;
@400000005e7477ef166d2e81 #d,-,18,2577,2361,1145,173,1,185780,11518,2651,2364,1187,2577,2361,1121,90,100,0,500,2843;
@400000005e7477ef16717ffc #d,-,18,2667,2361,1607,174,1,186078,11536,2667,2361,1731,2577,2358,1135,93,100,0,500,2843;
@400000005e7477f1167fdfa4 #d,-,18,3192,2361,1198,175,1,186026,11533,3192,2364,1631,2667,2360,1025,89,100,0,500,3547;
@400000005e7477f1168949e7 #d,-,18,2715,2362,1218,176,1,186052,11535,3192,2363,1257,2715,2360,1198,92,100,0,500,2934;
@400000005e7477f31698a327 #d,-,18,2613,2363,1161,176,1,186037,11534,2715,2364,1218,2613,2351,1160,90,100,0,500,2884;
@400000005e7477f316a0dce0 #d,-,18,2491,2358,1428,177,1,186030,11533,2613,2364,1428,2491,2357,1126,90,100,0,500,2765;
@400000005e7477f516aef979 #d,-,18,3122,2362,1038,178,1,186240,11546,3122,2362,1713,2491,2356,1038,95,100,0,500,3272;
@400000005e7477f516b8a6cb #d,-,18,2924,2357,1224,179,1,186277,11549,3122,2362,1334,2924,2357,1032,90,100,0,500,3230;
@400000005e7477f716c98aec #d,-,18,2655,2359,1166,180,1,186353,11553,2924,2361,1224,2655,2357,1155,90,100,0,500,2922;
@400000005e7477f716d3a08c #d,-,18,2547,2362,1143,180,1,186246,11547,2655,2362,1179,2547,2358,1128,90,100,0,500,2829;
@400000005e7477f916e2deca #d,-,18,2469,2359,1519,181,1,186479,11561,2547,2362,1746,2469,2358,1136,90,100,0,500,2734;
@400000005e7477f916eb857a #d,-,18,3437,2362,1252,182,1,186483,11561,3437,2363,1633,2469,2358,974,93,100,0,500,3685;
@400000005e7477fb16fa1fce #d,-,18,2655,2361,1223,183,1,186500,11563,3437,2362,1252,2655,2360,1193,91,100,0,500,2891;
@400000005e7477fb170372c9 #d,-,18,2649,2361,1157,183,1,186483,11561,2655,2362,1223,2649,2360,1156,91,100,0,500,2891;
@400000005e7477fd171034ef #d,-,18,2487,2363,1143,184,1,186440,11559,2649,2363,1157,2487,2360,1124,89,100,0,500,2765;
@400000005e7477fd1718a865 #d,-,18,2481,2363,1129,185,1,186392,11556,2487,2363,1143,2481,2360,1121,91,100,0,500,2723;
@400000005e7477ff17255342 #d,-,18,2423,2360,1125,185,1,186344,11553,2481,2363,1132,2423,2360,1121,89,100,0,500,2706;
@400000005e7477ff172e08d9 #d,-,18,2423,2361,1129,186,1,186295,11550,2423,2363,1133,2423,2360,1122,89,100,0,500,2704;
@400000005e747801173b05ab #d,-,18,2422,2363,1124,187,1,186246,11547,2423,2363,1133,2422,2361,1123,89,100,0,500,2704;
@400000005e747801174438fb #d,-,18,2423,2363,1132,187,1,186200,11544,2423,2363,1133,2422,2361,1124,89,100,0,500,2708;
@400000005e7478031750cf5c #d,-,18,2422,2360,1124,188,1,186152,11541,2423,2363,1134,2422,2360,1123,89,100,0,500,2704;
@400000005e74780317598e42 #d,-,18,2423,2361,1130,189,1,186106,11538,2423,2363,1132,2422,2360,1123,89,100,0,501,2706;
@400000005e747805176604f8 #d,-,18,2423,2361,1129,189,1,186060,11535,2423,2364,1130,2423,2361,1123,89,100,0,501,2706;
@400000005e747805176f30d5 #d,-,18,2423,2362,1130,190,1,186084,11537,2423,2364,1132,2423,2360,1123,89,100,0,501,2706;
@400000005e747807177c7381 #d,-,18,2423,2362,1130,191,1,185969,11530,2423,2363,1131,2423,2361,1122,89,100,0,501,2704;
@400000005e74780717850f03 #d,-,18,2423,2362,1123,191,1,185924,11527,2423,2363,1132,2423,2360,1122,89,100,0,501,2708;
@400000005e7478091791536f #d,-,18,2423,2362,1130,192,1,185880,11524,2423,2362,1131,2423,2360,1123,89,100,0,501,2704;
@400000005e747809179a2c69 #d,-,18,2423,2359,1126,193,1,185836,11521,2423,2362,1134,2423,2359,1122,89,100,0,501,2706;
@400000005e74780b17a6f602 #d,-,18,2424,2358,1130,193,1,185793,11519,2424,2361,1133,2423,2358,1125,89,100,0,501,2704;
@400000005e74780b17af9cb1 #d,-,18,2424,2360,1129,194,1,185818,11520,2424,2360,1135,2424,2357,1127,89,100,0,501,2708;
Lost connection at /opt/powertools/bin/wattsup1 line 220.
	main::failure('Lost connection') called at /opt/powertools/bin/wattsup1 line 271
	main::recv_msg() called at /opt/powertools/bin/wattsup1 line 504
