@400000005e43b06111c5ce32 #v,-,8,2,261786,5,2,4,57,200810261703,0;
@400000005e43b0620014e761 #h,-,18,W,V,A,WH,Cost,WH/Mo,Cost/Mo,Wmax,Vmax,Amax,Wmin,Vmin,Amin,PF,DC,PC,Hz,VA;
@400000005e43b06206238058 #f,-,48,251,436,1,4775,0,0,65533,0,199,810,237,17949,177,311,4753,4,92217,151,32123,69906,40,694,17008,0,93,1,4659,0,0,65533,0,199,822,242,18484,171,318,5362,2,92206,150,32190,70407,42,536,17029,0,92;
@400000005e43b064063606a3 #d,-,18,2528,2344,1169,1,0,179067,11102,2530,2344,1175,2528,2341,1166,91,100,0,501,2777;
@400000005e43b0660643e20b #d,-,18,2526,2344,1159,1,0,179306,11117,2528,2344,1169,2526,2342,1159,91,100,0,501,2772;
@400000005e43b066064d1ccf #d,-,18,2523,2342,1161,2,0,183953,11405,2526,2344,1164,2523,2342,1159,91,100,0,501,2761;
@400000005e43b068065a4fa6 #d,-,18,2520,2342,1158,3,0,179239,11112,2523,2344,1161,2520,2342,1154,91,100,0,501,2756;
@400000005e43b0680662f655 #d,-,18,2516,2342,1162,3,0,179114,11105,2520,2344,1162,2516,2340,1153,91,100,0,501,2744;
@400000005e43b06a06707767 #d,-,18,2512,2343,1150,4,0,178964,11095,2516,2343,1162,2512,2340,1150,91,100,0,501,2746;
@400000005e43b06a06790f30 #d,-,18,2507,2340,1155,5,0,181024,11223,2512,2343,1155,2507,2340,1146,91,100,0,501,2732;
@400000005e43b06c0686bed2 #d,-,18,2503,2341,1153,6,0,178635,11075,2507,2343,1156,2503,2340,1151,91,100,0,501,2734;
@400000005e43b06c068f3e64 #d,-,18,2500,2343,1150,6,0,178506,11067,2503,2343,1156,2500,2340,1144,91,100,0,501,2737;
@400000005e43b06e069c8d2b #d,-,18,2495,2344,1145,7,0,178335,11056,2500,2344,1150,2495,2341,1144,91,100,0,501,2723;
@400000005e43b06e06a55af8 #d,-,18,2492,2344,1151,8,0,178252,11051,2495,2346,1155,2492,2343,1144,91,100,0,501,2727;
@400000005e43b07006b26a6b #d,-,18,2489,2343,1143,8,0,178127,11043,2492,2345,1151,2489,2343,1141,91,100,0,501,2732;
@400000005e43b07006bb3ce0 #d,-,18,2484,2344,1145,9,0,177989,11035,2489,2346,1146,2484,2343,1140,91,100,0,501,2718;
@400000005e43b07206c88345 #d,-,18,2481,2343,1144,10,0,177879,11028,2484,2346,1149,2481,2343,1142,91,100,0,501,2718;
@400000005e43b07206d154cc #d,-,18,2478,2343,1142,10,0,177800,11023,2481,2345,1151,2478,2343,1141,90,100,0,501,2725;
@400000005e43b07406de9b31 #d,-,18,2476,2344,1137,11,0,177697,11017,2478,2345,1148,2476,2342,1136,91,100,0,501,2720;
@400000005e43b07406e7b73a #d,-,18,2472,2343,1141,12,0,177574,11009,2476,2345,1141,2472,2342,1135,91,100,0,501,2708;
@400000005e43b07606f63a45 #d,-,18,2469,2343,1141,12,0,177478,11003,2472,2345,1145,2469,2343,1140,91,100,0,501,2711;
@400000005e43b07606ff9fe0 #d,-,18,2972,2338,2093,13,0,184025,11409,2972,2345,2199,2469,2338,1139,95,100,0,501,3123;
@400000005e43b078070eb7ef #d,-,18,4557,2339,2035,15,0,190413,11805,4557,2342,2121,2972,2338,1976,95,100,0,501,4780;
@400000005e43b078071877e1 #d,-,18,4733,2340,1982,16,0,196782,12200,4733,2342,2110,4557,2339,1875,96,100,0,501,4891;
@400000005e43b07a0721a3be #d,-,18,4425,2342,1960,17,0,202017,12525,4733,2342,2013,4425,2340,1836,96,100,0,501,4609;
@400000005e43b07a072675bf #d,-,18,4425,2342,1955,18,0,206899,12827,4425,2343,1980,4425,2340,1901,97,100,0,501,4557;
@400000005e43b07c07348e9f #d,-,18,4427,2342,1969,20,0,212268,13160,4427,2342,1987,4425,2340,1893,96,100,0,501,4590;
@400000005e43b07c073e7a56 #d,-,18,4430,2342,1952,21,0,215581,13366,4430,2343,1969,4427,2340,1922,96,100,0,501,4595;
@400000005e43b07e074ffea8 #d,-,18,4433,2341,1954,22,0,219429,13604,4433,2343,1990,4430,2341,1889,96,100,0,501,4595;
@400000005e43b07e075c1faf #d,-,18,4435,2341,1953,23,0,223048,13829,4435,2343,1966,4433,2340,1930,96,100,0,501,4597;
@400000005e43b080077082d1 #d,-,18,4438,2341,1940,25,0,226378,14035,4438,2342,1976,4435,2340,1915,96,100,0,501,4602;
@400000005e43b080077e7cf5 #d,-,18,4439,2339,1942,26,0,230273,14276,4439,2342,1965,4438,2339,1933,96,100,0,501,4597;
@400000005e43b0820791939b #d,-,18,4442,2342,1951,27,0,232445,14411,4442,2342,1968,4439,2339,1925,96,100,0,501,4602;
@400000005e43b082079dd094 #d,-,18,4441,2341,1927,28,0,235182,14581,4442,2343,1993,4441,2339,1899,96,100,0,501,4590;
@400000005e43b08407b02fc1 #d,-,18,4447,2341,1964,30,0,237815,14744,4447,2342,1969,4441,2339,1927,96,100,0,501,4619;
@400000005e43b08407bc3980 #d,-,18,4451,2339,1953,31,0,240280,14897,4451,2341,1968,4447,2339,1946,96,100,0,501,4619;
@400000005e43b08607cc17ee #d,-,18,4454,2339,1967,32,0,243304,15084,4454,2342,1990,4451,2339,1912,96,100,0,501,4614;
@400000005e43b08607d5e3fc #d,-,18,4456,2341,1963,33,0,244803,15177,4456,2341,1967,4454,2339,1949,96,100,0,501,4621;
@400000005e43b08807ead778 #d,-,18,4459,2341,1953,35,0,246895,15307,4459,2342,1970,4456,2340,1953,96,100,0,501,4623;
@400000005e43b08807f9a05d #d,-,18,4463,2341,1975,36,0,248889,15431,4463,2342,1980,4459,2339,1944,96,100,0,501,4630;
@400000005e43b08a0807c912 #d,-,18,4465,2342,1953,37,0,250757,15546,4465,2342,1975,4463,2339,1949,96,100,0,501,4623;
@400000005e43b08a0810dda7 #d,-,18,4467,2342,1966,38,0,253184,15697,4467,2344,1977,4465,2341,1940,96,100,0,501,4628;
Lost connection at /opt/powertools/bin/wattsup1 line 220.
	main::failure('Lost connection') called at /opt/powertools/bin/wattsup1 line 271
	main::recv_msg() called at /opt/powertools/bin/wattsup1 line 504
