@400000005e182e043919ace2 #v,-,8,2,261786,5,2,4,57,200810261703,0;
@400000005e182e052769d06d #h,-,18,W,V,A,WH,Cost,WH/Mo,Cost/Mo,Wmax,Vmax,Amax,Wmin,Vmin,Amin,PF,DC,PC,Hz,VA;
@400000005e182e052d780026 #f,-,48,71,436,1,4775,0,0,65533,0,199,810,237,17949,177,311,4753,4,92217,151,32123,69906,40,694,17008,0,93,1,4659,0,0,65533,0,199,822,242,18484,171,318,5362,2,92206,150,32190,70407,42,536,17029,0,92;
@400000005e182e072d8cd3f9 #d,-,18,2572,2360,1158,0,0,182413,11309,2580,2360,1185,2572,2359,1152,91,100,0,500,2798;
@400000005e182e092d9d17ea #d,-,18,2566,2361,1156,1,0,181737,11267,2572,2361,1162,2566,2358,1155,92,100,0,500,2784;
@400000005e182e092da68d5b #d,-,18,2560,2358,1157,2,0,181332,11242,2566,2361,1162,2560,2358,1153,92,100,0,500,2779;
@400000005e182e0b2db4b6fe #d,-,18,2505,2360,1151,2,0,185156,11479,2560,2360,1157,2505,2358,1147,90,100,0,500,2770;
@400000005e182e0b2dbdd6c0 #d,-,18,2505,2358,1168,3,0,180839,11212,2505,2360,1168,2505,2357,1151,90,100,0,500,2765;
@400000005e182e0d2dcb8a1c #d,-,18,2505,2361,1148,4,0,180562,11194,2505,2361,1168,2505,2358,1148,90,100,0,500,2770;
@400000005e182e0d2dd5140a #d,-,18,2503,2360,1145,4,0,180282,11177,2505,2361,1152,2503,2359,1144,90,100,0,500,2758;
@400000005e182e0f2de41ffd #d,-,18,2500,2360,1145,5,0,179966,11157,2503,2361,1146,2500,2360,1137,91,100,0,500,2746;
@400000005e182e0f2ded4ea5 #d,-,18,2497,2358,1143,6,0,179733,11143,2500,2360,1148,2497,2358,1141,91,100,0,500,2742;
@400000005e182e112dfbe8fa #d,-,18,2495,2360,1148,7,0,179586,11134,2497,2361,1151,2495,2358,1143,90,100,0,500,2746;
@400000005e182e112e055f58 #d,-,18,2493,2360,1140,7,0,179402,11122,2495,2361,1149,2493,2360,1138,90,100,0,500,2749;
@400000005e182e132e13e264 #d,-,18,2490,2360,1140,8,0,179189,11109,2493,2361,1144,2490,2359,1136,90,100,0,500,2739;
@400000005e182e132e1d0d53 #d,-,18,2486,2359,1138,9,0,178966,11095,2490,2360,1141,2486,2359,1133,91,100,0,500,2727;
@400000005e182e152e2c0d2b #d,-,18,2483,2363,1136,9,0,178803,11085,2486,2363,1143,2483,2359,1136,90,100,0,500,2730;
@400000005e182e152e3563df #d,-,18,2480,2362,1140,10,0,178671,11077,2483,2363,1142,2480,2362,1134,90,100,0,500,2734;
@400000005e182e172e448f7d #d,-,18,2478,2362,1132,11,0,178528,11068,2480,2362,1141,2478,2361,1132,90,100,0,500,2730;
@400000005e182e172e4e0133 #d,-,18,2474,2361,1134,11,0,178353,11057,2478,2362,1136,2474,2360,1127,90,100,0,500,2725;
@400000005e182e192e5cd9ee #d,-,18,2471,2361,1133,12,0,179178,11109,2474,2362,1136,2471,2361,1130,91,100,0,500,2715;
@400000005e182e192e661d13 #d,-,18,2468,2362,1131,13,0,179001,11098,2471,2363,1138,2468,2361,1129,90,100,0,500,2718;
@400000005e182e1b2e74bb21 #d,-,18,2465,2361,1133,13,0,178841,11088,2468,2363,1133,2465,2361,1130,90,100,0,500,2718;
@400000005e182e1b2e7e4067 #d,-,18,2463,2361,1128,14,0,178677,11077,2465,2363,1134,2463,2361,1128,90,100,0,500,2715;
@400000005e182e1d2e8cc72c #d,-,18,2461,2362,1130,15,0,177710,11018,2463,2362,1130,2461,2360,1125,90,100,0,500,2713;
@400000005e182e1d2e960a52 #d,-,18,2458,2362,1131,15,0,177596,11010,2461,2363,1131,2458,2362,1128,90,100,0,500,2711;
@400000005e182e1f2ea4725b #d,-,18,2455,2361,1133,16,0,177503,11005,2458,2363,1134,2455,2361,1128,90,100,0,500,2713;
@400000005e182e1f2eae45dc #d,-,18,2454,2364,1129,17,0,177412,10999,2455,2364,1133,2454,2361,1128,90,100,0,500,2715;
@400000005e182e212ebc33e4 #d,-,18,2452,2364,1125,17,0,177322,10994,2454,2365,1131,2452,2364,1125,90,100,0,500,2713;
@400000005e182e212ec4f684 #d,-,18,2507,2360,1922,18,0,180113,11167,2507,2364,2076,2452,2359,1125,91,100,0,500,2734;
@400000005e182e232ed38c31 #d,-,18,4503,2360,2026,20,0,185476,11499,4503,2361,2177,2507,2359,1787,100,100,0,500,4503;
@400000005e182e232edcbf81 #d,-,18,4617,2359,1937,21,0,190229,11794,4617,2361,2099,4503,2358,1845,96,100,0,500,4792;
@400000005e182e252eeab232 #d,-,18,4425,2360,1899,22,0,194400,12052,4617,2360,1950,4425,2358,1881,96,100,0,500,4602;
@400000005e182e252ef3fccb #d,-,18,4423,2361,1902,23,0,198329,12296,4425,2361,1932,4423,2360,1899,96,100,0,500,4569;
@400000005e182e272f024d8c #d,-,18,4423,2360,1904,25,0,202015,12524,4423,2362,1931,4423,2359,1902,96,100,0,500,4576;
@400000005e182e272f0bc6b6 #d,-,18,4423,2360,1911,26,0,205467,12738,4423,2360,1935,4423,2359,1900,96,100,0,500,4567;
@400000005e182e292f19c93c #d,-,18,4422,2361,1913,27,0,208731,12941,4423,2362,1930,4422,2360,1904,96,100,0,500,4569;
@400000005e182e292f228aee #d,-,18,4422,2359,1908,28,0,212406,13169,4422,2362,1922,4422,2359,1908,96,100,0,500,4571;
@400000005e182e2b2f2fed43 #d,-,18,4422,2357,1909,30,0,215308,13349,4422,2360,1925,4422,2356,1908,96,100,0,500,4571;
@400000005e182e2b2f38de74 #d,-,18,4421,2356,1912,31,0,217483,13484,4422,2358,1931,4421,2356,1909,96,100,0,500,4571;
@400000005e182e2d2f465724 #d,-,18,4423,2359,1912,32,0,220692,13682,4423,2359,1936,4421,2356,1912,96,100,0,500,4583;
@400000005e182e2d2f4f151c #d,-,18,4424,2358,1918,33,0,222620,13802,4424,2359,1936,4423,2358,1912,96,100,0,500,4578;
@400000005e182e2f2f5d1f16 #d,-,18,4425,2357,1914,34,0,225000,13950,4425,2359,1938,4424,2357,1914,96,100,0,500,4588;
@400000005e182e2f2f661c62 #d,-,18,4427,2358,1922,36,0,227286,14091,4427,2358,1938,4425,2357,1914,96,100,0,500,4588;
@400000005e182e312f73f322 #d,-,18,4430,2357,1925,37,0,229473,14227,4430,2358,1943,4427,2357,1922,96,100,0,500,4602;
@400000005e182e312f7d2a2c #d,-,18,4433,2356,1927,38,0,231574,14357,4433,2358,1944,4430,2356,1924,96,100,0,500,4602;
@400000005e182e332f8aaef8 #d,-,18,4437,2357,1927,39,0,233579,14481,4437,2357,1945,4433,2355,1926,96,100,0,500,4612;
@400000005e182e332f93790b #d,-,18,4440,2356,1924,41,0,235493,14600,4440,2357,1948,4437,2356,1924,96,100,0,500,4607;
@400000005e182e352fa0db61 #d,-,18,4443,2354,1929,42,0,237331,14714,4443,2356,1947,4440,2354,1923,96,100,0,500,4609;
@400000005e182e352fa9959f #d,-,18,4445,2354,1934,43,0,239098,14824,4445,2355,1953,4443,2354,1928,96,100,0,500,4612;
@400000005e182e372fb6c4bc #d,-,18,4449,2352,1934,44,0,241307,14961,4449,2355,1957,4445,2352,1934,96,100,0,500,4626;
@400000005e182e372fc00f55 #d,-,18,4452,2353,1934,46,0,242931,15061,4452,2354,1954,4449,2352,1933,96,100,0,500,4626;
@400000005e182e392fcd9c82 #d,-,18,4454,2352,1936,47,0,244010,15128,4454,2354,1953,4452,2351,1934,96,100,0,500,4621;
@400000005e182e392fd656c1 #d,-,18,4457,2354,1935,48,0,245991,15251,4457,2354,1954,4454,2352,1934,96,100,0,500,4623;
@400000005e182e3b2fe3db8c #d,-,18,4459,2353,1936,49,0,246959,15311,4459,2355,1953,4457,2353,1935,96,100,0,500,4621;
@400000005e182e3b2fed02c1 #d,-,18,4460,2353,1938,51,0,248347,15397,4460,2354,1949,4459,2352,1936,96,100,0,500,4619;
@400000005e182e3d2ffae1e3 #d,-,18,4461,2355,1932,52,0,249686,15480,4461,2355,1951,4460,2353,1932,96,100,0,500,4619;
@400000005e182e3d3003fa32 #d,-,18,4462,2354,1933,53,0,250972,15560,4462,2355,1949,4461,2353,1931,96,100,0,500,4616;
@400000005e182e3f30116b6e #d,-,18,4463,2354,1940,54,0,252227,15638,4463,2354,1954,4462,2352,1933,96,100,0,500,4619;
@400000005e182e3f301a3582 #d,-,18,4465,2355,1941,56,0,253449,15713,4465,2355,1958,4463,2354,1940,96,100,0,500,4628;
@400000005e182e413027932f #d,-,18,4468,2352,1942,57,0,254626,15786,4468,2355,1953,4465,2352,1940,96,100,0,500,4635;
@400000005e182e413031098e #d,-,18,4470,2355,1939,58,0,255759,15857,4470,2355,1956,4468,2352,1937,96,100,0,500,4628;
@400000005e182e43303ef797 #d,-,18,4471,2353,1939,59,0,256856,15925,4471,2355,1952,4470,2353,1937,96,100,0,500,4628;
@400000005e182e43304898cd #d,-,18,4472,2355,1939,61,0,258339,16017,4472,2355,1955,4471,2353,1938,96,100,0,500,4626;
@400000005e182e4530564fe3 #d,-,18,4470,2355,1914,62,0,259357,16080,4472,2355,2016,4470,2354,1874,96,100,0,500,4616;
@400000005e182e45305f2258 #d,-,18,4475,2356,1906,63,0,260339,16141,4475,2356,1961,4470,2354,1906,96,100,0,500,4645;
@400000005e182e47306c8fdb #d,-,18,4477,2356,1940,64,0,261335,16202,4477,2357,1991,4475,2355,1906,96,100,0,500,4642;
@400000005e182e473075c32c #d,-,18,4480,2358,1941,66,0,262280,16261,4480,2358,1960,4477,2356,1935,96,100,0,500,4640;
@400000005e182e493083865d #d,-,18,4481,2357,1941,67,0,262800,16293,4481,2358,1961,4480,2357,1939,96,100,0,500,4642;
@400000005e182e49308c73d4 #d,-,18,4483,2357,1942,68,0,263697,16349,4483,2358,1961,4481,2357,1939,96,100,0,500,4642;
@400000005e182e4b309a5208 #d,-,18,4485,2356,1940,69,0,264567,16403,4485,2357,1959,4483,2355,1940,96,100,0,500,4645;
@400000005e182e4b30a3f6f7 #d,-,18,4487,2357,1948,71,0,265414,16455,4487,2358,1959,4485,2356,1940,96,100,0,500,4645;
@400000005e182e4d30b26de8 #d,-,18,4488,2359,1943,72,0,266231,16506,4488,2359,1958,4487,2356,1942,96,100,0,500,4645;
@400000005e182e4d30bbef74 #d,-,18,4489,2359,1944,73,0,267031,16555,4489,2360,1963,4488,2359,1941,96,100,0,500,4645;
@400000005e182e4f30caad2c #d,-,18,4490,2354,1945,74,0,267805,16603,4490,2359,1960,4489,2354,1939,96,100,0,500,4649;
@400000005e182e4f30d3c934 #d,-,18,4490,2362,1158,75,0,267671,16595,4490,2362,1960,4490,2354,1028,96,100,0,500,4645;
@400000005e182e5130e15661 #d,-,18,2733,2362,1171,76,0,266600,16529,4490,2363,1276,2733,2362,1158,86,100,0,500,3166;
@400000005e182e5130ea0ce5 #d,-,18,2569,2361,1174,77,0,265494,16460,2733,2363,1184,2569,2360,1162,91,100,0,500,2822;
@400000005e182e5330f76e4d #d,-,18,2566,2362,1163,77,0,264415,16393,2569,2363,1188,2566,2360,1160,91,100,0,500,2817;
@400000005e182e533100869b #d,-,18,2562,2361,1158,78,0,263337,16326,2566,2362,1164,2562,2358,1156,91,100,0,500,2794;
@400000005e182e55310fa9d7 #d,-,18,2557,2360,1156,79,0,262277,16261,2562,2361,1161,2557,2359,1154,92,100,0,500,2779;
@400000005e182e5531193a4a #d,-,18,2551,2360,1152,79,0,261565,16217,2557,2360,1157,2551,2359,1149,92,100,0,500,2772;
@400000005e182e5731289fa5 #d,-,18,2445,2363,1080,80,0,260066,16124,2551,2363,1152,2445,2360,1042,89,100,0,500,2739;
@400000005e182e573131f2a0 #d,-,18,2393,2361,1146,81,0,259400,16082,2445,2363,1177,2393,2361,1080,90,100,0,500,2649;
@400000005e182e59314090ae #d,-,18,2495,2360,1151,82,0,258427,16022,2495,2361,1155,2393,2359,1146,90,100,0,500,2758;
@400000005e182e59314a7403 #d,-,18,2495,2358,1146,82,0,257155,15943,2495,2360,1151,2495,2358,1141,90,100,0,500,2763;
@400000005e182e5b3158f70f #d,-,18,2493,2361,1147,83,0,256527,15904,2495,2361,1151,2493,2358,1145,90,100,0,500,2751;
@400000005e182e5b316241a8 #d,-,18,2492,2362,1146,84,0,255311,15829,2493,2362,1152,2492,2361,1145,90,100,0,500,2751;
@400000005e182e5d317066a4 #d,-,18,2491,2360,1141,84,0,254417,15773,2492,2362,1150,2491,2360,1140,90,100,0,500,2753;
@400000005e182e5d317a366a #d,-,18,2489,2360,1138,85,0,253534,15719,2491,2361,1144,2489,2360,1137,90,100,0,500,2742;
@400000005e182e5f31891efa #d,-,18,2486,2361,1138,86,0,252667,15665,2489,2362,1140,2486,2360,1134,90,100,0,500,2734;
@400000005e182e5f31925e66 #d,-,18,2484,2362,1054,86,0,251787,15610,2486,2362,1139,2484,2361,1054,91,100,0,500,2727;
@400000005e182e6131a02551 #d,-,18,2310,2364,1128,87,0,250861,15553,2484,2364,1152,2310,2362,1021,88,100,0,500,2611;
@400000005e182e6131a8b4b8 #d,-,18,2453,2364,1132,88,0,250039,15502,2453,2364,1138,2310,2363,1125,90,100,0,500,2706;
@400000005e182e6331b5959a #d,-,18,2451,2364,1130,88,0,249227,15452,2453,2364,1133,2451,2363,1127,90,100,0,500,2718;
@400000005e182e6331be77e4 #d,-,18,2450,2365,1130,89,0,248435,15402,2451,2365,1133,2450,2364,1128,90,100,0,500,2713;
@400000005e182e6531cb9ae5 #d,-,18,2448,2365,1127,90,0,247657,15354,2450,2365,1130,2448,2364,1126,90,100,0,500,2713;
@400000005e182e6531d474ce #d,-,18,2447,2364,1129,90,0,246891,15307,2448,2365,1132,2447,2364,1127,90,100,0,500,2713;
@400000005e182e6731e1e162 #d,-,18,2446,2365,1130,91,0,246148,15261,2447,2365,1132,2446,2364,1126,90,100,0,500,2711;
@400000005e182e6731eaa049 #d,-,18,2445,2363,1127,92,0,245415,15215,2446,2365,1132,2445,2363,1126,90,100,0,500,2715;
@400000005e182e6931f7cbac #d,-,18,2443,2363,1122,92,0,244689,15170,2445,2365,1128,2443,2361,1122,90,100,0,500,2706;
@400000005e182e693200e7b4 #d,-,18,2441,2363,1122,93,0,243980,15126,2443,2363,1128,2441,2362,1121,90,100,0,500,2701;
@400000005e182e6b320e8b3b #d,-,18,2440,2362,1127,94,0,243289,15083,2441,2364,1129,2440,2362,1122,90,100,0,500,2704;
@400000005e182e6b32172304 #d,-,18,2438,2361,1123,94,0,242606,15041,2440,2362,1128,2438,2361,1121,90,100,0,500,2704;
@400000005e182e6d32248bdf #d,-,18,2437,2362,1127,95,0,241938,15000,2438,2363,1130,2437,2361,1122,90,100,0,500,2701;
@400000005e182e6d322e3930 #d,-,18,2435,2363,1130,96,0,241283,14959,2437,2363,1130,2435,2361,1121,90,100,0,500,2701;
@400000005e182e6f323dcd1d #d,-,18,3106,2358,2150,97,0,241869,14995,3106,2363,2150,2435,2358,1130,98,100,0,500,3147;
@400000005e182e6f32484ce9 #d,-,18,4565,2356,2075,98,0,242742,15050,4565,2360,2212,3106,2356,1872,96,100,0,500,4721;
@400000005e182e713257b244 #d,-,18,4645,2356,1935,99,0,243503,15097,4645,2357,2123,4565,2356,1855,96,100,0,500,4801;
@400000005e182e71326292ec #d,-,18,4407,2358,1927,100,0,244195,15140,4645,2359,1943,4407,2356,1908,96,100,0,500,4581;
@400000005e182e733271f48d #d,-,18,4409,2356,1930,102,0,244875,15182,4409,2359,1931,4407,2356,1910,96,100,0,500,4574;
@400000005e182e73327cf125 #d,-,18,4410,2355,1932,103,0,245769,15237,4410,2356,1935,4409,2354,1908,96,100,0,500,4569;
@400000005e182e75328c181b #d,-,18,4413,2356,1931,104,0,246203,15264,4413,2357,1935,4410,2355,1913,96,100,0,500,4578;
@400000005e182e753295c0c4 #d,-,18,4415,2352,1928,105,0,247068,15318,4415,2357,1931,4413,2351,1911,96,100,0,500,4576;
@400000005e182e7732a4ef2d #d,-,18,4416,2355,1928,107,0,247477,15343,4416,2355,1929,4415,2351,1913,96,100,0,500,4571;
@400000005e182e7732ae941c #d,-,18,4417,2354,1937,108,0,248106,15382,4417,2355,1937,4416,2353,1915,96,100,0,500,4571;
@400000005e182e7932bda3c9 #d,-,18,4419,2352,1938,109,0,248727,15421,4419,2354,1945,4417,2351,1923,96,100,0,500,4583;
@400000005e182e7932c77390 #d,-,18,4422,2354,1936,110,0,249339,15459,4422,2354,1944,4419,2352,1922,96,100,0,500,4595;
@400000005e182e7b32d61558 #d,-,18,4425,2354,1938,112,0,249942,15496,4425,2355,1945,4422,2354,1921,96,100,0,500,4595;
@400000005e182e7b32e06e06 #d,-,18,4429,2355,1944,113,0,250540,15533,4429,2355,1944,4425,2354,1924,96,100,0,500,4600;
@400000005e182e7d32ee6be4 #d,-,18,4431,2353,1929,114,0,251118,15569,4431,2355,1971,4429,2352,1888,96,100,0,500,4597;
@400000005e182e7d32f7e243 #d,-,18,4432,2355,1917,115,0,251692,15604,4432,2355,1978,4431,2353,1887,96,100,0,500,4600;
@400000005e182e7f3305b0a1 #d,-,18,4434,2356,1906,117,0,252260,15640,4434,2356,1977,4432,2355,1891,96,100,0,500,4602;
@400000005e182e7f330ec536 #d,-,18,4439,2353,1930,118,0,252829,15675,4439,2356,1984,4434,2353,1906,96,100,0,500,4616;
@400000005e182e81331c561d #d,-,18,4442,2354,1928,119,0,253384,15709,4442,2354,1966,4439,2352,1910,96,100,0,500,4609;
@400000005e182e813325896e #d,-,18,4445,2354,1933,120,0,253930,15743,4445,2355,1952,4442,2354,1923,96,100,0,500,4614;
@400000005e182e83333358bb #d,-,18,4447,2352,1929,121,0,254463,15776,4447,2354,1950,4445,2352,1924,96,100,0,500,4607;
@400000005e182e83333c937e #d,-,18,4449,2352,1934,123,0,255195,15822,4449,2353,1951,4447,2351,1929,96,100,0,500,4609;
@400000005e182e85334a6685 #d,-,18,4450,2354,1931,124,0,255713,15854,4450,2354,1951,4449,2352,1924,96,100,0,500,4609;
@400000005e182e8533537760 #d,-,18,4451,2351,1931,125,0,256220,15885,4451,2354,1951,4450,2351,1925,96,100,0,500,4609;
@400000005e182e8733614a67 #d,-,18,4453,2351,1934,126,0,256526,15904,4453,2352,1954,4451,2351,1927,96,100,0,500,4607;
@400000005e182e87336a6de2 #d,-,18,4455,2352,1937,128,0,257230,15948,4455,2352,1959,4453,2350,1931,96,100,0,500,4623;
@400000005e182e8933787068 #d,-,18,4458,2350,1932,129,0,257524,15966,4458,2352,1955,4455,2350,1929,96,100,0,500,4621;
@400000005e182e893381a3b9 #d,-,18,4460,2350,1933,130,0,258011,15996,4460,2352,1958,4458,2350,1931,96,100,0,500,4619;
@400000005e182e8b338fb16c #d,-,18,4461,2352,1928,131,0,258491,16026,4461,2352,1960,4460,2350,1928,96,100,0,500,4621;
@400000005e182e8b3398d8a1 #d,-,18,4463,2350,1926,133,0,258962,16055,4463,2352,1962,4461,2349,1926,96,100,0,500,4621;
@400000005e182e8d33a6bf36 #d,-,18,4464,2351,1937,134,0,259431,16084,4464,2351,1964,4463,2349,1926,96,100,0,500,4621;
@400000005e182e8d33aff287 #d,-,18,4468,2349,1938,135,0,259899,16113,4468,2351,1968,4464,2349,1937,96,100,0,500,4633;
@400000005e182e8f33bd8727 #d,-,18,4470,2351,1939,136,0,260358,16142,4470,2351,1965,4468,2349,1938,96,100,0,500,4640;
@400000005e182e8f33c66d2b #d,-,18,4472,2349,1936,138,0,260809,16170,4472,2352,1964,4470,2349,1936,96,100,0,500,4633;
@400000005e182e9133d3bb04 #d,-,18,4474,2350,1940,139,0,261254,16197,4474,2350,1963,4472,2349,1936,96,100,0,500,4633;
@400000005e182e9133dce6e1 #d,-,18,4475,2351,1940,140,0,261693,16225,4475,2352,1966,4474,2349,1939,96,100,0,500,4635;
@400000005e182e9333ea212b #d,-,18,4477,2350,1939,141,0,262124,16251,4477,2352,1963,4475,2349,1936,96,100,0,500,4635;
@400000005e182e9333f30287 #d,-,18,4478,2350,1937,143,0,262735,16289,4478,2351,1964,4477,2349,1937,96,100,0,500,4630;
@400000005e182e9534006c50 #d,-,18,4478,2352,1936,144,0,263152,16315,4478,2353,1959,4478,2350,1935,96,100,0,500,4630;
@400000005e182e953409c6be #d,-,18,4479,2353,1938,145,0,263381,16329,4479,2354,1963,4478,2352,1936,96,100,0,500,4630;
@400000005e182e97341763c1 #d,-,18,4479,2351,1935,146,0,263789,16354,4479,2353,1962,4479,2349,1935,96,100,0,500,4633;
@400000005e182e97342011e3 #d,-,18,4480,2351,1940,148,0,264191,16379,4480,2353,1959,4479,2350,1935,96,100,0,500,4633;
@400000005e182e99342d681e #d,-,18,4481,2354,1938,149,0,264588,16404,4481,2354,1959,4480,2351,1938,96,100,0,500,4630;
@400000005e182e99343697b5 #d,-,18,4481,2352,1937,150,0,264980,16428,4481,2354,1958,4481,2352,1937,96,100,0,500,4633;
@400000005e182e9b34451707 #d,-,18,4481,2354,1937,151,0,265365,16452,4481,2354,1957,4481,2352,1936,96,100,0,500,4630;
@400000005e182e9b344e9031 #d,-,18,4481,2355,1940,153,0,265743,16476,4481,2355,1956,4481,2354,1937,96,100,0,500,4628;
@400000005e182e9d345d1f58 #d,-,18,4481,2356,1181,154,0,265628,16468,4481,2358,1955,4481,2352,942,96,100,0,500,4628;
@400000005e182e9d34669c3c #d,-,18,2581,2356,1171,154,0,265100,16436,4481,2357,1283,2581,2355,1130,84,100,0,500,3040;
@400000005e182e9f3474f82a #d,-,18,2579,2357,1171,155,0,264563,16402,2581,2357,1178,2579,2355,1171,91,100,0,500,2817;
@400000005e182e9f347e79b6 #d,-,18,2575,2358,1164,156,0,264198,16380,2579,2358,1173,2575,2357,1164,91,100,0,500,2806;
@400000005e182ea1348d9938 #d,-,18,2569,2357,1161,156,0,263660,16346,2575,2359,1165,2569,2356,1160,92,100,0,500,2791;
@400000005e182ea13497037b #d,-,18,2564,2355,1159,157,0,263128,16313,2569,2357,1165,2564,2354,1157,92,100,0,500,2782;
@400000005e182ea334a5b15e #d,-,18,2513,2359,1155,158,0,262595,16280,2564,2359,1160,2513,2355,1155,90,100,0,500,2775;
@400000005e182ea334af9fe1 #d,-,18,2512,2359,1155,158,0,261904,16238,2513,2359,1160,2512,2359,1153,90,100,0,500,2775;
@400000005e182ea534bf24e6 #d,-,18,2511,2357,1151,159,0,261381,16205,2512,2359,1155,2511,2357,1149,90,100,0,500,2768;
@400000005e182ea534c85837 #d,-,18,2509,2359,1149,160,0,260866,16173,2511,2359,1155,2509,2357,1149,90,100,0,500,2763;
@400000005e182ea734d6d789 #d,-,18,2506,2358,1150,161,0,260351,16141,2509,2360,1152,2506,2357,1143,90,100,0,500,2758;
@400000005e182ea734e0a661 #d,-,18,2504,2356,1149,161,1,259845,16110,2506,2358,1153,2504,2356,1147,90,100,0,500,2753;
@400000005e182ea934ef2d27 #d,-,18,2502,2358,1148,162,1,259343,16079,2504,2358,1152,2502,2356,1144,90,100,0,500,2756;
@400000005e182ea934f8bace #d,-,18,2500,2356,1143,163,1,258842,16048,2502,2358,1148,2500,2355,1140,90,100,0,500,2749;
@400000005e182eab3507f90c #d,-,18,2496,2357,1145,163,1,258349,16017,2500,2357,1150,2496,2355,1142,91,100,0,500,2742;
@400000005e182eab35115f95 #d,-,18,2493,2355,1140,164,1,258013,15996,2496,2357,1145,2493,2355,1137,91,100,0,500,2739;
@400000005e182ead351ff9ea #d,-,18,2490,2357,1141,165,1,257371,15957,2493,2357,1145,2490,2355,1139,91,100,0,500,2734;
@400000005e182ead3529a293 #d,-,18,2487,2353,1141,165,1,256890,15927,2490,2357,1144,2487,2353,1137,90,100,0,500,2734;
@400000005e182eaf35386b78 #d,-,18,2484,2356,1135,166,1,256411,15897,2487,2356,1142,2484,2353,1130,91,100,0,500,2727;
@400000005e182eaf35419b0f #d,-,18,2480,2353,1140,167,1,255939,15868,2484,2356,1140,2480,2353,1133,91,100,0,500,2723;
@400000005e182eb1354ff343 #d,-,18,2477,2353,1136,167,1,255471,15839,2480,2355,1140,2477,2353,1131,90,100,0,500,2723;
@400000005e182eb13559e1c6 #d,-,18,2474,2357,1134,168,1,255008,15810,2477,2357,1140,2474,2353,1131,90,100,0,500,2720;
@400000005e182eb33568edb9 #d,-,18,2471,2355,1133,169,1,254545,15781,2474,2357,1134,2471,2355,1126,91,100,0,500,2713;
@400000005e182eb33572632a #d,-,18,2468,2356,1129,169,1,254090,15753,2471,2357,1136,2468,2355,1129,91,100,0,500,2711;
@400000005e182eb53581c4cb #d,-,18,2465,2355,1138,170,1,253787,15734,2468,2356,1138,2465,2354,1129,90,100,0,500,2713;
@400000005e182eb5358b22f3 #d,-,18,2463,2356,1136,171,1,253199,15698,2465,2357,1147,2463,2355,1130,90,100,0,500,2715;
@400000005e182eb73599b5d4 #d,-,18,2462,2355,1134,171,1,252759,15671,2463,2357,1138,2462,2354,1126,90,100,0,500,2718;
@400000005e182eb735a365f1 #d,-,18,2460,2358,1132,172,1,252465,15652,2462,2358,1135,2460,2355,1127,90,100,0,500,2715;
@400000005e182eb935b3604f #d,-,18,2458,2356,1128,173,1,251889,15617,2460,2358,1133,2458,2356,1126,90,100,0,500,2713;
@400000005e182eb935bdbcb7 #d,-,18,2455,2358,1130,173,1,251458,15590,2458,2358,1131,2455,2356,1126,90,100,0,500,2704;
@400000005e182ebb35cde5a7 #d,-,18,2452,2353,1970,174,1,251270,15578,2455,2358,1970,2452,2353,1126,90,100,0,500,2706;
@400000005e182ebb35d87bcd #d,-,18,3960,2352,1987,176,1,251694,15605,3960,2353,2190,2452,2351,1778,99,100,0,500,3969;
@400000005e182ebd35e85a3a #d,-,18,4677,2352,1941,177,1,252121,15631,4677,2353,2119,3960,2351,1851,97,100,0,500,4820;
@400000005e182ebd35f34344 #d,-,18,4497,2351,1920,178,1,252487,15654,4677,2353,2022,4497,2350,1886,96,100,0,500,4666;
@400000005e182ebf36033540 #d,-,18,4415,2352,1934,179,1,252836,15675,4497,2352,1934,4415,2350,1901,96,100,0,500,4562;
@400000005e182ebf360debff #d,-,18,4413,2351,1936,181,1,253182,15697,4415,2353,1940,4413,2351,1894,96,100,0,500,4555;
@400000005e182ec1361e33aa #d,-,18,4413,2351,1955,182,1,253525,15718,4413,2352,1973,4413,2350,1868,96,100,0,500,4555;
@400000005e182ec13628d232 #d,-,18,4413,2349,1935,183,1,253863,15739,4413,2352,1955,4413,2349,1899,96,100,0,500,4569;
@400000005e182ec336393214 #d,-,18,4413,2347,1939,184,1,254337,15768,4413,2351,1942,4413,2344,1901,96,100,0,500,4562;
@400000005e182ec336437ea7 #d,-,18,4414,2351,1936,185,1,254536,15781,4414,2351,1939,4413,2347,1907,96,100,0,500,4567;
@400000005e182ec536534213 #d,-,18,4414,2349,1943,187,1,254867,15801,4414,2351,1943,4414,2349,1902,96,100,0,500,4569;
@400000005e182ec5365e9813 #d,-,18,4416,2350,1950,188,1,255201,15822,4416,2350,1950,4414,2348,1910,96,100,0,500,4576;
@400000005e182ec7366ef34d #d,-,18,4419,2348,1948,189,1,255533,15843,4419,2350,1950,4416,2347,1915,96,100,0,500,4588;
@400000005e182ec73679386d #d,-,18,4422,2349,1957,190,1,255867,15863,4422,2349,1961,4419,2346,1918,96,100,0,500,4593;
@400000005e182ec93689ca99 #d,-,18,4426,2347,1959,192,1,256198,15884,4426,2350,1961,4422,2347,1917,96,100,0,500,4602;
@400000005e182ec9369478f6 #d,-,18,4430,2348,1955,193,1,256528,15904,4430,2348,1965,4426,2346,1918,96,100,0,500,4609;
@400000005e182ecb36a4dc92 #d,-,18,4435,2351,1956,194,1,256856,15925,4435,2351,1967,4430,2348,1925,96,100,0,500,4616;
@400000005e182ecb36af4427 #d,-,18,4438,2350,1945,195,1,257308,15953,4438,2351,1956,4435,2349,1921,96,100,0,500,4609;
@400000005e182ecd36bf4e5b #d,-,18,4441,2352,1955,197,1,257628,15972,4441,2352,1961,4438,2349,1925,96,100,0,500,4609;
@400000005e182ecd36ca7122 #d,-,18,4443,2351,1952,198,1,257943,15992,4443,2352,1956,4441,2350,1916,96,100,0,500,4607;
@400000005e182ecf36dad877 #d,-,18,4446,2350,1954,199,1,258132,16004,4446,2351,1963,4443,2348,1929,96,100,0,500,4614;
@400000005e182ecf36e5831b #d,-,18,4450,2351,1950,200,1,258574,16031,4450,2351,1956,4446,2350,1928,96,100,0,500,4623;
@400000005e182ed136f64ff4 #d,-,18,4452,2352,1948,201,1,258756,16042,4452,2353,1956,4450,2351,1926,96,100,0,500,4619;
@400000005e182ed137014c8c #d,-,18,4454,2350,1953,203,1,259064,16061,4454,2353,1955,4452,2350,1934,96,100,0,500,4619;
@400000005e182ed33710c576 #d,-,18,4457,2352,1941,204,1,259369,16080,4457,2352,1956,4454,2349,1934,96,100,0,500,4621;
@400000005e182ed33716bcd4 #d,-,18,4459,2350,1974,205,1,259672,16099,4459,2352,1975,4457,2350,1927,96,100,0,500,4621;
@400000005e182ed53725d3f5 #d,-,18,4461,2351,1941,206,1,259973,16118,4461,2351,1974,4459,2349,1937,96,100,0,500,4623;
@400000005e182ed537301914 #d,-,18,4464,2351,1948,208,1,260278,16137,4464,2353,1966,4461,2350,1937,96,100,0,500,4640;
@400000005e182ed7373efdea #d,-,18,4468,2350,1950,209,1,260576,16155,4468,2351,1960,4464,2349,1933,96,100,0,500,4638;
@400000005e182ed73748d524 #d,-,18,4470,2351,1944,210,1,260870,16173,4470,2352,1961,4468,2350,1937,96,100,0,500,4630;
@400000005e182ed93757aa25 #d,-,18,4472,2351,1946,211,1,261287,16199,4472,2351,1959,4470,2349,1936,96,100,0,500,4633;
@400000005e182ed93761ea9c #d,-,18,4473,2349,1938,213,1,261453,16210,4473,2351,1965,4472,2348,1938,96,100,0,500,4633;
@400000005e182edb376fd4eb #d,-,18,4475,2351,1948,214,1,261741,16227,4475,2351,1963,4473,2348,1935,96,100,0,500,4635;
@400000005e182edb3778de53 #d,-,18,4476,2349,1941,215,1,262023,16245,4476,2351,1961,4475,2349,1939,96,100,0,500,4633;
@400000005e182edd37860c82 #d,-,18,4477,2351,1937,216,1,262304,16262,4477,2351,1960,4476,2349,1936,96,100,0,500,4630;
@400000005e182edd378f9de2 #d,-,18,4478,2347,1939,218,1,262583,16280,4478,2351,1967,4477,2347,1936,96,100,0,500,4635;
@400000005e182edf379dc786 #d,-,18,4479,2348,1936,219,1,262858,16297,4479,2348,1966,4478,2347,1935,96,100,0,500,4630;
@400000005e182edf37a6bc71 #d,-,18,4479,2349,1944,220,1,263131,16314,4479,2350,1971,4479,2348,1936,96,100,0,500,4630;
@400000005e182ee137b5c775 #d,-,18,4481,2347,1947,221,1,263407,16331,4481,2349,1973,4479,2347,1941,96,100,0,500,4638;
@400000005e182ee137bf2dff #d,-,18,4483,2349,1951,223,1,263682,16348,4483,2349,1974,4481,2347,1946,96,100,0,500,4649;
@400000005e182ee337cdbc38 #d,-,18,4486,2350,1954,224,1,263952,16365,4486,2350,1974,4483,2349,1933,96,100,0,500,4647;
@400000005e182ee337d6c86b #d,-,18,4487,2349,1951,225,1,264221,16381,4487,2351,1977,4486,2348,1940,96,100,0,500,4645;
@400000005e182ee537e5c0cf #d,-,18,4489,2349,1960,226,1,264488,16398,4489,2349,1977,4487,2347,1936,96,100,0,500,4647;
@400000005e182ee537efb7b4 #d,-,18,4490,2349,1956,228,1,264869,16421,4490,2351,1971,4489,2349,1937,96,100,0,500,4645;
@400000005e182ee737fe3e79 #d,-,18,4491,2347,1961,229,1,265131,16438,4491,2350,1974,4490,2346,1940,96,100,0,500,4645;
@400000005e182ee73807d394 #d,-,18,4493,2345,1965,230,1,265390,16454,4493,2347,1973,4491,2345,1941,96,100,0,500,4647;
@400000005e182ee938157809 #d,-,18,4365,2351,1309,231,1,265122,16437,4493,2353,1974,4365,2345,922,94,100,0,500,4602;
@400000005e182ee9381e1aff #d,-,18,2415,2350,1174,232,1,264752,16414,4365,2352,1309,2415,2349,1114,86,100,0,500,2798;
@400000005e182eeb382ad4c3 #d,-,18,2555,2352,1182,232,1,264397,16392,2555,2353,1191,2415,2349,1164,90,100,0,500,2820;
@400000005e182eeb3833e86a #d,-,18,2554,2350,1165,233,1,264035,16370,2555,2353,1182,2554,2350,1159,91,100,0,500,2801;
@400000005e182eed38419453 #d,-,18,2549,2350,1159,234,1,263672,16347,2554,2351,1166,2549,2349,1156,91,100,0,500,2784;
@400000005e182eed384a5aac #d,-,18,2544,2352,1160,234,1,263311,16325,2549,2353,1164,2544,2350,1154,91,100,0,500,2770;
@400000005e182eef38579d58 #d,-,18,2541,2350,1159,235,1,262953,16303,2544,2352,1163,2541,2349,1153,91,100,0,500,2772;
@400000005e182eef38609242 #d,-,18,2535,2350,1153,236,1,262593,16280,2541,2350,1159,2535,2349,1148,91,100,0,500,2761;
@400000005e182ef1386d92ce #d,-,18,2531,2350,1154,237,1,262237,16258,2535,2351,1157,2531,2350,1147,91,100,0,500,2756;
@400000005e182ef13876609b #d,-,18,2525,2348,1144,237,1,261879,16236,2531,2350,1155,2525,2347,1144,91,100,0,500,2749;
@400000005e182ef33883fcaf #d,-,18,2520,2350,1150,238,1,261527,16214,2525,2350,1155,2520,2348,1144,91,100,0,500,2744;
@400000005e182ef3388ce1c5 #d,-,18,2516,2350,1144,239,1,261176,16192,2520,2351,1152,2516,2350,1142,91,100,0,500,2744;
@400000005e182ef5389acc14 #d,-,18,2511,2349,1146,239,1,260933,16177,2516,2351,1148,2511,2348,1137,91,100,0,500,2739;
@400000005e182ef538a3776b #d,-,18,2506,2350,1145,240,1,260584,16156,2511,2351,1148,2506,2348,1140,91,100,0,500,2727;
@400000005e182ef738b05493 #d,-,18,2501,2351,1143,241,1,260129,16128,2506,2351,1148,2501,2350,1140,91,100,0,500,2734;
@400000005e182ef738b945c4 #d,-,18,2498,2350,1141,241,1,259786,16106,2501,2352,1149,2498,2349,1140,91,100,0,500,2732;
@400000005e182ef938c6800e #d,-,18,2494,2350,1141,242,1,259442,16085,2498,2350,1144,2494,2348,1135,91,100,0,500,2730;
@400000005e182ef938cf9c16 #d,-,18,2489,2350,1136,243,1,259101,16064,2494,2350,1144,2489,2349,1136,91,100,0,500,2723;
@400000005e182efb38dd8665 #d,-,18,2485,2351,1140,243,1,258760,16043,2489,2351,1140,2485,2350,1133,91,100,0,500,2720;
@400000005e182efb38e65079 #d,-,18,2480,2349,1133,244,1,258421,16022,2485,2352,1143,2480,2349,1133,91,100,0,500,2715;
@400000005e182efd38f2f6ae #d,-,18,2477,2351,1140,245,1,258087,16001,2480,2352,1141,2477,2349,1132,91,100,0,500,2718;
@400000005e182efd38fc4236 #d,-,18,2473,2349,1130,245,1,257753,15980,2477,2351,1141,2473,2349,1130,91,100,0,500,2715;
@400000005e182eff3909be9f #d,-,18,2470,2350,1139,246,1,257423,15960,2473,2350,1142,2470,2349,1130,90,100,0,500,2715;
@400000005e182eff391284f9 #d,-,18,2467,2348,1128,247,1,257093,15939,2470,2350,1139,2467,2348,1126,91,100,0,500,2708;
@400000005e182f0139200251 #d,-,18,2463,2351,1133,247,1,256867,15925,2467,2351,1134,2463,2348,1123,91,100,0,500,2701;
@400000005e182f013928eeda #d,-,18,2460,2349,1131,248,1,256540,15905,2463,2352,1136,2460,2349,1126,90,100,0,500,2704;
@400000005e182f03393602f4 #d,-,18,2457,2349,1128,249,1,256115,15879,2460,2350,1136,2457,2348,1126,90,100,0,500,2701;
@400000005e182f03393ed0c1 #d,-,18,2455,2351,1131,249,1,255795,15859,2457,2352,1133,2455,2349,1127,90,100,0,500,2699;
@400000005e182f05394de428 #d,-,18,2453,2351,1132,250,1,255477,15839,2455,2353,1133,2453,2351,1127,90,100,0,500,2701;
@400000005e182f05395867ae #d,-,18,2450,2351,1123,251,1,255160,15819,2453,2352,1132,2450,2351,1123,90,100,0,500,2701;
@400000005e182f0739680f29 #d,-,18,2448,2350,2088,252,1,255103,15816,2450,2353,2102,2448,2350,1122,90,100,0,500,2694;
@400000005e182f073972b612 #d,-,18,4327,2350,2144,253,1,255393,15834,4327,2352,2235,2448,2349,1757,100,100,0,500,4327;
@400000005e182f09398265ef #d,-,18,4649,2349,1991,254,1,255687,15852,4649,2351,2144,4327,2348,1926,96,100,0,500,4827;
@400000005e182f09398c87ab #d,-,18,4473,2348,1926,256,1,255916,15866,4649,2350,1991,4473,2348,1861,95,100,0,500,4661;
Lost connection at /opt/powertools/bin/wattsup1 line 220.
	main::failure('Lost connection') called at /opt/powertools/bin/wattsup1 line 271
	main::recv_msg() called at /opt/powertools/bin/wattsup1 line 504
