@400000005e12e71b3ab2a471 #v,-,8,1,65178,5,2,4,57,200810261703,0;
@400000005e12e71c29037f74 #h,-,18,W,V,A,WH,Cost,WH/Mo,Cost/Mo,Wmax,Vmax,Amax,Wmin,Vmin,Amin,PF,DC,PC,Hz,VA;
@400000005e12e71c2f14db4b #f,-,48,83,436,1,4803,0,0,65535,0,150,1177,177,10481,276,203,3340,13,121719,86,50084,105837,25,2629,11458,0,64,1,4686,0,0,65535,0,150,1030,182,11055,266,212,3240,13,121394,92,49362,104176,24,2613,13005,0,71;
@400000005e12e71e2f2bc2e6 #d,-,18,2651,2364,1132,1,0,183294,11364,2652,2367,1142,2651,2364,1125,98,55,0,500,2680;
@400000005e12e7202f394f25 #d,-,18,2652,2365,1132,1,0,185701,11513,2652,2365,1134,2651,2363,1131,98,71,0,500,2687;
@400000005e12e7202f4370e1 #d,-,18,2651,2366,1132,2,0,186840,11584,2652,2367,1134,2651,2365,1132,98,78,0,500,2687;
@400000005e12e7222f533bc0 #d,-,18,2651,2365,1160,3,0,187753,11640,2651,2366,1160,2651,2365,1132,98,83,0,500,2687;
@400000005e12e7222f5d2eeb #d,-,18,2655,2367,1135,4,0,191599,11879,2655,2367,1163,2651,2365,1125,97,87,0,500,2717;
@400000005e12e7242f6cdb0e #d,-,18,2655,2365,1133,4,0,191397,11866,2655,2367,1135,2655,2364,1133,98,89,0,500,2685;
@400000005e12e7242f77a0b3 #d,-,18,2655,2366,1134,5,0,188810,11706,2655,2366,1135,2655,2364,1133,98,89,0,500,2691;
@400000005e12e7262f84907c #d,-,18,2655,2366,1133,6,0,191146,11851,2655,2366,1135,2655,2366,1133,98,91,0,500,2691;
@400000005e12e7262f8e7fed #d,-,18,2655,2365,1157,7,0,191187,11853,2655,2366,1157,2655,2364,1132,98,92,0,500,2691;
@400000005e12e7282f9e08ac #d,-,18,2660,2367,1135,7,0,189460,11746,2660,2367,1165,2655,2365,1127,97,92,0,500,2730;
@400000005e12e7282fa8878a #d,-,18,2659,2365,1136,8,0,189564,11752,2660,2367,1137,2659,2365,1135,98,93,0,500,2689;
@400000005e12e72a2fb4ad39 #d,-,18,2659,2366,1135,9,0,189634,11757,2659,2366,1136,2659,2364,1134,98,93,0,500,2694;
@400000005e12e72a2fbf0d5b #d,-,18,2661,2364,1161,10,0,189930,11775,2661,2366,1161,2659,2364,1135,98,94,0,500,2705;
@400000005e12e72c2fccd8ee #d,-,18,2713,2363,1159,10,0,190237,11794,2713,2364,1162,2661,2362,1154,98,94,0,500,2749;
@400000005e12e72c2fd6ead5 #d,-,18,2715,2362,1145,11,0,190498,11810,2715,2365,1182,2713,2362,1142,98,94,0,500,2764;
@400000005e12e72e2fe30823 #d,-,18,2710,2362,1145,12,0,190599,11817,2715,2363,1147,2710,2362,1145,99,95,0,500,2719;
@400000005e12e72e2fedc29b #d,-,18,2707,2364,1146,13,0,190695,11823,2710,2364,1148,2707,2361,1145,99,95,0,500,2717;
@400000005e12e7302ffdf2fe #d,-,18,2704,2363,1136,13,0,191766,11889,2707,2365,1147,2704,2363,1136,99,96,0,500,2717;
@400000005e12e730300814ba #d,-,18,2699,2362,1139,14,0,191705,11885,2704,2364,1140,2699,2362,1136,99,96,0,500,2700;
@400000005e12e732301687f0 #d,-,18,2697,2362,1134,15,0,191750,11888,2699,2362,1168,2697,2361,1130,99,96,0,500,2719;
@400000005e12e73230215d6b #d,-,18,2693,2362,1137,15,0,191706,11885,2697,2363,1140,2693,2361,1134,99,96,0,500,2701;
@400000005e12e734302db1ab #d,-,18,2689,2360,1137,16,0,190820,11830,2693,2362,1138,2689,2360,1135,99,96,0,500,2696;
@400000005e12e7343037df83 #d,-,18,2685,2363,1138,17,0,191619,11880,2689,2363,1139,2685,2359,1137,99,97,0,500,2696;
@400000005e12e7363044c41e #d,-,18,2682,2364,1136,18,0,191581,11878,2685,2364,1139,2682,2363,1136,99,97,0,500,2696;
@400000005e12e736304aaba7 #d,-,18,2682,2362,1130,18,0,191618,11880,2682,2364,1168,2682,2362,1129,98,97,0,500,2712;
@400000005e12e73830544cdd #d,-,18,2680,2365,1136,19,0,190872,11834,2682,2365,1139,2680,2362,1130,99,97,0,500,2707;
@400000005e12e738305ec448 #d,-,18,2677,2365,1137,20,0,190861,11833,2680,2365,1137,2677,2362,1135,99,97,0,500,2696;
@400000005e12e73a3069a997 #d,-,18,2675,2362,1147,21,0,190874,11834,2677,2365,1148,2675,2362,1137,99,97,0,500,2696;
@400000005e12e73a3073bf38 #d,-,18,2675,2363,1140,21,0,190882,11834,2675,2363,1147,2675,2361,1138,98,97,0,500,2707;
@400000005e12e73c308330af #d,-,18,2675,2360,1134,22,0,190956,11839,2675,2363,1172,2675,2360,1134,98,97,0,500,2710;
@400000005e12e73c308e0629 #d,-,18,2676,2363,1141,23,0,190961,11839,2676,2363,1142,2675,2360,1134,98,97,0,500,2719;
@400000005e12e73e30995c29 #d,-,18,2674,2364,1139,24,0,190963,11839,2676,2364,1141,2674,2362,1138,99,97,0,500,2701;
@400000005e12e73e30a3c867 #d,-,18,2673,2364,1140,24,0,190970,11840,2674,2365,1141,2673,2364,1138,98,97,0,500,2701;
@400000005e12e74030b41012 #d,-,18,2673,2365,1139,25,0,190975,11840,2673,2365,1140,2673,2363,1139,98,97,0,500,2701;
@400000005e12e74030be0e6a #d,-,18,2673,2363,1138,26,0,191039,11844,2673,2365,1171,2673,2361,1138,98,97,0,500,2707;
@400000005e12e74230cd700b #d,-,18,2674,2364,1138,27,0,191032,11844,2674,2365,1141,2673,2361,1133,98,97,0,500,2724;
@400000005e12e74230d831f7 #d,-,18,2673,2363,1139,27,0,191031,11843,2674,2364,1140,2673,2361,1138,98,97,0,500,2701;
@400000005e12e74430e512d9 #d,-,18,2672,2364,1140,28,0,191034,11844,2673,2364,1141,2672,2362,1138,98,97,0,500,2700;
@400000005e12e74430ef30db #d,-,18,2671,2364,1140,29,0,191030,11843,2672,2365,1140,2671,2363,1138,98,97,0,500,2700;
@400000005e12e74630fcf40c #d,-,18,2671,2363,1149,30,0,191085,11847,2671,2364,1171,2671,2362,1138,98,98,0,500,2701;
@400000005e12e7463107b23e #d,-,18,2673,2362,1140,30,0,191076,11846,2673,2363,1149,2671,2362,1131,98,98,0,500,2726;
@400000005e12e74831170051 #d,-,18,2779,2359,1311,31,0,191552,11876,2779,2362,1311,2673,2359,1140,99,98,0,500,2792;
@400000005e12e7483121c9b0 #d,-,18,3017,2361,1309,32,0,192168,11914,3017,2361,1312,2779,2359,1293,99,98,0,500,3036;
@400000005e12e74a313225d9 #d,-,18,3022,2364,1297,33,0,192773,11951,3022,2364,1317,3017,2360,1297,97,98,0,500,3089;
@400000005e12e74a313c85fb #d,-,18,3025,2361,1326,34,0,193396,11990,3025,2364,1336,3022,2360,1286,98,98,0,500,3072;
@400000005e12e74c31499dcf #d,-,18,3089,2361,1315,34,0,193953,12025,3089,2361,1326,3025,2359,1298,99,98,0,500,3120;
@400000005e12e74c31545759 #d,-,18,3087,2359,1306,35,0,194913,12084,3089,2362,1320,3087,2359,1305,99,98,0,500,3105;
@400000005e12e74e315f1cfe #d,-,18,3084,2358,1311,36,0,195031,12091,3087,2359,1311,3084,2358,1306,99,98,0,500,3091;
@400000005e12e74e31697967 #d,-,18,3082,2362,1308,37,0,195924,12147,3084,2362,1311,3082,2358,1308,99,98,0,500,3100;
@400000005e12e75031770a4d #d,-,18,3080,2360,1340,38,0,196053,12155,3082,2362,1340,3080,2359,1306,99,98,0,500,3096;
@400000005e12e7503181cff3 #d,-,18,3082,2360,1311,39,0,196518,12184,3082,2362,1340,3080,2359,1301,98,98,0,500,3127;
@400000005e12e752318dde5a #d,-,18,3081,2358,1310,40,0,196963,12211,3082,2360,1311,3081,2358,1308,99,98,0,500,3096;
@400000005e12e75231984e51 #d,-,18,3079,2360,1310,40,0,197392,12238,3081,2361,1310,3079,2358,1308,99,98,0,500,3096;
@400000005e12e75431a6a951 #d,-,18,3078,2360,1309,41,0,197805,12263,3079,2361,1310,3078,2360,1308,99,98,0,500,3098;
@400000005e12e75431b0c753 #d,-,18,3077,2360,1340,42,0,198230,12290,3078,2360,1340,3077,2359,1308,99,98,0,500,3095;
@400000005e12e75631be1172 #d,-,18,3079,2361,1310,43,0,198624,12314,3079,2361,1341,3077,2360,1300,98,98,0,500,3128;
@400000005e12e75631c88611 #d,-,18,3078,2360,1309,44,0,198996,12337,3079,2362,1310,3078,2359,1308,99,98,0,500,3095;
@400000005e12e75831d8e14b #d,-,18,3076,2362,1303,45,0,199350,12359,3078,2362,1310,3076,2359,1303,99,98,0,500,3098;
@400000005e12e75831e31a4f #d,-,18,3075,2359,1309,46,0,200030,12401,3076,2362,1311,3075,2359,1303,99,98,0,500,3093;
@400000005e12e75a31eed5d3 #d,-,18,3074,2362,1336,46,0,200046,12402,3075,2362,1336,3074,2359,1307,99,98,0,500,3098;
@400000005e12e75a31f9e240 #d,-,18,3078,2361,1317,47,0,200390,12424,3078,2363,1341,3074,2361,1300,98,98,0,500,3130;
@400000005e12e75c32068c2f #d,-,18,3078,2362,1307,48,0,200718,12444,3078,2362,1321,3078,2360,1307,99,98,0,500,3107;
@400000005e12e75c3210e897 #d,-,18,3077,2361,1311,49,0,201030,12463,3078,2363,1314,3077,2361,1307,99,98,0,500,3102;
@400000005e12e75e3221a59b #d,-,18,3077,2360,1312,50,0,201333,12482,3077,2361,1314,3077,2359,1310,99,98,0,500,3107;
@400000005e12e75e322bd372 #d,-,18,3077,2362,1330,51,0,201635,12501,3077,2363,1330,3077,2360,1310,99,98,0,500,3105;
@400000005e12e7603238b80e #d,-,18,3081,2360,1313,52,0,201939,12520,3081,2362,1344,3077,2359,1303,98,98,0,500,3136;
@400000005e12e7603243a979 #d,-,18,3080,2359,1313,52,0,202214,12537,3081,2360,1314,3080,2358,1310,99,98,0,500,3102;
@400000005e12e7623252997c #d,-,18,3079,2362,1311,53,0,202482,12553,3080,2362,1313,3079,2358,1311,99,98,0,500,3105;
@400000005e12e762325d1859 #d,-,18,3079,2361,1311,54,0,202743,12570,3079,2362,1313,3079,2361,1311,99,98,0,500,3105;
@400000005e12e764326d9b9f #d,-,18,3078,2360,1318,55,0,202998,12585,3079,2361,1318,3078,2360,1311,99,98,0,500,3105;
@400000005e12e7643277b9a1 #d,-,18,3082,2363,1311,56,0,203553,12620,3082,2363,1346,3078,2360,1304,98,99,0,500,3134;
@400000005e12e766328336bf #d,-,18,3081,2363,1309,57,0,203789,12634,3082,2364,1313,3081,2361,1308,99,99,0,500,3105;
@400000005e12e766328e2382 #d,-,18,3081,2365,1310,57,0,203741,12632,3081,2366,1311,3081,2363,1309,99,98,0,500,3105;
@400000005e12e768329b9105 #d,-,18,3080,2365,1310,58,0,203965,12645,3081,2365,1311,3080,2363,1308,99,98,0,500,3104;
@400000005e12e76832a5af07 #d,-,18,3079,2363,1310,59,0,204185,12659,3080,2366,1311,3079,2362,1309,99,98,0,500,3105;
@400000005e12e76a32b52bab #d,-,18,3082,2365,1305,60,0,204421,12674,3082,2365,1341,3079,2363,1302,98,98,0,500,3128;
@400000005e12e76a32c0186e #d,-,18,3081,2364,1310,61,0,204632,12687,3082,2365,1312,3081,2363,1305,99,98,0,500,3109;
@400000005e12e76c32cb2c4f #d,-,18,3081,2365,1310,62,0,204834,12699,3081,2366,1311,3081,2363,1309,99,98,0,500,3104;
@400000005e12e76c32d54e0a #d,-,18,3080,2365,1309,63,0,205031,12711,3081,2366,1311,3080,2364,1308,99,98,0,500,3107;
@400000005e12e76e32e39a23 #d,-,18,3079,2366,1309,63,0,205222,12723,3080,2366,1310,3079,2365,1308,99,99,0,500,3104;
@400000005e12e76e32ee7357 #d,-,18,3082,2364,1301,64,0,205435,12736,3082,2366,1342,3079,2364,1300,98,99,0,500,3120;
@400000005e12e77032fc3777 #d,-,18,3082,2366,1309,65,0,205617,12748,3082,2366,1312,3082,2364,1301,98,99,0,500,3118;
@400000005e12e770330687c4 #d,-,18,3081,2366,1309,66,0,205797,12759,3082,2366,1311,3081,2364,1308,99,99,0,500,3105;
@400000005e12e77233169109 #d,-,18,3080,2364,1309,67,0,205969,12770,3081,2366,1310,3080,2364,1308,99,99,0,500,3104;
@400000005e12e7723320a798 #d,-,18,3079,2365,1309,68,0,206139,12780,3080,2366,1311,3079,2363,1308,99,99,0,500,3104;
@400000005e12e774333062a2 #d,-,18,3080,2365,1303,69,0,206329,12792,3080,2365,1340,3079,2363,1303,99,99,0,500,3111;
@400000005e12e774333b30a9 #d,-,18,3081,2364,1309,69,0,206488,12802,3081,2365,1310,3080,2363,1302,98,99,0,500,3123;
@400000005e12e776334a4f3d #d,-,18,3080,2366,1308,70,0,206646,12812,3081,2366,1312,3080,2363,1308,99,99,0,500,3104;
@400000005e12e7763354bf33 #d,-,18,3080,2364,1309,71,0,206803,12821,3080,2367,1310,3080,2364,1308,99,99,0,500,3105;
@400000005e12e778335f32e4 #d,-,18,3079,2366,1310,72,0,207183,12845,3080,2366,1311,3079,2363,1308,99,99,0,500,3104;
@400000005e12e7783369aa4e #d,-,18,3080,2367,1311,73,0,207354,12855,3080,2367,1342,3079,2366,1308,99,99,0,500,3109;
@400000005e12e77a33728c98 #d,-,18,3082,2366,1308,74,0,207270,12850,3082,2367,1311,3080,2365,1300,98,99,0,500,3128;
@400000005e12e77a337cd92b #d,-,18,3081,2368,1310,75,0,207412,12859,3082,2368,1311,3081,2366,1306,99,99,0,500,3105;
@400000005e12e77c338d1102 #d,-,18,3080,2366,1308,75,0,207551,12868,3081,2368,1310,3080,2366,1307,99,99,0,500,3105;
@400000005e12e77c339809e0 #d,-,18,3080,2368,1308,76,0,207687,12876,3080,2368,1310,3080,2366,1307,99,99,0,500,3105;
@400000005e12e77e33a613d9 #d,-,18,3079,2365,1321,77,0,207843,12886,3080,2368,1339,3079,2365,1307,99,99,0,500,3104;
@400000005e12e77e33b0878a #d,-,18,3082,2366,1309,78,0,207970,12894,3082,2366,1321,3079,2364,1302,98,99,0,500,3132;
@400000005e12e78033b96084 #d,-,18,3081,2364,1310,79,0,208097,12902,3082,2366,1311,3081,2364,1308,99,99,0,500,3105;
@400000005e12e78033c43e60 #d,-,18,3080,2364,1309,80,0,208224,12909,3081,2365,1311,3080,2363,1309,99,99,0,500,3105;
@400000005e12e78233cd4a93 #d,-,18,3080,2366,1308,80,0,208347,12917,3080,2367,1310,3080,2364,1308,99,99,0,500,3105;
@400000005e12e78233d48252 #d,-,18,3080,2365,1335,81,0,208489,12926,3080,2367,1341,3080,2364,1308,99,99,0,500,3105;
@400000005e12e78433dd5792 #d,-,18,3082,2365,1312,82,0,208808,12946,3082,2366,1335,3080,2357,1301,98,99,0,500,3134;
@400000005e12e78433e36727 #d,-,18,3082,2363,1311,83,0,208720,12940,3082,2365,1312,3082,2363,1307,99,99,0,500,3104;
@400000005e12e78633ec5c12 #d,-,18,3081,2364,1309,84,0,208833,12947,3082,2365,1311,3081,2363,1308,99,99,0,500,3105;
@400000005e12e78633f2e011 #d,-,18,3080,2366,1309,85,0,208943,12954,3081,2366,1311,3080,2363,1309,99,99,0,500,3104;
@400000005e12e78834010153 #d,-,18,3079,2365,1342,86,0,209069,12962,3080,2366,1342,3079,2363,1308,99,99,0,500,3104;
@400000005e12e788340b652f #d,-,18,3082,2364,1311,86,0,209176,12968,3082,2366,1342,3079,2363,1301,98,99,0,500,3134;
@400000005e12e78a341ae946 #d,-,18,3082,2364,1310,87,0,209278,12975,3082,2364,1311,3082,2363,1309,99,99,0,500,3102;
@400000005e12e78a3425171d #d,-,18,3081,2362,1310,88,0,209381,12981,3082,2365,1312,3081,2361,1309,99,99,0,500,3105;
@400000005e12e78c343080ac #d,-,18,3080,2364,1310,89,0,209671,12999,3081,2364,1312,3080,2361,1309,99,99,0,500,3105;
@400000005e12e78c343b65fc #d,-,18,3079,2362,1354,90,0,209597,12995,3080,2364,1354,3079,2361,1309,99,99,0,500,3104;
@400000005e12e78e34444758 #d,-,18,3085,2362,1313,91,0,209709,13002,3085,2363,1359,3079,2361,1305,97,99,0,500,3153;
@400000005e12e78e344c26b9 #d,-,18,3084,2364,1317,92,0,209811,13008,3085,2364,1317,3084,2361,1312,99,99,0,500,3107;
@400000005e12e790345beddf #d,-,18,3084,2362,1314,92,0,209910,13014,3084,2364,1317,3084,2361,1313,99,99,0,500,3114;
@400000005e12e79034662b8b #d,-,18,3084,2361,1313,93,0,210007,13020,3084,2364,1316,3084,2361,1313,99,99,0,500,3114;
@400000005e12e792346ed5f4 #d,-,18,3084,2362,1339,94,0,210108,13026,3084,2363,1339,3084,2361,1313,99,99,0,500,3111;
@400000005e12e79234794d5e #d,-,18,3088,2361,1316,95,0,210213,13033,3088,2363,1349,3084,2360,1307,98,99,0,500,3144;
@400000005e12e79434828557 #d,-,18,3087,2363,1315,96,0,210482,13049,3088,2363,1316,3087,2361,1312,99,99,0,500,3109;
@400000005e12e794348a2299 #d,-,18,3087,2361,1316,97,0,210573,13055,3087,2363,1316,3087,2361,1314,99,99,0,500,3114;
@400000005e12e796349aa4f1 #d,-,18,3086,2364,1314,98,0,210487,13050,3087,2364,1316,3086,2361,1314,99,99,0,500,3114;
@400000005e12e79634a4fd9f #d,-,18,3086,2362,1329,98,0,210578,13055,3086,2364,1329,3086,2362,1312,99,99,0,500,3114;
@400000005e12e79834b2e07b #d,-,18,3090,2361,1315,99,0,210679,13062,3090,2362,1348,3086,2360,1307,98,99,0,500,3146;
@400000005e12e79834bd20f2 #d,-,18,3089,2361,1315,100,0,210765,13067,3090,2361,1317,3089,2359,1315,99,99,0,500,3111;
@400000005e12e79a34c5fe94 #d,-,18,3089,2361,1315,101,0,210849,13072,3089,2362,1317,3089,2361,1314,99,99,0,500,3114;
@400000005e12e79a34cc020e #d,-,18,3088,2359,1315,102,0,210933,13077,3089,2361,1317,3088,2359,1315,99,99,0,500,3114;
@400000005e12e79c34da6570 #d,-,18,3088,2358,1320,103,0,211014,13082,3088,2360,1320,3088,2358,1313,99,99,0,500,3114;
@400000005e12e79c34e53ea4 #d,-,18,3091,2360,1314,104,0,211109,13088,3091,2360,1349,3088,2358,1309,98,99,0,500,3141;
@400000005e12e79e34f21bcc #d,-,18,3090,2358,1316,104,0,211188,13093,3091,2360,1318,3090,2358,1314,99,99,0,500,3114;
@400000005e12e79e34fc738c #d,-,18,3089,2359,1317,105,0,211267,13098,3090,2359,1318,3089,2358,1315,99,99,0,500,3114;
@400000005e12e7a035053272 #d,-,18,3089,2361,1316,106,0,211504,13113,3089,2361,1317,3089,2358,1316,99,99,0,500,3114;
@400000005e12e7a035103df1 #d,-,18,3089,2358,1316,107,0,211580,13117,3089,2361,1317,3089,2358,1315,99,99,0,500,3114;
@400000005e12e7a23520e855 #d,-,18,3092,2361,1310,108,0,211507,13113,3092,2361,1350,3089,2358,1308,98,99,0,500,3136;
@400000005e12e7a2352b38a1 #d,-,18,3029,2359,1303,109,0,211524,13114,3092,2361,1312,3029,2359,1242,98,99,0,500,3080;
@400000005e12e7a4353bb386 #d,-,18,3027,2359,1300,109,0,211567,13117,3029,2361,1308,3027,2359,1286,99,99,0,500,3038;
@400000005e12e7a43545e8d0 #d,-,18,3032,2361,1317,110,0,211646,13122,3032,2361,1332,3027,2359,1300,98,99,0,500,3088;
@400000005e12e7a6354e9b9b #d,-,18,3084,2360,1317,111,0,211717,13126,3084,2361,1319,3032,2359,1316,98,99,0,500,3116;
@400000005e12e7a635584bb8 #d,-,18,3087,2360,1305,112,0,211801,13131,3087,2361,1349,3084,2359,1305,98,99,0,500,3128;
@400000005e12e7a835614cbe #d,-,18,3087,2362,1306,113,0,211863,13135,3087,2362,1314,3087,2359,1305,98,99,0,500,3125;
@400000005e12e7a8356870ed #d,-,18,3084,2360,1308,114,0,211920,13139,3087,2363,1309,3084,2359,1306,99,99,0,500,3098;
@400000005e12e7aa35719bdc #d,-,18,3083,2361,1309,115,0,212135,13152,3084,2362,1319,3083,2359,1308,99,99,0,500,3104;
@400000005e12e7aa357898ee #d,-,18,3082,2361,1313,115,0,212043,13146,3083,2362,1313,3082,2360,1308,99,99,0,500,3105;
@400000005e12e7ac35817a4a #d,-,18,3083,2360,1306,116,0,212267,13160,3083,2361,1345,3082,2359,1306,99,99,0,500,3111;
@400000005e12e7ac358b84bd #d,-,18,3084,2361,1311,117,0,212176,13154,3084,2362,1314,3083,2360,1303,98,99,0,500,3127;
@400000005e12e7ae35967d9c #d,-,18,3083,2360,1311,118,0,212234,13158,3084,2362,1313,3083,2360,1310,99,99,0,500,3105;
@400000005e12e7ae35a0af2c #d,-,18,3082,2362,1311,119,0,212292,13162,3083,2362,1313,3082,2359,1310,99,99,0,500,3105;
@400000005e12e7b035b04b7b #d,-,18,3081,2364,1310,120,0,212347,13165,3082,2365,1311,3081,2362,1308,99,99,0,500,3104;
@400000005e12e7b035bb20f5 #d,-,18,3081,2362,1316,121,0,212419,13170,3081,2364,1342,3081,2361,1310,99,99,0,500,3107;
@400000005e12e7b235c440b7 #d,-,18,3083,2362,1311,121,0,212472,13173,3083,2362,1316,3081,2360,1303,98,99,0,500,3130;
@400000005e12e7b235ca72c2 #d,-,18,3082,2360,1312,122,0,212526,13176,3083,2363,1313,3082,2359,1310,99,99,0,500,3107;
@400000005e12e7b435daf8d3 #d,-,18,3083,2362,1311,123,0,212729,13189,3083,2362,1331,3082,2359,1311,98,99,0,500,3116;
@400000005e12e7b435e58fe7 #d,-,18,3083,2360,1317,124,0,212644,13183,3083,2362,1317,3083,2359,1311,99,99,0,500,3114;
@400000005e12e7b635f640d0 #d,-,18,3083,2362,1332,125,0,212855,13197,3083,2362,1348,3083,2359,1315,99,99,0,500,3114;
@400000005e12e7b63600a59a #d,-,18,3087,2358,1318,126,0,212908,13200,3087,2362,1332,3083,2358,1308,98,99,0,500,3141;
@400000005e12e7b8360a2adf #d,-,18,3086,2358,1317,127,0,212823,13195,3087,2359,1318,3086,2357,1315,99,99,0,500,3112;
@400000005e12e7b8361513e8 #d,-,18,3086,2357,1317,127,0,212878,13198,3086,2358,1319,3086,2356,1316,99,99,0,500,3114;
@400000005e12e7ba361eb076 #d,-,18,3086,2360,1316,128,0,212931,13201,3086,2360,1319,3086,2357,1315,99,99,0,500,3112;
@400000005e12e7ba3625cd33 #d,-,18,3086,2358,1347,129,0,212996,13205,3086,2360,1350,3086,2356,1314,99,99,0,500,3114;
@400000005e12e7bc362ed966 #d,-,18,3089,2354,1319,130,0,213046,13208,3089,2358,1347,3086,2354,1309,98,99,0,500,3139;
@400000005e12e7bc36360d6a #d,-,18,3088,2356,1319,131,0,213231,13220,3089,2357,1320,3088,2354,1318,99,99,0,500,3114;
@400000005e12e7be363f30e6 #d,-,18,3088,2355,1318,132,0,213148,13215,3088,2356,1321,3088,2353,1318,99,99,0,500,3112;
@400000005e12e7be36484cee #d,-,18,3088,2357,1318,132,0,213199,13218,3088,2358,1319,3088,2354,1317,99,99,0,500,3114;
@400000005e12e7c0365817cd #d,-,18,3087,2356,1350,133,0,213391,13230,3088,2359,1350,3087,2356,1316,99,99,0,500,3116;
@400000005e12e7c03662ed48 #d,-,18,3091,2359,1320,134,0,213311,13225,3091,2359,1350,3087,2356,1310,98,99,0,500,3144;
@400000005e12e7c2366c1cdf #d,-,18,3090,2361,1315,135,0,213359,13228,3091,2362,1320,3090,2359,1314,99,99,0,500,3114;
@400000005e12e7c2367655e3 #d,-,18,3089,2363,1316,136,0,213406,13231,3090,2363,1316,3089,2360,1313,99,99,0,500,3111;
@400000005e12e7c43680e1ca #d,-,18,3089,2363,1314,137,0,213452,13234,3089,2363,1316,3089,2360,1313,99,99,0,500,3116;
@400000005e12e7c4368b51c1 #d,-,18,3088,2362,1343,138,0,213504,13237,3089,2364,1343,3088,2361,1313,99,99,0,500,3111;
@400000005e12e7c6369b37a2 #d,-,18,3091,2364,1316,138,0,213681,13248,3091,2364,1346,3088,2362,1306,98,99,0,500,3143;
@400000005e12e7c636a5657a #d,-,18,3090,2361,1316,139,0,213726,13251,3091,2364,1316,3090,2360,1314,99,99,0,500,3111;
@400000005e12e7c836b43e34 #d,-,18,3089,2363,1314,140,0,213769,13253,3090,2363,1316,3089,2360,1314,99,99,0,500,3114;
@400000005e12e7c836bed0a0 #d,-,18,3089,2362,1315,141,0,213688,13248,3089,2363,1316,3089,2361,1314,99,99,0,500,3114;
@400000005e12e7ca36cd7356 #d,-,18,3088,2364,1336,142,0,213736,13251,3089,2364,1336,3088,2361,1314,99,99,0,500,3114;
@400000005e12e7ca36d7e707 #d,-,18,3092,2362,1315,143,0,213786,13254,3092,2364,1345,3088,2362,1307,98,99,0,500,3144;
@400000005e12e7cc36e81edd #d,-,18,3090,2363,1314,144,0,213829,13257,3092,2363,1316,3090,2361,1314,99,99,0,500,3111;
@400000005e12e7cc36f267b6 #d,-,18,3090,2361,1314,144,0,213871,13260,3090,2363,1316,3090,2361,1313,99,99,0,500,3114;
@400000005e12e7ce3701f7e9 #d,-,18,3089,2361,1313,145,0,213912,13262,3090,2362,1315,3089,2361,1313,99,99,0,500,3112;
@400000005e12e7ce370cc5f0 #d,-,18,3088,2362,1326,146,0,213953,13265,3089,2364,1326,3088,2361,1313,99,99,0,500,3112;
@400000005e12e7d0371d4847 #d,-,18,3092,2361,1314,147,0,214004,13268,3092,2362,1347,3088,2360,1307,98,99,0,500,3143;
@400000005e12e7d03727cf87 #d,-,18,3090,2362,1317,148,0,214044,13270,3092,2362,1318,3090,2360,1314,99,99,0,500,3112;
@400000005e12e7d237331a5a #d,-,18,3089,2360,1316,149,0,214083,13273,3090,2362,1317,3089,2359,1314,99,99,0,500,3112;
@400000005e12e7d2373d6b95 #d,-,18,3089,2361,1317,150,0,214122,13275,3089,2362,1317,3089,2359,1314,99,99,0,500,3112;
@400000005e12e7d4374b522b #d,-,18,3088,2361,1316,150,0,214161,13278,3089,2362,1317,3088,2361,1315,99,99,0,500,3114;
@400000005e12e7d437563eed #d,-,18,3092,2360,1312,151,0,214210,13281,3092,2361,1347,3088,2360,1307,98,99,0,500,3139;
@400000005e12e7d637621574 #d,-,18,3090,2362,1314,152,0,214248,13283,3092,2363,1316,3090,2360,1312,99,99,0,500,3116;
@400000005e12e7d6376c3bd7 #d,-,18,3089,2362,1315,153,0,214285,13285,3090,2362,1316,3089,2360,1314,99,99,0,500,3112;
@400000005e12e7d8377a7f8f #d,-,18,3088,2361,1313,154,0,214321,13287,3089,2363,1315,3088,2361,1313,99,99,0,500,3112;
@400000005e12e7d837856898 #d,-,18,3088,2364,1314,155,0,214357,13290,3088,2364,1314,3088,2361,1313,99,99,0,500,3111;
@400000005e12e7da3792a3d0 #d,-,18,3090,2363,1307,156,0,214403,13293,3090,2365,1348,3088,2361,1306,98,99,0,500,3128;
@400000005e12e7da379d07ac #d,-,18,3089,2363,1313,157,0,214438,13295,3090,2364,1316,3089,2360,1307,98,99,0,500,3123;
@400000005e12e7dc37adad67 #d,-,18,3089,2363,1314,157,0,214473,13297,3089,2364,1315,3089,2362,1313,99,99,0,500,3111;
@400000005e12e7dc37b7f641 #d,-,18,3088,2363,1314,158,0,214508,13299,3089,2364,1314,3088,2363,1313,99,99,0,500,3111;
@400000005e12e7de37c7bd66 #d,-,18,3087,2363,1312,159,0,214541,13301,3088,2365,1315,3087,2362,1311,99,99,0,500,3111;
@400000005e12e7de37d2ade3 #d,-,18,3089,2364,1306,160,0,214586,13304,3089,2365,1346,3087,2363,1306,98,99,0,500,3123;
@400000005e12e7e037e26d95 #d,-,18,3089,2363,1312,161,0,214729,13313,3089,2365,1316,3089,2362,1306,98,99,0,500,3130;
@400000005e12e7e037ece4ff #d,-,18,3088,2364,1313,162,1,214652,13308,3089,2366,1315,3088,2362,1312,99,99,0,500,3111;
@400000005e12e7e237fd5c29 #d,-,18,3087,2363,1312,162,1,214684,13310,3088,2365,1314,3087,2363,1312,99,99,0,500,3111;
@400000005e12e7e23807b3e9 #d,-,18,3087,2363,1313,163,1,214716,13312,3087,2365,1313,3087,2363,1311,99,99,0,500,3111;
@400000005e12e7e43814a0e7 #d,-,18,3088,2365,1310,164,1,214759,13315,3088,2365,1346,3087,2363,1310,99,99,0,500,3116;
@400000005e12e7e4381f668c #d,-,18,3089,2364,1314,165,1,214791,13317,3089,2365,1316,3088,2362,1305,98,99,0,500,3136;
@400000005e12e7e6382efb67 #d,-,18,3089,2362,1313,166,1,214823,13319,3089,2364,1315,3089,2362,1313,99,99,0,500,3114;
@400000005e12e7e63839768b #d,-,18,3088,2364,1315,167,1,214854,13320,3089,2365,1315,3088,2362,1312,99,99,0,500,3112;
@400000005e12e7e83848f32f #d,-,18,3088,2363,1314,167,1,214885,13322,3088,2364,1315,3088,2362,1313,99,99,0,500,3112;
@400000005e12e7e838534bdd #d,-,18,3087,2365,1321,168,1,214927,13325,3088,2365,1347,3087,2363,1312,99,99,0,500,3114;
@400000005e12e7ea386103e1 #d,-,18,3090,2364,1313,169,1,214956,13327,3090,2365,1321,3087,2363,1305,98,99,0,500,3141;
@400000005e12e7ea386bf0a4 #d,-,18,3089,2365,1313,170,1,214986,13329,3090,2366,1314,3089,2364,1312,99,99,0,500,3112;
@400000005e12e7ec38794e52 #d,-,18,3088,2365,1312,171,1,215014,13330,3089,2365,1313,3088,2363,1311,99,99,0,500,3111;
@400000005e12e7ec3883b6d6 #d,-,18,3087,2365,1314,172,1,215044,13332,3088,2365,1314,3087,2363,1312,99,99,0,500,3111;
@400000005e12e7ee3890ed66 #d,-,18,3087,2364,1336,173,1,215083,13335,3087,2365,1345,3087,2362,1312,99,99,0,500,3111;
@400000005e12e7ee389b1ef7 #d,-,18,3090,2364,1313,174,1,215110,13336,3090,2364,1336,3087,2362,1308,98,99,0,500,3137;
@400000005e12e7f038ab2482 #d,-,18,3088,2363,1314,174,1,215138,13338,3090,2364,1315,3088,2362,1313,99,99,0,500,3111;
@400000005e12e7f038b65365 #d,-,18,3088,2364,1314,175,1,215166,13340,3088,2364,1315,3088,2362,1313,99,99,0,500,3111;
@400000005e12e7f238c54722 #d,-,18,3087,2365,1313,176,1,215194,13342,3088,2365,1315,3087,2362,1313,99,99,0,500,3112;
@400000005e12e7f238cf9c16 #d,-,18,3086,2365,1344,177,1,215332,13350,3087,2366,1345,3086,2362,1312,99,99,0,500,3111;
@400000005e12e7f438de4db3 #d,-,18,3089,2363,1314,178,1,215258,13346,3089,2365,1344,3086,2363,1305,98,99,0,500,3141;
@400000005e12e7f438e88f19 #d,-,18,3089,2365,1314,179,1,215286,13347,3089,2365,1314,3089,2363,1313,99,99,0,500,3114;
@400000005e12e7f638f6e65f #d,-,18,3088,2365,1312,180,1,215313,13349,3089,2365,1314,3088,2363,1312,99,99,0,500,3112;
@400000005e12e7f63901bbd9 #d,-,18,3088,2366,1313,180,1,215339,13351,3088,2366,1314,3088,2364,1311,99,99,0,500,3112;
@400000005e12e7f83910007f #d,-,18,3087,2363,1345,181,1,215374,13353,3088,2366,1345,3087,2363,1312,99,99,0,500,3112;
@400000005e12e7f8391a5485 #d,-,18,3090,2364,1313,182,1,215402,13354,3090,2364,1345,3087,2362,1305,98,99,0,500,3144;
@400000005e12e7fa392a9d1f #d,-,18,3089,2365,1314,183,1,215428,13356,3090,2365,1314,3089,2363,1312,99,99,0,500,3111;
@400000005e12e7fa3934d623 #d,-,18,3089,2364,1313,184,1,215454,13358,3089,2366,1314,3089,2363,1312,99,99,0,500,3112;
@400000005e12e7fc394400d2 #d,-,18,3088,2366,1312,185,1,215479,13359,3089,2366,1314,3088,2363,1311,99,99,0,500,3111;
@400000005e12e7fc394f0986 #d,-,18,3087,2363,1341,186,1,215605,13367,3088,2366,1341,3087,2363,1312,99,99,0,500,3112;
@400000005e12e7fe395b7c82 #d,-,18,3091,2365,1312,186,1,215537,13363,3091,2366,1345,3087,2363,1305,98,99,0,500,3144;
@400000005e12e7fe3965d531 #d,-,18,3089,2365,1312,187,1,215562,13364,3091,2366,1313,3089,2364,1312,99,99,0,500,3105;
@400000005e12e8003972d976 #d,-,18,3088,2364,1312,188,1,215585,13366,3089,2366,1313,3088,2364,1311,99,99,0,500,3111;
@400000005e12e800397da68f #d,-,18,3087,2365,1314,189,1,215609,13367,3088,2366,1314,3087,2364,1312,99,99,0,500,3111;
@400000005e12e802398b6e69 #d,-,18,3086,2365,1331,190,1,215636,13369,3087,2366,1331,3086,2363,1312,99,99,0,500,3111;
@400000005e12e8023995d244 #d,-,18,3090,2364,1316,191,1,215666,13371,3090,2366,1346,3086,2363,1305,98,99,0,500,3144;
@400000005e12e80439a425d1 #d,-,18,3089,2365,1314,192,1,215689,13372,3090,2365,1316,3089,2363,1312,99,99,0,500,3107;
@400000005e12e80439ae53a8 #d,-,18,3088,2365,1313,192,1,215712,13374,3089,2365,1314,3088,2364,1312,99,99,0,500,3112;
@400000005e12e80639be1713 #d,-,18,3087,2353,1318,193,1,215735,13375,3088,2366,1318,3087,2353,1311,99,99,0,500,3111;
@400000005e12e80639c903d6 #d,-,18,3087,2364,1318,194,1,215759,13377,3087,2364,1322,3087,2353,1310,99,99,0,500,3112;
@400000005e12e80839d72518 #d,-,18,3090,2362,1312,195,1,215882,13384,3090,2366,1347,3087,2362,1308,98,99,0,500,3141;
@400000005e12e80839e171ab #d,-,18,3089,2364,1313,196,1,215812,13380,3090,2365,1315,3089,2362,1312,99,99,0,500,3112;
@400000005e12e80a39ef86d1 #d,-,18,3088,2362,1314,197,1,215835,13381,3089,2365,1314,3088,2362,1312,99,99,0,500,3111;
@400000005e12e80a39f9cfab #d,-,18,3087,2364,1315,197,1,215857,13383,3088,2364,1315,3087,2361,1313,99,99,0,500,3112;
@400000005e12e80c3a06a919 #d,-,18,3087,2361,1315,198,1,215879,13384,3087,2364,1315,3087,2361,1313,99,99,0,500,3112;
@400000005e12e80c3a113c74 #d,-,18,3090,2361,1310,199,1,215910,13386,3090,2363,1347,3087,2361,1308,98,99,0,500,3137;
@400000005e12e80e3a1f9fd6 #d,-,18,3089,2361,1315,200,1,215932,13387,3090,2362,1317,3089,2360,1310,99,99,0,500,3120;
@400000005e12e80e3a29c905 #d,-,18,3088,2362,1317,201,1,215954,13389,3089,2362,1317,3088,2359,1313,99,99,0,500,3112;
@400000005e12e8103a37fdd5 #d,-,18,3088,2359,1315,202,1,216064,13396,3088,2362,1318,3088,2359,1314,99,99,0,500,3114;
@400000005e12e8103a42cbdc #d,-,18,3087,2362,1313,203,1,215996,13391,3088,2362,1316,3087,2359,1313,99,99,0,500,3114;
@400000005e12e8123a4f4af4 #d,-,18,3090,2360,1309,203,1,216026,13393,3090,2362,1348,3087,2359,1308,98,99,0,500,3127;
@400000005e12e8123a59ab16 #d,-,18,3090,2362,1315,204,1,216047,13394,3090,2362,1317,3090,2360,1309,98,99,0,500,3125;
@400000005e12e8143a6a5bfe #d,-,18,3089,2362,1314,205,1,216067,13396,3090,2363,1316,3089,2360,1313,99,99,0,500,3112;
@400000005e12e8143a749149 #d,-,18,3088,2361,1316,206,1,216088,13397,3089,2363,1317,3088,2360,1313,99,99,0,500,3111;
@400000005e12e8163a80130f #d,-,18,3088,2362,1315,207,1,216108,13398,3088,2362,1317,3088,2360,1314,99,99,0,500,3114;
@400000005e12e8163a8aeffd #d,-,18,3089,2360,1309,208,1,216137,13400,3089,2362,1347,3088,2360,1309,98,99,0,500,3123;
@400000005e12e8183a974084 #d,-,18,3090,2361,1316,209,1,216157,13401,3090,2361,1317,3089,2360,1309,98,99,0,500,3134;
@400000005e12e8183aa185a3 #d,-,18,3089,2360,1315,209,1,216177,13403,3090,2362,1316,3089,2359,1314,99,99,0,500,3114;
@400000005e12e81a3aaefe53 #d,-,18,3089,2363,1314,210,1,216283,13409,3089,2363,1316,3089,2359,1314,99,99,0,500,3112;
@400000005e12e81a3ab9d014 #d,-,18,3026,2360,1302,211,1,216191,13403,3089,2363,1315,3026,2360,1243,98,99,0,500,3068;
@400000005e12e81c3ac8ff6b #d,-,18,3027,2360,1295,212,1,216204,13404,3027,2361,1325,3026,2358,1295,99,99,0,500,3052;
@400000005e12e81c3ad36347 #d,-,18,3032,2359,1314,213,1,216221,13405,3032,2360,1324,3027,2358,1288,97,99,0,500,3096;
@400000005e12e81e3ae40902 #d,-,18,3087,2359,1320,214,1,216243,13407,3087,2359,1325,3032,2358,1314,99,99,0,500,3116;
@400000005e12e81e3aee3e4d #d,-,18,3087,2360,1315,215,1,216262,13408,3087,2360,1321,3087,2357,1315,98,99,0,500,3123;
@400000005e12e8203afbf563 #d,-,18,3087,2360,1316,215,1,216281,13409,3087,2360,1318,3087,2358,1315,99,99,0,500,3112;
@400000005e12e8203b06911f #d,-,18,3087,2360,1327,216,1,216393,13416,3087,2361,1348,3087,2359,1315,99,99,0,500,3114;
@400000005e12e8223b171ea4 #d,-,18,3089,2357,1316,217,1,216410,13417,3089,2360,1327,3087,2357,1307,98,99,0,500,3139;
@400000005e12e8223b21836e #d,-,18,3089,2360,1316,218,1,216428,13418,3089,2360,1318,3089,2357,1316,99,99,0,500,3114;
@400000005e12e8243b321d0e #d,-,18,3088,2360,1318,219,1,216364,13414,3089,2360,1319,3088,2358,1314,99,99,0,500,3112;
@400000005e12e8243b3c4e9f #d,-,18,3088,2358,1317,220,1,216382,13415,3088,2360,1318,3088,2358,1315,99,99,0,500,3112;
@400000005e12e8263b4c1d37 #d,-,18,3087,2361,1342,221,1,216408,13417,3088,2361,1350,3087,2358,1315,99,99,0,500,3112;
@400000005e12e8263b56fb14 #d,-,18,3090,2361,1316,221,1,216425,13418,3090,2361,1342,3087,2359,1307,98,99,0,500,3141;
@400000005e12e8283b674dec #d,-,18,3089,2359,1318,222,1,216442,13419,3090,2362,1318,3089,2358,1311,99,99,0,500,3112;
@400000005e12e8283b71d52b #d,-,18,3088,2360,1316,223,1,216460,13420,3089,2361,1318,3088,2358,1315,99,99,0,500,3109;
@400000005e12e82a3b81ac26 #d,-,18,3088,2357,1316,224,1,216558,13426,3088,2360,1318,3088,2357,1315,99,99,0,500,3114;
@400000005e12e82a3b8c0c47 #d,-,18,3087,2362,1348,225,1,216583,13428,3088,2362,1348,3087,2357,1316,99,99,0,500,3112;
@400000005e12e82d0001cd01 #d,-,18,3090,2362,1317,226,1,216520,13424,3090,2362,1348,3087,2360,1307,98,99,0,500,3143;
@400000005e12e82d000c024b #d,-,18,3090,2359,1316,226,1,216537,13425,3090,2362,1317,3090,2359,1314,99,99,0,500,3111;
@400000005e12e82f001a13b8 #d,-,18,3089,2359,1317,227,1,216553,13426,3090,2361,1319,3089,2359,1314,99,99,0,500,3112;
@400000005e12e82f0025007b #d,-,18,3088,2360,1316,228,1,216570,13427,3089,2362,1317,3088,2359,1314,99,99,0,500,3112;
@400000005e12e83100319321 #d,-,18,3087,2359,1347,229,1,216670,13433,3088,2361,1347,3087,2359,1314,99,99,0,500,3111;
@400000005e12e831003c3a0b #d,-,18,3090,2361,1316,230,1,216610,13429,3090,2362,1348,3087,2359,1307,98,99,0,500,3144;
@400000005e12e833004d1e2d #d,-,18,3089,2362,1313,231,1,216626,13430,3090,2364,1316,3089,2361,1313,99,99,0,500,3107;
@400000005e12e83300575731 #d,-,18,3088,2361,1315,232,1,216642,13431,3089,2364,1317,3088,2360,1313,99,99,0,500,3111;
@400000005e12e8350064dbfc #d,-,18,3088,2360,1316,232,1,216658,13432,3088,2363,1317,3088,2360,1313,99,99,0,500,3114;
@400000005e12e835006faa03 #d,-,18,3087,2359,1341,233,1,216677,13434,3088,2361,1341,3087,2359,1315,99,99,0,500,3111;
@400000005e12e837008008f7 #d,-,18,3090,2361,1318,234,1,216697,13435,3090,2362,1348,3087,2359,1308,98,99,0,500,3144;
@400000005e12e837008a61a5 #d,-,18,3089,2362,1314,235,1,216713,13436,3090,2364,1318,3089,2361,1314,99,99,0,500,3109;
@400000005e12e839009b137c #d,-,18,3088,2363,1313,236,1,216727,13437,3089,2365,1315,3088,2362,1312,99,99,0,500,3111;
@400000005e12e83900a5503a #d,-,18,3088,2362,1313,237,1,216743,13438,3088,2364,1316,3088,2362,1313,99,99,0,500,3112;
@400000005e12e83b00b56954 #d,-,18,3087,2365,1328,238,1,216835,13443,3088,2365,1328,3087,2362,1313,99,99,0,500,3111;
@400000005e12e83b00c04aea #d,-,18,3090,2365,1313,238,1,216779,13440,3090,2365,1345,3087,2363,1305,98,99,0,500,3143;
@400000005e12e83d00cf620b #d,-,18,3088,2365,1313,239,1,216794,13441,3090,2365,1315,3088,2363,1312,99,99,0,500,3107;
@400000005e12e83d00d9ed04 #d,-,18,3087,2364,1313,240,1,216808,13442,3088,2365,1314,3087,2362,1312,99,99,0,500,3109;
@400000005e12e83f00e98598 #d,-,18,3087,2365,1314,241,1,216898,13447,3087,2365,1315,3087,2363,1312,99,99,0,500,3112;
@400000005e12e83f00f3d5e5 #d,-,18,3086,2365,1317,242,1,216838,13444,3087,2365,1317,3086,2362,1313,99,99,0,500,3111;
@400000005e12e8410101dfde #d,-,18,3090,2365,1312,243,1,216859,13445,3090,2365,1346,3086,2363,1306,98,99,0,500,3139;
@400000005e12e841010cc086 #d,-,18,3089,2365,1313,244,1,216874,13446,3090,2366,1315,3089,2364,1312,99,99,0,500,3114;
@400000005e12e843011b5e93 #d,-,18,3088,2365,1314,244,1,216889,13447,3089,2366,1314,3088,2363,1313,99,99,0,500,3111;
@400000005e12e843012601c3 #d,-,18,3087,2364,1313,245,1,216977,13452,3088,2366,1315,3087,2363,1311,99,99,0,500,3111;
@400000005e12e8450136841b #d,-,18,3086,2364,1313,246,1,216917,13448,3087,2366,1314,3086,2363,1312,99,99,0,500,3111;
@400000005e12e8450140d468 #d,-,18,3089,2365,1307,247,1,216937,13450,3089,2366,1344,3086,2364,1303,98,99,0,500,3132;
@400000005e12e847014e4e06 #d,-,18,3088,2366,1312,248,1,216951,13450,3089,2366,1314,3088,2364,1307,99,99,0,500,3118;
@400000005e12e8470158f047 #d,-,18,3087,2366,1314,249,1,216964,13451,3088,2366,1314,3087,2364,1312,99,99,0,500,3109;
@400000005e12e84901683aa1 #d,-,18,3087,2365,1313,250,1,216978,13452,3087,2366,1314,3087,2363,1312,99,99,0,500,3112;
@400000005e12e8490172ecb7 #d,-,18,3086,2366,1313,250,1,216992,13453,3087,2366,1314,3086,2364,1313,99,99,0,500,3111;
@400000005e12e84b018357c6 #d,-,18,3088,2365,1305,251,1,217013,13454,3088,2366,1345,3086,2364,1305,98,99,0,500,3127;
@400000005e12e84b018dc404 #d,-,18,3089,2365,1313,252,1,217027,13455,3089,2366,1315,3088,2363,1305,98,99,0,500,3127;
@400000005e12e84d019b1a3e #d,-,18,3088,2366,1313,253,1,217040,13456,3089,2366,1314,3088,2364,1312,99,99,0,500,3112;
@400000005e12e84d01a566d1 #d,-,18,3087,2364,1314,254,1,217053,13457,3088,2366,1314,3087,2362,1313,99,99,0,500,3112;
@400000005e12e84f01b4ef91 #d,-,18,3087,2364,1314,255,1,217067,13458,3087,2366,1314,3087,2363,1312,99,99,0,500,3111;
@400000005e12e84f01bf76d0 #d,-,18,3088,2362,1311,256,1,217087,13459,3088,2365,1346,3087,2362,1311,98,99,0,500,3120;
@400000005e12e85101cc5f25 #d,-,18,3089,2363,1313,256,1,217100,13460,3089,2364,1315,3088,2362,1308,98,99,0,500,3136;
@400000005e12e85101d68cfc #d,-,18,3089,2361,1315,257,1,217113,13461,3089,2363,1315,3089,2361,1313,99,99,0,500,3111;
@400000005e12e85301e2dd83 #d,-,18,3088,2360,1314,258,1,217196,13466,3089,2363,1316,3088,2360,1313,99,99,0,500,3112;
@400000005e12e85301edd1b9 #d,-,18,3087,2361,1315,259,1,217138,13462,3088,2363,1316,3087,2360,1313,99,99,0,500,3112;
@400000005e12e85501fc4d52 #d,-,18,3087,2362,1318,260,1,217158,13463,3087,2364,1348,3087,2361,1314,99,99,0,500,3112;
@400000005e12e8550206c102 #d,-,18,3090,2363,1314,261,1,217170,13464,3090,2363,1318,3087,2361,1307,98,99,0,500,3136;
@400000005e12e8570215915b #d,-,18,3089,2363,1315,261,1,217183,13465,3090,2363,1316,3089,2361,1313,99,99,0,500,3112;
@400000005e12e857021fd2c1 #d,-,18,3088,2365,1314,262,1,217264,13470,3089,2365,1315,3088,2361,1313,99,99,0,500,3112;
@400000005e12e859022f9273 #d,-,18,3087,2364,1312,263,1,217207,13466,3088,2365,1315,3087,2363,1312,99,99,0,500,3111;
@400000005e12e859023a86a9 #d,-,18,3087,2362,1333,264,1,217227,13468,3087,2364,1345,3087,2362,1311,99,99,0,500,3111;
@400000005e12e85b02478ea9 #d,-,18,3089,2362,1314,265,1,217238,13468,3089,2363,1333,3087,2361,1306,98,99,0,500,3139;
@400000005e12e85b02523592 #d,-,18,3089,2360,1315,266,1,217250,13469,3089,2363,1316,3089,2360,1313,99,99,0,500,3109;
@400000005e12e85d0262bba3 #d,-,18,3088,2361,1315,267,1,217262,13470,3089,2363,1316,3088,2360,1314,99,99,0,500,3111;
@400000005e12e85d026d180b #d,-,18,3087,2361,1315,267,1,217274,13471,3088,2362,1317,3087,2360,1314,99,99,0,500,3112;
@400000005e12e85f027b7b6d #d,-,18,3087,2360,1346,268,1,217292,13472,3087,2362,1348,3087,2359,1314,99,99,0,500,3111;
@400000005e12e85f02866bea #d,-,18,3090,2361,1315,269,1,217304,13472,3090,2363,1346,3087,2359,1307,98,99,0,500,3141;
@400000005e12e8610296d7e7 #d,-,18,3089,2362,1314,270,1,217383,13477,3090,2363,1315,3089,2361,1313,99,99,0,500,3111;
@400000005e12e86102a199d3 #d,-,18,3088,2365,1314,271,1,217327,13474,3089,2365,1315,3088,2362,1312,99,99,0,500,3111;
@400000005e12e86302ae3b60 #d,-,18,3088,2363,1314,272,1,217339,13475,3088,2365,1315,3088,2362,1313,99,99,0,500,3112;
@400000005e12e86302b870ab #d,-,18,3087,2363,1345,273,1,217355,13476,3088,2364,1345,3087,2361,1313,99,99,0,500,3111;
@400000005e12e86502c8727c #d,-,18,3090,2363,1315,274,1,217434,13480,3090,2365,1346,3087,2362,1305,98,99,0,500,3139;
@400000005e12e86502d363e7 #d,-,18,3088,2362,1314,274,1,217444,13481,3090,2365,1315,3088,2362,1312,99,99,0,500,3107;
@400000005e12e86702e06af8 #d,-,18,3087,2362,1316,275,1,217389,13478,3088,2364,1316,3087,2361,1312,99,99,0,500,3111;
@400000005e12e86702eacc09 #d,-,18,3087,2357,1317,276,1,217400,13478,3087,2363,1317,3087,2357,1313,99,99,0,500,3111;
@400000005e12e86902fb521a #d,-,18,3087,2360,1346,277,1,217416,13479,3087,2361,1346,3087,2357,1314,99,99,0,500,3112;
@400000005e12e86903058b1e #d,-,18,3090,2358,1316,278,1,217495,13484,3090,2362,1348,3087,2355,1313,98,99,0,500,3143;
@400000005e12e86b03158936 #d,-,18,3089,2361,1316,279,1,217441,13481,3090,2362,1317,3089,2358,1314,99,99,0,500,3111;
@400000005e12e86b03201075 #d,-,18,3088,2360,1316,280,1,217452,13482,3089,2362,1317,3088,2359,1314,99,99,0,500,3111;
@400000005e12e86d032e3ce4 #d,-,18,3088,2360,1316,280,1,217463,13482,3088,2361,1317,3088,2359,1314,99,99,0,500,3111;
@400000005e12e86d0338bcb0 #d,-,18,3087,2359,1338,281,1,217476,13483,3088,2361,1338,3087,2359,1315,99,99,0,500,3112;
@400000005e12e86f0345961f #d,-,18,3091,2359,1158,282,1,217470,13483,3091,2361,1348,3087,2359,1158,98,99,0,500,3144;
@400000005e12e86f034d7cf4 #d,-,18,2798,2360,1026,283,1,217397,13478,3091,2362,1256,2798,2358,1026,97,99,0,500,2863;
@400000005e12e871035cb3be #d,-,18,2627,2362,1142,283,1,217310,13473,2798,2362,1174,2627,2360,997,98,99,0,500,2666;
@400000005e12e87103673744 #d,-,18,2687,2362,1146,284,1,217238,13468,2687,2362,1158,2627,2359,1142,98,99,0,500,2726;
@400000005e12e87303757742 #d,-,18,2686,2360,1159,285,1,217166,13464,2687,2362,1159,2686,2359,1146,98,99,0,500,2717;
@400000005e12e873037fb134 #d,-,18,2690,2359,1150,286,1,217099,13460,2690,2361,1180,2686,2359,1141,97,99,0,500,2749;
@400000005e12e87503881d37 #d,-,18,2688,2361,1149,286,1,217026,13455,2690,2362,1151,2688,2359,1148,98,99,0,500,2717;
@400000005e12e875039167d0 #d,-,18,2688,2362,1149,287,1,216955,13451,2688,2362,1150,2688,2360,1148,98,99,0,500,2717;
@400000005e12e877039a8ff4 #d,-,18,2687,2362,1149,288,1,216884,13446,2688,2362,1150,2687,2360,1148,98,99,0,500,2719;
@400000005e12e87703a4b1b0 #d,-,18,2687,2362,1150,289,1,216813,13442,2687,2362,1150,2687,2360,1148,98,99,0,500,2719;
@400000005e12e87903b28870 #d,-,18,2690,2362,1146,289,1,216810,13442,2690,2362,1179,2687,2359,1142,98,99,0,500,2741;
@400000005e12e87903bcb19f #d,-,18,2689,2362,1148,290,1,216678,13434,2690,2362,1150,2689,2359,1146,98,99,0,500,2721;
@400000005e12e87b03c51ad7 #d,-,18,2688,2362,1150,291,1,216608,13429,2689,2362,1150,2688,2359,1148,98,99,0,500,2719;
@400000005e12e87b03ced620 #d,-,18,2688,2362,1148,292,1,216538,13425,2688,2362,1150,2688,2360,1147,98,99,0,500,2719;
@400000005e12e87d03dd1e80 #d,-,18,2687,2362,1149,292,1,216470,13421,2688,2363,1150,2687,2360,1148,98,99,0,500,2717;
@400000005e12e87d03e7ec87 #d,-,18,2690,2362,1143,293,1,216407,13417,2690,2362,1181,2687,2359,1142,98,99,0,500,2737;
@400000005e12e87f03f0d556 #d,-,18,2690,2363,1147,294,1,216339,13413,2690,2363,1150,2690,2360,1143,98,99,0,500,2728;
@400000005e12e87f03f9362c #d,-,18,2689,2362,1149,295,1,216271,13408,2690,2363,1150,2689,2359,1146,98,99,0,500,2719;
@400000005e12e8810401c94d #d,-,18,2688,2361,1148,295,1,216203,13404,2689,2362,1150,2688,2360,1148,98,99,0,500,2719;
@400000005e12e881040bf724 #d,-,18,2687,2358,1149,296,1,216136,13400,2688,2361,1151,2687,2358,1147,98,99,0,500,2717;
@400000005e12e883041b2dee #d,-,18,2689,2360,1140,297,1,216075,13396,2689,2361,1180,2687,2358,1140,98,99,0,500,2728;
@400000005e12e8830425f394 #d,-,18,2689,2360,1148,298,1,216008,13392,2689,2362,1150,2689,2360,1140,98,99,0,500,2732;
@400000005e12e885042e8e28 #d,-,18,2688,2362,1148,298,1,215942,13388,2689,2362,1149,2688,2360,1147,98,99,0,500,2717;
@400000005e12e88504383b79 #d,-,18,2688,2362,1148,299,1,215876,13384,2688,2362,1150,2688,2360,1148,98,99,0,500,2719;
@400000005e12e887044381a4 #d,-,18,2687,2364,1147,300,1,215871,13384,2688,2364,1149,2687,2360,1147,98,99,0,500,2717;
@400000005e12e887044e7221 #d,-,18,2688,2362,1144,301,1,215752,13376,2688,2364,1179,2687,2362,1144,98,99,0,500,2723;
@400000005e12e889045a324d #d,-,18,2689,2362,1147,301,1,215687,13372,2689,2363,1151,2688,2361,1140,98,99,0,500,2739;
@400000005e12e889046463de #d,-,18,2689,2361,1148,302,1,215623,13368,2689,2363,1149,2689,2361,1146,98,99,0,500,2719;
@400000005e12e88b046e5260 #d,-,18,2688,2362,1148,303,1,215559,13364,2689,2363,1149,2688,2360,1147,98,99,0,500,2717;
@400000005e12e88b0478f590 #d,-,18,2687,2363,1147,304,1,215495,13360,2688,2363,1149,2687,2361,1147,98,99,0,500,2717;
@400000005e12e88d048178dc #d,-,18,2687,2362,1157,304,1,215438,13357,2687,2363,1180,2687,2360,1147,98,99,0,500,2719;
@400000005e12e88d04874563 #d,-,18,2690,2359,1150,305,1,215375,13353,2690,2363,1157,2687,2359,1141,98,99,0,500,2744;
@400000005e12e88f0496d1dc #d,-,18,2689,2358,1150,306,1,215313,13349,2690,2360,1152,2689,2358,1149,98,99,0,500,2721;
@400000005e12e88f04a10727 #d,-,18,2689,2360,1149,307,1,215251,13345,2689,2360,1151,2689,2358,1149,98,99,0,500,2719;
@400000005e12e89104b0ce4c #d,-,18,2688,2361,1149,307,1,215189,13341,2689,2361,1150,2688,2358,1148,98,99,0,500,2717;
@400000005e12e89104bbab3a #d,-,18,2687,2360,1172,308,1,215133,13338,2688,2361,1180,2687,2359,1148,98,99,0,500,2717;
@400000005e12e89304c4dad1 #d,-,18,2690,2362,1150,309,1,215129,13338,2690,2362,1172,2687,2359,1142,97,99,0,500,2746;
@400000005e12e89304cbdb9d #d,-,18,2692,2360,1176,309,1,215022,13331,2692,2362,1185,2690,2359,1149,98,99,0,500,2732;
@400000005e12e89504d503c0 #d,-,18,2744,2357,1167,310,1,214969,13328,2744,2361,1176,2692,2357,1163,98,99,0,500,2781;
@400000005e12e89504de6a4a #d,-,18,2741,2358,1162,311,1,214916,13324,2744,2360,1170,2741,2357,1161,99,99,0,500,2758;
@400000005e12e89704ecba1c #d,-,18,2737,2356,1194,312,1,214924,13325,2741,2359,1194,2737,2356,1161,99,99,0,500,2748;
@400000005e12e89704f7a6df #d,-,18,2738,2359,1153,312,1,214811,13318,2738,2360,1194,2737,2356,1152,98,99,0,500,2776;
@400000005e12e8990500d676 #d,-,18,2732,2361,1145,313,1,214752,13314,2738,2362,1154,2732,2358,1145,100,99,0,500,2732;
@400000005e12e8990509cb61 #d,-,18,2678,2361,1146,314,1,214692,13310,2732,2361,1148,2678,2359,1145,98,99,0,500,2714;
@400000005e12e89b0515ba1e #d,-,18,2677,2358,1148,315,1,214632,13307,2678,2361,1148,2677,2357,1146,98,99,0,500,2712;
@400000005e12e89b05201686 #d,-,18,2678,2357,1179,315,1,214633,13307,2678,2358,1179,2677,2356,1148,98,99,0,500,2712;
@400000005e12e89d0528d47e #d,-,18,2681,2357,1287,316,1,214601,13305,2681,2357,1294,2678,2354,1141,97,99,0,500,2744;
@400000005e12e89d052f9b8c #d,-,18,2983,2357,1304,317,1,214554,13302,2983,2359,1313,2681,2356,1272,100,99,0,500,2983;
@400000005e12e89f054048ba #d,-,18,3068,2356,1332,318,1,214577,13303,3068,2358,1359,2983,2356,1304,99,99,0,500,3093;
@400000005e12e89f054a7a4b #d,-,18,3073,2355,1328,319,1,214589,13304,3073,2357,1332,3068,2355,1277,97,99,0,500,3144;
@400000005e12e8a105543683 #d,-,18,3073,2354,1351,320,1,214667,13309,3073,2357,1351,3073,2353,1322,99,99,0,500,3098;
@400000005e12e8a1055f1371 #d,-,18,3125,2354,1325,321,1,214633,13307,3125,2356,1355,3073,2353,1315,99,99,0,500,3155;
@400000005e12e8a30569069c #d,-,18,3120,2356,1322,321,1,214651,13308,3125,2357,1325,3120,2353,1321,100,99,0,500,3120;
@400000005e12e8a305723279 #d,-,18,3117,2358,1322,322,2,214670,13309,3120,2359,1323,3117,2355,1321,99,99,0,500,3123;
@400000005e12e8a5057d465a #d,-,18,3114,2356,1321,323,2,214688,13310,3117,2358,1323,3114,2355,1321,99,99,0,500,3121;
@400000005e12e8a505877ba4 #d,-,18,3111,2356,1340,324,2,214707,13311,3114,2357,1340,3111,2353,1321,99,99,0,500,3121;
@400000005e12e8a705946b6d #d,-,18,3113,2354,1323,325,2,214729,13313,3113,2356,1354,3111,2354,1315,98,99,0,500,3153;
@400000005e12e8a7059f2d59 #d,-,18,3110,2355,1323,326,2,214747,13314,3113,2356,1325,3110,2354,1321,99,99,0,500,3118;
@400000005e12e8a905afe2e9 #d,-,18,3108,2357,1321,327,2,214765,13315,3110,2359,1323,3108,2355,1319,99,99,0,500,3121;
@400000005e12e8a905ba37de #d,-,18,3106,2359,1321,327,2,214783,13316,3108,2360,1321,3106,2357,1319,99,99,0,500,3121;
@400000005e12e8ab05c6974b #d,-,18,3104,2359,1325,328,2,214800,13317,3106,2360,1325,3104,2357,1319,99,99,0,500,3120;
@400000005e12e8ab05d178e1 #d,-,18,3106,2358,1319,329,2,214877,13322,3106,2360,1353,3104,2355,1312,98,99,0,500,3148;
@400000005e12e8ad05de74c5 #d,-,18,3104,2356,1322,330,2,214840,13320,3106,2358,1323,3104,2356,1319,99,99,0,500,3121;
@400000005e12e8ad05e8f0d8 #d,-,18,3102,2355,1322,331,2,214857,13321,3104,2356,1324,3102,2355,1322,99,99,0,500,3121;
@400000005e12e8af05f64e86 #d,-,18,3101,2357,1323,332,2,214875,13322,3102,2357,1323,3101,2355,1321,99,99,0,500,3121;
@400000005e12e8af06008016 #d,-,18,3100,2357,1320,333,2,214891,13323,3101,2357,1323,3100,2356,1320,99,99,0,500,3123;
@400000005e12e8b1061033ad #d,-,18,3103,2360,1314,333,2,214913,13324,3103,2362,1352,3100,2356,1311,98,99,0,500,3141;
@400000005e12e8b1061af952 #d,-,18,3101,2359,1319,334,2,214930,13325,3103,2361,1322,3101,2359,1314,99,99,0,500,3128;
@400000005e12e8b306278fb3 #d,-,18,3100,2361,1320,335,2,214947,13326,3101,2362,1320,3100,2359,1317,99,99,0,500,3120;
@400000005e12e8b306323e10 #d,-,18,3098,2360,1320,336,2,214963,13327,3100,2361,1320,3098,2359,1318,99,99,0,500,3118;
@400000005e12e8b5063c6385 #d,-,18,3097,2359,1320,337,2,214979,13328,3098,2360,1321,3097,2358,1318,99,99,0,500,3118;
@400000005e12e8b506425e9d #d,-,18,3099,2360,1312,338,2,215001,13330,3099,2360,1352,3097,2357,1311,98,99,0,500,3134;
@400000005e12e8b70651efbe #d,-,18,3099,2360,1318,338,2,215016,13331,3099,2361,1322,3099,2358,1312,99,99,0,500,3130;
@400000005e12e8b7065c2061 #d,-,18,3097,2360,1319,339,2,215032,13332,3099,2361,1320,3097,2359,1317,99,99,0,500,3118;
@400000005e12e8b9066b2039 #d,-,18,3096,2362,1318,340,2,215048,13333,3097,2362,1319,3096,2359,1317,99,99,0,500,3118;
@400000005e12e8b90675ee40 #d,-,18,3095,2362,1319,341,2,215064,13333,3096,2363,1319,3095,2359,1316,99,99,0,500,3118;
@400000005e12e8bb06839de2 #d,-,18,3096,2360,1313,342,2,215085,13335,3096,2362,1352,3095,2360,1313,99,99,0,500,3125;
@400000005e12e8bb068dfe04 #d,-,18,3097,2360,1318,343,2,215100,13336,3097,2362,1320,3096,2360,1310,98,99,0,500,3139;
@400000005e12e8bd069b0604 #d,-,18,3096,2361,1318,344,2,215115,13337,3097,2362,1319,3096,2359,1317,99,99,0,500,3118;
@400000005e12e8bd06a5d40b #d,-,18,3095,2360,1319,344,2,215183,13341,3096,2361,1320,3095,2358,1318,99,99,0,500,3118;
@400000005e12e8bf06b22c05 #d,-,18,3094,2361,1318,345,2,215146,13339,3095,2362,1319,3094,2358,1318,99,99,0,500,3118;
@400000005e12e8bf06bc8c27 #d,-,18,3095,2360,1323,346,2,215167,13340,3095,2361,1352,3094,2358,1318,99,99,0,500,3123;
@400000005e12e8c106cca187 #d,-,18,3097,2359,1318,347,2,215182,13341,3097,2360,1323,3095,2358,1313,98,99,0,500,3144;
@400000005e12e8c106d6d6d2 #d,-,18,3096,2360,1320,348,2,215198,13342,3097,2362,1320,3096,2359,1318,99,99,0,500,3121;
@400000005e12e8c306e37d07 #d,-,18,3096,2361,1319,349,2,215265,13346,3096,2361,1320,3096,2359,1319,99,99,0,500,3121;
@400000005e12e8c306ee6d84 #d,-,18,3095,2358,1320,350,2,215229,13344,3096,2361,1321,3095,2358,1318,99,99,0,500,3123;
@400000005e12e8c506f9fb65 #d,-,18,3095,2359,1337,351,2,215301,13348,3095,2361,1352,3095,2358,1319,99,99,0,500,3120;
@400000005e12e8c507045b87 #d,-,18,3098,2361,1320,351,2,215265,13346,3098,2362,1337,3095,2359,1311,98,99,0,500,3150;
@400000005e12e8c707137a1b #d,-,18,3098,2360,1320,352,2,215280,13347,3098,2361,1321,3098,2359,1319,99,99,0,500,3123;
@400000005e12e8c7071e57f7 #d,-,18,3098,2359,1322,353,2,215299,13348,3098,2361,1337,3098,2358,1320,99,99,0,500,3125;
@400000005e12e8c9072ed1ed #d,-,18,3098,2358,1324,354,2,215315,13349,3098,2360,1324,3098,2358,1320,98,99,0,500,3136;
@400000005e12e8c9073932fd #d,-,18,3099,2357,1352,355,2,215387,13354,3099,2359,1356,3098,2357,1324,99,99,0,500,3128;
@400000005e12e8cb07440c31 #d,-,18,3103,2359,1323,356,2,215403,13355,3103,2359,1352,3099,2356,1317,98,99,0,500,3159;
@400000005e12e8cb074ef8f4 #d,-,18,3102,2360,1326,357,2,215369,13352,3103,2360,1326,3102,2358,1322,99,99,0,500,3130;
@400000005e12e8cd075c914e #d,-,18,3102,2357,1324,357,2,215386,13353,3102,2360,1326,3102,2357,1323,99,99,0,500,3132;
@400000005e12e8cd0767533a #d,-,18,3102,2359,1324,358,2,215402,13354,3102,2360,1325,3102,2357,1323,99,99,0,500,3130;
@400000005e12e8cf0772a581 #d,-,18,3102,2360,1356,359,2,215422,13356,3102,2360,1356,3102,2358,1323,99,99,0,500,3128;
@400000005e12e8cf077d01e9 #d,-,18,3105,2361,1324,360,2,215439,13357,3105,2361,1356,3102,2359,1316,98,99,0,500,3159;
@400000005e12e8d1078c8246 #d,-,18,3105,2361,1324,361,2,215455,13358,3105,2361,1324,3105,2359,1322,99,99,0,500,3128;
@400000005e12e8d1079711e8 #d,-,18,3104,2361,1321,362,2,215470,13359,3105,2362,1324,3104,2359,1320,99,99,0,500,3130;
@400000005e12e8d307a35653 #d,-,18,3104,2361,1325,363,2,215486,13360,3104,2362,1325,3104,2359,1321,99,99,0,500,3127;
@400000005e12e8d307ad7bc8 #d,-,18,3103,2361,1355,363,2,215505,13361,3104,2361,1355,3103,2359,1322,99,99,0,500,3130;
@400000005e12e8d507bcc9db #d,-,18,3107,2360,1325,364,2,215571,13365,3107,2361,1356,3103,2359,1315,98,99,0,500,3162;
@400000005e12e8d507c7ab71 #d,-,18,3106,2360,1324,365,2,215538,13363,3107,2361,1325,3106,2358,1323,99,99,0,500,3125;
@400000005e12e8d707d28c19 #d,-,18,3105,2359,1324,366,2,215553,13364,3106,2360,1325,3105,2357,1323,99,99,0,500,3130;
@400000005e12e8d707dd1f74 #d,-,18,3104,2358,1325,367,2,215569,13365,3105,2360,1325,3104,2356,1323,99,99,0,500,3128;
@400000005e12e8d907ed0db7 #d,-,18,3104,2356,1348,368,2,215586,13366,3104,2358,1348,3104,2355,1324,99,99,0,500,3130;
@400000005e12e8d907f75e03 #d,-,18,3108,2355,1326,369,2,215605,13367,3108,2358,1357,3104,2355,1318,98,99,0,500,3162;
@400000005e12e8db08048105 #d,-,18,3106,2358,1323,369,2,215620,13368,3108,2358,1327,3106,2355,1323,99,99,0,500,3127;
@400000005e12e8db080f1460 #d,-,18,3106,2355,1325,370,2,215683,13372,3106,2359,1326,3106,2355,1322,99,99,0,500,3127;
@400000005e12e8dd081aad6e #d,-,18,3105,2358,1324,371,2,215650,13370,3106,2358,1326,3105,2355,1322,99,99,0,500,3132;
@400000005e12e8dd0824e672 #d,-,18,3105,2356,1338,372,2,215714,13374,3105,2358,1338,3105,2355,1324,99,99,0,500,3128;
@400000005e12e8df0833909c #d,-,18,3108,2357,1326,373,2,215685,13372,3108,2357,1357,3105,2354,1318,98,99,0,500,3161;
@400000005e12e8df083e888c #d,-,18,3107,2355,1327,374,2,215700,13373,3108,2358,1327,3107,2355,1325,99,99,0,500,3130;
@400000005e12e8e1084b3adc #d,-,18,3106,2356,1325,375,2,215715,13374,3107,2356,1327,3106,2354,1325,99,99,0,500,3130;
@400000005e12e8e1085568b4 #d,-,18,3106,2355,1327,375,2,215730,13375,3106,2357,1327,3106,2354,1324,99,99,0,500,3130;
@400000005e12e8e30863e35e #d,-,18,3105,2355,1328,376,2,215745,13376,3106,2356,1328,3105,2354,1324,99,99,0,500,3128;
@400000005e12e8e3086eb8d8 #d,-,18,3109,2354,1323,377,2,215764,13377,3109,2355,1360,3105,2353,1318,98,99,0,500,3159;
@400000005e12e8e5087f5278 #d,-,18,3107,2356,1327,378,2,215827,13381,3109,2356,1328,3107,2354,1323,99,99,0,500,3132;
@400000005e12e8e50889aee0 #d,-,18,3107,2356,1324,379,2,215841,13382,3107,2356,1327,3107,2353,1323,99,99,0,500,3128;
@400000005e12e8e708988ffc #d,-,18,3106,2354,1327,380,2,215855,13383,3107,2356,1327,3106,2353,1324,99,99,0,500,3128;
@400000005e12e8e708a2c900 #d,-,18,3105,2355,1326,381,2,215823,13381,3106,2355,1327,3105,2353,1325,99,99,0,500,3128;
@400000005e12e8e908b3e415 #d,-,18,3108,2351,1321,381,2,215841,13382,3108,2355,1359,3105,2351,1319,98,99,0,500,3150;
@400000005e12e8e908be1d19 #d,-,18,3108,2356,1325,382,2,215856,13383,3108,2356,1330,3108,2351,1321,99,99,0,500,3139;
@400000005e12e8eb08cd6b2c #d,-,18,3107,2355,1325,383,2,215870,13383,3108,2356,1327,3107,2355,1324,99,99,0,500,3130;
@400000005e12e8eb08d7ea09 #d,-,18,3106,2358,1324,384,2,215885,13384,3107,2359,1326,3106,2355,1324,99,99,0,500,3130;
@400000005e12e8ed08e880de #d,-,18,3105,2360,1322,385,2,215898,13385,3106,2360,1325,3105,2357,1322,99,99,0,500,3130;
@400000005e12e8ed08f2dd46 #d,-,18,3107,2359,1316,386,2,215917,13386,3107,2360,1357,3105,2356,1316,98,99,0,500,3141;
@400000005e12e8ef09029c0a #d,-,18,3108,2360,1324,387,2,215930,13387,3108,2360,1326,3107,2358,1316,98,99,0,500,3146;
@400000005e12e8ef090ced45 #d,-,18,3106,2359,1324,388,2,215944,13388,3108,2360,1325,3106,2357,1322,99,99,0,500,3128;
@400000005e12e8f10918b03c #d,-,18,3105,2358,1324,388,2,215957,13389,3106,2359,1324,3105,2357,1322,99,99,0,500,3127;
@400000005e12e8f109239cff #d,-,18,3105,2358,1326,389,2,216017,13393,3105,2359,1326,3105,2355,1323,99,99,0,500,3127;
@400000005e12e8f309348982 #d,-,18,3105,2359,1320,390,2,215989,13391,3105,2359,1357,3105,2355,1320,99,99,0,500,3136;
@400000005e12e8f3093ef117 #d,-,18,3107,2359,1325,391,2,216002,13392,3107,2359,1327,3105,2357,1316,98,99,0,500,3150;
@400000005e12e8f5094f96d3 #d,-,18,3106,2359,1322,392,2,216015,13392,3107,2359,1325,3106,2357,1322,99,99,0,500,3128;
@400000005e12e8f50959cc1d #d,-,18,3105,2358,1324,393,2,216029,13393,3106,2359,1325,3105,2357,1322,99,99,0,500,3128;
@400000005e12e8f7096a6e1f #d,-,18,3104,2356,1326,394,2,216042,13394,3105,2358,1326,3104,2356,1324,99,99,0,500,3128;
@400000005e12e8f70974abcb #d,-,18,3105,2357,1330,394,2,216106,13398,3105,2359,1356,3104,2356,1324,99,99,0,500,3132;
@400000005e12e8f909848a39 #d,-,18,3107,2358,1324,395,2,216118,13399,3107,2358,1330,3105,2355,1317,98,99,0,500,3157;
@400000005e12e8f9098f7343 #d,-,18,3106,2356,1324,396,2,216086,13397,3107,2358,1325,3106,2356,1324,99,99,0,500,3128;
@400000005e12e8fb099dca89 #d,-,18,3106,2358,1324,397,2,216099,13398,3106,2358,1326,3106,2356,1323,99,99,0,500,3128;
@400000005e12e8fb09a826f1 #d,-,18,3105,2355,1326,398,2,216113,13399,3106,2358,1326,3105,2355,1323,99,99,0,500,3130;
@400000005e12e8fd09b73a57 #d,-,18,3105,2358,1344,399,2,216131,13400,3105,2358,1357,3105,2354,1325,99,99,0,500,3130;
@400000005e12e8fd09c1735c #d,-,18,3108,2357,1325,400,2,216143,13400,3108,2358,1344,3105,2356,1318,98,99,0,500,3159;
@400000005e12e8ff09cdfad5 #d,-,18,3107,2357,1325,400,2,216156,13401,3108,2359,1325,3107,2357,1323,99,99,0,500,3130;
@400000005e12e8ff09d8eb52 #d,-,18,3106,2358,1324,401,2,216169,13402,3107,2359,1325,3106,2357,1323,99,99,0,500,3130;
@400000005e12e90109e81601 #d,-,18,3105,2356,1324,402,2,216227,13406,3106,2359,1325,3105,2356,1323,99,99,0,500,3130;
@400000005e12e90109f24b4b #d,-,18,3105,2358,1354,403,2,216244,13407,3105,2359,1357,3105,2356,1324,99,99,0,500,3128;
@400000005e12e90309fe9f8c #d,-,18,3108,2358,1323,404,2,216212,13405,3108,2358,1354,3105,2356,1317,98,99,0,500,3159;
@400000005e12e9030a096178 #d,-,18,3107,2357,1324,405,2,216224,13405,3108,2358,1324,3107,2356,1323,99,99,0,500,3128;
@400000005e12e9050a19d12f #d,-,18,3106,2356,1325,406,2,216237,13406,3107,2358,1325,3106,2355,1324,99,99,0,500,3127;
@400000005e12e9050a242ca9 #d,-,18,3105,2356,1326,406,2,216249,13407,3106,2357,1327,3105,2355,1325,99,99,0,500,3130;
@400000005e12e9070a33a593 #d,-,18,3105,2356,1356,407,2,216265,13408,3105,2357,1356,3105,2355,1324,99,99,0,500,3128;
@400000005e12e9070a3ddf85 #d,-,18,3108,2354,1326,408,2,216323,13412,3108,2357,1356,3105,2354,1318,98,99,0,500,3161;
@400000005e12e9090a4a3780 #d,-,18,3107,2356,1325,409,2,216291,13410,3108,2356,1327,3107,2354,1325,99,99,0,500,3128;
@400000005e12e9090a550940 #d,-,18,3106,2355,1326,410,2,216303,13410,3107,2356,1326,3106,2354,1324,99,99,0,500,3128;
@400000005e12e90b0a623fd1 #d,-,18,3105,2354,1326,411,2,216315,13411,3106,2356,1327,3105,2354,1324,99,99,0,500,3128;
@400000005e12e90b0a6cbaf5 #d,-,18,3047,2354,1364,412,2,216322,13412,3105,2355,1364,3047,2353,1255,98,99,0,500,3091;
Lost connection at /opt/powertools/bin/wattsup1 line 220.
	main::failure('Lost connection') called at /opt/powertools/bin/wattsup1 line 271
	main::recv_msg() called at /opt/powertools/bin/wattsup1 line 504
