@400000005e6f31d52f5a7f9a #v,-,8,2,261786,5,2,4,57,200810261703,0;
@400000005e6f31d61da9fa93 #h,-,18,W,V,A,WH,Cost,WH/Mo,Cost/Mo,Wmax,Vmax,Amax,Wmin,Vmin,Amin,PF,DC,PC,Hz,VA;
@400000005e6f31d623b83a21 #f,-,48,41,436,1,4775,0,0,65533,0,199,810,237,17949,177,311,4753,4,92217,151,32123,69906,40,694,17008,0,93,1,4659,0,0,65533,0,199,822,242,18484,171,318,5362,2,92206,150,32190,70407,42,536,17029,0,92;
@400000005e6f31d823ca6616 #d,-,18,2421,2391,1118,0,0,164599,10205,2421,2391,1119,2421,2390,1114,89,100,0,500,2718;
@400000005e6f31da23d84538 #d,-,18,2421,2390,1115,1,0,168317,10435,2421,2392,1123,2421,2390,1114,89,100,0,500,2718;
@400000005e6f31da23e12e07 #d,-,18,2421,2392,1118,2,0,169869,10531,2421,2392,1121,2421,2389,1113,89,100,0,500,2720;
@400000005e6f31dc23ede7cb #d,-,18,2421,2389,1117,2,0,170763,10587,2421,2392,1121,2421,2389,1113,89,100,0,500,2718;
@400000005e6f31dc23f66c05 #d,-,18,2421,2391,1117,3,0,171332,10622,2421,2392,1119,2421,2389,1114,89,100,0,500,2718;
@400000005e6f31de24031d68 #d,-,18,2422,2390,1118,4,0,171726,10647,2422,2392,1120,2421,2390,1115,89,100,0,500,2715;
@400000005e6f31de240be77b #d,-,18,2422,2391,1116,4,0,174359,10810,2422,2392,1121,2422,2390,1114,89,100,0,500,2718;
@400000005e6f31e024193db6 #d,-,18,2422,2390,1121,5,0,172253,10679,2422,2392,1121,2422,2389,1114,89,100,0,500,2718;
@400000005e6f31e02421b5d4 #d,-,18,2422,2393,1116,6,0,174275,10805,2422,2394,1122,2422,2390,1116,88,100,0,500,2723;
@400000005e6f31e22430b1f2 #d,-,18,2423,2392,1120,6,0,172593,10700,2423,2393,1122,2422,2391,1115,88,100,0,500,2723;
@400000005e6f31e2243a892c #d,-,18,2423,2394,1122,7,0,172731,10709,2423,2394,1126,2423,2392,1115,89,100,0,500,2720;
@400000005e6f31e4244854c0 #d,-,18,2426,2392,1506,8,0,177445,11001,2426,2394,1856,2423,2390,1122,88,100,0,500,2734;
@400000005e6f31e42451228d #d,-,18,3312,2392,1229,9,0,178747,11082,3312,2393,1506,2426,2391,1152,93,100,0,500,3543;
@400000005e6f31e6245f7619 #d,-,18,2729,2394,1151,9,0,179404,11123,3312,2394,1241,2729,2391,1151,90,100,0,500,3000;
@400000005e6f31e62467a3b6 #d,-,18,3076,2392,1234,10,0,183294,11364,3076,2394,1841,2729,2389,1141,94,100,0,500,3239;
@400000005e6f31e8247626c2 #d,-,18,2910,2393,1206,11,0,184092,11413,3076,2394,1270,2910,2391,1206,87,100,0,500,3320;
@400000005e6f31e8247f0464 #d,-,18,2667,2388,1811,12,0,185521,11502,2910,2393,1811,2667,2388,1141,90,100,0,500,2957;
@400000005e6f31ea248e3b2e #d,-,18,3280,2393,1234,13,0,188210,11669,3280,2394,1870,2667,2388,1144,93,100,0,500,3512;
@400000005e6f31ea24986cbf #d,-,18,2695,2390,1177,13,0,188383,11679,3280,2393,1242,2695,2390,1177,90,100,0,500,2964;
@400000005e6f31ec24a69ce8 #d,-,18,2625,2392,1375,14,0,189736,11763,2695,2392,1889,2625,2389,1132,90,100,0,500,2898;
@400000005e6f31ec24af6341 #d,-,18,3236,2390,1226,15,0,189641,11757,3236,2393,1375,2625,2390,1092,92,100,0,500,3505;
@400000005e6f31ee24bdaba1 #d,-,18,2695,2393,1155,16,0,189593,11754,3236,2393,1251,2695,2390,1155,90,100,0,500,2967;
@400000005e6f31ee24c6f9f3 #d,-,18,2503,2391,1118,16,0,188912,11712,2695,2393,1155,2503,2391,1114,89,100,0,500,2806;
@400000005e6f31f024d3e337 #d,-,18,2421,2392,1117,17,0,188294,11674,2503,2392,1122,2421,2391,1115,89,100,0,500,2720;
@400000005e6f31f024dbd9e1 #d,-,18,2421,2391,1119,18,0,187729,11639,2421,2393,1120,2421,2391,1117,89,100,0,500,2720;
@400000005e6f31f224e88016 #d,-,18,2421,2393,1116,18,0,187201,11606,2421,2393,1120,2421,2391,1115,89,100,0,500,2720;
@400000005e6f31f224f15645 #d,-,18,2421,2391,1121,19,0,186723,11576,2421,2393,1122,2421,2391,1115,88,100,0,500,2723;
@400000005e6f31f424ff7efa #d,-,18,2422,2393,1128,20,0,186979,11592,2422,2393,1129,2421,2390,1119,88,100,0,500,2727;
@400000005e6f31f425082e0b #d,-,18,2425,2391,1125,21,0,186573,11567,2425,2394,1129,2422,2391,1121,88,100,0,500,2742;
@400000005e6f31f62514a96a #d,-,18,2427,2394,1117,21,0,186184,11543,2427,2394,1127,2425,2390,1116,88,100,0,500,2737;
@400000005e6f31f6251d63a8 #d,-,18,2427,2392,1119,22,0,185212,11483,2427,2394,1121,2427,2392,1116,88,100,0,500,2727;
@400000005e6f31f8252a4bfd #d,-,18,2427,2395,1114,23,0,184859,11461,2427,2395,1119,2427,2392,1113,89,100,0,500,2720;
@400000005e6f31f825336092 #d,-,18,2426,2393,1114,23,0,184528,11440,2427,2395,1121,2426,2393,1112,89,100,0,500,2718;
@400000005e6f31fa25402583 #d,-,18,2426,2394,1117,24,0,184219,11421,2426,2394,1123,2426,2392,1113,89,100,0,500,2720;
@400000005e6f31fa2548829f #d,-,18,2425,2394,1120,25,0,183924,11403,2426,2394,1120,2425,2393,1112,89,100,0,500,2720;
@400000005e6f31fc25572820 #d,-,18,2424,2391,1118,25,0,183642,11385,2425,2394,1121,2424,2391,1114,89,100,0,500,2718;
@400000005e6f31fc25613294 #d,-,18,2424,2393,1116,26,0,183370,11368,2424,2393,1119,2424,2391,1114,89,100,0,500,2718;
@400000005e6f31fe256fa984 #d,-,18,2992,2393,1212,27,0,184763,11455,2992,2394,1854,2424,2389,1116,96,100,0,500,3104;
@400000005e6f31fe25775efd #d,-,18,2876,2391,1213,28,0,185514,11501,2992,2393,1258,2876,2390,1210,88,100,0,500,3261;
@400000005e6f32002584536d #d,-,18,2659,2391,1361,28,0,185117,11477,2876,2393,1361,2659,2390,1113,90,100,0,500,2941;
@400000005e6f3200258d213a #d,-,18,3238,2389,1260,29,0,186387,11556,3238,2391,1907,2659,2389,1200,94,100,0,500,3417;
@400000005e6f32022596f4bb #d,-,18,2751,2394,1198,30,0,187010,11594,3238,2394,1261,2751,2389,1195,89,100,0,500,3066;
@400000005e6f320225a0147d #d,-,18,2625,2392,1625,31,0,187574,11629,2751,2396,1850,2625,2389,1141,89,100,0,500,2922;
@400000005e6f320425aa03ee #d,-,18,3274,2393,1225,32,0,187728,11639,3274,2394,1625,2625,2392,1164,91,100,0,500,3597;
@400000005e6f320425b37d18 #d,-,18,2707,2395,1169,32,0,187797,11643,3274,2395,1237,2707,2392,1169,90,100,0,500,2981;
@400000005e6f320625bcd786 #d,-,18,2591,2392,1337,33,0,188719,11700,2707,2395,1897,2591,2389,1120,90,100,0,500,2874;
@400000005e6f320625c6652d #d,-,18,3300,2394,1227,34,0,188884,11710,3300,2394,1337,2591,2392,1223,93,100,0,500,3538;
@400000005e6f320825d47e0d #d,-,18,2709,2394,1138,35,0,188875,11710,3300,2394,1227,2709,2393,1138,90,100,0,500,2983;
@400000005e6f320825dd77a0 #d,-,18,2519,2392,1129,35,0,188604,11693,2709,2394,1138,2519,2392,1119,89,100,0,500,2822;
@400000005e6f320a25ea351e #d,-,18,2437,2393,1120,36,0,188321,11675,2519,2394,1139,2437,2392,1108,89,100,0,500,2730;
@400000005e6f320a25f2d45a #d,-,18,2436,2391,1119,37,0,188047,11658,2437,2394,1125,2436,2391,1116,89,100,0,500,2734;
Lost connection at /opt/powertools/bin/wattsup1 line 220.
	main::failure('Lost connection') called at /opt/powertools/bin/wattsup1 line 271
	main::recv_msg() called at /opt/powertools/bin/wattsup1 line 504
