@400000005e60af322c870bdd #v,-,8,1,65178,5,2,4,57,200810261703,0;
@400000005e60af331ad35ab9 #h,-,18,W,V,A,WH,Cost,WH/Mo,Cost/Mo,Wmax,Vmax,Amax,Wmin,Vmin,Amin,PF,DC,PC,Hz,VA;
@400000005e60af3320e11d7b #f,-,48,5,436,1,4803,0,0,65535,0,150,1177,177,10481,276,203,3340,13,121719,86,50084,105837,25,2629,11458,0,64,1,4686,0,0,65535,0,150,1030,182,11055,266,212,3240,13,121394,92,49362,104176,24,2613,13005,0,71;
@400000005e60af3520f17142 #d,-,18,2771,2350,1188,1,0,196420,12178,2772,2351,1196,2771,2350,1187,98,100,0,500,2801;
@400000005e60af3720ffc888 #d,-,18,2771,2348,1217,2,0,197467,12242,2771,2350,1217,2771,2347,1187,98,100,0,500,2801;
@400000005e60af37210a5f9c #d,-,18,2774,2349,1190,3,0,197882,12268,2774,2349,1219,2771,2347,1181,98,100,0,500,2829;
@400000005e60af3921180058 #d,-,18,2773,2349,1188,3,0,197980,12274,2774,2349,1190,2773,2348,1188,99,100,0,500,2796;
@400000005e60af39212230fb #d,-,18,2772,2349,1187,4,0,197990,12275,2773,2350,1189,2772,2349,1187,99,100,0,500,2797;
@400000005e60af3b212c920b #d,-,18,2771,2347,1188,5,0,198045,12278,2772,2349,1189,2771,2346,1187,98,100,0,500,2799;
@400000005e60af3b21370d2f #d,-,18,2770,2349,1208,6,0,198126,12283,2771,2350,1208,2770,2347,1186,99,100,0,500,2796;
@400000005e60af3d2141f27e #d,-,18,2772,2350,1187,6,0,198249,12291,2772,2350,1217,2770,2349,1180,98,100,0,500,2824;
@400000005e60af3d214c0bd8 #d,-,18,2770,2349,1179,7,0,198088,12281,2772,2350,1187,2770,2349,1175,99,100,0,500,2787;
@400000005e60af3f215a25a7 #d,-,18,2767,2352,1180,8,0,198025,12277,2770,2352,1185,2767,2349,1179,99,100,0,500,2780;
@400000005e60af3f2164db77 #d,-,18,2765,2350,1181,9,0,197945,12272,2767,2352,1182,2765,2349,1180,99,100,0,500,2783;
@400000005e60af412174fcf3 #d,-,18,2763,2351,1183,9,0,199345,12359,2765,2352,1183,2763,2350,1170,99,100,0,500,2780;
@400000005e60af41217f45cc #d,-,18,2763,2350,1174,10,0,199275,12355,2763,2353,1209,2763,2350,1171,98,100,0,500,2799;
@400000005e60af43218ff2fb #d,-,18,2760,2353,1175,11,0,197756,12260,2763,2354,1177,2760,2350,1174,99,100,0,500,2771;
@400000005e60af43219a56d7 #d,-,18,2757,2352,1175,12,0,197666,12255,2760,2354,1176,2757,2352,1174,99,100,0,500,2774;
@400000005e60af4521a4e678 #d,-,18,2754,2353,1171,12,0,197522,12246,2757,2353,1176,2754,2351,1164,99,100,0,500,2769;
@400000005e60af4521af9c48 #d,-,18,2751,2351,1172,13,0,197431,12240,2754,2353,1174,2751,2351,1171,99,100,0,500,2758;
@400000005e60af4721bc75b7 #d,-,18,2752,2353,1169,14,0,197440,12241,2752,2353,1203,2751,2351,1165,98,100,0,500,2789;
@400000005e60af4721c69ee6 #d,-,18,2748,2351,1171,15,0,197352,12235,2752,2354,1173,2748,2351,1169,99,100,0,500,2765;
@400000005e60af4921d608e9 #d,-,18,2746,2351,1172,15,0,197271,12230,2748,2353,1173,2746,2350,1170,99,100,0,500,2764;
@400000005e60af4921e0f5ac #d,-,18,2744,2353,1173,16,0,198103,12282,2746,2353,1173,2744,2351,1171,99,100,0,500,2764;
@400000005e60af4b21ed6c62 #d,-,18,2742,2352,1170,17,0,197997,12275,2744,2354,1173,2742,2351,1170,99,100,0,500,2765;
@400000005e60af4b21f7b9e4 #d,-,18,2744,2354,1163,18,0,197133,12222,2744,2354,1197,2742,2351,1161,98,100,0,500,2780;
@400000005e60af4d22045b71 #d,-,18,2741,2352,1169,18,0,197066,12218,2744,2354,1172,2741,2352,1163,99,100,0,500,2765;
@400000005e60af4d220f2978 #d,-,18,2739,2353,1168,19,0,196995,12213,2741,2353,1170,2739,2352,1168,99,100,0,500,2758;
@400000005e60af4f221c6008 #d,-,18,2737,2354,1169,20,0,196934,12209,2739,2354,1169,2737,2352,1168,99,100,0,500,2758;
@400000005e60af4f2226bc71 #d,-,18,2735,2353,1168,21,0,196869,12205,2737,2355,1169,2735,2353,1167,99,100,0,500,2757;
@400000005e60af5122314fcb #d,-,18,2736,2352,1162,21,0,196883,12206,2736,2353,1199,2735,2351,1162,98,100,0,500,2769;
@400000005e60af51223c0dfd #d,-,18,2735,2354,1161,22,0,196792,12201,2736,2354,1168,2735,2351,1158,98,100,0,500,2771;
@400000005e60af53224a2f3f #d,-,18,2732,2353,1164,23,0,196728,12197,2735,2354,1168,2732,2353,1161,99,100,0,500,2742;
@400000005e60af5322547bd2 #d,-,18,2730,2352,1165,24,0,196657,12192,2732,2353,1165,2730,2352,1163,99,100,0,500,2751;
@400000005e60af5522612d35 #d,-,18,2728,2353,1165,24,0,196598,12189,2730,2354,1166,2728,2352,1164,99,100,0,500,2748;
@400000005e60af55226bad01 #d,-,18,2728,2352,1162,25,0,196602,12189,2728,2353,1197,2728,2351,1162,99,100,0,500,2755;
@400000005e60af5722793a2e #d,-,18,2728,2353,1165,26,0,196541,12185,2728,2354,1166,2728,2352,1157,98,100,0,500,2769;
@400000005e60af5722841362 #d,-,18,2727,2350,1165,27,0,196486,12182,2728,2354,1166,2727,2350,1164,99,100,0,500,2749;
@400000005e60af5922946ae2 #d,-,18,2725,2351,1166,27,0,196970,12212,2727,2351,1167,2725,2350,1165,99,100,0,500,2749;
@400000005e60af59229ef5db #d,-,18,2724,2353,1158,28,0,196369,12174,2725,2353,1166,2724,2350,1156,99,100,0,500,2749;
@400000005e60af5b22abf1bf #d,-,18,2721,2352,1173,29,0,196370,12174,2724,2353,1195,2721,2351,1157,99,100,0,500,2735;
@400000005e60af5b22b6c73a #d,-,18,2723,2353,1162,30,0,196307,12171,2723,2354,1173,2721,2351,1157,98,100,0,500,2769;
@400000005e60af5d22c0ed9e #d,-,18,2721,2352,1162,30,0,196251,12167,2723,2354,1162,2721,2352,1161,99,100,0,500,2742;
@400000005e60af5d22c696c1 #d,-,18,2720,2350,1157,31,0,196217,12165,2721,2352,1175,2720,2350,1157,99,100,0,500,2746;
@400000005e60af5f22cebbfc #d,-,18,2718,2352,1154,32,0,196143,12160,2720,2352,1162,2718,2350,1154,99,100,0,500,2744;
@400000005e60af5f22d392a5 #d,-,18,2715,2350,1182,33,0,196127,12159,2718,2352,1190,2715,2350,1153,99,100,0,500,2726;
@400000005e60af6122df851b #d,-,18,2716,2350,1160,33,0,196064,12156,2716,2352,1182,2715,2350,1152,98,100,0,500,2760;
@400000005e60af6122e9af39 #d,-,18,2714,2352,1157,34,0,196001,12152,2716,2352,1160,2714,2350,1156,99,100,0,500,2732;
@400000005e60af6322f9f6e4 #d,-,18,2711,2352,1155,35,0,195934,12147,2714,2353,1159,2711,2351,1154,99,100,0,500,2728;
@400000005e60af6323042fe8 #d,-,18,2709,2351,1156,36,0,195874,12144,2711,2352,1157,2709,2350,1155,99,100,0,500,2726;
@400000005e60af6523135a97 #d,-,18,2707,2352,1188,36,0,195855,12143,2709,2352,1188,2707,2350,1155,99,100,0,500,2726;
@400000005e60af65231e85c0 #d,-,18,2709,2350,1157,37,0,195801,12139,2709,2353,1188,2707,2350,1150,98,100,0,500,2757;
@400000005e60af67232ebacb #d,-,18,2707,2349,1157,38,0,196132,12160,2709,2351,1157,2707,2349,1155,99,100,0,500,2728;
@400000005e60af6723391ea7 #d,-,18,2705,2351,1157,39,0,196073,12156,2707,2353,1158,2705,2349,1156,99,100,0,500,2728;
@400000005e60af6923489791 #d,-,18,2704,2350,1156,40,0,195644,12129,2705,2352,1158,2704,2350,1155,99,100,0,500,2726;
@400000005e60af692352c922 #d,-,18,2702,2351,1188,40,0,195628,12128,2704,2351,1188,2702,2349,1156,99,100,0,500,2728;
@400000005e60af6b2361adf7 #d,-,18,2705,2349,1160,41,0,195591,12126,2705,2351,1188,2702,2349,1150,98,100,0,500,2758;
@400000005e60af6b236c9e74 #d,-,18,2704,2349,1158,42,0,195548,12124,2705,2350,1160,2704,2349,1157,99,100,0,500,2726;
@400000005e60af6d237d30a1 #d,-,18,2702,2350,1157,42,0,195503,12121,2704,2351,1158,2702,2349,1157,99,100,0,500,2728;
@400000005e60af6d2387b06d #d,-,18,2701,2350,1157,43,0,195459,12118,2702,2351,1159,2701,2349,1156,99,100,0,500,2728;
@400000005e60af6f23931288 #d,-,18,2700,2350,1184,44,0,195433,12116,2701,2351,1184,2700,2349,1156,98,100,0,500,2728;
@400000005e60af6f239d47d3 #d,-,18,2703,2349,1159,45,0,195415,12115,2703,2350,1192,2700,2348,1151,97,100,0,500,2760;
@400000005e60af7123ae6a5a #d,-,18,2702,2350,1159,45,0,195377,12113,2703,2351,1159,2702,2348,1157,99,100,0,500,2724;
@400000005e60af7123ba4589 #d,-,18,2701,2345,1703,46,0,196262,12168,2702,2351,1709,2701,2345,1158,98,100,0,500,2730;
@400000005e60af7323cbed3e #d,-,18,3830,2346,1674,47,0,197604,12251,3830,2346,1703,2701,2344,1666,100,100,0,500,3830;
@400000005e60af7323d88ecb #d,-,18,3913,2347,1687,49,0,198601,12313,3913,2348,1687,3830,2346,1671,99,100,0,500,3935;
@400000005e60af7523ea7d48 #d,-,18,3916,2345,1674,50,0,200198,12412,3916,2347,1704,3913,2345,1669,98,100,0,500,3965;
@400000005e60af7523f62184 #d,-,18,3916,2346,1673,51,0,201119,12469,3916,2346,1677,3916,2344,1672,99,100,0,500,3935;
@400000005e60af7724073436 #d,-,18,3915,2345,1675,52,0,202308,12543,3916,2346,1676,3915,2344,1671,99,100,0,500,3931;
@400000005e60af77241273dd #d,-,18,3915,2342,1683,53,0,203465,12614,3915,2346,1683,3915,2342,1673,99,100,0,500,3935;
@400000005e60af792423f474 #d,-,18,3916,2344,1680,54,0,204598,12685,3916,2344,1689,3915,2342,1675,99,100,0,500,3945;
@400000005e60af7924310b5a #d,-,18,3920,2346,1689,55,0,205729,12755,3920,2346,1710,3916,2344,1673,98,100,0,500,3967;
@400000005e60af7b24440e72 #d,-,18,3922,2346,1678,56,0,206809,12822,3922,2347,1694,3920,2344,1677,99,100,0,500,3960;
@400000005e60af7b24505ef9 #d,-,18,3922,2348,1681,57,0,207854,12887,3922,2349,1682,3922,2345,1678,99,100,0,500,3945;
@400000005e60af7d24635a9d #d,-,18,3924,2347,1688,58,0,208874,12950,3924,2348,1688,3922,2347,1679,99,100,0,500,3954;
@400000005e60af7d246e6e7d #d,-,18,3926,2349,1679,59,0,209878,13012,3926,2349,1693,3924,2346,1679,99,100,0,500,3963;
@400000005e60af7f247fb0af #d,-,18,3931,2347,1678,60,0,211154,13091,3931,2349,1713,3926,2347,1676,98,100,0,500,3979;
@400000005e60af7f248ac849 #d,-,18,3931,2348,1697,61,0,212102,13150,3931,2348,1697,3931,2346,1678,99,100,0,500,3965;
@400000005e60af81249b2be5 #d,-,18,3934,2347,1683,63,0,213029,13207,3934,2349,1701,3931,2347,1682,98,100,0,500,3976;
@400000005e60af8124a5b324 #d,-,18,3935,2349,1685,64,0,213655,13246,3935,2349,1688,3934,2347,1682,99,100,0,500,3961;
@400000005e60af8324b76607 #d,-,18,3936,2348,1688,65,0,214535,13301,3936,2350,1688,3935,2348,1684,99,100,0,500,3967;
@400000005e60af8324c22f66 #d,-,18,3941,2350,1682,66,0,215429,13356,3941,2350,1722,3936,2348,1682,98,100,0,500,3988;
@400000005e60af8524d42910 #d,-,18,3943,2350,1688,67,0,216269,13408,3943,2351,1688,3941,2349,1682,98,100,0,500,3988;
@400000005e60af8524df1e35 #d,-,18,3944,2352,1688,68,0,217093,13459,3944,2352,1690,3943,2349,1687,99,100,0,500,3972;
@400000005e60af8724efdef2 #d,-,18,3945,2350,1687,69,0,217892,13509,3945,2352,1688,3944,2349,1686,99,100,0,500,3974;
@400000005e60af8724fbf887 #d,-,18,3946,2350,1691,70,0,218935,13574,3946,2350,1691,3945,2348,1687,99,100,0,500,3970;
@400000005e60af89250ca6a4 #d,-,18,3951,2348,1683,71,0,219739,13623,3951,2351,1727,3946,2347,1683,98,100,0,500,3999;
@400000005e60af892518bc7e #d,-,18,3953,2350,1694,72,0,220491,13670,3953,2350,1696,3951,2348,1681,98,100,0,500,3995;
@400000005e60af8b252affbc #d,-,18,3954,2349,1690,74,0,220968,13700,3954,2350,1694,3953,2349,1689,99,100,0,500,3986;
@400000005e60af8b25361756 #d,-,18,3954,2350,1692,75,0,221687,13744,3954,2350,1692,3954,2348,1689,99,100,0,500,3979;
@400000005e60af8d2547a409 #d,-,18,3955,2350,1691,76,0,222389,13788,3955,2351,1693,3954,2350,1690,99,100,0,500,3983;
@400000005e60af8d25531152 #d,-,18,3956,2348,1700,77,0,223103,13832,3956,2350,1725,3955,2348,1691,99,100,0,500,3983;
@400000005e60af8f2564c523 #d,-,18,3962,2350,1692,78,0,223788,13874,3962,2350,1704,3956,2348,1691,98,100,0,500,4024;
@400000005e60af8f256fcce8 #d,-,18,3962,2348,1698,79,0,224453,13916,3962,2351,1699,3962,2348,1691,99,100,0,500,3988;
@400000005e60af91258170e4 #d,-,18,3964,2350,1697,80,0,225107,13956,3964,2350,1699,3962,2347,1696,99,100,0,500,3997;
@400000005e60af91258c4a18 #d,-,18,3965,2350,1695,81,0,225747,13996,3965,2351,1700,3964,2350,1694,99,100,0,500,3992;
@400000005e60af93259e5ec4 #d,-,18,3966,2350,1714,82,0,226396,14036,3966,2351,1726,3965,2350,1693,99,100,0,500,3997;
@400000005e60af9325a95f16 #d,-,18,3970,2352,1694,84,0,227242,14089,3970,2352,1714,3966,2350,1691,98,100,0,500,4022;
@400000005e60af9525ba4337 #d,-,18,3971,2349,1696,85,0,227603,14111,3971,2352,1696,3970,2349,1692,99,100,0,500,3992;
@400000005e60af9525c52114 #d,-,18,3971,2351,1693,86,0,228188,14147,3971,2351,1697,3971,2348,1693,99,100,0,500,3993;
@400000005e60af9725d65370 #d,-,18,3972,2349,1696,87,0,228776,14184,3972,2352,1714,3971,2349,1693,99,100,0,500,4001;
@400000005e60af9725e12531 #d,-,18,3973,2353,1732,88,0,229369,14220,3973,2353,1734,3972,2349,1696,99,100,0,500,4004;
@400000005e60af9925f1bb17 #d,-,18,3978,2352,1699,89,0,229925,14255,3978,2353,1732,3973,2350,1690,98,100,0,500,4034;
@400000005e60af9925fd14d1 #d,-,18,3978,2352,1697,90,0,230471,14289,3978,2353,1700,3978,2351,1697,99,100,0,500,4001;
@400000005e60af9b260e0c82 #d,-,18,3978,2350,1700,91,0,231009,14322,3978,2353,1702,3978,2348,1697,99,100,0,500,4001;
@400000005e60af9b261901a6 #d,-,18,3979,2351,1697,92,0,231534,14355,3979,2351,1701,3978,2349,1697,99,100,0,500,4004;
@400000005e60af9d262ac0a4 #d,-,18,3979,2350,1732,93,0,232068,14388,3979,2351,1732,3979,2349,1697,99,100,0,500,4002;
@400000005e60af9d2635cd11 #d,-,18,3983,2352,1699,95,0,232798,14433,3983,2352,1732,3979,2349,1690,98,100,0,500,4033;
@400000005e60af9f26467a40 #d,-,18,3983,2352,1695,96,0,233077,14450,3983,2352,1702,3983,2349,1695,99,100,0,500,4002;
@400000005e60af9f26516703 #d,-,18,3982,2351,1699,97,0,233562,14480,3983,2352,1700,3982,2350,1694,99,100,0,500,3999;
@400000005e60afa126621078 #d,-,18,3982,2352,1698,98,0,234041,14510,3982,2352,1702,3982,2349,1698,99,100,0,500,4001;
@400000005e60afa1266d1ce5 #d,-,18,3982,2352,1729,99,0,234522,14540,3982,2353,1729,3982,2351,1697,99,100,0,500,4001;
@400000005e60afa3267ecfc8 #d,-,18,3986,2352,1701,100,0,234993,14569,3986,2354,1731,3982,2351,1691,98,100,0,500,4038;
@400000005e60afa32689d01a #d,-,18,3985,2353,1700,101,0,235447,14597,3986,2353,1701,3985,2350,1697,99,100,0,500,3999;
@400000005e60afa5269cdf4d #d,-,18,3983,2351,1580,102,0,235786,14618,3985,2353,1700,3983,2351,1553,99,100,0,500,4001;
@400000005e60afa526a8b307 #d,-,18,3705,2353,1599,103,0,236283,14649,3983,2354,1602,3705,2351,1580,99,100,0,500,3741;
@400000005e60afa726b9d949 #d,-,18,3710,2351,1623,104,0,236577,14667,3710,2354,1623,3705,2351,1598,98,100,0,500,3774;
@400000005e60afa726c7333d #d,-,18,3791,2351,1605,105,0,236877,14686,3791,2353,1639,3710,2350,1598,99,100,0,500,3814;
@400000005e60afa926d8e265 #d,-,18,3786,2354,1601,106,0,236953,14691,3791,2354,1605,3786,2351,1601,100,100,0,500,3786;
@400000005e60afa926e55dc4 #d,-,18,3782,2353,1602,107,0,237231,14708,3786,2354,1607,3782,2352,1601,100,100,0,500,3782;
@400000005e60afab26f73050 #d,-,18,3779,2354,1604,109,0,237504,14725,3782,2355,1604,3779,2352,1602,99,100,0,500,3782;
@400000005e60afab27037102 #d,-,18,3776,2354,1614,109,0,237774,14742,3779,2354,1614,3776,2352,1601,99,100,0,500,3780;
@400000005e60afad27157220 #d,-,18,3778,2357,1602,110,0,238054,14759,3778,2357,1635,3776,2353,1595,99,100,0,500,3814;
@400000005e60afad27228dae #d,-,18,3775,2355,1602,112,0,238313,14775,3778,2357,1604,3775,2353,1602,99,100,0,500,3778;
@400000005e60afaf2735b7e3 #d,-,18,3773,2353,1602,113,0,238569,14791,3775,2356,1606,3773,2353,1602,99,100,0,500,3783;
@400000005e60afaf27412260 #d,-,18,3771,2355,1601,114,0,238821,14806,3773,2355,1605,3771,2352,1601,99,100,0,500,3782;
@400000005e60afb127543907 #d,-,18,3770,2354,1603,115,0,239068,14822,3771,2355,1605,3770,2353,1601,99,100,0,500,3782;
@400000005e60afb12760662a #d,-,18,3772,2355,1601,116,0,239329,14838,3772,2355,1633,3770,2353,1596,99,100,0,500,3808;
@400000005e60afb32773b3c3 #d,-,18,3771,2355,1603,117,0,239569,14853,3772,2356,1605,3771,2355,1601,99,100,0,500,3787;
@400000005e60afb3277f30e0 #d,-,18,3769,2354,1601,118,0,239802,14867,3771,2355,1603,3769,2354,1600,99,100,0,500,3778;
@400000005e60afb5279253a2 #d,-,18,3767,2355,1604,119,0,240032,14882,3769,2356,1604,3767,2354,1601,99,100,0,500,3780;
@400000005e60afb5279e8838 #d,-,18,3766,2356,1600,120,0,240259,14896,3767,2356,1604,3766,2353,1599,99,100,0,500,3782;
@400000005e60afb727b1b627 #d,-,18,3768,2355,1595,121,0,240501,14911,3768,2357,1635,3766,2355,1595,99,100,0,500,3798;
@400000005e60afb727bdc0d5 #d,-,18,3767,2357,1601,122,0,240903,14936,3768,2357,1602,3767,2354,1595,99,100,0,500,3791;
@400000005e60afb927d1bd84 #d,-,18,3766,2354,1601,123,0,240939,14938,3767,2357,1605,3766,2353,1601,99,100,0,500,3782;
@400000005e60afb927ddc743 #d,-,18,3765,2355,1601,124,0,241334,14962,3766,2356,1604,3765,2354,1600,99,100,0,500,3780;
@400000005e60afbb27f11d3e #d,-,18,3764,2358,1600,125,0,241364,14964,3765,2358,1602,3764,2355,1599,99,100,0,500,3778;
@400000005e60afbb27fd61aa #d,-,18,3765,2357,1593,126,0,241588,14978,3765,2358,1635,3764,2356,1593,99,100,0,500,3792;
@400000005e60afbd281054ec #d,-,18,3765,2357,1597,127,0,241791,14991,3765,2359,1604,3765,2356,1592,99,100,0,500,3798;
@400000005e60afbd281c8a71 #d,-,18,3764,2357,1599,128,0,241992,15003,3765,2357,1602,3764,2355,1597,99,100,0,500,3778;
@400000005e60afbf282eaef2 #d,-,18,3763,2356,1601,129,0,242190,15015,3764,2357,1602,3763,2355,1598,99,100,0,500,3776;
@400000005e60afbf283b0e60 #d,-,18,3762,2356,1602,130,0,242560,15038,3763,2357,1603,3762,2354,1600,99,100,0,500,3782;
@400000005e60afc1284d2f28 #d,-,18,3763,2354,1601,131,0,242768,15051,3763,2357,1632,3762,2354,1601,99,100,0,500,3785;
@400000005e60afc128585697 #d,-,18,3764,2356,1600,132,0,242955,15063,3764,2357,1603,3763,2354,1594,99,100,0,500,3801;
@400000005e60afc3286a38f9 #d,-,18,3763,2355,1601,133,0,242972,15064,3764,2357,1602,3763,2354,1600,99,100,0,500,3780;
@400000005e60afc32875544d #d,-,18,3762,2356,1602,135,0,243156,15075,3763,2356,1603,3762,2354,1600,99,100,0,500,3778;
@400000005e60afc528876da1 #d,-,18,3761,2355,1601,136,0,243338,15086,3762,2356,1603,3761,2355,1599,99,100,0,500,3780;
@400000005e60afc5289246d5 #d,-,18,3761,2355,1614,137,0,243536,15099,3761,2355,1635,3761,2354,1601,99,100,0,500,3783;
@400000005e60afc728a365a3 #d,-,18,3764,2356,1602,138,0,243711,15110,3764,2356,1614,3761,2353,1595,98,100,0,500,3807;
@400000005e60afc728af30fc #d,-,18,3763,2355,1601,139,0,243885,15120,3764,2356,1602,3763,2354,1599,99,100,0,500,3780;
@400000005e60afc928c024f3 #d,-,18,3762,2356,1602,140,0,244057,15131,3763,2356,1603,3762,2354,1600,99,100,0,500,3778;
@400000005e60afc928cafa6d #d,-,18,3761,2355,1601,141,0,244227,15142,3762,2356,1604,3761,2354,1600,99,100,0,500,3782;
@400000005e60afcb28db6cf0 #d,-,18,3627,2358,1206,142,0,244110,15134,3761,2359,1601,3627,2355,1182,97,100,0,500,3707;
@400000005e60afcb28e613d9 #d,-,18,2803,2356,1214,142,0,244000,15128,3627,2358,1232,2803,2355,1195,97,100,0,500,2870;
@400000005e60afcd28f66f13 #d,-,18,2804,2358,1197,143,0,243549,15100,2804,2358,1214,2803,2355,1184,98,100,0,500,2851;
@400000005e60afcd2900fafb #d,-,18,2803,2357,1195,144,0,243426,15092,2804,2358,1200,2803,2357,1194,99,100,0,500,2824;
@400000005e60afcf2911bbb8 #d,-,18,2801,2358,1193,145,0,242989,15065,2803,2359,1195,2801,2357,1193,99,100,0,500,2822;
@400000005e60afcf291c0491 #d,-,18,2800,2358,1225,146,0,242726,15049,2801,2359,1225,2800,2357,1193,99,100,0,500,2824;
@400000005e60afd1292c8aa3 #d,-,18,2802,2358,1193,146,0,242454,15032,2802,2359,1225,2800,2357,1187,98,100,0,500,2853;
@400000005e60afd12936fe53 #d,-,18,2800,2357,1181,147,0,242181,15015,2802,2359,1198,2800,2357,1181,99,100,0,500,2822;
@400000005e60afd32946e523 #d,-,18,2796,2356,1189,148,0,241909,14998,2800,2359,1191,2796,2356,1181,99,100,0,500,2805;
@400000005e60afd329520077 #d,-,18,2794,2358,1189,149,0,241793,14991,2796,2358,1191,2794,2356,1189,99,100,0,500,2812;
@400000005e60afd52962bd7b #d,-,18,2792,2355,1218,149,0,241386,14965,2794,2358,1218,2792,2355,1187,99,100,0,500,2810;
@400000005e60afd5296d3d47 #d,-,18,2795,2358,1172,150,0,241129,14950,2795,2358,1218,2792,2355,1172,98,100,0,500,2844;
@400000005e60afd7297df2d7 #d,-,18,2743,2357,1190,151,0,240860,14933,2795,2358,1195,2743,2356,1164,98,100,0,500,2783;
@400000005e60afd7298852f9 #d,-,18,2746,2357,1177,152,0,240594,14916,2746,2358,1190,2743,2356,1177,98,100,0,500,2797;
@400000005e60afd92998fc6e #d,-,18,2746,2358,1173,152,0,240328,14900,2746,2358,1178,2746,2355,1173,98,100,0,500,2783;
@400000005e60afd929a35163 #d,-,18,2745,2358,1199,153,0,240069,14884,2746,2358,1199,2745,2356,1173,98,100,0,500,2776;
@400000005e60afdb29b3276f #d,-,18,2749,2357,1175,154,0,239815,14868,2749,2359,1205,2745,2356,1168,97,100,0,500,2806;
@400000005e60afdb29be0cbf #d,-,18,2747,2357,1174,155,0,239558,14852,2749,2357,1175,2747,2355,1173,99,100,0,500,2771;
@400000005e60afdd29ce87a3 #d,-,18,2746,2355,1173,155,0,239443,14845,2747,2358,1175,2746,2354,1172,99,100,0,500,2773;
@400000005e60afdd29d91655 #d,-,18,2746,2357,1174,156,0,239050,14821,2746,2357,1176,2746,2355,1173,98,100,0,500,2774;
@400000005e60afdf29e97637 #d,-,18,2745,2356,1188,157,0,238803,14805,2746,2358,1188,2745,2356,1172,98,100,0,500,2774;
@400000005e60afdf29f420db #d,-,18,2748,2358,1173,158,0,238567,14791,2748,2359,1206,2745,2355,1167,97,100,0,500,2806;
@400000005e60afe12a04a6ec #d,-,18,2747,2356,1175,158,0,238323,14776,2748,2358,1175,2747,2356,1173,99,100,0,500,2771;
@400000005e60afe12a0ee852 #d,-,18,2746,2358,1174,159,0,238082,14761,2747,2358,1175,2746,2356,1174,98,100,0,500,2776;
@400000005e60afe32a1f016c #d,-,18,2745,2356,1174,160,0,237845,14746,2746,2359,1176,2745,2356,1172,98,100,0,500,2774;
@400000005e60afe32a29f5a2 #d,-,18,2745,2357,1172,161,1,237609,14731,2745,2358,1175,2745,2356,1171,98,100,0,500,2774;
@400000005e60afe52a39a939 #d,-,18,2746,2358,1169,161,1,237381,14717,2746,2358,1194,2745,2356,1165,98,100,0,500,2790;
@400000005e60afe52a4438da #d,-,18,2744,2355,1170,162,1,237148,14703,2746,2358,1171,2744,2355,1169,99,100,0,500,2765;
@400000005e60afe72a53d080 #d,-,18,2742,2357,1170,163,1,236915,14688,2744,2357,1170,2742,2355,1168,99,100,0,500,2764;
@400000005e60afe72a5e504c #d,-,18,2741,2356,1170,164,1,236686,14674,2742,2357,1172,2741,2355,1169,99,100,0,500,2762;
@400000005e60afe92a6dc1c3 #d,-,18,2739,2357,1170,164,1,236460,14660,2741,2357,1172,2739,2355,1169,99,100,0,500,2765;
@400000005e60afe92a782958 #d,-,18,2742,2355,1161,165,1,236246,14647,2742,2357,1202,2739,2355,1161,98,100,0,500,2785;
@400000005e60afeb2a888cf4 #d,-,18,2739,2357,1168,166,1,236021,14633,2742,2357,1169,2739,2355,1161,99,100,0,500,2765;
@400000005e60afeb2a933f0b #d,-,18,2737,2355,1168,167,1,235800,14619,2739,2357,1169,2737,2355,1167,99,100,0,500,2757;
@400000005e60afed2aa3ec39 #d,-,18,2736,2356,1168,168,1,235582,14606,2737,2357,1169,2736,2355,1167,99,100,0,500,2760;
@400000005e60afed2aae834e #d,-,18,2735,2357,1168,168,1,235365,14592,2736,2357,1168,2735,2355,1167,99,100,0,500,2760;
@400000005e60afef2abf1934 #d,-,18,2736,2357,1160,169,1,235162,14580,2736,2357,1199,2735,2354,1160,98,100,0,500,2774;
@400000005e60afef2ac9a8d5 #d,-,18,2735,2356,1166,170,1,235074,14574,2736,2357,1169,2735,2356,1160,98,100,0,500,2771;
@400000005e60aff12ada2773 #d,-,18,2734,2354,1167,171,1,234863,14561,2735,2356,1168,2734,2354,1166,99,100,0,500,2755;
@400000005e60aff12ae48795 #d,-,18,2732,2357,1164,171,1,234653,14548,2734,2357,1168,2732,2354,1164,99,100,0,500,2758;
@400000005e60aff32af46603 #d,-,18,2730,2355,1166,172,1,234319,14527,2732,2357,1166,2730,2355,1157,99,100,0,500,2748;
@400000005e60aff32aff4f0c #d,-,18,2730,2355,1160,173,1,234124,14515,2730,2357,1197,2730,2355,1160,98,100,0,500,2758;
@400000005e60aff52b0fed54 #d,-,18,2730,2356,1164,174,1,233919,14503,2730,2356,1166,2730,2354,1157,98,100,0,500,2771;
@400000005e60aff52b1a8822 #d,-,18,2728,2355,1165,174,1,233717,14490,2730,2356,1166,2728,2354,1164,99,100,0,500,2751;
@400000005e60aff72b2b1e09 #d,-,18,2727,2356,1164,175,1,233516,14478,2728,2356,1165,2727,2354,1163,99,100,0,500,2749;
@400000005e60aff72b357a71 #d,-,18,2725,2354,1166,176,1,233317,14465,2727,2357,1166,2725,2354,1164,99,100,0,500,2749;
@400000005e60aff92b45e580 #d,-,18,2725,2356,1171,177,1,233133,14454,2725,2356,1197,2725,2353,1164,98,100,0,500,2755;
@400000005e60aff92b503213 #d,-,18,2726,2353,1164,177,1,233055,14449,2726,2356,1171,2725,2353,1158,98,100,0,500,2774;
@400000005e60affb2b604ee7 #d,-,18,2725,2355,1165,178,1,232744,14430,2726,2355,1166,2725,2353,1163,99,100,0,500,2749;
@400000005e60affb2b6b148c #d,-,18,2724,2354,1165,179,1,232555,14418,2725,2355,1166,2724,2353,1164,99,100,0,500,2749;
@400000005e60affd2b7b5d26 #d,-,18,2723,2354,1164,180,1,232367,14406,2724,2355,1166,2723,2353,1164,98,100,0,500,2751;
@400000005e60affd2b8622cb #d,-,18,2722,2355,1180,180,1,232190,14395,2723,2355,1194,2722,2353,1164,98,100,0,500,2751;
@400000005e60afff2b96a8dc #d,-,18,2723,2355,1162,181,1,231999,14383,2723,2355,1180,2722,2353,1150,98,100,0,500,2767;
@400000005e60afff2ba108fe #d,-,18,2722,2353,1160,182,1,231814,14372,2723,2355,1166,2722,2353,1160,99,100,0,500,2742;
@400000005e60b0012bb19fd3 #d,-,18,2720,2353,1162,183,1,231630,14361,2722,2355,1163,2720,2353,1160,99,100,0,500,2741;
@400000005e60b0012bbbf793 #d,-,18,2718,2355,1161,183,1,231560,14356,2720,2355,1163,2718,2352,1161,99,100,0,500,2742;
@400000005e60b0032bcc89bf #d,-,18,2717,2351,1191,184,1,231277,14339,2718,2356,1193,2717,2351,1161,99,100,0,500,2742;
@400000005e60b0032bd6f243 #d,-,18,2719,2352,1163,185,1,231097,14328,2719,2354,1191,2717,2351,1155,98,100,0,500,2769;
@400000005e60b0052be73634 #d,-,18,2718,2354,1163,186,1,230920,14317,2719,2354,1163,2718,2351,1161,99,100,0,500,2741;
@400000005e60b0052bf22b59 #d,-,18,2716,2353,1161,186,1,230744,14306,2718,2355,1163,2716,2352,1161,99,100,0,500,2742;
@400000005e60b0072c02a54f #d,-,18,2715,2352,1161,187,1,230570,14295,2716,2354,1163,2715,2351,1161,99,100,0,500,2742;
@400000005e60b0072c0d38aa #d,-,18,2714,2355,1191,188,1,230515,14291,2715,2355,1191,2714,2351,1161,98,100,0,500,2742;
@400000005e60b0092c1dde65 #d,-,18,2717,2352,1164,189,1,230238,14274,2717,2355,1191,2714,2351,1157,98,100,0,500,2771;
@400000005e60b0092c283714 #d,-,18,2716,2354,1160,189,1,230176,14270,2717,2355,1164,2716,2352,1160,99,100,0,500,2742;
@400000005e60b00b2c390b60 #d,-,18,2715,2353,1161,190,1,229903,14253,2716,2354,1164,2715,2352,1160,99,100,0,500,2742;
@400000005e60b00b2c434cc6 #d,-,18,2714,2354,1162,191,1,229736,14243,2715,2355,1163,2714,2353,1160,98,100,0,500,2742;
@400000005e60b00d2c533ec3 #d,-,18,2714,2349,1725,192,1,229769,14245,2714,2354,1729,2714,2349,1162,98,100,0,500,2744;
@400000005e60b00d2c5e7d7a #d,-,18,3923,2353,1681,193,1,230009,14260,3923,2353,1725,2714,2349,1665,100,100,0,500,3923;
@400000005e60b00f2c6fd6f5 #d,-,18,3922,2351,1666,194,1,230241,14274,3923,2353,1686,3922,2350,1665,99,100,0,500,3945;
@400000005e60b00f2c7b4084 #d,-,18,3920,2353,1669,195,1,230468,14289,3922,2353,1669,3920,2351,1663,99,100,0,500,3924;
@400000005e60b0112c8cefac #d,-,18,3919,2352,1666,196,1,230695,14303,3920,2354,1671,3919,2351,1666,99,100,0,500,3931;
@400000005e60b0112c981362 #d,-,18,3917,2353,1692,197,1,231026,14323,3919,2353,1692,3917,2351,1666,99,100,0,500,3929;
@400000005e60b0132ca9ab42 #d,-,18,3921,2351,1668,198,1,231256,14337,3921,2353,1704,3917,2350,1661,98,100,0,500,3967;
@400000005e60b0132cb520ed #d,-,18,3918,2352,1672,199,1,231374,14345,3921,2352,1672,3918,2349,1667,99,100,0,500,3926;
@400000005e60b0152cc6b513 #d,-,18,3919,2350,1670,200,1,231700,14365,3919,2353,1680,3918,2350,1670,99,100,0,500,3944;
@400000005e60b0152cd1d50f #d,-,18,3918,2350,1673,202,1,231816,14372,3919,2351,1674,3918,2350,1669,99,100,0,500,3938;
@400000005e60b0172ce3bb2b #d,-,18,3920,2352,1677,203,1,232038,14386,3920,2353,1687,3918,2350,1672,99,100,0,500,3951;
@400000005e60b0172ceeddf2 #d,-,18,3924,2349,1676,204,1,232264,14400,3924,2352,1708,3920,2349,1669,98,100,0,500,3977;
@400000005e60b0192d00bc9a #d,-,18,3925,2350,1681,205,1,232486,14414,3925,2351,1689,3924,2349,1676,99,100,0,500,3954;
@400000005e60b0192d0c55a9 #d,-,18,3926,2350,1682,206,1,232702,14427,3926,2350,1683,3925,2348,1679,99,100,0,500,3958;
@400000005e60b01b2d1de8e1 #d,-,18,3929,2348,1683,207,1,232923,14441,3929,2351,1697,3926,2348,1682,99,100,0,500,3965;
@400000005e60b01b2d292ffa #d,-,18,3931,2351,1685,208,1,233139,14454,3931,2351,1686,3929,2348,1682,99,100,0,500,3970;
@400000005e60b01d2d3c2f58 #d,-,18,3936,2348,1682,209,1,233362,14468,3936,2352,1715,3931,2347,1678,98,100,0,500,3988;
@400000005e60b01d2d473364 #d,-,18,3937,2350,1686,210,1,233674,14487,3937,2350,1689,3936,2347,1682,99,100,0,500,3970;
@400000005e60b01f2d57739b #d,-,18,3938,2349,1687,211,1,233788,14494,3938,2350,1691,3937,2348,1685,99,100,0,500,3968;
@400000005e60b01f2d62d5b7 #d,-,18,3940,2349,1687,212,1,233998,14507,3940,2350,1689,3938,2348,1684,99,100,0,500,3974;
@400000005e60b0212d74db7d #d,-,18,3940,2350,1688,214,1,234206,14520,3940,2350,1690,3940,2348,1685,99,100,0,500,3968;
@400000005e60b0212d8011d3 #d,-,18,3945,2349,1680,215,1,234421,14534,3945,2350,1718,3940,2349,1679,98,100,0,500,3988;
@400000005e60b0232d919713 #d,-,18,3946,2350,1688,216,1,234632,14547,3946,2352,1707,3945,2349,1680,99,100,0,500,3984;
@400000005e60b0232d9cbe82 #d,-,18,3948,2353,1689,217,1,234837,14559,3948,2354,1689,3946,2350,1684,99,100,0,500,3984;
@400000005e60b0252daed32e #d,-,18,3950,2351,1688,218,1,235140,14578,3950,2353,1691,3948,2350,1688,99,100,0,500,3981;
@400000005e60b0252dba58ae #d,-,18,3950,2353,1688,219,1,235342,14591,3950,2355,1688,3950,2351,1686,99,100,0,500,3979;
@400000005e60b0272dcbf08e #d,-,18,3954,2351,1685,220,1,235455,14598,3954,2353,1721,3950,2351,1685,99,100,0,500,3990;
@400000005e60b0272dd7232b #d,-,18,3956,2351,1689,221,1,235654,14610,3956,2353,1690,3954,2350,1682,98,100,0,500,3999;
@400000005e60b0292de93064 #d,-,18,3957,2352,1695,222,1,235857,14623,3957,2352,1706,3956,2350,1689,99,100,0,500,3983;
@400000005e60b0292df54db2 #d,-,18,3959,2353,1694,223,1,236056,14635,3959,2353,1695,3957,2352,1689,99,100,0,500,3997;
@400000005e60b02b2e05e840 #d,-,18,3960,2351,1693,225,1,236254,14647,3960,2353,1695,3959,2351,1692,99,100,0,500,3992;
@400000005e60b02b2e111f84 #d,-,18,3962,2352,1695,226,1,236459,14660,3962,2353,1725,3960,2350,1691,99,100,0,500,3995;
@400000005e60b02d2e22ed69 #d,-,18,3965,2351,1695,227,1,236653,14672,3965,2353,1697,3962,2350,1685,98,100,0,500,4011;
@400000005e60b02d2e2e14d8 #d,-,18,3966,2354,1691,228,1,236940,14690,3966,2354,1695,3965,2351,1691,99,100,0,500,3993;
@400000005e60b02f2e3fbc8e #d,-,18,3966,2351,1694,229,1,237036,14696,3966,2354,1696,3966,2350,1690,99,100,0,500,3986;
@400000005e60b02f2e4ac8fb #d,-,18,3967,2354,1692,230,1,237320,14713,3967,2354,1694,3966,2351,1692,99,100,0,500,3993;
@400000005e60b0312e5ca6b5 #d,-,18,3967,2353,1721,231,1,237429,14720,3967,2354,1747,3967,2352,1690,99,100,0,500,3990;
@400000005e60b0312e67e65b #d,-,18,3974,2354,1696,232,1,237616,14732,3974,2355,1721,3967,2352,1687,98,100,0,500,4041;
@400000005e60b0332e797e3b #d,-,18,3974,2354,1695,233,1,237806,14744,3974,2354,1702,3974,2352,1695,99,100,0,500,4001;
@400000005e60b0332e852276 #d,-,18,3975,2353,1698,234,1,237992,14755,3975,2356,1699,3974,2353,1694,99,100,0,500,4002;
@400000005e60b0352e969339 #d,-,18,3976,2356,1695,236,1,238179,14767,3976,2356,1700,3975,2353,1695,99,100,0,500,4002;
@400000005e60b0352ea22c48 #d,-,18,3976,2355,1724,237,1,238370,14778,3976,2357,1727,3976,2353,1694,99,100,0,500,4001;
@400000005e60b0372eb29757 #d,-,18,3980,2353,1699,238,1,238552,14790,3980,2355,1724,3976,2352,1688,98,100,0,500,4025;
@400000005e60b0372ebe049f #d,-,18,3980,2354,1696,239,1,238733,14801,3980,2356,1699,3980,2352,1695,99,100,0,500,4002;
@400000005e60b0392ecfdf8e #d,-,18,3979,2355,1699,240,1,238912,14812,3980,2355,1699,3979,2353,1694,99,100,0,500,3999;
@400000005e60b0392edafe9b #d,-,18,3980,2354,1695,241,1,239091,14823,3980,2355,1699,3979,2353,1694,99,100,0,500,4002;
@400000005e60b03b2eecb26c #d,-,18,3979,2354,1729,242,1,239274,14835,3980,2355,1729,3979,2353,1694,99,100,0,500,3997;
@400000005e60b03b2ef7ed6a #d,-,18,3983,2353,1711,243,1,239455,14846,3983,2355,1729,3979,2353,1691,98,100,0,500,4033;
@400000005e60b03d2f0980a2 #d,-,18,3985,2354,1699,244,1,239631,14857,3985,2356,1711,3983,2353,1697,99,100,0,500,4017;
@400000005e60b03d2f14992b #d,-,18,3985,2355,1701,246,1,239808,14868,3985,2355,1704,3985,2353,1699,99,100,0,500,4011;
@400000005e60b03f2f25465a #d,-,18,3986,2352,1702,247,1,240073,14884,3986,2355,1703,3985,2352,1699,99,100,0,500,4011;
@400000005e60b03f2f30331d #d,-,18,3925,2355,1631,248,1,240105,14886,3986,2356,1702,3925,2352,1553,98,100,0,500,3976;
@400000005e60b0412f41fe36 #d,-,18,3759,2353,1610,249,1,240308,14899,3925,2355,1634,3759,2353,1596,99,100,0,500,3778;
@400000005e60b0412f4cf26d #d,-,18,3760,2355,1606,250,1,240331,14900,3760,2355,1611,3759,2353,1606,99,100,0,500,3789;
@400000005e60b0432f5d5d7c #d,-,18,3761,2354,1607,251,1,240443,14907,3761,2355,1610,3760,2352,1605,99,100,0,500,3791;
@400000005e60b0432f68df42 #d,-,18,3762,2353,1608,252,1,240553,14914,3762,2354,1608,3761,2352,1606,99,100,0,500,3791;
@400000005e60b0452f7a5778 #d,-,18,3763,2354,1630,253,1,240665,14921,3763,2355,1630,3762,2352,1608,99,100,0,500,3794;
@400000005e60b0452f85962f #d,-,18,3767,2353,1608,254,1,240778,14928,3767,2354,1640,3763,2352,1600,98,100,0,500,3823;
@400000005e60b0472f9722e3 #d,-,18,3767,2354,1609,255,1,240887,14935,3767,2354,1610,3767,2353,1608,99,100,0,500,3789;
@400000005e60b0472fa328e8 #d,-,18,3767,2352,1609,256,1,240994,14941,3767,2355,1610,3767,2352,1605,99,100,0,500,3791;
@400000005e60b0492fb4c482 #d,-,18,3768,2353,1607,257,1,241188,14953,3768,2355,1610,3767,2352,1607,99,100,0,500,3794;
@400000005e60b0492fc118c2 #d,-,18,3768,2354,1619,258,1,241295,14960,3768,2354,1619,3768,2351,1607,99,100,0,500,3791;
@400000005e60b04b2fd1ca99 #d,-,18,3772,2352,1607,259,1,241318,14961,3772,2354,1640,3768,2351,1602,98,100,0,500,3824;
@400000005e60b04b2fdd5f00 #d,-,18,3771,2354,1606,260,1,241423,14968,3772,2355,1612,3771,2351,1606,99,100,0,500,3787;
@400000005e60b04d2fee04bb #d,-,18,3771,2353,1606,261,1,241525,14974,3771,2354,1609,3771,2352,1606,99,100,0,500,3792;
@400000005e60b04d2ff95baa #d,-,18,3770,2352,1609,262,1,241628,14980,3771,2354,1610,3770,2352,1606,99,100,0,500,3791;
@400000005e60b04f3009edd6 #d,-,18,3770,2351,1610,263,1,241730,14987,3770,2353,1610,3770,2350,1608,99,100,0,500,3791;
@400000005e60b04f30147c89 #d,-,18,3774,2352,1605,264,1,241838,14994,3774,2353,1643,3770,2350,1601,98,100,0,500,3819;
@400000005e60b0513024fb27 #d,-,18,3773,2351,1610,265,1,242023,15005,3774,2353,1611,3773,2350,1605,99,100,0,500,3792;
@400000005e60b0513030c680 #d,-,18,3772,2350,1608,266,1,242122,15011,3773,2353,1612,3772,2350,1608,99,100,0,500,3791;
@400000005e60b05330411e00 #d,-,18,3771,2351,1611,267,1,242137,15012,3772,2352,1611,3771,2350,1607,99,100,0,500,3789;
@400000005e60b053304cf1bb #d,-,18,3771,2356,1605,269,1,242235,15018,3771,2356,1611,3771,2350,1605,99,100,0,500,3791;
@400000005e60b055305e6637 #d,-,18,3773,2356,1603,270,1,242339,15025,3773,2356,1638,3771,2353,1601,99,100,0,500,3808;
@400000005e60b0553069b96c #d,-,18,3773,2355,1607,271,1,242435,15031,3773,2357,1609,3773,2354,1603,99,100,0,500,3799;
@400000005e60b057307b0312 #d,-,18,3772,2354,1607,272,1,242616,15042,3773,2356,1610,3772,2354,1604,99,100,0,500,3789;
@400000005e60b05730860363 #d,-,18,3772,2355,1608,273,1,242711,15048,3772,2355,1609,3772,2353,1605,99,100,0,500,3791;
@400000005e60b0593098bfb3 #d,-,18,3771,2355,1608,274,1,242722,15048,3772,2355,1609,3771,2352,1605,99,100,0,500,3791;
@400000005e60b05930a5103a #d,-,18,3773,2353,1600,275,1,242823,15055,3773,2355,1638,3771,2353,1600,99,100,0,500,3803;
@400000005e60b05b30b72d48 #d,-,18,3773,2355,1608,276,1,242915,15060,3773,2355,1609,3773,2353,1600,99,100,0,500,3803;
@400000005e60b05b30c24c56 #d,-,18,3773,2354,1608,277,1,243008,15066,3773,2355,1609,3773,2352,1607,99,100,0,500,3792;
@400000005e60b05d30d40ffc #d,-,18,3772,2352,1608,278,1,243100,15072,3773,2354,1609,3772,2352,1606,99,100,0,500,3791;
@400000005e60b05d30df75d1 #d,-,18,3772,2354,1606,279,1,243192,15077,3772,2354,1610,3772,2351,1606,99,100,0,500,3792;
@400000005e60b05f30f15fa6 #d,-,18,3772,2352,1606,280,1,243290,15084,3772,2354,1641,3772,2350,1606,99,100,0,500,3794;
@400000005e60b05f30fc676b #d,-,18,3774,2354,1605,281,1,243461,15094,3774,2354,1609,3772,2351,1598,99,100,0,500,3812;
@400000005e60b061310ebf26 #d,-,18,3773,2352,1607,282,1,243550,15100,3774,2354,1609,3773,2352,1605,99,100,0,500,3789;
@400000005e60b0613119d306 #d,-,18,3772,2353,1607,283,1,243557,15100,3773,2354,1609,3772,2351,1604,99,100,0,500,3791;
@400000005e60b063312b7e75 #d,-,18,3771,2351,1607,284,1,243646,15106,3772,2354,1610,3771,2351,1607,99,100,0,500,3789;
@400000005e60b0633136677f #d,-,18,3771,2353,1619,285,1,243741,15111,3771,2353,1641,3771,2351,1606,99,100,0,500,3791;
@400000005e60b06531486c56 #d,-,18,3774,2354,1606,286,1,243827,15117,3774,2354,1619,3771,2352,1602,98,100,0,500,3817;
@400000005e60b065315368ee #d,-,18,3773,2352,1608,287,1,243914,15122,3774,2354,1610,3773,2351,1606,99,100,0,500,3789;
@400000005e60b067315cc35c #d,-,18,3772,2355,1270,288,1,243948,15124,3773,2355,1608,3772,2351,1270,99,100,0,500,3792;
@400000005e60b067316284b6 #d,-,18,3038,2354,1197,289,1,243806,15116,3772,2356,1270,3038,2354,1169,96,100,0,500,3161;
@400000005e60b069316fced5 #d,-,18,2795,2356,1136,290,1,243650,15106,3038,2357,1202,2795,2353,1121,98,100,0,500,2831;
@400000005e60b069317921d0 #d,-,18,2732,2354,1187,291,1,243585,15102,2795,2357,1198,2732,2354,1136,98,100,0,500,2767;
@400000005e60b06b31850472 #d,-,18,2736,2357,1186,291,1,243361,15088,2736,2357,1188,2732,2354,1183,97,100,0,500,2803;
@400000005e60b06b318f684d #d,-,18,2740,2355,1186,292,1,243216,15079,2740,2357,1186,2736,2355,1183,97,100,0,500,2799;
@400000005e60b06d319f1be4 #d,-,18,2743,2354,1184,293,1,243072,15070,2743,2358,1187,2740,2354,1183,97,100,0,500,2799;
@400000005e60b06d31aa470d #d,-,18,2745,2357,1213,294,1,242935,15061,2745,2357,1214,2743,2354,1183,98,100,0,500,2796;
@400000005e60b06f31bb4365 #d,-,18,2751,2357,1185,294,1,242793,15053,2751,2358,1213,2745,2354,1180,97,100,0,500,2826;
@400000005e60b06f31c5c243 #d,-,18,2752,2356,1182,295,1,242651,15044,2752,2358,1185,2751,2356,1182,98,100,0,500,2796;
@400000005e60b07131d54b02 #d,-,18,2753,2357,1180,296,1,242586,15040,2753,2358,1185,2752,2356,1180,98,100,0,500,2796;
@400000005e60b07131df9c3d #d,-,18,2754,2357,1180,297,1,242446,15031,2754,2358,1184,2753,2355,1180,98,100,0,500,2796;
@400000005e60b07331edadaa #d,-,18,2755,2355,1213,298,1,242235,15018,2755,2358,1213,2754,2355,1180,98,100,0,500,2792;
@400000005e60b07331f8a59a #d,-,18,2759,2357,1181,298,1,242098,15010,2759,2358,1214,2755,2355,1176,97,100,0,500,2824;
@400000005e60b0753204f9da #d,-,18,2759,2358,1182,299,1,241960,15001,2759,2358,1184,2759,2356,1181,98,100,0,500,2789;
@400000005e60b075320f625e #d,-,18,2759,2357,1180,300,1,241822,14993,2759,2358,1182,2759,2356,1180,98,100,0,500,2794;
@400000005e60b077322026d5 #d,-,18,2758,2355,1178,301,1,241682,14984,2759,2358,1180,2758,2355,1173,99,100,0,500,2783;
@400000005e60b077322a9312 #d,-,18,2756,2355,1203,301,1,241547,14975,2758,2357,1203,2756,2354,1178,99,100,0,500,2781;
@400000005e60b0793238c7e3 #d,-,18,2759,2357,1179,302,1,241488,14972,2759,2357,1210,2756,2354,1172,98,100,0,500,2813;
@400000005e60b079324402e1 #d,-,18,2758,2355,1179,303,1,241278,14959,2759,2357,1181,2758,2354,1177,99,100,0,500,2781;
@400000005e60b07b3251fd05 #d,-,18,2756,2356,1171,304,1,241139,14950,2758,2358,1179,2756,2355,1166,99,100,0,500,2780;
@400000005e60b07b325c60e1 #d,-,18,2753,2356,1173,304,1,241003,14942,2756,2356,1176,2753,2354,1171,99,100,0,500,2767;
@400000005e60b07d326d228d #d,-,18,2752,2357,1187,305,1,240868,14933,2753,2358,1187,2752,2356,1171,99,100,0,500,2773;
@400000005e60b07d32776304 #d,-,18,2754,2357,1174,306,1,240738,14925,2754,2357,1203,2752,2356,1167,98,100,0,500,2801;
@400000005e60b07f3282a664 #d,-,18,2751,2359,1172,307,1,240604,14917,2754,2359,1175,2751,2356,1171,99,100,0,500,2773;
@400000005e60b07f328dcdd3 #d,-,18,2749,2358,1164,307,1,240468,14909,2751,2360,1172,2749,2358,1162,99,100,0,500,2769;
@400000005e60b081329b2b81 #d,-,18,2746,2357,1169,308,1,240333,14900,2749,2360,1172,2746,2357,1164,99,100,0,500,2758;
@400000005e60b08132a55d12 #d,-,18,2744,2359,1171,309,1,240272,14896,2746,2360,1171,2744,2357,1166,99,100,0,500,2762;
@400000005e60b08332b51f8f #d,-,18,2746,2358,1167,310,1,240072,14884,2746,2360,1199,2744,2358,1160,98,100,0,500,2790;
@400000005e60b08332c0186e #d,-,18,2743,2362,1164,311,1,239938,14876,2746,2362,1171,2743,2358,1162,99,100,0,500,2764;
@400000005e60b08532d064c1 #d,-,18,2740,2359,1166,311,1,239806,14867,2743,2362,1166,2740,2358,1163,99,100,0,500,2755;
@400000005e60b08532db1a91 #d,-,18,2738,2360,1164,312,1,239674,14859,2740,2360,1169,2738,2358,1163,99,100,0,500,2758;
@400000005e60b08732ebacbe #d,-,18,2736,2353,1170,313,1,239542,14851,2738,2360,1170,2736,2353,1164,99,100,0,500,2757;
@400000005e60b08732f61cb5 #d,-,18,2738,2355,1161,314,1,239418,14843,2738,2358,1197,2736,2353,1160,98,100,0,500,2781;
@400000005e60b0893306d9b9 #d,-,18,2736,2356,1167,314,1,239288,14835,2738,2356,1169,2736,2354,1161,99,100,0,500,2760;
@400000005e60b089331139db #d,-,18,2735,2355,1167,315,1,239230,14832,2736,2357,1169,2735,2353,1167,99,100,0,500,2758;
@400000005e60b08b331ede50 #d,-,18,2733,2356,1166,316,1,239031,14819,2735,2357,1168,2733,2354,1166,99,100,0,500,2757;
@400000005e60b08b3329d287 #d,-,18,2732,2357,1167,317,1,238904,14812,2733,2357,1168,2732,2355,1166,99,100,0,500,2757;
@400000005e60b08d33358b3f #d,-,18,2733,2355,1160,317,1,238783,14804,2733,2357,1199,2732,2354,1159,98,100,0,500,2773;
@400000005e60b08d334002aa #d,-,18,2732,2356,1158,318,1,238654,14796,2733,2357,1166,2732,2355,1157,98,100,0,500,2767;
@400000005e60b08f335027df #d,-,18,2729,2356,1164,319,1,238526,14788,2732,2356,1166,2729,2354,1158,99,100,0,500,2741;
@400000005e60b08f335a7472 #d,-,18,2727,2355,1163,320,1,238399,14780,2729,2356,1164,2727,2354,1161,99,100,0,500,2749;
@400000005e60b091336a0c18 #d,-,18,2726,2354,1163,320,1,238274,14772,2727,2356,1165,2726,2354,1163,99,100,0,500,2746;
@400000005e60b09133755332 #d,-,18,2726,2356,1158,321,1,238154,14765,2726,2356,1195,2726,2353,1158,98,100,0,500,2757;
@400000005e60b093338613ef #d,-,18,2726,2356,1161,322,1,238030,14757,2726,2357,1166,2726,2355,1156,98,100,0,500,2765;
@400000005e60b09333909b2f #d,-,18,2724,2356,1164,323,2,237906,14750,2726,2357,1164,2724,2356,1161,99,100,0,500,2748;
@400000005e60b09533a0a91c #d,-,18,2723,2356,1162,323,2,237783,14742,2724,2357,1165,2723,2355,1162,99,100,0,500,2748;
@400000005e60b09533ab4f17 #d,-,18,2722,2355,1163,324,2,237661,14735,2723,2356,1165,2722,2353,1162,99,100,0,500,2748;
@400000005e60b09733bbe9a6 #d,-,18,2722,2354,1167,325,2,237546,14727,2722,2356,1195,2722,2354,1163,98,100,0,500,2751;
@400000005e60b09733c6327f #d,-,18,2723,2355,1162,326,2,237491,14724,2723,2355,1167,2722,2353,1156,98,100,0,500,2771;
@400000005e60b09933d5685b #d,-,18,2722,2353,1162,326,2,237370,14716,2723,2356,1165,2722,2353,1162,99,100,0,500,2749;
@400000005e60b09933e080e4 #d,-,18,2720,2354,1157,327,2,237182,14705,2722,2356,1163,2720,2353,1155,99,100,0,500,2742;
@400000005e60b09b33ec673f #d,-,18,2718,2356,1161,328,2,237061,14697,2720,2356,1163,2718,2354,1157,99,100,0,500,2733;
@400000005e60b09b33f6d736 #d,-,18,2716,2355,1177,329,2,236948,14690,2718,2356,1191,2716,2353,1160,99,100,0,500,2741;
@400000005e60b09d3407b02a #d,-,18,2718,2354,1160,329,2,236827,14683,2718,2356,1177,2716,2354,1153,98,100,0,500,2764;
@400000005e60b09d3411e0cd #d,-,18,2717,2356,1159,330,2,236709,14675,2718,2356,1162,2717,2354,1159,99,100,0,500,2741;
@400000005e60b09f34215e5f #d,-,18,2715,2356,1161,331,2,236591,14668,2717,2356,1161,2715,2354,1158,99,100,0,500,2739;
@400000005e60b09f342c626a #d,-,18,2714,2352,1161,332,2,236539,14665,2715,2356,1163,2714,2352,1159,99,100,0,500,2741;
@400000005e60b0a134386fe3 #d,-,18,2712,2355,1190,332,2,236428,14658,2714,2355,1193,2712,2352,1160,99,100,0,500,2739;
@400000005e60b0a13442d4ad #d,-,18,2715,2354,1161,333,2,236247,14647,2715,2355,1190,2712,2353,1152,98,100,0,500,2767;
@400000005e60b0a33452edc7 #d,-,18,2714,2355,1160,334,2,236131,14640,2715,2355,1162,2714,2353,1160,99,100,0,500,2741;
@400000005e60b0a3345d3a5a #d,-,18,2713,2354,1160,335,2,236016,14633,2714,2355,1162,2713,2353,1158,99,100,0,500,2737;
@400000005e60b0a5346d0cad #d,-,18,2712,2354,1160,335,2,235902,14625,2713,2356,1160,2712,2354,1159,99,100,0,500,2739;
@400000005e60b0a5347811a6 #d,-,18,2711,2355,1192,336,2,235793,14619,2712,2355,1192,2711,2353,1158,99,100,0,500,2737;
@400000005e60b0a734862313 #d,-,18,2713,2354,1160,337,2,235681,14612,2713,2355,1192,2711,2354,1153,97,100,0,500,2769;
@400000005e60b0a7349096c4 #d,-,18,2712,2357,1159,338,2,235569,14605,2713,2357,1162,2712,2354,1158,99,100,0,500,2739;
@400000005e60b0a934a2bb45 #d,-,18,2712,2354,1159,338,2,235457,14598,2712,2357,1161,2712,2354,1158,99,100,0,500,2739;
@400000005e60b0a934afa842 #d,-,18,3027,2355,1655,339,2,235522,14602,3027,2356,1704,2712,2354,1159,100,100,0,500,3027;
@400000005e60b0ab34c09ff3 #d,-,18,3913,2355,1702,340,2,235648,14610,3913,2355,1702,3027,2353,1655,99,100,0,500,3940;
@400000005e60b0ab34cb1ed0 #d,-,18,3916,2353,1666,341,2,235769,14617,3916,2355,1702,3913,2353,1659,98,100,0,500,3967;
@400000005e60b0ad34dcab83 #d,-,18,3915,2354,1664,343,2,235887,14625,3916,2355,1666,3915,2353,1664,99,100,0,500,3928;
@400000005e60b0ad34e78871 #d,-,18,3914,2355,1665,344,2,236004,14632,3915,2356,1667,3914,2352,1664,99,100,0,500,3928;
@400000005e60b0af34f8b714 #d,-,18,3913,2355,1667,345,2,236122,14639,3914,2355,1667,3913,2353,1664,99,100,0,500,3926;
@400000005e60b0af35051682 #d,-,18,3912,2355,1687,346,2,236302,14650,3913,2355,1687,3912,2352,1665,99,100,0,500,3929;
@400000005e60b0b13516ca53 #d,-,18,3915,2354,1669,347,2,236360,14654,3915,2355,1698,3912,2353,1658,98,100,0,500,3961;
@400000005e60b0b13521ce5e #d,-,18,3914,2354,1673,348,2,236476,14661,3915,2356,1673,3914,2354,1664,99,100,0,500,3926;
@400000005e60b0b335331090 #d,-,18,3915,2353,1667,349,2,236593,14668,3915,2355,1678,3914,2353,1666,99,100,0,500,3940;
@400000005e60b0b3353e960f #d,-,18,3914,2354,1685,350,2,236710,14676,3915,2355,1685,3914,2352,1667,99,100,0,500,3933;
@400000005e60b0b5354fe36e #d,-,18,3916,2357,1678,351,2,236889,14687,3916,2358,1685,3914,2353,1666,99,100,0,500,3952;
@400000005e60b0b5355aaccd #d,-,18,3921,2358,1668,352,2,236948,14690,3921,2358,1701,3916,2354,1668,98,100,0,500,3968;
@400000005e60b0b7356c311f #d,-,18,3921,2355,1685,353,2,237065,14698,3921,2358,1685,3921,2353,1668,99,100,0,500,3945;
@400000005e60b0b73576d44f #d,-,18,3923,2354,1669,354,2,237181,14705,3923,2355,1685,3921,2353,1668,99,100,0,500,3958;
@400000005e60b0b935884511 #d,-,18,3923,2353,1677,356,2,237296,14712,3923,2355,1679,3923,2353,1669,99,100,0,500,3945;
@400000005e60b0b93593703a #d,-,18,3924,2355,1691,357,2,237413,14719,3924,2355,1692,3923,2353,1674,99,100,0,500,3952;
@400000005e60b0bb35a4bd99 #d,-,18,3982,2353,1673,358,2,237535,14727,3982,2355,1714,3924,2353,1671,99,100,0,500,3997;
@400000005e60b0bb35afd268 #d,-,18,3976,2355,1681,359,2,237712,14738,3982,2355,1682,3976,2353,1673,100,100,0,500,3976;
@400000005e60b0bd35c165a0 #d,-,18,3972,2354,1679,360,2,237827,14745,3976,2356,1682,3972,2354,1678,100,100,0,500,3972;
@400000005e60b0bd35cc006e #d,-,18,3968,2355,1686,361,2,237942,14752,3972,2355,1686,3968,2352,1678,100,100,0,500,3968;
@400000005e60b0bf35dc454e #d,-,18,3966,2353,1682,362,2,238058,14759,3968,2356,1688,3966,2353,1679,99,100,0,500,3972;
@400000005e60b0bf35e85ee3 #d,-,18,3966,2355,1676,363,2,238117,14763,3966,2355,1713,3966,2352,1676,99,100,0,500,3984;
@400000005e60b0c135f9ee61 #d,-,18,3965,2352,1684,364,2,238231,14770,3966,2356,1685,3965,2351,1676,99,100,0,500,3979;
@400000005e60b0c13604cc3d #d,-,18,3962,2354,1697,365,2,238345,14777,3965,2354,1697,3962,2352,1681,99,100,0,500,3967;
@400000005e60b0c33616c13f #d,-,18,3962,2351,1684,366,2,238459,14784,3962,2354,1698,3962,2351,1683,99,100,0,500,3981;
@400000005e60b0c336214d27 #d,-,18,3961,2352,1688,368,2,238573,14791,3962,2353,1693,3961,2348,1684,99,100,0,500,3974;
@400000005e60b0c536327f84 #d,-,18,3962,2352,1682,369,2,238692,14798,3962,2352,1720,3961,2350,1682,99,100,0,500,3990;
@400000005e60b0c5363d2de0 #d,-,18,3963,2349,1690,370,2,238804,14805,3963,2353,1690,3962,2349,1682,99,100,0,500,3993;
@400000005e60b0c7364e82b3 #d,-,18,3963,2349,1703,371,2,238977,14816,3963,2352,1703,3963,2349,1689,99,100,0,500,3979;
@400000005e60b0c736591254 #d,-,18,3964,2351,1693,372,2,239032,14819,3964,2351,1706,3963,2349,1689,99,100,0,500,3995;
@400000005e60b0c9366a86d0 #d,-,18,3964,2350,1694,373,2,239145,14826,3964,2351,1697,3964,2348,1693,99,100,0,500,3986;
@400000005e60b0c93674e6f2 #d,-,18,3965,2349,1698,374,2,239263,14834,3965,2350,1727,3964,2348,1693,99,100,0,500,3990;
@400000005e60b0cb36853345 #d,-,18,3968,2348,1693,375,2,239374,14841,3968,2350,1698,3965,2348,1688,98,100,0,500,4013;
@400000005e60b0cb3690aca9 #d,-,18,3968,2350,1694,376,2,239485,14848,3968,2351,1697,3968,2347,1692,99,100,0,500,3984;
@400000005e60b0cd36a219b2 #d,-,18,3967,2347,1696,377,2,239654,14858,3968,2351,1696,3967,2347,1691,99,100,0,500,3986;
@400000005e60b0cd36ad54b0 #d,-,18,3967,2350,1695,379,2,239705,14861,3967,2350,1699,3967,2347,1693,99,100,0,500,3986;
@400000005e60b0cf36bf3acc #d,-,18,3968,2348,1711,380,2,239820,14868,3968,2350,1726,3967,2348,1693,99,100,0,500,3990;
@400000005e60b0cf36ca17ba #d,-,18,3971,2350,1694,381,2,239929,14875,3971,2351,1711,3968,2348,1685,98,100,0,500,4015;
@400000005e60b0d136db9498 #d,-,18,3970,2350,1714,382,2,240039,14882,3971,2350,1714,3970,2348,1692,99,100,0,500,3988;
@400000005e60b0d136e694ea #d,-,18,3973,2350,1694,383,2,240149,14889,3973,2351,1714,3970,2350,1694,99,100,0,500,4011;
@400000005e60b0d336f7c746 #d,-,18,3973,2351,1698,384,2,240259,14896,3973,2351,1703,3973,2349,1694,99,100,0,500,3995;
@400000005e60b0d337029cc1 #d,-,18,3974,2350,1725,385,2,240373,14903,3974,2352,1730,3973,2350,1697,99,100,0,500,3999;
@400000005e60b0d537136d53 #d,-,18,3977,2351,1697,386,2,240538,14913,3977,2352,1725,3974,2350,1689,98,100,0,500,4025;
@400000005e60b0d5371e17f7 #d,-,18,3977,2352,1697,387,2,240645,14920,3977,2352,1701,3977,2348,1695,99,100,0,500,3997;
@400000005e60b0d7372f2336 #d,-,18,3977,2350,1697,389,2,240695,14923,3977,2352,1698,3977,2350,1695,99,100,0,500,3995;
@400000005e60b0d7373a9c9a #d,-,18,3977,2351,1695,390,2,240801,14929,3977,2353,1699,3977,2350,1695,99,100,0,500,3997;
@400000005e60b0d9374b9091 #d,-,18,3977,2352,1727,391,2,240911,14936,3977,2352,1727,3977,2350,1694,99,100,0,500,3997;
@400000005e60b0d93756ee04 #d,-,18,3980,2352,1698,392,2,241017,14943,3980,2352,1727,3977,2349,1690,98,100,0,500,4025;
@400000005e60b0db3768c539 #d,-,18,3980,2353,1698,393,2,241121,14949,3980,2353,1698,3980,2350,1695,99,100,0,500,3995;
@400000005e60b0db37753fa9 #d,-,18,3979,2350,1695,394,2,241283,14959,3980,2353,1699,3979,2350,1695,99,100,0,500,3997;
@400000005e60b0dd37886e86 #d,-,18,3860,2351,1598,395,2,241347,14963,3979,2353,1696,3860,2350,1551,98,100,0,500,3913;
@400000005e60b0dd37949f62 #d,-,18,3737,2352,1632,396,2,241358,14964,3860,2353,1632,3737,2351,1596,99,100,0,500,3750;
@400000005e60b0df37a5f8dd #d,-,18,3742,2352,1604,397,2,241425,14968,3742,2352,1635,3737,2350,1594,98,100,0,500,3807;
@400000005e60b0df37b2f4c1 #d,-,18,3743,2351,1602,398,2,241491,14972,3743,2352,1604,3742,2350,1601,99,100,0,500,3771;
@400000005e60b0e137c553ee #d,-,18,3744,2351,1604,399,2,241612,14979,3744,2353,1604,3743,2350,1602,99,100,0,500,3776;
@400000005e60b0e137d27336 #d,-,18,3746,2353,1603,400,2,241677,14983,3746,2353,1605,3744,2350,1601,99,100,0,500,3778;
@400000005e60b0e337e4caf1 #d,-,18,3747,2349,1627,401,2,241687,14984,3747,2353,1627,3746,2349,1602,99,100,0,500,3774;
@400000005e60b0e337f14a09 #d,-,18,3752,2352,1604,402,2,241810,14992,3752,2353,1637,3747,2349,1595,98,100,0,500,3812;
@400000005e60b0e538033b51 #d,-,18,3752,2351,1606,403,2,241819,14992,3752,2352,1606,3752,2350,1602,99,100,0,500,3774;
@400000005e60b0e5380fd659 #d,-,18,3752,2352,1604,404,2,241882,14996,3752,2353,1606,3752,2351,1600,99,100,0,500,3778;
@400000005e60b0e7382114d1 #d,-,18,3752,2354,1605,405,2,241946,15000,3752,2354,1605,3752,2351,1601,99,100,0,500,3776;
@400000005e60b0e7382d3993 #d,-,18,3753,2352,1614,406,2,242010,15004,3753,2355,1614,3752,2352,1602,99,100,0,500,3780;
@400000005e60b0e9383eba2a #d,-,18,3758,2354,1601,408,2,242077,15008,3758,2355,1633,3753,2352,1598,98,100,0,500,3810;
@400000005e60b0e9384b15de #d,-,18,3757,2353,1603,409,2,242140,15012,3758,2355,1604,3757,2352,1601,99,100,0,500,3776;
@400000005e60b0eb385da48b #d,-,18,3756,2353,1603,410,2,242257,15019,3757,2355,1604,3756,2353,1601,99,100,0,500,3778;
@400000005e60b0eb386948c7 #d,-,18,3756,2355,1599,411,2,242264,15020,3756,2355,1603,3756,2352,1598,99,100,0,500,3776;
@400000005e60b0ed387b5600 #d,-,18,3756,2353,1602,412,2,242326,15024,3756,2355,1603,3756,2352,1599,99,100,0,500,3776;
@400000005e60b0ed38870a10 #d,-,18,3760,2352,1600,413,2,242391,15028,3760,2355,1634,3756,2352,1596,98,100,0,500,3803;
@400000005e60b0ef3898b1c6 #d,-,18,3759,2351,1603,414,2,242452,15032,3760,2353,1607,3759,2351,1600,99,100,0,500,3778;
@400000005e60b0ef38a43657 #d,-,18,3757,2351,1604,415,2,242513,15035,3759,2353,1604,3757,2351,1601,99,100,0,500,3776;
@400000005e60b0f138b70724 #d,-,18,3757,2351,1601,416,2,242573,15039,3757,2352,1605,3757,2351,1600,99,100,0,500,3776;
@400000005e60b0f138c357ab #d,-,18,3756,2352,1602,417,2,242687,15046,3757,2353,1605,3756,2349,1601,99,100,0,500,3773;
@400000005e60b0f338d5ae77 #d,-,18,3759,2352,1597,418,2,242697,15047,3759,2353,1633,3756,2350,1596,99,100,0,500,3794;
@400000005e60b0f338e15b14 #d,-,18,3759,2352,1601,419,2,242756,15050,3759,2353,1606,3759,2350,1597,99,100,0,500,3783;
@400000005e60b0f538f41c0c #d,-,18,3757,2350,1601,420,2,242815,15054,3759,2352,1603,3757,2350,1601,99,100,0,500,3773;
@400000005e60b0f538ffd790 #d,-,18,3756,2351,1602,421,2,242874,15058,3757,2353,1604,3756,2350,1600,99,100,0,500,3773;
@400000005e60b0f7391334fe #d,-,18,3756,2353,1600,422,2,242986,15065,3756,2353,1602,3756,2351,1598,99,100,0,500,3774;
@400000005e60b0f7391f6994 #d,-,18,3758,2354,1594,423,2,243049,15069,3758,2355,1636,3756,2350,1594,99,100,0,500,3783;
@400000005e60b0f939320ae2 #d,-,18,3758,2353,1599,424,2,243053,15069,3758,2355,1603,3758,2352,1594,99,100,0,500,3791;
@400000005e60b0f9393da7aa #d,-,18,3757,2353,1604,425,2,243111,15072,3758,2354,1605,3757,2351,1599,99,100,0,500,3773;
@400000005e60b0fb394fc4b8 #d,-,18,3757,2353,1603,426,2,243168,15076,3757,2354,1604,3757,2352,1600,99,100,0,500,3776;
@400000005e60b0fb395bda93 #d,-,18,3756,2354,1602,427,2,243226,15080,3757,2354,1603,3756,2351,1601,99,100,0,500,3774;
@400000005e60b0fd396ec662 #d,-,18,3757,2350,1599,428,2,243287,15083,3757,2354,1632,3756,2350,1599,99,100,0,500,3782;
@400000005e60b0fd397aefcb #d,-,18,3758,2351,1601,429,2,243396,15090,3758,2352,1605,3757,2349,1597,99,100,0,500,3794;
@400000005e60b0ff398cfc15 #d,-,18,3757,2349,1603,431,2,243400,15090,3758,2351,1605,3757,2348,1600,99,100,0,500,3776;
@400000005e60b0ff399921c5 #d,-,18,3756,2349,1602,431,2,243456,15094,3757,2351,1606,3756,2348,1602,99,100,0,500,3773;
@400000005e60b10139ac1507 #d,-,18,3756,2350,1602,432,2,243512,15097,3756,2351,1606,3756,2347,1601,99,100,0,500,3774;
@400000005e60b10139b7b1d0 #d,-,18,3756,2350,1615,434,2,243573,15101,3756,2351,1637,3756,2348,1602,99,100,0,500,3776;
@400000005e60b10339c10111 #d,-,18,3758,2349,1603,435,2,243628,15104,3758,2351,1615,3756,2348,1597,98,100,0,500,3803;
@400000005e60b10339c7e232 #d,-,18,3758,2352,1173,435,2,243626,15104,3758,2353,1606,3758,2348,1173,99,100,0,500,3774;
@400000005e60b10539d81af7 #d,-,18,2895,2353,1191,436,2,243532,15099,3758,2353,1211,2895,2350,1165,95,100,0,500,3016;
@400000005e60b10539e2b5c5 #d,-,18,2780,2350,1190,437,2,243436,15093,2895,2354,1198,2780,2349,1187,98,100,0,500,2815;
@400000005e60b10739f23269 #d,-,18,2778,2350,1212,438,2,243397,15090,2780,2352,1220,2778,2349,1188,99,100,0,500,2805;
@400000005e60b10739fc9aec #d,-,18,2780,2352,1188,439,2,243248,15081,2780,2352,1212,2778,2350,1179,98,100,0,500,2826;
@400000005e60b1093a0d20fd #d,-,18,2779,2353,1186,439,2,243152,15075,2780,2353,1188,2779,2350,1186,99,100,0,500,2801;
@400000005e60b1093a175a02 #d,-,18,2777,2351,1186,440,2,243057,15069,2779,2353,1190,2777,2350,1185,99,100,0,500,2797;
@400000005e60b10b3a250a93 #d,-,18,2776,2350,1187,441,2,242961,15063,2777,2353,1188,2776,2350,1185,99,100,0,500,2799;
@400000005e60b10b3a3025e7 #d,-,18,2774,2350,1217,442,2,242870,15057,2776,2352,1217,2774,2349,1185,99,100,0,500,2797;
@400000005e60b10d3a40df31 #d,-,18,2776,2350,1186,442,2,242827,15055,2776,2353,1217,2774,2349,1177,98,100,0,500,2826;
@400000005e60b10d3a4b5efd #d,-,18,2775,2352,1187,443,2,242681,15046,2776,2352,1187,2775,2349,1185,99,100,0,500,2794;
@400000005e60b10f3a5c2bd6 #d,-,18,2773,2351,1185,444,2,242588,15040,2775,2352,1188,2773,2349,1185,99,100,0,500,2796;
@400000005e60b10f3a669bcd #d,-,18,2772,2351,1187,445,2,242494,15034,2773,2351,1188,2772,2349,1184,99,100,0,500,2794;
@400000005e60b1113a6f699a #d,-,18,2770,2351,1215,446,2,242403,15029,2772,2351,1215,2770,2348,1185,99,100,0,500,2794;
@400000005e60b1113a7919b6 #d,-,18,2772,2350,1178,446,2,242309,15023,2772,2351,1215,2770,2347,1169,98,100,0,500,2819;
@400000005e60b1133a81eb3d #d,-,18,2768,2348,1182,447,2,242215,15017,2772,2350,1184,2768,2347,1178,99,100,0,500,2774;
@400000005e60b1133a88dd22 #d,-,18,2766,2348,1183,448,2,242121,15011,2768,2351,1183,2766,2348,1180,99,100,0,500,2781;
@400000005e60b1153a9344b7 #d,-,18,2764,2349,1180,449,2,242027,15005,2766,2350,1183,2764,2347,1180,99,100,0,500,2783;
@400000005e60b1153a9e49b1 #d,-,18,2761,2348,1199,449,2,241933,14999,2764,2352,1199,2761,2348,1169,99,100,0,500,2780;
@400000005e60b1173aadfd48 #d,-,18,2762,2349,1178,450,2,241892,14997,2762,2350,1208,2761,2348,1172,98,100,0,500,2796;
@400000005e60b1173ab89816 #d,-,18,2758,2348,1179,451,2,241747,14988,2762,2349,1180,2758,2346,1175,99,100,0,500,2769;
@400000005e60b1193ac8dfc1 #d,-,18,2756,2346,1178,452,2,241654,14982,2758,2349,1179,2756,2346,1176,99,100,0,500,2771;
@400000005e60b1193ad391d8 #d,-,18,2754,2347,1171,452,2,241559,14976,2756,2347,1178,2754,2345,1168,99,100,0,500,2769;
@400000005e60b11b3adf0ef6 #d,-,18,2750,2349,1186,453,2,241465,14970,2754,2349,1186,2750,2347,1171,99,100,0,500,2758;
@400000005e60b11b3aea0061 #d,-,18,2751,2349,1172,454,2,241374,14965,2751,2350,1203,2750,2348,1167,98,100,0,500,2794;
@400000005e60b11d3af35e88 #d,-,18,2748,2351,1171,455,2,241281,14959,2751,2352,1173,2748,2349,1170,99,100,0,500,2758;
@400000005e60b11d3afe242e #d,-,18,2746,2350,1172,455,2,241188,14953,2748,2352,1175,2746,2349,1170,99,100,0,500,2762;
@400000005e60b11f3b0ef107 #d,-,18,2743,2350,1172,456,2,241095,14947,2746,2350,1173,2743,2348,1170,99,100,0,500,2762;
@400000005e60b11f3b1939e0 #d,-,18,2741,2349,1171,457,2,241001,14942,2743,2350,1173,2741,2347,1166,99,100,0,500,2760;
@400000005e60b1213b21ecab #d,-,18,2742,2347,1169,458,2,240912,14936,2742,2349,1202,2741,2346,1163,98,100,0,500,2780;
@400000005e60b1213b297dd2 #d,-,18,2740,2347,1170,458,2,240820,14930,2742,2350,1173,2740,2347,1168,99,100,0,500,2757;
@400000005e60b1233b327ed8 #d,-,18,2737,2349,1172,459,2,240727,14925,2740,2350,1172,2737,2347,1168,99,100,0,500,2753;
@400000005e60b1233b3cf642 #d,-,18,2735,2348,1169,460,2,240635,14919,2737,2350,1172,2735,2347,1168,99,100,0,500,2755;
@400000005e60b1253b4dbf61 #d,-,18,2733,2349,1171,461,2,240543,14913,2735,2351,1172,2733,2347,1167,99,100,0,500,2753;
@400000005e60b1253b5800c7 #d,-,18,2735,2349,1163,461,2,240456,14908,2735,2350,1202,2733,2347,1162,98,100,0,500,2776;
@400000005e60b1273b68250e #d,-,18,2733,2349,1173,462,2,240365,14902,2735,2349,1173,2733,2347,1163,99,100,0,500,2758;
@400000005e60b1273b733535 #d,-,18,2732,2350,1170,463,2,240274,14897,2733,2350,1173,2732,2347,1169,99,100,0,500,2755;
@400000005e60b1293b7c1691 #d,-,18,2730,2348,1161,464,2,240182,14891,2732,2351,1170,2730,2348,1161,99,100,0,500,2753;
@400000005e60b1293b85b31f #d,-,18,2727,2348,1167,464,2,240139,14888,2730,2350,1170,2727,2348,1159,99,100,0,500,2741;
@400000005e60b12b3b9470d7 #d,-,18,2728,2347,1159,465,2,240005,14880,2728,2349,1201,2727,2347,1159,98,100,0,500,2764;
@400000005e60b12c00041314 #d,-,18,2727,2347,1166,466,2,239914,14874,2728,2349,1169,2727,2347,1159,98,100,0,500,2760;
@400000005e60b12e001414e6 #d,-,18,2726,2348,1167,467,2,239824,14869,2727,2348,1170,2726,2347,1166,99,100,0,500,2748;
@400000005e60b12e001e8035 #d,-,18,2724,2347,1167,467,2,239735,14863,2726,2348,1168,2724,2346,1165,99,100,0,500,2746;
@400000005e60b130002f41e1 #d,-,18,2723,2347,1166,468,2,239645,14858,2724,2348,1170,2723,2345,1165,99,100,0,500,2748;
@400000005e60b1300039b94b #d,-,18,2723,2348,1162,469,2,239561,14852,2723,2348,1198,2723,2345,1162,98,100,0,500,2751;
@400000005e60b13200425c41 #d,-,18,2723,2346,1166,470,2,239519,14850,2723,2350,1171,2723,2346,1158,98,100,0,500,2765;
@400000005e60b132004c6e27 #d,-,18,2722,2349,1168,470,2,239384,14841,2723,2349,1168,2722,2346,1166,99,100,0,500,2748;
@400000005e60b1340054fd8e #d,-,18,2721,2348,1169,471,2,239296,14836,2722,2349,1169,2721,2347,1165,99,100,0,500,2746;
@400000005e60b134005a7bda #d,-,18,2720,2347,1167,472,2,239208,14830,2721,2348,1169,2720,2346,1165,98,100,0,500,2749;
@400000005e60b136006b54cf #d,-,18,2720,2348,1167,473,2,239125,14825,2720,2349,1194,2720,2347,1167,98,100,0,500,2748;
@400000005e60b13600759da8 #d,-,18,2720,2349,1166,473,2,239083,14823,2720,2349,1167,2720,2347,1153,98,100,0,500,2758;
@400000005e60b13800817c90 #d,-,18,2719,2349,1163,474,2,238949,14814,2720,2349,1166,2719,2346,1162,99,100,0,500,2742;
@400000005e60b138008cbb48 #d,-,18,2717,2347,1163,475,2,238861,14809,2719,2350,1164,2717,2347,1162,99,100,0,500,2739;
@400000005e60b13a0095f252 #d,-,18,2716,2347,1162,476,2,238775,14804,2717,2349,1166,2716,2347,1162,99,100,0,500,2739;
@400000005e60b13a009c1576 #d,-,18,2715,2346,1185,476,2,238693,14798,2716,2349,1194,2715,2346,1162,99,100,0,500,2739;
@400000005e60b13c00aca7a3 #d,-,18,2717,2348,1163,477,2,238606,14793,2717,2348,1185,2715,2346,1157,98,100,0,500,2765;
@400000005e60b13c00b7031d #d,-,18,2715,2348,1163,478,2,238520,14788,2717,2349,1165,2715,2346,1162,99,100,0,500,2739;
@400000005e60b13e00bfae74 #d,-,18,2714,2347,1163,479,2,238480,14785,2715,2350,1165,2714,2347,1163,99,100,0,500,2741;
@400000005e60b13e00c975d9 #d,-,18,2713,2346,1158,479,2,238348,14777,2714,2349,1165,2713,2346,1158,99,100,0,500,2737;
@400000005e60b14000d2aa18 #d,-,18,2710,2346,1194,480,2,238266,14772,2713,2348,1196,2710,2346,1158,99,100,0,500,2730;
@400000005e60b14000d915e1 #d,-,18,2713,2348,1162,481,2,238181,14767,2713,2349,1194,2710,2346,1154,98,100,0,500,2762;
@400000005e60b14200e9525f #d,-,18,2711,2349,1161,482,2,238096,14761,2713,2349,1164,2711,2347,1161,99,100,0,500,2735;
@400000005e60b14200f3c610 #d,-,18,2710,2349,1160,482,2,238057,14759,2711,2349,1162,2710,2346,1160,99,100,0,500,2733;
@400000005e60b14400fc4a4a #d,-,18,2709,2349,1159,483,2,237926,14751,2710,2350,1161,2709,2348,1158,99,100,0,500,2732;
@400000005e60b14401035ea4 #d,-,18,2707,2347,1191,484,3,237845,14746,2709,2349,1191,2707,2345,1159,99,100,0,500,2732;
@400000005e60b146010e99a2 #d,-,18,2709,2347,1163,485,3,237762,14741,2709,2347,1191,2707,2345,1154,98,100,0,500,2758;
@400000005e60b1460114b465 #d,-,18,2708,2344,1704,486,3,237726,14739,2709,2348,1704,2708,2343,1160,99,100,0,500,2730;
@400000005e60b148011f3342 #d,-,18,3677,2344,1668,487,3,237807,14744,3677,2344,1713,2708,2342,1667,100,100,0,500,3677;
@400000005e60b148012a1c4c #d,-,18,3889,2343,1672,488,3,237885,14748,3889,2344,1674,3677,2342,1661,99,100,0,500,3912;
@400000005e60b14a013a1e1d #d,-,18,3890,2344,1697,489,3,237966,14753,3890,2345,1697,3889,2343,1670,99,100,0,500,3922;
@400000005e60b14a01457064 #d,-,18,3896,2344,1670,490,3,238047,14758,3896,2346,1703,3890,2343,1664,98,100,0,500,3954;
@400000005e60b14c015039c3 #d,-,18,3896,2344,1671,491,3,238126,14763,3896,2347,1673,3896,2343,1668,99,100,0,500,3920;
@400000005e60b14c0155a0c7 #d,-,18,3897,2343,1671,492,3,238248,14771,3897,2347,1672,3896,2343,1669,99,100,0,500,3922;
@400000005e60b14e0164b7e7 #d,-,18,3899,2343,1672,493,3,238284,14773,3899,2346,1683,3897,2343,1671,99,100,0,500,3931;
@400000005e60b14e016fbce1 #d,-,18,3900,2346,1688,494,3,238363,14778,3900,2347,1688,3899,2343,1671,99,100,0,500,3931;
@400000005e60b1500180e6dc #d,-,18,3905,2345,1675,495,3,238444,14783,3905,2347,1706,3900,2345,1666,98,100,0,500,3960;
@400000005e60b150018bebd5 #d,-,18,3906,2346,1672,496,3,238524,14788,3906,2347,1688,3905,2345,1672,99,100,0,500,3940;
@400000005e60b15201997814 #d,-,18,3907,2344,1677,497,3,238603,14793,3907,2347,1677,3906,2344,1672,99,100,0,500,3936;
@400000005e60b15201a45148 #d,-,18,3910,2347,1680,498,3,238728,14801,3910,2347,1687,3907,2344,1677,99,100,0,500,3944;
@400000005e60b15401b499e2 #d,-,18,3912,2346,1685,500,3,238763,14803,3912,2347,1685,3910,2344,1677,99,100,0,500,3951;
@400000005e60b15401bffbfe #d,-,18,3918,2345,1680,501,3,238846,14808,3918,2346,1713,3912,2344,1674,98,100,0,500,3976;
@400000005e60b15601d1beb5 #d,-,18,3920,2344,1684,502,3,238927,14813,3920,2345,1701,3918,2344,1679,99,100,0,500,3954;
@400000005e60b15601df66e5 #d,-,18,3922,2345,1685,503,3,239006,14818,3922,2347,1685,3920,2344,1681,99,100,0,500,3961;
@400000005e60b15801f0c418 #d,-,18,3923,2348,1681,504,3,239086,14823,3923,2348,1686,3922,2344,1681,99,100,0,500,3956;
@400000005e60b15801fe5c73 #d,-,18,3925,2345,1688,505,3,239210,14831,3925,2348,1690,3923,2345,1681,99,100,0,500,3956;
@400000005e60b15a020fc11a #d,-,18,3931,2346,1681,506,3,239249,14833,3931,2347,1717,3925,2345,1680,98,100,0,500,3988;
@400000005e60b15a021a5be8 #d,-,18,3932,2347,1686,507,3,239328,14838,3932,2347,1688,3931,2345,1681,99,100,0,500,3968;
@400000005e60b15c022b92ed #d,-,18,3933,2347,1686,508,3,239407,14843,3933,2347,1687,3932,2345,1685,99,100,0,500,3961;
@400000005e60b15c0237a7d9 #d,-,18,3935,2346,1695,509,3,239488,14848,3935,2347,1702,3933,2345,1686,99,100,0,500,3963;
@400000005e60b15e02495436 #d,-,18,3938,2347,1689,511,3,239567,14853,3938,2347,1695,3935,2345,1686,98,100,0,500,3979;
@400000005e60b15e02551374 #d,-,18,3942,2347,1683,512,3,239651,14858,3942,2348,1726,3938,2344,1683,98,100,0,500,3988;
@400000005e60b1600266e247 #d,-,18,3944,2346,1688,513,3,239774,14865,3944,2347,1692,3942,2345,1683,98,100,0,500,3986;
@400000005e60b16002718488 #d,-,18,3945,2346,1688,514,3,239809,14868,3945,2347,1693,3944,2344,1688,99,100,0,500,3972;
@400000005e60b162028264f0 #d,-,18,3945,2347,1702,515,3,239889,14873,3945,2347,1704,3945,2344,1688,99,100,0,500,3970;
@400000005e60b162028cfc05 #d,-,18,3948,2348,1692,516,3,239968,14878,3948,2348,1702,3945,2345,1690,98,100,0,500,3988;
@400000005e60b164029e135f #d,-,18,3951,2348,1689,517,3,240052,14883,3951,2348,1727,3948,2346,1689,99,100,0,500,3988;
@400000005e60b16402a8c92f #d,-,18,3954,2348,1693,518,3,240131,14888,3954,2348,1697,3951,2346,1686,98,100,0,500,4002;
@400000005e60b16602b910db #d,-,18,3955,2348,1694,519,3,240252,14895,3955,2349,1696,3954,2346,1693,99,100,0,500,3981;
@400000005e60b16602c492a1 #d,-,18,3956,2348,1694,520,3,240288,14897,3956,2349,1694,3955,2346,1692,99,100,0,500,3983;
@400000005e60b16802d54831 #d,-,18,3957,2349,1693,522,3,240366,14902,3957,2349,1696,3956,2346,1692,99,100,0,500,3981;
@400000005e60b16802dfcf70 #d,-,18,3957,2348,1716,523,3,240450,14907,3957,2349,1742,3957,2346,1690,99,100,0,500,3983;
@400000005e60b16a02f27478 #d,-,18,3963,2344,1698,524,3,240570,14915,3963,2349,1716,3957,2340,1692,98,100,0,500,4027;
@400000005e60b16a02fcf7fd #d,-,18,3964,2345,1703,525,3,240649,14920,3964,2346,1704,3963,2343,1697,99,100,0,500,3988;
@400000005e60b16c030e26a0 #d,-,18,3965,2343,1698,526,3,240684,14922,3965,2345,1703,3964,2342,1698,99,100,0,500,3992;
@400000005e60b16c0318bdb5 #d,-,18,3965,2343,1700,527,3,240762,14927,3965,2345,1703,3965,2343,1697,99,100,0,500,3988;
@400000005e60b16e032bbd13 #d,-,18,3966,2343,1721,528,3,240844,14932,3966,2345,1733,3965,2342,1699,99,100,0,500,3992;
@400000005e60b16e03363faa #d,-,18,3970,2342,1700,529,3,240921,14937,3970,2345,1721,3966,2342,1693,98,100,0,500,4017;
@400000005e60b17003479924 #d,-,18,3970,2336,1708,530,3,240998,14941,3970,2344,1711,3970,2333,1700,99,100,0,500,3993;
@400000005e60b17003520cd5 #d,-,18,3970,2343,1702,531,3,241075,14946,3970,2346,1708,3970,2336,1696,99,100,0,500,3990;
@400000005e60b17203632ba3 #d,-,18,3970,2342,1700,532,3,241151,14951,3970,2344,1702,3970,2342,1699,99,100,0,500,3992;
@400000005e60b172036da7b5 #d,-,18,3970,2343,1732,534,3,241231,14956,3970,2344,1734,3970,2342,1699,99,100,0,500,3992;
@400000005e60b174037de433 #d,-,18,3974,2342,1701,535,3,241308,14961,3974,2345,1732,3970,2341,1694,98,100,0,500,4020;
@400000005e60b17403899fb7 #d,-,18,3973,2343,1702,536,3,241383,14965,3974,2344,1704,3973,2341,1699,99,100,0,500,3988;
@400000005e60b176039b3b51 #d,-,18,3973,2343,1721,537,3,241460,14970,3973,2345,1721,3973,2342,1698,99,100,0,500,3992;
@400000005e60b17603a6192d #d,-,18,3975,2344,1702,538,3,241537,14975,3975,2345,1721,3973,2343,1700,99,100,0,500,4011;
@400000005e60b17803ba5089 #d,-,18,3975,2344,1736,539,3,241616,14980,3975,2345,1736,3975,2343,1701,99,100,0,500,3995;
@400000005e60b17803c65a48 #d,-,18,3979,2343,1706,540,3,241734,14987,3979,2346,1736,3975,2343,1698,98,100,0,500,4033;
@400000005e60b17a03d93aea #d,-,18,3979,2345,1578,541,3,241791,14991,3979,2346,1706,3979,2343,1561,99,100,0,500,3999;
@400000005e60b17a03e51618 #d,-,18,3714,2344,1609,542,3,241797,14991,3979,2346,1611,3714,2344,1578,98,100,0,500,3755;
@400000005e60b17c03f7c381 #d,-,18,3719,2345,1613,543,3,241845,14994,3719,2345,1613,3714,2343,1609,98,100,0,500,3780;
@400000005e60b17c040426a9 #d,-,18,3725,2346,1639,545,3,241895,14997,3725,2346,1639,3719,2343,1612,98,100,0,500,3785;
@400000005e60b17e04167aa9 #d,-,18,3793,2345,1614,545,3,241986,15003,3793,2346,1642,3725,2342,1608,99,100,0,500,3817;
@400000005e60b17e042239e7 #d,-,18,3788,2343,1615,546,3,241993,15003,3793,2345,1616,3788,2343,1612,100,100,0,500,3788;
@400000005e60b180043471f7 #d,-,18,3785,2341,1613,548,3,242041,15006,3788,2344,1617,3785,2341,1613,99,100,0,500,3787;
@400000005e60b180043fd413 #d,-,18,3782,2341,1612,549,3,242088,15009,3785,2343,1615,3782,2341,1610,99,100,0,500,3785;
@400000005e60b1820452764f #d,-,18,3780,2343,1631,550,3,242177,15015,3782,2343,1631,3780,2341,1612,99,100,0,500,3783;
@400000005e60b182045e491b #d,-,18,3782,2342,1615,551,3,242186,15015,3782,2343,1646,3780,2341,1605,99,100,0,500,3817;
@400000005e60b18404705654 #d,-,18,3779,2343,1613,552,3,242233,15018,3782,2343,1617,3779,2341,1613,99,100,0,500,3782;
@400000005e60b184047c1df4 #d,-,18,3777,2344,1612,553,3,242280,15021,3779,2344,1614,3777,2341,1612,99,100,0,500,3783;
@400000005e60b186048eaf6c #d,-,18,3775,2341,1615,554,3,242368,15026,3777,2344,1616,3775,2341,1612,99,100,0,500,3785;
@400000005e60b186049a646b #d,-,18,3773,2341,1617,555,3,242415,15029,3775,2343,1617,3773,2340,1612,99,100,0,500,3783;
@400000005e60b18804acb77e #d,-,18,3776,2341,1612,556,3,242424,15030,3776,2343,1646,3773,2340,1608,99,100,0,500,3814;
@400000005e60b18804b87301 #d,-,18,3774,2342,1613,557,3,242470,15033,3776,2343,1614,3774,2340,1612,99,100,0,500,3785;
@400000005e60b18a04cae5be #d,-,18,3772,2343,1614,558,3,242516,15036,3774,2344,1614,3772,2342,1610,99,100,0,500,3783;
@400000005e60b18a04d6766b #d,-,18,3770,2343,1612,559,3,242562,15038,3772,2344,1614,3770,2342,1610,99,100,0,500,3783;
Lost connection at /opt/powertools/bin/wattsup1 line 220.
	main::failure('Lost connection') called at /opt/powertools/bin/wattsup1 line 271
	main::recv_msg() called at /opt/powertools/bin/wattsup1 line 504
