@400000005e425d101985dc61 #v,-,8,2,261786,5,2,4,57,200810261703,0;
@400000005e425d1107d56287 #h,-,18,W,V,A,WH,Cost,WH/Mo,Cost/Mo,Wmax,Vmax,Amax,Wmin,Vmin,Amin,PF,DC,PC,Hz,VA;
@400000005e425d110de3b5a5 #f,-,48,19,436,1,4775,0,0,65533,0,199,810,237,17949,177,311,4753,4,92217,151,32123,69906,40,694,17008,0,93,1,4659,0,0,65533,0,199,822,242,18484,171,318,5362,2,92206,150,32190,70407,42,536,17029,0,92;
@400000005e425d130df5e19a #d,-,18,2536,2386,1150,0,0,172995,10725,2544,2386,1153,2536,2384,1146,90,100,0,501,2787;
@400000005e425d150e047bee #d,-,18,2530,2381,1142,1,0,175275,10867,2536,2387,1150,2530,2381,1142,91,100,0,501,2777;
@400000005e425d150e0d4aa9 #d,-,18,2527,2386,1140,2,0,176248,10927,2530,2387,1155,2527,2372,1138,91,100,0,501,2775;
@400000005e425d170e1ac713 #d,-,18,2521,2385,1140,2,0,180536,11193,2527,2386,1142,2521,2384,1134,91,100,0,501,2761;
@400000005e425d170e234793 #d,-,18,2516,2382,1143,3,0,176870,10965,2521,2386,1144,2516,2382,1138,91,100,0,501,2758;
@400000005e425d190e2fedc9 #d,-,18,2511,2383,1137,4,0,177028,10975,2516,2385,1145,2511,2380,1136,90,100,0,501,2763;
@400000005e425d190e389478 #d,-,18,2506,2381,1139,5,0,177051,10977,2511,2385,1140,2506,2381,1131,90,100,0,501,2756;
@400000005e425d1b0e45d724 #d,-,18,2502,2382,1135,5,0,177068,10978,2506,2384,1140,2502,2381,1133,90,100,0,501,2751;
@400000005e425d1b0e4ed381 #d,-,18,2498,2385,1139,6,0,177096,10980,2502,2385,1140,2498,2382,1133,90,100,0,501,2751;
@400000005e425d1d0e5c6822 #d,-,18,2494,2386,1130,7,0,177065,10978,2498,2387,1140,2494,2383,1130,90,100,0,501,2749;
@400000005e425d1d0e64e041 #d,-,18,2490,2384,1134,7,0,176978,10972,2494,2386,1135,2490,2382,1130,90,100,0,501,2746;
@400000005e425d1f0e713481 #d,-,18,2485,2382,1134,8,0,176927,10969,2490,2384,1136,2485,2382,1131,90,100,0,501,2742;
@400000005e425d1f0e7a82d4 #d,-,18,2482,2382,1132,9,0,178172,11046,2485,2384,1137,2482,2382,1125,90,100,0,501,2742;
@400000005e425d210e842050 #d,-,18,2477,2383,1126,9,0,176738,10957,2482,2385,1132,2477,2381,1124,90,100,0,501,2732;
@400000005e425d210e893919 #d,-,18,2473,2377,2017,10,0,181631,11261,2477,2385,2296,2473,2377,1126,90,100,0,501,2730;
@400000005e425d230e9a30c9 #d,-,18,4571,2378,2074,12,0,191035,11844,4571,2380,2108,2473,2376,1951,96,100,0,501,4737;
@400000005e425d230ea68509 #d,-,18,4731,2378,1886,13,0,200238,12414,4731,2378,2091,4571,2375,1879,96,100,0,501,4927;
@400000005e425d250eb82817 #d,-,18,4505,2378,1898,14,0,206559,12806,4731,2379,1948,4505,2375,1810,96,100,0,501,4685;
@400000005e425d250ec45d9b #d,-,18,4405,2379,1901,15,0,211346,13103,4505,2379,1980,4405,2376,1869,96,100,0,501,4574;
@400000005e425d270ed52a74 #d,-,18,4461,2378,1914,17,0,216581,13428,4461,2380,1932,4405,2378,1879,96,100,0,501,4607;
@400000005e425d270ee05957 #d,-,18,4459,2378,1911,18,0,221398,13726,4461,2380,1939,4459,2377,1907,96,100,0,501,4597;
@400000005e425d290ef19f42 #d,-,18,4459,2377,1923,19,0,225770,13997,4459,2379,1927,4459,2376,1911,96,100,0,501,4614;
@400000005e425d290efd1133 #d,-,18,4458,2377,1933,20,0,229789,14246,4459,2379,1944,4458,2377,1897,96,100,0,501,4612;
@400000005e425d2b0f0d5525 #d,-,18,4460,2376,1934,22,0,233511,14477,4460,2379,1944,4458,2376,1908,96,100,0,501,4621;
@400000005e425d2b0f188408 #d,-,18,4461,2376,1926,23,0,236942,14690,4461,2379,1935,4460,2375,1918,96,100,0,501,4626;
@400000005e425d2d0f29127a #d,-,18,4462,2375,1938,24,0,240109,14886,4462,2377,1980,4461,2374,1864,96,100,0,501,4626;
@400000005e425d2d0f33d0ad #d,-,18,4463,2375,1949,25,0,243983,15126,4463,2378,1949,4462,2374,1922,96,100,0,501,4623;
@400000005e425d2f0f44e807 #d,-,18,4467,2377,1930,26,0,245890,15245,4467,2379,1950,4463,2375,1928,96,100,0,501,4645;
@400000005e425d2f0f5016ea #d,-,18,4471,2377,1926,28,0,248493,15406,4471,2379,1951,4467,2377,1920,96,100,0,501,4654;
@400000005e425d310f60a916 #d,-,18,4475,2377,1940,29,0,250977,15560,4475,2379,1954,4471,2377,1926,96,100,0,501,4657;
@400000005e425d310f6b7ad7 #d,-,18,4479,2378,1941,30,0,253276,15703,4479,2378,1947,4475,2376,1933,96,100,0,501,4657;
@400000005e425d330f79ee0e #d,-,18,4483,2379,1942,31,0,256225,15885,4483,2379,1945,4479,2376,1935,96,100,0,501,4657;
@400000005e425d330f835497 #d,-,18,4485,2379,1938,33,0,257461,15962,4485,2379,1945,4483,2376,1937,96,100,0,501,4659;
@400000005e425d350f90929b #d,-,18,3950,2383,1161,34,0,256163,15882,4485,2383,1941,3950,2378,994,90,100,0,501,4367;
@400000005e425d350f998b3f #d,-,18,2605,2382,1173,34,0,254138,15756,3950,2383,1193,2605,2380,1140,91,100,0,501,2836;
@400000005e425d370fa6b2e9 #d,-,18,2531,2383,1146,35,0,252111,15630,2605,2383,1173,2531,2381,1141,89,100,0,501,2813;
@400000005e425d370fafc2d6 #d,-,18,2528,2383,1151,36,0,250854,15552,2531,2383,1155,2528,2381,1146,90,100,0,501,2794;
@400000005e425d390fbd5b30 #d,-,18,2524,2382,1144,36,0,248978,15436,2528,2383,1151,2524,2380,1141,90,100,0,501,2779;
@400000005e425d390fc602ce #d,-,18,2520,2381,1150,37,0,246588,15288,2524,2382,1155,2520,2380,1143,90,100,0,501,2770;
@400000005e425d3b0fd25e81 #d,-,18,2518,2383,1148,38,0,244935,15186,2520,2383,1154,2518,2380,1147,90,100,0,501,2777;
@400000005e425d3b0fdb86a5 #d,-,18,2515,2383,1142,38,0,243335,15086,2518,2383,1150,2515,2381,1139,90,100,0,501,2779;
@400000005e425d3d0fe8ff55 #d,-,18,2511,2382,1136,39,0,242378,15027,2515,2383,1147,2511,2381,1136,90,100,0,501,2761;
@400000005e425d3d0ff1b993 #d,-,18,2507,2384,1137,40,0,240327,14900,2511,2384,1141,2507,2380,1132,90,100,0,501,2761;
@400000005e425d3f0ffecdae #d,-,18,2501,2384,1137,40,0,238902,14811,2507,2384,1141,2501,2382,1131,91,100,0,501,2746;
@400000005e425d3f1007b2c3 #d,-,18,2497,2384,1139,41,0,237549,14728,2501,2384,1141,2497,2381,1134,90,100,0,501,2751;
@400000005e425d4110148c32 #d,-,18,2493,2384,1137,42,0,236251,14647,2497,2384,1141,2493,2382,1133,90,100,0,501,2753;
@400000005e425d41101d4670 #d,-,18,2490,2383,1132,43,0,235490,14600,2493,2385,1139,2490,2382,1131,90,100,0,501,2751;
@400000005e425d43102ad2af #d,-,18,2486,2382,1133,43,0,233785,14494,2490,2385,1134,2486,2382,1129,90,100,0,501,2742;
@400000005e425d431033857a #d,-,18,2482,2382,1134,44,0,232633,14423,2486,2384,1136,2482,2382,1131,90,100,0,501,2742;
@400000005e425d451044c038 #d,-,18,2479,2383,1133,45,0,231523,14354,2482,2384,1137,2479,2382,1132,90,100,0,501,2744;
@400000005e425d451050aa4d #d,-,18,2477,2383,1128,45,0,230445,14287,2479,2384,1135,2477,2382,1128,90,100,0,501,2744;
@400000005e425d4710623700 #d,-,18,2473,2381,2033,46,0,231241,14336,2477,2385,2376,2473,2380,1125,90,100,0,501,2734;
@400000005e425d47106e6b96 #d,-,18,4541,2380,2046,48,0,233240,14460,4541,2382,2102,2473,2378,1971,95,100,0,501,4740;
@400000005e425d49108088a5 #d,-,18,4713,2381,1877,49,0,234658,14548,4713,2381,2080,4541,2378,1876,96,100,0,501,4903;
@400000005e425d49108cd0ca #d,-,18,4531,2379,1882,50,0,236142,14640,4713,2382,1956,4531,2379,1824,96,100,0,501,4706;
@400000005e425d4b109f33b1 #d,-,18,4407,2379,1911,51,0,237642,14733,4531,2381,1958,4407,2378,1875,96,100,0,501,4574;
@400000005e425d4b10aaf3dd #d,-,18,4459,2381,1902,53,0,239070,14822,4459,2382,1934,4407,2379,1900,96,100,0,501,4612;
@400000005e425d4d10bc29f3 #d,-,18,4457,2383,1910,54,0,240873,14934,4459,2383,1955,4457,2381,1869,96,100,0,501,4609;
@400000005e425d4d10c7ca75 #d,-,18,4459,2382,1928,55,0,242223,15017,4459,2383,1945,4457,2380,1892,96,100,0,501,4619;
@400000005e425d4f10d88006 #d,-,18,4460,2381,1939,56,0,243136,15074,4460,2383,1955,4459,2381,1889,96,100,0,501,4628;
@400000005e425d4f10e178aa #d,-,18,4462,2382,1917,57,0,244394,15152,4462,2383,1939,4460,2381,1908,96,100,0,501,4626;
@400000005e425d5110eacf5e #d,-,18,4462,2384,1920,59,0,245619,15228,4462,2384,1938,4462,2382,1903,96,100,0,501,4628;
@400000005e425d5110efc4c3 #d,-,18,4463,2384,1929,60,0,246818,15302,4463,2384,1930,4462,2382,1911,96,100,0,501,4623;
@400000005e425d5310fc86e9 #d,-,18,4465,2384,1936,61,0,247979,15374,4465,2385,1938,4463,2383,1910,96,100,0,501,4633;
@400000005e425d53110554b6 #d,-,18,4467,2385,1911,62,0,249486,15468,4467,2385,1938,4465,2382,1911,96,100,0,501,4635;
@400000005e425d5511159134 #d,-,18,4469,2386,1943,64,0,250203,15512,4469,2386,1943,4467,2383,1886,96,100,0,501,4635;
@400000005e425d551120a06d #d,-,18,4471,2386,1929,65,0,251286,15579,4471,2387,1964,4469,2384,1910,96,100,0,501,4647;
@400000005e425d57112a22e7 #d,-,18,4474,2386,1922,66,0,252324,15644,4474,2387,1936,4471,2385,1919,96,100,0,501,4649;
@400000005e425d57112f2378 #d,-,18,4476,2386,1927,67,0,253344,15707,4476,2387,1943,4474,2384,1922,96,100,0,501,4647;
@400000005e425d59113d5849 #d,-,18,4479,2386,1942,69,0,254332,15768,4479,2386,1944,4476,2383,1907,96,100,0,501,4654;
@400000005e425d5911468f53 #d,-,18,4481,2389,1026,70,0,254519,15780,4481,2390,1951,4479,2384,992,96,100,0,501,4647;
@400000005e425d5b11540538 #d,-,18,2836,2389,1143,70,0,253539,15719,4481,2392,1234,2836,2389,1026,85,100,0,501,3301;
@400000005e425d5b115c90e5 #d,-,18,2517,2388,1162,71,0,252555,15658,2836,2391,1169,2517,2388,1142,90,100,0,501,2794;
@400000005e425d5d116a3914 #d,-,18,2516,2388,1146,72,0,251571,15597,2517,2390,1162,2516,2388,1140,90,100,0,501,2791;
@400000005e425d5d1172ef99 #d,-,18,2514,2387,1148,73,0,250620,15538,2516,2390,1151,2514,2387,1145,90,100,0,501,2784;
@400000005e425d5f117fd434 #d,-,18,2513,2389,1143,73,0,249688,15480,2514,2391,1150,2513,2387,1139,90,100,0,501,2784;
@400000005e425d5f1188e7db #d,-,18,2510,2387,1138,74,0,248768,15423,2513,2389,1149,2510,2387,1137,90,100,0,501,2777;
@400000005e425d611196986c #d,-,18,2506,2388,1140,75,0,247860,15367,2510,2390,1140,2506,2387,1135,90,100,0,501,2763;
@400000005e425d61119f4a48 #d,-,18,2503,2388,1141,75,0,246983,15312,2506,2389,1145,2503,2387,1138,90,100,0,501,2763;
@400000005e425d6311aca8e4 #d,-,18,2500,2389,1142,76,0,246435,15279,2503,2390,1143,2500,2388,1138,90,100,0,501,2765;
@400000005e425d6311b5c8a6 #d,-,18,2498,2389,1136,77,0,245292,15208,2500,2390,1143,2498,2386,1136,90,100,0,501,2770;
@400000005e425d6511c2e7ee #d,-,18,2494,2389,1132,77,0,244462,15156,2498,2389,1138,2494,2387,1128,90,100,0,501,2756;
@400000005e425d6511cb9e73 #d,-,18,2490,2389,1132,78,0,243647,15106,2494,2389,1134,2490,2386,1128,90,100,0,501,2746;
@400000005e425d6711d8d8bd #d,-,18,2486,2389,1131,79,0,242853,15056,2490,2389,1134,2486,2387,1129,90,100,0,501,2742;
@400000005e425d6711e1f87e #d,-,18,2483,2388,1133,79,0,242080,15008,2486,2389,1136,2483,2387,1131,90,100,0,501,2749;
@400000005e425d6911ef9cf4 #d,-,18,2480,2388,1133,80,0,241603,14979,2483,2388,1135,2480,2386,1130,90,100,0,501,2746;
@400000005e425d6911f81c86 #d,-,18,2478,2388,1130,81,0,240583,14916,2480,2388,1135,2478,2386,1130,90,100,0,501,2746;
@400000005e425d6b1208554a #d,-,18,2475,2389,1129,81,0,239858,14871,2478,2389,1135,2475,2387,1128,90,100,0,501,2744;
@400000005e425d6b12137cba #d,-,18,2472,2389,1131,82,0,239145,14826,2475,2389,1133,2472,2386,1124,90,100,0,501,2742;
@400000005e425d6d1225149a #d,-,18,2470,2385,2007,83,0,239213,14831,2472,2389,2234,2470,2383,1128,90,100,0,501,2737;
@400000005e425d6d123082d1 #d,-,18,4483,2385,2042,84,0,240557,14914,4483,2386,2103,2470,2382,1946,96,100,0,501,4647;
@400000005e425d6f1242555e #d,-,18,4729,2386,1870,86,0,241308,14961,4729,2386,2081,4483,2383,1868,95,100,0,501,4936;
@400000005e425d6f124df999 #d,-,18,4515,2385,1861,87,0,242115,15011,4729,2386,1949,4515,2384,1820,96,100,0,501,4687;
@400000005e425d71125fb4dd #d,-,18,4415,2384,1921,88,0,242965,15063,4515,2386,1969,4415,2383,1861,96,100,0,501,4583;
@400000005e425d71126c3f22 #d,-,18,4421,2383,1907,89,0,244024,15129,4421,2385,1936,4415,2382,1895,95,100,0,501,4616;
@400000005e425d73127d52c3 #d,-,18,4424,2383,1913,91,0,244562,15162,4424,2385,1932,4421,2383,1900,95,100,0,501,4612;
@400000005e425d73128862ea #d,-,18,4428,2384,1957,92,0,245345,15211,4428,2385,1958,4424,2382,1883,96,100,0,501,4609;
@400000005e425d75129903fd #d,-,18,4431,2385,1922,93,0,246104,15258,4431,2386,1962,4428,2383,1890,96,100,0,501,4609;
@400000005e425d7512a4203f #d,-,18,4437,2385,1916,94,0,246861,15305,4437,2385,1938,4431,2383,1916,95,100,0,501,4638;
@400000005e425d7712ad95b0 #d,-,18,4441,2383,1929,96,0,247602,15351,4441,2385,1936,4437,2381,1910,96,100,0,501,4626;
@400000005e425d7712b258ca #d,-,18,4446,2385,1923,97,0,248338,15396,4446,2385,1936,4441,2381,1922,95,100,0,501,4635;
@400000005e425d7912c21fef #d,-,18,4452,2382,1939,98,0,249062,15441,4452,2385,1939,4446,2381,1923,95,100,0,501,4645;
@400000005e425d7912ccb25b #d,-,18,4456,2381,1927,99,0,249772,15485,4456,2383,1940,4452,2381,1923,95,100,0,501,4645;
@400000005e425d7b12dd8b50 #d,-,18,4461,2382,1931,100,0,250707,15543,4461,2384,1938,4456,2381,1925,96,100,0,501,4645;
@400000005e425d7b12e89b77 #d,-,18,4466,2383,1938,102,0,251163,15572,4466,2384,1947,4461,2381,1930,96,100,0,501,4652;
@400000005e425d7d12f97825 #d,-,18,4471,2381,1936,103,0,251843,15614,4471,2383,1941,4466,2381,1931,95,100,0,501,4661;
@400000005e425d7d130464e8 #d,-,18,4475,2381,1943,104,0,252511,15655,4475,2383,1945,4471,2381,1930,96,100,0,501,4657;
@400000005e425d7f1312cc03 #d,-,18,4478,2380,1938,105,0,253163,15696,4478,2383,1946,4475,2380,1925,96,100,0,501,4659;
@400000005e425d7f131c22b8 #d,-,18,4206,2384,1211,106,0,252908,15680,4478,2387,1938,4206,2380,991,92,100,0,501,4538;
@400000005e425d8113297538 #d,-,18,2499,2384,1163,107,0,252256,15639,4206,2386,1211,2499,2383,1121,88,100,0,501,2813;
@400000005e425d811332cfa7 #d,-,18,2500,2385,1150,108,0,251608,15599,2500,2386,1168,2499,2383,1142,89,100,0,501,2794;
@400000005e425d831340b63c #d,-,18,2502,2387,1152,108,0,250972,15560,2502,2387,1162,2500,2385,1145,89,100,0,501,2796;
@400000005e425d8313495ceb #d,-,18,2502,2384,1149,109,0,250344,15521,2502,2387,1154,2502,2382,1144,89,100,0,501,2784;
@400000005e425d8513562685 #d,-,18,2502,2383,1143,110,0,249720,15482,2502,2384,1150,2502,2381,1142,90,100,0,501,2779;
@400000005e425d85135f5262 #d,-,18,2500,2382,1136,110,0,249098,15444,2502,2383,1146,2500,2381,1136,90,100,0,501,2765;
@400000005e425d87136d0d32 #d,-,18,2497,2380,1144,111,0,248490,15406,2500,2382,1145,2497,2380,1136,90,100,0,501,2758;
@400000005e425d871375dfa7 #d,-,18,2495,2380,1139,112,0,247889,15369,2497,2382,1147,2495,2379,1137,90,100,0,501,2761;
@400000005e425d89138302a8 #d,-,18,2493,2379,1140,112,0,247508,15345,2495,2382,1145,2493,2379,1136,90,100,0,501,2763;
@400000005e425d89138c226a #d,-,18,2490,2380,1136,113,0,246712,15296,2493,2382,1140,2490,2379,1134,90,100,0,501,2749;
@400000005e425d8b1399c326 #d,-,18,2488,2381,1138,114,0,246136,15260,2490,2382,1142,2488,2380,1134,90,100,0,501,2751;
@400000005e425d8b13a2a482 #d,-,18,2484,2380,1135,115,0,245561,15224,2488,2383,1138,2484,2380,1129,90,100,0,501,2744;
@400000005e425d8d13afe285 #d,-,18,2481,2380,1133,115,0,244998,15189,2484,2383,1136,2481,2380,1130,90,100,0,501,2739;
@400000005e425d8d13b8cffd #d,-,18,2479,2380,1133,116,0,244641,15167,2481,2382,1138,2479,2378,1128,90,100,0,501,2744;
@400000005e425d8f13c66857 #d,-,18,2476,2380,1126,117,0,243890,15121,2479,2380,1138,2476,2378,1126,90,100,0,501,2739;
@400000005e425d8f13cf3acc #d,-,18,2472,2378,1133,117,0,243349,15087,2476,2380,1133,2472,2377,1126,90,100,0,501,2727;
@400000005e425d9113dfccf8 #d,-,18,2469,2377,1129,118,0,242814,15054,2472,2378,1136,2469,2376,1129,90,100,0,501,2732;
@400000005e425d9113eb9fc5 #d,-,18,2466,2371,1985,119,0,242978,15064,2469,2378,2294,2466,2371,1127,90,100,0,501,2730;
@400000005e425d9313fcce68 #d,-,18,4369,2372,2034,120,0,243509,15097,4369,2374,2094,2466,2370,1949,96,100,0,501,4514;
@400000005e425d931408ebb6 #d,-,18,4705,2372,1889,121,0,244216,15141,4705,2373,2077,4369,2371,1889,96,100,0,501,4898;
@400000005e425d9514173b88 #d,-,18,4535,2372,1846,123,0,244764,15175,4705,2374,1977,4535,2371,1829,96,100,0,501,4702;
@400000005e425d9514201dd2 #d,-,18,4413,2371,1917,124,0,245352,15211,4535,2373,1982,4413,2370,1846,96,100,0,501,4583;
@400000005e425d97143110db #d,-,18,4419,2371,1901,125,0,246099,15258,4419,2373,1934,4413,2370,1898,95,100,0,501,4609;
@400000005e425d97143c6f3d #d,-,18,4423,2372,1928,126,0,246659,15292,4423,2373,1946,4419,2369,1901,95,100,0,501,4609;
@400000005e425d99144e5558 #d,-,18,4426,2371,1924,128,0,247020,15315,4426,2374,1958,4423,2371,1889,96,100,0,501,4597;
@400000005e425d991459f994 #d,-,18,4431,2372,1916,129,0,247559,15348,4431,2373,1943,4426,2370,1909,95,100,0,501,4616;
@400000005e425d9b146b20c3 #d,-,18,4435,2371,1920,130,0,248100,15382,4435,2373,1949,4431,2370,1914,95,100,0,501,4623;
@400000005e425d9b1476ec1c #d,-,18,4439,2369,1936,131,0,248816,15426,4439,2372,1944,4435,2368,1920,96,100,0,501,4616;
@400000005e425d9d14884596 #d,-,18,4444,2370,1961,133,0,249348,15459,4444,2370,1961,4439,2367,1907,95,100,0,501,4630;
@400000005e425d9d1494828e #d,-,18,4449,2370,1946,134,0,249690,15480,4449,2371,1962,4444,2369,1918,96,100,0,501,4633;
@400000005e425d9f14a5ac89 #d,-,18,4454,2371,1946,135,0,250208,15512,4454,2373,1946,4449,2370,1931,95,100,0,501,4640;
@400000005e425d9f14b0fed0 #d,-,18,4458,2374,1948,136,0,250724,15544,4458,2374,1950,4454,2371,1933,96,100,0,501,4642;
@400000005e425da114c1a48b #d,-,18,4464,2374,1959,138,0,251233,15576,4464,2374,1959,4458,2372,1920,95,100,0,501,4652;
@400000005e425da114ccc841 #d,-,18,4468,2373,1942,139,0,251734,15607,4468,2375,1960,4464,2373,1932,96,100,0,501,4649;
@400000005e425da314d5a99d #d,-,18,4472,2371,1940,140,0,252231,15638,4472,2374,1952,4468,2371,1931,96,100,0,501,4649;
@400000005e425da314d9ec31 #d,-,18,4476,2373,1944,141,0,252720,15668,4476,2374,1952,4472,2371,1936,96,100,0,501,4654;
@400000005e425da514e58451 #d,-,18,4478,2377,1251,142,0,252675,15665,4478,2379,1951,4476,2372,973,96,100,0,501,4652;
@400000005e425da514eec3bd #d,-,18,2511,2377,1172,143,0,252193,15636,4478,2379,1267,2511,2376,1122,84,100,0,501,2981;
@400000005e425da714fc7719 #d,-,18,2511,2378,1145,144,0,251712,15606,2511,2380,1180,2511,2377,1144,89,100,0,501,2796;
@400000005e425da715056cf2 #d,-,18,2514,2378,1156,144,0,251237,15576,2514,2380,1170,2511,2378,1143,89,100,0,501,2803;
@400000005e425da91512b711 #d,-,18,2512,2379,1147,145,0,250762,15547,2514,2380,1156,2512,2378,1145,90,100,0,501,2777;
@400000005e425da9151bea62 #d,-,18,2512,2378,1155,146,0,250294,15518,2512,2380,1155,2512,2378,1147,90,100,0,501,2782;
@400000005e425dab15295f58 #d,-,18,2510,2378,1142,146,0,249827,15489,2512,2380,1155,2510,2378,1142,90,100,0,501,2777;
@400000005e425dab15325443 #d,-,18,2508,2378,1145,147,0,249361,15460,2510,2380,1149,2508,2378,1141,90,100,0,501,2772;
@400000005e425dad153f8360 #d,-,18,2504,2377,1142,148,0,248896,15431,2508,2380,1145,2504,2377,1132,90,100,0,501,2756;
@400000005e425dad1548b2f7 #d,-,18,2500,2378,1140,149,0,248438,15403,2504,2380,1147,2500,2376,1137,90,100,0,501,2758;
@400000005e425daf15567ad0 #d,-,18,2497,2379,1137,149,0,247984,15375,2500,2380,1141,2497,2378,1133,90,100,0,501,2753;
@400000005e425daf155f2cad #d,-,18,2493,2379,1137,150,0,247531,15346,2497,2379,1139,2493,2377,1132,90,100,0,501,2746;
@400000005e425db1156c9a30 #d,-,18,2490,2380,1136,151,0,247084,15319,2493,2380,1139,2490,2377,1131,90,100,0,501,2744;
@400000005e425db11575f946 #d,-,18,2485,2380,1139,151,0,246795,15301,2490,2381,1139,2485,2378,1130,90,100,0,501,2742;
@400000005e425db315834ad8 #d,-,18,2482,2380,1133,152,0,246356,15274,2485,2381,1140,2482,2378,1129,90,100,0,501,2742;
@400000005e425db3158c18a5 #d,-,18,2479,2378,1138,153,0,245771,15237,2482,2380,1138,2479,2377,1129,90,100,0,501,2739;
@400000005e425db5159bd857 #d,-,18,2476,2377,1132,153,0,245344,15211,2479,2378,1138,2476,2375,1131,90,100,0,501,2739;
@400000005e425db515a7073a #d,-,18,2474,2377,1137,154,0,244924,15185,2476,2377,1141,2474,2375,1131,90,100,0,501,2739;
@400000005e425db715b8224e #d,-,18,2472,2370,2104,155,0,244877,15182,2474,2378,2401,2472,2370,1132,90,100,0,501,2742;
@400000005e425db715c405de #d,-,18,4325,2370,2078,156,0,245579,15225,4325,2373,2116,2472,2370,1997,95,100,0,501,4552;
@400000005e425db915d5d009 #d,-,18,4729,2371,1902,158,0,245976,15250,4729,2373,2100,4325,2369,1902,95,100,0,501,4929;
@400000005e425db915e15cfc #d,-,18,4547,2374,1820,159,0,246394,15276,4729,2375,1957,4547,2371,1818,96,100,0,501,4716;
@400000005e425dbb15f39153 #d,-,18,4415,2374,1936,160,0,246841,15304,4547,2375,1971,4415,2371,1820,96,100,0,501,4578;
@400000005e425dbb15ff491d #d,-,18,4420,2374,1933,161,1,247275,15331,4420,2375,1942,4415,2373,1906,95,100,0,501,4612;
@400000005e425dbd1611b0ac #d,-,18,4425,2374,1932,162,1,247705,15357,4425,2375,1935,4420,2373,1911,95,100,0,501,4616;
@400000005e425dbd161dc1df #d,-,18,4428,2376,1917,164,1,248127,15383,4428,2379,1939,4425,2374,1905,96,100,0,501,4607;
@400000005e425dbf162f8cf8 #d,-,18,4433,2377,1956,165,1,248550,15410,4433,2378,1958,4428,2375,1891,96,100,0,501,4614;
@400000005e425dbf163bcdaa #d,-,18,4437,2378,1933,166,1,248967,15435,4437,2378,1956,4433,2375,1913,96,100,0,501,4621;
@400000005e425dc1164ec94e #d,-,18,4442,2380,1937,167,1,249384,15461,4442,2380,1958,4437,2376,1898,95,100,0,501,4633;
@400000005e425dc1165a7143 #d,-,18,4446,2380,1944,169,1,249798,15487,4446,2380,1953,4442,2378,1902,96,100,0,501,4623;
@400000005e425dc3166bf1db #d,-,18,4451,2380,1930,170,1,250207,15512,4451,2380,1947,4446,2378,1913,95,100,0,501,4645;
@400000005e425dc31677bd34 #d,-,18,4455,2381,1932,171,1,250757,15546,4455,2381,1949,4451,2378,1914,96,100,0,501,4640;
@400000005e425dc51688bd46 #d,-,18,4461,2381,1943,172,1,251022,15563,4461,2381,1962,4455,2379,1901,95,100,0,501,4652;
@400000005e425dc516949874 #d,-,18,4464,2381,1911,174,1,251415,15587,4464,2382,1948,4461,2379,1892,96,100,0,501,4645;
@400000005e425dc716a5223f #d,-,18,4467,2380,1942,175,1,251816,15612,4467,2381,1966,4464,2378,1911,96,100,0,501,4645;
@400000005e425dc716afa20b #d,-,18,4470,2381,1940,176,1,252206,15636,4470,2381,1942,4467,2379,1915,96,100,0,501,4645;
@400000005e425dc916bd93cd #d,-,18,4473,2381,1932,177,1,252594,15660,4473,2381,1954,4470,2379,1916,96,100,0,501,4642;
@400000005e425dc916c7411f #d,-,18,4478,2386,1064,179,1,252794,15673,4478,2386,1954,4473,2380,1064,95,100,0,501,4666;
@400000005e425dcb16d492b1 #d,-,18,3100,2383,1189,179,1,252407,15649,4478,2387,1283,3100,2383,950,87,100,0,501,3543;
@400000005e425dcb16dd7c6f #d,-,18,2505,2384,1151,180,1,252018,15625,3100,2385,1189,2505,2383,1142,89,100,0,501,2791;
@400000005e425dcd16eac2d4 #d,-,18,2508,2385,1154,181,1,251638,15601,2508,2386,1175,2505,2383,1147,89,100,0,501,2806;
@400000005e425dcd16f3e650 #d,-,18,2507,2386,1151,181,1,251389,15586,2508,2386,1154,2507,2383,1146,89,100,0,501,2787;
@400000005e425dcf1701b59d #d,-,18,2507,2385,1145,182,1,250876,15554,2507,2386,1155,2507,2384,1145,89,100,0,501,2789;
@400000005e425dcf170a5892 #d,-,18,2506,2385,1144,183,1,250495,15530,2507,2385,1148,2506,2384,1140,90,100,0,501,2779;
@400000005e425dd117176805 #d,-,18,2504,2385,1140,183,1,250119,15507,2506,2385,1148,2504,2383,1139,90,100,0,501,2772;
@400000005e425dd11720aee4 #d,-,18,2502,2386,1141,184,1,249740,15483,2504,2386,1144,2502,2384,1133,90,100,0,501,2765;
@400000005e425dd3172e7e31 #d,-,18,2499,2383,1143,185,1,249498,15468,2502,2386,1146,2499,2383,1136,90,100,0,501,2761;
@400000005e425dd317372989 #d,-,18,2497,2385,1138,185,1,248999,15437,2499,2386,1146,2497,2383,1136,90,100,0,501,2765;
@400000005e425dd517447761 #d,-,18,2494,2385,1137,186,1,248631,15415,2497,2387,1142,2494,2384,1130,90,100,0,501,2761;
@400000005e425dd5174d9f85 #d,-,18,2491,2384,1135,187,1,248266,15392,2494,2386,1141,2491,2383,1130,90,100,0,501,2751;
@400000005e425dd7175ac287 #d,-,18,2488,2384,1135,188,1,247902,15369,2491,2385,1140,2488,2383,1129,90,100,0,501,2753;
@400000005e425dd717638c9a #d,-,18,2484,2382,1132,188,1,247666,15355,2488,2385,1137,2484,2382,1127,90,100,0,501,2742;
@400000005e425dd91770b355 #d,-,18,2481,2385,1134,189,1,247309,15333,2484,2385,1139,2481,2381,1130,90,100,0,501,2746;
@400000005e425dd9177a0a09 #d,-,18,2479,2385,1132,190,1,246830,15303,2481,2385,1135,2479,2382,1128,90,100,0,501,2742;
@400000005e425ddb178abbe0 #d,-,18,2476,2386,1131,190,1,246478,15281,2479,2386,1138,2476,2383,1129,90,100,0,501,2744;
@400000005e425ddb17969355 #d,-,18,2474,2385,1138,191,1,246130,15260,2476,2386,1138,2474,2383,1129,90,100,0,501,2742;
@400000005e425ddd17a91d5a #d,-,18,2472,2378,2112,192,1,246190,15263,2474,2385,2348,2472,2378,1134,89,100,0,501,2749;
@400000005e425ddd17b52e8c #d,-,18,4276,2378,2070,193,1,246513,15283,4276,2381,2126,2472,2378,1963,95,100,0,501,4495;
@400000005e425ddf17c7380c #d,-,18,4723,2378,1893,194,1,246952,15311,4723,2380,2092,4276,2377,1893,95,100,0,501,4924;
@400000005e425ddf17d2e0ef #d,-,18,4553,2378,1823,196,1,247293,15332,4723,2379,1958,4553,2377,1823,96,100,0,501,4728;
@400000005e425de117dcdb8d #d,-,18,4427,2379,1942,197,1,247652,15354,4553,2379,1964,4427,2377,1823,96,100,0,501,4585;
@400000005e425de117e1a173 #d,-,18,4429,2378,1924,198,1,247996,15375,4429,2380,1942,4427,2377,1879,96,100,0,501,4602;
@400000005e425de317f23fbb #d,-,18,4432,2379,1926,199,1,248344,15397,4432,2381,1938,4429,2378,1905,96,100,0,501,4616;
@400000005e425de317fe87e0 #d,-,18,4434,2379,1915,200,1,248690,15418,4434,2381,1958,4432,2379,1888,96,100,0,501,4607;
@400000005e425de518107dd0 #d,-,18,4440,2378,1924,202,1,249033,15440,4440,2381,1938,4434,2377,1912,95,100,0,501,4626;
@400000005e425de5181c1325 #d,-,18,4443,2378,1929,203,1,249376,15461,4443,2379,1942,4440,2377,1912,96,100,0,501,4623;
@400000005e425de7182dd996 #d,-,18,4447,2378,1944,204,1,249835,15489,4447,2379,1949,4443,2376,1910,96,100,0,501,4626;
@400000005e425de71839f32a #d,-,18,4452,2379,1950,205,1,250060,15503,4452,2379,1962,4447,2377,1884,95,100,0,501,4642;
@400000005e425de9184a5a80 #d,-,18,4457,2377,1930,207,1,250395,15524,4457,2379,1950,4452,2377,1910,96,100,0,501,4642;
@400000005e425de918559cf1 #d,-,18,4460,2377,1897,208,1,250725,15544,4460,2379,1941,4457,2377,1897,96,100,0,501,4640;
@400000005e425deb18664b0e #d,-,18,4462,2377,1934,209,1,251060,15565,4462,2379,1965,4460,2376,1890,96,100,0,501,4640;
@400000005e425deb18714b60 #d,-,18,4467,2377,1946,210,1,251508,15593,4467,2379,1946,4462,2376,1932,96,100,0,501,4647;
@400000005e425ded1881cdb8 #d,-,18,4471,2380,1948,212,1,251723,15606,4471,2380,1948,4467,2377,1920,96,100,0,501,4654;
@400000005e425ded188cd66b #d,-,18,4475,2380,1939,213,1,252050,15627,4475,2380,1949,4471,2378,1934,96,100,0,501,4657;
@400000005e425def189be8e3 #d,-,18,4479,2380,1934,214,1,252374,15647,4479,2381,1957,4475,2379,1914,96,100,0,501,4657;
@400000005e425def18a566b6 #d,-,18,4482,2384,1032,215,1,252522,15656,4482,2385,1952,4479,2379,1032,96,100,0,501,4659;
@400000005e425df118b25b26 #d,-,18,3066,2383,1168,216,1,252207,15636,4482,2385,1268,3066,2382,956,87,100,0,501,3502;
@400000005e425df118bae31a #d,-,18,2511,2384,1156,217,1,251889,15617,3066,2385,1176,2511,2383,1145,89,100,0,501,2803;
@400000005e425df318c7e2b7 #d,-,18,2512,2385,1152,217,1,251568,15597,2512,2386,1166,2511,2383,1142,89,100,0,501,2794;
@400000005e425df318d131f8 #d,-,18,2511,2384,1146,218,1,251249,15577,2512,2385,1155,2511,2383,1144,90,100,0,501,2789;
@400000005e425df518de0f20 #d,-,18,2509,2385,1144,219,1,250931,15557,2511,2385,1153,2509,2382,1142,90,100,0,501,2782;
@400000005e425df518e7c2f7 #d,-,18,2507,2382,1143,219,1,250612,15537,2509,2385,1148,2507,2382,1140,90,100,0,501,2770;
@400000005e425df718f5404f #d,-,18,2503,2382,1137,220,1,250291,15518,2507,2384,1143,2503,2382,1135,90,100,0,501,2761;
@400000005e425df718fef8cd #d,-,18,2500,2383,1140,221,1,249976,15498,2503,2384,1145,2500,2382,1137,90,100,0,501,2758;
@400000005e425df9190c2f5e #d,-,18,2497,2382,1134,221,1,249770,15485,2500,2384,1144,2497,2382,1131,90,100,0,501,2763;
@400000005e425df91916880c #d,-,18,2493,2382,1136,222,1,249347,15459,2497,2385,1139,2493,2382,1131,90,100,0,501,2751;
@400000005e425dfb19256ce2 #d,-,18,2490,2384,1140,223,1,249036,15440,2493,2384,1141,2490,2382,1132,90,100,0,501,2749;
@400000005e425dfb192f72ad #d,-,18,2487,2381,1131,224,1,248727,15421,2490,2385,1143,2487,2380,1131,90,100,0,501,2753;
@400000005e425dfd193d1e96 #d,-,18,2484,2382,1141,224,1,248419,15402,2487,2382,1141,2484,2380,1129,90,100,0,501,2746;
@400000005e425dfd1947b964 #d,-,18,2480,2378,1130,225,1,248219,15389,2484,2382,1141,2480,2378,1129,90,100,0,501,2742;
@400000005e425dfd19501df4 #d,-,18,2478,2379,1137,226,1,247812,15364,2480,2382,1139,2478,2378,1130,90,100,0,501,2742;
@400000005e425dff195c053d #d,-,18,2476,2379,1132,226,1,247512,15345,2478,2381,1139,2476,2379,1131,90,100,0,501,2744;
@400000005e425dff1965152a #d,-,18,2474,2380,1136,227,1,247215,15327,2476,2381,1142,2474,2379,1132,90,100,0,501,2746;
@400000005e425e0119752e44 #d,-,18,2472,2381,1134,228,1,246919,15308,2474,2382,1137,2472,2380,1129,90,100,0,501,2742;
@400000005e425e01198045de #d,-,18,2470,2375,2055,228,1,246834,15303,2472,2382,2368,2470,2374,1128,90,100,0,501,2739;
@400000005e425e0319922487 #d,-,18,4184,2377,2049,230,1,247203,15326,4184,2378,2107,2470,2375,1954,95,100,0,501,4401;
@400000005e425e03199e5563 #d,-,18,4729,2378,1937,231,1,247579,15349,4729,2378,2088,4184,2375,1937,96,100,0,501,4913;
@400000005e425e0519b0a964 #d,-,18,4557,2378,1826,232,1,247863,15367,4729,2379,1969,4557,2376,1826,96,100,0,501,4730;
@400000005e425e0519bdc8ac #d,-,18,4435,2377,1924,234,1,248160,15385,4557,2378,1977,4435,2375,1819,96,100,0,501,4597;
@400000005e425e0719cfbdae #d,-,18,4435,2377,1915,235,1,248555,15410,4435,2378,1935,4435,2375,1902,96,100,0,501,4604;
@400000005e425e0719dc11ee #d,-,18,4439,2376,1929,236,1,248746,15422,4439,2378,1932,4435,2376,1905,96,100,0,501,4612;
@400000005e425e0919ed8ecd #d,-,18,4441,2377,1947,237,1,249039,15440,4441,2377,1948,4439,2374,1896,96,100,0,501,4614;
@400000005e425e0919f94a51 #d,-,18,4446,2374,1921,239,1,249329,15458,4446,2377,1947,4441,2374,1916,96,100,0,501,4626;
@400000005e425e0b1a0b5c32 #d,-,18,4449,2375,1932,240,1,249619,15476,4449,2377,1963,4446,2374,1897,96,100,0,501,4633;
@400000005e425e0b1a1780f3 #d,-,18,4452,2375,1928,241,1,249906,15494,4452,2377,1941,4449,2374,1915,96,100,0,501,4623;
@400000005e425e0d1a28bbb1 #d,-,18,4456,2378,1931,242,1,250194,15512,4456,2379,1940,4452,2375,1926,96,100,0,501,4638;
@400000005e425e0d1a3448a4 #d,-,18,4459,2374,1899,243,1,250477,15529,4459,2380,1944,4456,2374,1899,96,100,0,501,4640;
@400000005e425e0f1a44323f #d,-,18,4463,2374,1928,245,1,250764,15547,4463,2376,1966,4459,2374,1898,96,100,0,501,4640;
@400000005e425e0f1a4eb5c5 #d,-,18,4465,2374,1941,246,1,251047,15564,4465,2377,1946,4463,2373,1926,96,100,0,501,4638;
@400000005e425e111a5f20d4 #d,-,18,4470,2373,1948,247,1,251428,15588,4470,2376,1956,4465,2373,1927,96,100,0,501,4649;
@400000005e425e111a6a40d0 #d,-,18,4473,2372,1933,248,1,251609,15599,4473,2375,1948,4470,2372,1932,96,100,0,501,4652;
@400000005e425e131a7ad6b6 #d,-,18,4476,2374,1943,250,1,251889,15617,4476,2374,1958,4473,2372,1924,96,100,0,501,4647;
@400000005e425e131a85ac31 #d,-,18,4479,2374,1944,251,1,252166,15634,4479,2374,1947,4476,2372,1936,96,100,0,501,4654;
@400000005e425e151a94b824 #d,-,18,4482,2378,1177,252,1,252161,15634,4482,2379,1949,4479,2372,951,96,100,0,501,4654;
@400000005e425e151a9d79d5 #d,-,18,2581,2373,1163,253,1,251896,15617,4482,2378,1262,2581,2373,1114,84,100,0,501,3066;
@400000005e425e171aaa56fe #d,-,18,2529,2372,1153,253,1,251719,15606,2581,2375,1175,2529,2366,1150,90,100,0,501,2796;
@400000005e425e171ab33859 #d,-,18,2528,2371,1156,254,1,251351,15583,2529,2372,1171,2528,2370,1144,90,100,0,501,2796;
@400000005e425e191ac0924d #d,-,18,2525,2370,1152,255,1,251079,15566,2528,2371,1156,2525,2369,1149,90,100,0,501,2775;
@400000005e425e191ac8c84c #d,-,18,2522,2368,1154,255,1,250810,15550,2525,2370,1157,2522,2368,1149,90,100,0,501,2775;
@400000005e425e1b1ad5b815 #d,-,18,2520,2367,1149,256,1,250540,15533,2522,2369,1157,2520,2367,1147,90,100,0,501,2775;
@400000005e425e1b1addd311 #d,-,18,2516,2365,1144,257,1,250270,15516,2520,2367,1154,2516,2364,1144,90,100,0,501,2768;
@400000005e425e1d1aeab7ad #d,-,18,2512,2364,1148,258,1,249998,15499,2516,2366,1149,2512,2364,1138,91,100,0,501,2756;
@400000005e425e1d1af36e31 #d,-,18,2507,2366,1143,258,1,249729,15483,2512,2366,1149,2507,2364,1141,91,100,0,501,2749;
@400000005e425e1f1b0062a2 #d,-,18,2503,2366,1148,259,1,249554,15472,2507,2366,1151,2503,2364,1141,91,100,0,501,2749;
@400000005e425e1f1b08594c #d,-,18,2500,2365,1144,260,1,249197,15450,2503,2366,1153,2500,2363,1144,90,100,0,501,2751;
@400000005e425e211b155176 #d,-,18,2497,2364,1141,260,1,248932,15433,2500,2366,1147,2497,2363,1137,90,100,0,501,2751;
@400000005e425e211b1e27a5 #d,-,18,2493,2363,1144,261,1,248668,15417,2497,2365,1148,2493,2363,1136,91,100,0,501,2739;
@400000005e425e231b2b8199 #d,-,18,2489,2364,1133,262,1,248404,15401,2493,2365,1144,2489,2362,1133,90,100,0,501,2742;
@400000005e425e231b33ba63 #d,-,18,2486,2362,1139,262,1,248233,15390,2489,2365,1142,2486,2362,1133,90,100,0,501,2732;
@400000005e425e251b409018 #d,-,18,2482,2361,1142,263,1,247973,15374,2486,2363,1143,2482,2359,1136,90,100,0,501,2732;
@400000005e425e251b4978e7 #d,-,18,2480,2361,1141,264,1,247626,15352,2482,2363,1145,2480,2360,1137,90,100,0,501,2737;
@400000005e425e271b5d0d48 #d,-,18,2477,2356,2047,265,1,247531,15346,2480,2363,2361,2477,2356,1136,90,100,0,501,2732;
@400000005e425e271b6a9213 #d,-,18,4104,2357,2029,266,1,247844,15366,4104,2357,2117,2477,2355,1990,95,100,0,501,4296;
@400000005e425e291b7efca8 #d,-,18,4723,2359,2002,267,1,248261,15392,4723,2359,2109,4104,2356,2002,95,100,0,501,4927;
@400000005e425e291b8bba26 #d,-,18,4551,2360,1837,268,1,248506,15407,4723,2360,2002,4551,2356,1837,96,100,0,501,4730;
@400000005e425e2b1ba70223 #d,-,18,4441,2359,1951,270,1,248672,15417,4551,2360,1982,4441,2357,1833,96,100,0,501,4593;
@400000005e425e2b1bb76978 #d,-,18,4441,2358,1917,271,1,248924,15433,4441,2360,1951,4441,2358,1914,96,100,0,501,4597;
@400000005e425e2d1bc9b517 #d,-,18,4444,2358,1937,272,1,249178,15449,4444,2360,1947,4441,2358,1917,96,100,0,501,4612;
@400000005e425e2d1bd4f877 #d,-,18,4445,2357,1945,273,1,249430,15464,4445,2360,1959,4444,2357,1912,96,100,0,501,4607;
@400000005e425e2f1be5bcef #d,-,18,4449,2357,1939,275,1,249683,15480,4449,2359,1970,4445,2356,1917,96,100,0,501,4628;
@400000005e425e2f1bf11797 #d,-,18,4452,2359,1944,276,1,250021,15501,4452,2359,1954,4449,2355,1930,96,100,0,501,4623;
@400000005e425e311bff53db #d,-,18,4454,2358,1943,277,1,250183,15511,4454,2359,1986,4452,2356,1900,96,100,0,501,4612;
@400000005e425e311c08589b #d,-,18,4458,2358,1953,278,1,250436,15527,4458,2359,1962,4454,2357,1936,96,100,0,501,4640;
@400000005e425e331c186dfb #d,-,18,4463,2357,1948,280,1,250686,15542,4463,2359,1970,4458,2357,1915,96,100,0,501,4638;
@400000005e425e331c2333a1 #d,-,18,4467,2359,1948,281,1,250935,15557,4467,2359,1960,4463,2356,1941,96,100,0,501,4645;
@400000005e425e351c318f8f #d,-,18,4470,2360,1952,282,1,251182,15573,4470,2360,1965,4467,2356,1938,96,100,0,501,4647;
@400000005e425e351c372c97 #d,-,18,4474,2359,1947,283,1,251430,15588,4474,2361,1961,4470,2358,1946,96,100,0,501,4647;
@400000005e425e371c46f002 #d,-,18,4477,2360,1975,285,1,251675,15603,4477,2362,1975,4474,2358,1913,96,100,0,501,4649;
@400000005e425e371c5213b8 #d,-,18,4476,2361,1931,286,1,251914,15618,4477,2363,2005,4476,2360,1860,96,100,0,501,4619;
@400000005e425e391c60e057 #d,-,18,4527,2364,1955,287,1,252159,15633,4527,2364,1964,4476,2361,1931,96,100,0,501,4673;
@400000005e425e391c6a2f98 #d,-,18,4524,2368,1390,288,1,252338,15645,4527,2368,1958,4524,2361,1390,97,100,0,501,4654;
@400000005e425e3b1c77204f #d,-,18,3288,2367,1202,289,1,252183,15635,4524,2369,1390,3288,2363,997,89,100,0,501,3687;
@400000005e425e3b1c7fee1c #d,-,18,2563,2367,1177,290,1,251948,15620,3288,2367,1202,2563,2365,1157,90,100,0,501,2846;
@400000005e425e3d1c8d20f2 #d,-,18,2558,2369,1153,290,1,251628,15600,2563,2369,1182,2558,2365,1152,91,100,0,501,2796;
@400000005e425e3d1c95c02e #d,-,18,2553,2369,1159,291,1,251390,15586,2558,2369,1163,2553,2367,1150,91,100,0,501,2791;
@400000005e425e3f1ca2f305 #d,-,18,2547,2370,1152,292,1,251153,15571,2553,2370,1160,2547,2368,1150,91,100,0,501,2777;
@400000005e425e3f1cabc48c #d,-,18,2542,2373,1153,292,1,250915,15556,2547,2373,1154,2542,2369,1145,91,100,0,501,2775;
@400000005e425e411cb8e01a #d,-,18,2489,2374,1147,293,1,250676,15541,2542,2374,1153,2489,2370,1143,90,100,0,501,2765;
@400000005e425e411cc17f56 #d,-,18,2489,2374,1143,294,1,250439,15527,2489,2374,1153,2489,2371,1143,90,100,0,501,2765;
@400000005e425e431cce5062 #d,-,18,2487,2372,1142,294,1,250200,15512,2489,2374,1147,2487,2372,1135,90,100,0,501,2756;
@400000005e425e431cd72a4b #d,-,18,2486,2371,1137,295,1,249963,15497,2487,2374,1148,2486,2371,1137,90,100,0,501,2753;
@400000005e425e451ce45106 #d,-,18,2483,2373,1139,296,1,249806,15488,2486,2375,1141,2483,2371,1135,90,100,0,501,2744;
@400000005e425e451cecf042 #d,-,18,2481,2372,1140,297,1,249571,15473,2483,2374,1143,2481,2372,1137,90,100,0,501,2744;
@400000005e425e471cfa0f8a #d,-,18,2480,2372,1136,297,1,249255,15453,2481,2374,1143,2480,2372,1132,90,100,0,501,2749;
@400000005e425e471d02cd82 #d,-,18,2477,2374,1135,298,1,249021,15439,2480,2375,1143,2477,2372,1132,90,100,0,501,2742;
@400000005e425e491d0fc5ac #d,-,18,2475,2374,1137,299,1,248788,15424,2477,2374,1140,2475,2372,1131,90,100,0,501,2737;
@400000005e425e491d189821 #d,-,18,2473,2374,1141,299,1,248557,15410,2475,2374,1141,2473,2372,1133,90,100,0,501,2739;
@400000005e425e4b1d25a020 #d,-,18,2471,2373,1133,300,1,248405,15401,2473,2374,1142,2471,2371,1133,90,100,0,501,2739;
@400000005e425e4b1d2e98c5 #d,-,18,2470,2372,1139,300,1,248098,15382,2471,2374,1141,2470,2371,1131,90,100,0,501,2744;
@400000005e425e4d1d3fcedb #d,-,18,2468,2367,2041,301,1,247996,15375,2470,2373,2353,2468,2365,1129,90,100,0,501,2732;
@400000005e425e4d1d4b86a5 #d,-,18,4044,2367,1946,303,1,248270,15392,4044,2368,2093,2468,2365,1940,95,100,0,501,4213;
@400000005e425e4f1d5c4fc4 #d,-,18,4703,2367,2011,304,1,248559,15410,4703,2368,2087,4044,2366,1946,96,100,0,501,4896;
@400000005e425e4f1d68a04b #d,-,18,4563,2367,1866,305,1,248778,15424,4703,2368,2011,4563,2366,1866,96,100,0,501,4747;
@400000005e425e511d764019 #d,-,18,4447,2367,1942,306,1,248998,15437,4563,2369,1964,4447,2366,1833,96,100,0,501,4593;
@400000005e425e511d7f2175 #d,-,18,4446,2366,1918,308,1,249296,15456,4447,2369,1942,4446,2366,1911,96,100,0,501,4604;
@400000005e425e531d901925 #d,-,18,4448,2368,1935,309,1,249442,15465,4448,2368,1949,4446,2366,1903,96,100,0,501,4607;
@400000005e425e531d9bc5c2 #d,-,18,4448,2369,1927,310,1,249662,15479,4448,2369,1959,4448,2366,1881,96,100,0,501,4612;
@400000005e425e551dadc326 #d,-,18,4451,2369,1939,311,1,249884,15492,4451,2369,1943,4448,2367,1917,96,100,0,501,4616;
@400000005e425e551db98e7f #d,-,18,4454,2369,1936,313,1,250101,15506,4454,2370,1956,4451,2368,1896,96,100,0,501,4623;
@400000005e425e571dcb1779 #d,-,18,4455,2370,1944,314,1,250321,15519,4455,2370,1945,4454,2367,1914,96,100,0,501,4621;
@400000005e425e571dd6edff #d,-,18,4458,2368,1941,315,1,250539,15533,4458,2370,1948,4455,2368,1920,96,100,0,501,4626;
@400000005e425e591de7bad8 #d,-,18,4461,2366,1943,316,1,250759,15547,4461,2370,1952,4458,2366,1912,96,100,0,501,4633;
@400000005e425e591df2dad4 #d,-,18,4464,2366,1942,318,1,250979,15560,4464,2369,1962,4461,2366,1932,96,100,0,501,4642;
@400000005e425e5b1e02d8ec #d,-,18,4468,2367,1943,319,1,251196,15574,4468,2368,1947,4464,2366,1933,96,100,0,501,4642;
@400000005e425e5b1e0da604 #d,-,18,4471,2367,1949,320,1,251416,15587,4471,2369,1956,4468,2367,1938,96,100,0,501,4642;
@400000005e425e5d1e1e3477 #d,-,18,4476,2367,1945,321,1,251633,15601,4476,2369,1952,4471,2366,1941,96,100,0,501,4657;
@400000005e425e5d1e2909f2 #d,-,18,4479,2369,1946,323,2,251850,15614,4479,2369,1954,4476,2367,1942,96,100,0,501,4654;
@400000005e425e5f1e37e666 #d,-,18,4483,2368,1947,324,2,252066,15628,4483,2369,1953,4479,2367,1943,96,100,0,501,4657;
@400000005e425e5f1e410e89 #d,-,18,4485,2373,1033,325,2,252161,15634,4485,2373,1950,4483,2366,1033,96,100,0,501,4649;
@400000005e425e611e4e265e #d,-,18,3070,2370,1183,326,2,251963,15621,4485,2373,1280,3070,2370,994,87,100,0,501,3505;
@400000005e425e611e56fb9e #d,-,18,2535,2370,1168,326,2,251753,15608,3070,2373,1183,2535,2370,1149,90,100,0,501,2813;
@400000005e425e631e64172c #d,-,18,2533,2371,1151,327,2,251540,15595,2535,2373,1175,2533,2370,1145,90,100,0,501,2787;
@400000005e425e631e6cb2af #d,-,18,2529,2371,1151,328,2,251328,15582,2533,2373,1158,2529,2371,1149,90,100,0,501,2782;
@400000005e425e651e799390 #d,-,18,2526,2372,1147,328,2,251114,15569,2529,2373,1151,2526,2371,1145,91,100,0,501,2772;
@400000005e425e651e827c60 #d,-,18,2522,2373,1151,329,2,250903,15556,2526,2373,1153,2522,2371,1146,91,100,0,501,2768;
@400000005e425e671e8f97ee #d,-,18,2518,2373,1141,330,2,250762,15547,2522,2373,1151,2518,2370,1138,91,100,0,501,2765;
@400000005e425e671e983e9d #d,-,18,2512,2373,1145,330,2,250551,15534,2518,2374,1147,2512,2370,1141,91,100,0,501,2753;
@400000005e425e691ea536c7 #d,-,18,2509,2373,1138,331,2,250265,15516,2512,2373,1145,2509,2371,1135,91,100,0,501,2753;
@400000005e425e691eadf967 #d,-,18,2504,2372,1140,332,2,250053,15503,2509,2373,1143,2504,2370,1136,91,100,0,501,2746;
@400000005e425e6b1ebb0167 #d,-,18,2499,2372,1144,332,2,249843,15490,2504,2372,1144,2499,2370,1139,91,100,0,501,2746;
@400000005e425e6b1ec3e67c #d,-,18,2496,2372,1135,333,2,249633,15477,2499,2372,1145,2496,2370,1135,90,100,0,501,2749;
@400000005e425e6d1ed1097d #d,-,18,2492,2373,1140,334,2,249495,15468,2496,2373,1140,2492,2370,1133,90,100,0,501,2739;
@400000005e425e6d1ed9a146 #d,-,18,2488,2373,1134,335,2,249214,15451,2492,2373,1141,2488,2371,1132,90,100,0,501,2739;
@400000005e425e6f1ee6ef1f #d,-,18,2485,2371,1134,335,2,249006,15438,2488,2374,1139,2485,2371,1133,90,100,0,501,2737;
@400000005e425e6f1eefccc1 #d,-,18,2482,2372,1136,336,2,248799,15425,2485,2373,1139,2482,2371,1133,90,100,0,501,2737;
@400000005e425e711efcf37c #d,-,18,2479,2371,1128,337,2,248592,15412,2482,2373,1138,2479,2371,1128,90,100,0,501,2737;
@400000005e425e711f058eff #d,-,18,2475,2370,1136,337,2,248455,15404,2479,2373,1136,2475,2370,1127,90,100,0,501,2725;
@400000005e425e731f16448f #d,-,18,2471,2369,2016,338,2,248354,15397,2475,2372,2221,2471,2367,1130,90,100,0,501,2725;
@400000005e425e731f214c54 #d,-,18,3994,2367,1973,339,2,248527,15408,3994,2369,2112,2471,2366,1973,96,100,0,501,4152;
@400000005e425e751f32d0a6 #d,-,18,4721,2365,1988,341,2,248776,15424,4721,2367,2085,3994,2364,1927,95,100,0,501,4924;
@400000005e425e751f3e75d0 #d,-,18,4545,2365,1865,342,2,248979,15436,4721,2367,2014,4545,2364,1865,95,100,0,501,4744;
@400000005e425e771f4f949d #d,-,18,4445,2365,1947,343,2,249173,15448,4545,2367,1981,4445,2364,1813,97,100,0,501,4578;
@400000005e425e771f5bcced #d,-,18,4443,2365,1918,344,2,249370,15460,4445,2366,1950,4443,2364,1911,96,100,0,501,4595;
@400000005e425e791f6d1b3b #d,-,18,4446,2366,1933,346,2,249569,15473,4446,2368,1943,4443,2365,1918,96,100,0,501,4612;
@400000005e425e791f789fcc #d,-,18,4447,2367,1937,347,2,249763,15485,4447,2368,1937,4446,2366,1905,96,100,0,501,4607;
@400000005e425e7b1f8a89a1 #d,-,18,4447,2367,1924,348,2,249958,15497,4447,2367,1952,4447,2366,1917,96,100,0,501,4607;
@400000005e425e7b1f96a7dd #d,-,18,4450,2367,1943,349,2,250155,15509,4450,2367,1949,4447,2365,1918,96,100,0,501,4612;
@400000005e425e7d1fa77870 #d,-,18,4452,2366,1941,351,2,250350,15521,4452,2367,1947,4450,2364,1911,96,100,0,501,4623;
@400000005e425e7d1fb2da8c #d,-,18,4454,2366,1943,352,2,250613,15538,4454,2367,1948,4452,2364,1920,96,100,0,501,4616;
@400000005e425e7f1fc34d0e #d,-,18,4457,2365,1947,353,2,250741,15545,4457,2366,1951,4454,2363,1931,96,100,0,501,4623;
@400000005e425e7f1fce0b40 #d,-,18,4461,2363,1959,354,2,250938,15558,4461,2365,1968,4457,2362,1916,96,100,0,501,4640;
@400000005e425e811fde99b3 #d,-,18,4466,2363,1947,356,2,251135,15570,4466,2364,1959,4461,2362,1944,96,100,0,501,4652;
@400000005e425e811fe94f83 #d,-,18,4470,2364,1957,357,2,251330,15582,4470,2366,1957,4466,2363,1926,96,100,0,501,4649;
@400000005e425e831ff96c57 #d,-,18,4474,2363,1957,358,2,251595,15598,4474,2366,1966,4470,2363,1938,96,100,0,501,4647;
@400000005e425e8320043e18 #d,-,18,4478,2365,1952,359,2,251790,15611,4478,2367,1961,4474,2363,1945,96,100,0,501,4659;
@400000005e425e8520136154 #d,-,18,4482,2365,1954,361,2,251917,15618,4482,2367,1958,4478,2364,1946,96,100,0,501,4659;
@400000005e425e85201cb44f #d,-,18,4485,2369,1163,362,2,251923,15619,4485,2371,1954,4482,2364,969,96,100,0,501,4657;
@400000005e425e872029a417 #d,-,18,2645,2370,1156,362,2,251744,15608,4485,2370,1269,2645,2368,1127,84,100,0,501,3114;
@400000005e425e87203281b9 #d,-,18,2547,2369,1170,363,2,251556,15596,2645,2370,1178,2547,2368,1146,90,100,0,501,2810;
@400000005e425e89203f7270 #d,-,18,2543,2369,1154,364,2,251366,15584,2547,2370,1172,2543,2366,1146,91,100,0,501,2782;
@400000005e425e8920480df2 #d,-,18,2539,2364,1155,364,2,251176,15572,2543,2369,1161,2539,2364,1153,91,100,0,501,2784;
@400000005e425e8b20553d0f #d,-,18,2534,2362,1146,365,2,250985,15561,2539,2366,1157,2534,2362,1146,91,100,0,501,2770;
@400000005e425e8b205e1250 #d,-,18,2528,2364,1147,366,2,250792,15549,2534,2364,1151,2528,2361,1141,91,100,0,501,2763;
@400000005e425e8d206b2a24 #d,-,18,2475,2362,1144,366,2,250599,15537,2528,2364,1148,2475,2362,1143,90,100,0,500,2749;
@400000005e425e8d2073cd1a #d,-,18,2475,2363,1151,367,2,250408,15525,2475,2364,1151,2475,2362,1142,89,100,0,500,2751;
@400000005e425e8f20808e51 #d,-,18,2476,2362,1144,368,2,250284,15517,2476,2364,1151,2475,2362,1143,90,100,0,500,2751;
@400000005e425e8f208960c6 #d,-,18,2475,2363,1141,368,2,250027,15501,2476,2364,1147,2475,2360,1137,90,100,0,501,2749;
@400000005e425e912096800e #d,-,18,2474,2362,1141,369,2,249836,15489,2475,2363,1145,2474,2361,1137,90,100,0,501,2734;
@400000005e425e91209f74f9 #d,-,18,2473,2360,1141,370,2,249647,15478,2474,2362,1146,2473,2360,1140,90,100,0,501,2742;
@400000005e425e9320ac6d23 #d,-,18,2472,2360,1138,371,2,249457,15466,2473,2362,1143,2472,2360,1136,90,100,0,501,2734;
@400000005e425e9320b52ed4 #d,-,18,2469,2362,1140,371,2,249267,15454,2472,2363,1141,2469,2360,1136,90,100,0,501,2730;
@400000005e425e9520c2331a #d,-,18,2468,2363,1141,372,2,249079,15442,2469,2363,1142,2468,2360,1134,90,100,0,501,2730;
@400000005e425e9520cb1830 #d,-,18,2467,2360,1132,373,2,248891,15431,2468,2363,1141,2467,2360,1129,90,100,0,501,2730;
@400000005e425e9720db3d65 #d,-,18,2464,2362,1133,373,2,248702,15419,2467,2363,1136,2464,2360,1129,90,100,0,501,2718;
@400000005e425e9720e674aa #d,-,18,2462,2359,2156,374,2,248605,15413,2464,2362,2332,2462,2357,1132,90,100,0,501,2723;
@400000005e425e9920fe4d7b #d,-,18,3970,2356,2052,375,2,248831,15427,3970,2359,2156,2462,2355,2034,96,100,0,501,4135;
@400000005e425e9921118b3f #d,-,18,4741,2356,2013,377,2,249064,15442,4741,2357,2104,3970,2355,2013,95,100,0,501,4955;
@400000005e425e9b2123ac07 #d,-,18,4567,2357,1905,378,2,249239,15452,4741,2357,2013,4567,2354,1883,96,100,0,501,4744;
@400000005e425e9b212df89a #d,-,18,4431,2355,1979,379,2,249415,15463,4567,2357,1991,4431,2354,1830,96,100,0,501,4578;
@400000005e425e9d213ccd9b #d,-,18,4432,2354,1943,380,2,249657,15478,4432,2356,1981,4431,2353,1913,96,100,0,501,4602;
@400000005e425e9d21418499 #d,-,18,4437,2354,1952,382,2,249773,15485,4437,2357,1966,4432,2353,1903,96,100,0,501,4614;
@400000005e425e9f214a5ac8 #d,-,18,4439,2355,1935,383,2,249950,15496,4439,2355,1955,4437,2353,1919,96,100,0,501,4604;
@400000005e425e9f214f6fd7 #d,-,18,4442,2355,1942,384,2,250127,15507,4442,2355,1954,4439,2353,1925,96,100,0,501,4614;
@400000005e425ea121625f5f #d,-,18,4445,2354,1950,385,2,250307,15519,4445,2355,1953,4442,2353,1937,96,100,0,501,4614;
@400000005e425ea1216fcce2 #d,-,18,4448,2353,1949,387,2,250483,15529,4448,2356,1961,4445,2353,1923,96,100,0,501,4614;
@400000005e425ea32181687c #d,-,18,4452,2356,1949,388,2,250725,15544,4452,2356,1976,4448,2353,1915,96,100,0,501,4630;
@400000005e425ea3218cce52 #d,-,18,4457,2356,1908,389,2,250900,15555,4457,2356,1971,4452,2353,1903,96,100,0,501,4630;
@400000005e425ea5219d879c #d,-,18,4460,2353,1951,390,2,251017,15563,4460,2356,1974,4457,2353,1908,96,100,0,501,4638;
@400000005e425ea521a87818 #d,-,18,4463,2352,1959,392,2,251195,15574,4463,2355,1959,4460,2352,1943,96,100,0,501,4633;
@400000005e425ea721b91dd4 #d,-,18,4467,2354,1966,393,2,251370,15584,4467,2354,1985,4463,2351,1909,96,100,0,501,4638;
@400000005e425ea721c3dfc0 #d,-,18,4469,2353,1962,394,2,251548,15596,4469,2354,1967,4467,2351,1947,96,100,0,501,4638;
@400000005e425ea921d3c2d6 #d,-,18,4473,2352,1950,395,2,251722,15606,4473,2354,1993,4469,2351,1909,96,100,0,501,4649;
@400000005e425ea921deedff #d,-,18,4475,2354,1933,397,2,251958,15621,4475,2354,1965,4473,2351,1933,96,100,0,501,4638;
@400000005e425eab21ed7ff1 #d,-,18,4478,2359,1091,398,2,252049,15627,4478,2359,1982,4475,2351,1091,96,100,0,501,4642;
@400000005e425eab21f6da5f #d,-,18,3090,2357,1162,398,2,251811,15612,4478,2359,1254,3090,2357,984,87,100,0,501,3519;
@400000005e425ead22040e24 #d,-,18,2505,2360,1172,399,2,251638,15601,3090,2361,1178,2505,2357,1149,90,100,0,501,2772;
@400000005e425ead220cac72 #d,-,18,2505,2359,1151,400,2,251465,15590,2505,2360,1179,2505,2357,1146,89,100,0,501,2784;
@400000005e425eaf2219b471 #d,-,18,2506,2360,1157,400,2,251292,15580,2506,2361,1162,2505,2359,1149,90,100,0,501,2777;
@400000005e425eaf22227357 #d,-,18,2505,2360,1148,401,2,251118,15569,2506,2362,1157,2505,2360,1148,90,100,0,501,2765;
@400000005e425eb1222f67c8 #d,-,18,2504,2361,1152,402,2,251004,15562,2505,2361,1156,2504,2359,1148,90,100,0,501,2763;
@400000005e425eb12238447c #d,-,18,2502,2362,1143,402,2,250769,15547,2504,2362,1154,2502,2359,1142,90,100,0,501,2758;
@400000005e425eb32245836e #d,-,18,2499,2360,1148,403,2,250595,15536,2502,2362,1152,2499,2360,1142,90,100,0,501,2749;
@400000005e425eb3224e1ef0 #d,-,18,2497,2361,1146,404,2,250422,15526,2499,2362,1153,2497,2360,1143,90,100,0,501,2756;
@400000005e425eb5225b7082 #d,-,18,2495,2363,1147,404,2,250249,15515,2497,2363,1149,2495,2361,1143,90,100,0,501,2751;
@400000005e425eb5226442f8 #d,-,18,2493,2363,1140,405,2,250076,15504,2495,2364,1153,2493,2362,1139,90,100,0,501,2746;
@400000005e425eb722717214 #d,-,18,2490,2362,1144,406,2,249904,15494,2493,2363,1145,2490,2361,1138,90,100,0,501,2742;
@400000005e425eb7227a0535 #d,-,18,2488,2360,1136,406,2,249730,15483,2490,2363,1144,2488,2360,1136,90,100,0,501,2742;
@400000005e425eb922871861 #d,-,18,2484,2363,1141,407,2,249558,15472,2488,2363,1141,2484,2360,1136,90,100,0,501,2734;
@400000005e425eb9228ff9bd #d,-,18,2481,2364,1137,408,2,249386,15461,2484,2364,1142,2481,2362,1136,90,100,0,501,2732;
@400000005e425ebb229d4023 #d,-,18,2479,2364,1140,409,2,249214,15451,2481,2364,1141,2479,2363,1136,90,100,0,501,2734;
@400000005e425ebb22a5dba5 #d,-,18,2476,2363,1133,409,2,249043,15440,2479,2365,1141,2476,2363,1133,90,100,0,501,2732;
@400000005e425ebd22b5c9e8 #d,-,18,2472,2358,2257,410,2,248947,15434,2476,2364,2434,2472,2358,1131,90,100,0,501,2725;
@400000005e425ebd22c07fb8 #d,-,18,3910,2360,2069,411,2,249207,15450,3910,2360,2257,2472,2357,2018,94,100,0,501,4133;
@400000005e425ebf22d2c3e4 #d,-,18,4735,2361,2030,413,2,249361,15460,4735,2361,2104,3910,2358,2024,95,100,0,501,4941;
@400000005e425ebf22df27fa #d,-,18,4583,2362,1920,414,2,249524,15470,4735,2362,2030,4583,2360,1891,96,100,0,501,4754;
@400000005e425ec122f061ca #d,-,18,4441,2360,1973,415,2,249682,15480,4583,2362,1986,4441,2359,1828,96,100,0,501,4585;
@400000005e425ec122fbcb59 #d,-,18,4441,2359,1928,416,2,249846,15490,4441,2362,1992,4441,2359,1903,96,100,0,501,4609;
@400000005e425ec3230da647 #d,-,18,4444,2359,1942,418,2,250009,15500,4444,2362,1972,4441,2359,1893,96,100,0,501,4609;
@400000005e425ec32319f226 #d,-,18,4445,2360,1951,419,2,250228,15514,4445,2360,1951,4444,2358,1913,96,100,0,501,4607;
@400000005e425ec5232b57bb #d,-,18,4446,2360,1936,420,2,250391,15524,4446,2361,1951,4445,2358,1928,96,100,0,501,4609;
@400000005e425ec52336ec22 #d,-,18,4450,2359,1951,421,2,250496,15530,4450,2360,1953,4446,2357,1921,96,100,0,501,4621;
@400000005e425ec723477321 #d,-,18,4451,2357,1953,423,2,250657,15540,4451,2360,1976,4450,2357,1895,96,100,0,501,4607;
@400000005e425ec723529a91 #d,-,18,4455,2359,1952,424,2,250822,15550,4455,2359,1959,4451,2356,1943,96,100,0,500,4638;
@400000005e425ec923606d97 #d,-,18,4461,2357,1955,425,2,250986,15561,4461,2359,1963,4455,2357,1927,96,100,0,500,4642;
@400000005e425ec923694691 #d,-,18,4464,2358,1941,426,2,251149,15571,4464,2360,1959,4461,2357,1941,96,100,0,500,4638;
@400000005e425ecb237909fd #d,-,18,4468,2360,1950,428,2,251370,15584,4468,2360,1967,4464,2357,1941,96,100,0,500,4645;
@400000005e425ecb2383d804 #d,-,18,4473,2357,1951,429,2,251534,15595,4473,2360,1959,4468,2357,1946,96,100,0,500,4657;
@400000005e425ecd23948533 #d,-,18,4477,2358,1968,430,2,251640,15601,4477,2360,1970,4473,2357,1931,96,100,0,500,4657;
@400000005e425ecd239f7a58 #d,-,18,4480,2359,1953,431,2,251801,15611,4480,2359,1968,4477,2358,1945,96,100,0,500,4649;
@400000005e425ecf23ae71ce #d,-,18,4484,2357,1949,433,2,251963,15621,4484,2359,1962,4480,2356,1946,96,100,0,500,4652;
@400000005e425ecf23b7b13a #d,-,18,4486,2362,1016,434,2,252007,15624,4486,2364,1958,4484,2357,1003,96,100,0,500,4652;
@400000005e425ed123c4c0ac #d,-,18,2922,2364,1164,434,2,251861,15615,4486,2364,1305,2922,2361,1016,86,100,0,500,3374;
@400000005e425ed123cd9a95 #d,-,18,2539,2363,1165,435,2,251704,15605,2922,2364,1180,2539,2361,1147,90,100,0,500,2794;
@400000005e425ed323da4ce6 #d,-,18,2536,2362,1155,436,2,251602,15599,2539,2365,1178,2536,2362,1150,90,100,0,500,2791;
@400000005e425ed323e32e41 #d,-,18,2533,2364,1156,436,2,251443,15589,2536,2364,1160,2533,2361,1152,91,100,0,500,2782;
@400000005e425ed523f049d0 #d,-,18,2529,2361,1156,437,2,251229,15576,2533,2364,1159,2529,2361,1153,91,100,0,500,2770;
@400000005e425ed523f90054 #d,-,18,2526,2362,1151,438,2,251069,15566,2529,2364,1158,2526,2361,1149,91,100,0,500,2772;
@400000005e425ed72405e8a9 #d,-,18,2522,2363,1145,438,2,250909,15556,2526,2364,1151,2522,2362,1145,91,100,0,500,2761;
@400000005e425ed7240f236d #d,-,18,2516,2363,1145,439,2,250747,15546,2522,2363,1149,2516,2361,1140,91,100,0,500,2753;
@400000005e425ed9241c27b3 #d,-,18,2512,2361,1146,440,2,250588,15536,2516,2364,1149,2512,2361,1144,91,100,0,500,2744;
@400000005e425ed92424c335 #d,-,18,2508,2360,1147,441,2,250484,15530,2512,2363,1149,2508,2359,1145,91,100,0,500,2753;
@400000005e425edb24317498 #d,-,18,2504,2364,1141,441,2,250270,15516,2508,2364,1149,2504,2359,1141,91,100,0,500,2751;
@400000005e425edb243a523a #d,-,18,2500,2363,1143,442,2,250111,15506,2504,2364,1144,2500,2362,1139,91,100,0,500,2744;
@400000005e425edd24475df3 #d,-,18,2497,2365,1143,443,2,249953,15497,2500,2365,1147,2497,2362,1142,90,100,0,500,2744;
@400000005e425edd244ffd2f #d,-,18,2494,2364,1145,443,2,249796,15487,2497,2365,1148,2494,2363,1138,90,100,0,500,2744;
@400000005e425edf245cea2c #d,-,18,2491,2362,1138,444,2,249638,15477,2494,2365,1146,2491,2362,1137,90,100,0,500,2742;
@400000005e425edf2465a824 #d,-,18,2488,2363,1138,445,2,249480,15467,2491,2363,1140,2488,2362,1134,90,100,0,500,2737;
@400000005e425ee124763697 #d,-,18,2484,2362,1137,445,2,249322,15457,2488,2364,1140,2484,2362,1136,91,100,0,500,2727;
@400000005e425ee124815a4c #d,-,18,2480,2360,2348,446,2,249231,15452,2484,2363,2427,2480,2358,1137,90,100,0,500,2732;
@400000005e425ee3248eeb33 #d,-,18,3870,2358,2045,447,2,249466,15466,3870,2360,2348,2480,2357,2045,94,100,0,500,4104;
@400000005e425ee32497d402 #d,-,18,4713,2358,2031,449,2,249606,15475,4713,2359,2106,3870,2356,1966,95,100,0,500,4939;
@400000005e425ee524a97f71 #d,-,18,4579,2359,1921,450,2,249755,15484,4713,2359,2031,4579,2357,1880,96,100,0,500,4763;
@400000005e425ee524b6a71b #d,-,18,4439,2357,1941,451,2,249899,15493,4579,2360,1977,4439,2357,1830,97,100,0,500,4576;
@400000005e425ee724c98315 #d,-,18,4439,2359,1935,452,2,250049,15503,4439,2360,1959,4439,2357,1911,96,100,0,500,4600;
@400000005e425ee724d63477 #d,-,18,4442,2359,1946,454,2,250199,15512,4442,2360,1954,4439,2358,1915,96,100,0,500,4609;
@400000005e425ee924e9d405 #d,-,18,4443,2359,1925,455,2,250348,15521,4443,2361,1966,4442,2359,1902,96,100,0,500,4612;
@400000005e425ee924f6fbaf #d,-,18,4447,2359,1907,456,2,250496,15530,4447,2362,1956,4443,2359,1904,96,100,0,500,4621;
@400000005e425eeb2509527b #d,-,18,4449,2359,1920,457,2,250700,15543,4449,2361,1968,4447,2359,1903,96,100,0,500,4612;
@400000005e425eeb25151661 #d,-,18,4453,2361,1944,459,2,250798,15549,4453,2362,1955,4449,2359,1920,96,100,0,500,4628;
@400000005e425eed25287efc #d,-,18,4457,2359,1940,460,2,250948,15558,4457,2362,1977,4453,2359,1910,96,100,0,501,4630;
@400000005e425eed253442e1 #d,-,18,4461,2361,1907,461,2,251097,15568,4461,2362,1960,4457,2358,1907,96,100,0,501,4640;
@400000005e425eef254780a5 #d,-,18,4464,2361,1943,462,2,251248,15577,4464,2362,1986,4461,2360,1903,96,100,0,501,4640;
@400000005e425eef2554987a #d,-,18,4466,2362,1944,464,2,251450,15589,4466,2363,1964,4464,2360,1919,96,100,0,501,4626;
@400000005e425ef1255ebdef #d,-,18,4470,2362,1941,465,2,251546,15595,4470,2363,1954,4466,2360,1941,96,100,0,501,4642;
@400000005e425ef12563a37f #d,-,18,4472,2363,1956,466,2,251695,15605,4472,2363,1960,4470,2361,1928,96,100,0,501,4642;
@400000005e425ef32572f54b #d,-,18,4476,2363,1954,467,2,251845,15614,4476,2364,1962,4472,2361,1943,96,100,0,501,4649;
@400000005e425ef3257d78d1 #d,-,18,4480,2361,1950,469,2,251993,15623,4480,2363,1963,4476,2360,1939,96,100,0,501,4654;
@400000005e425ef5258c1325 #d,-,18,4483,2360,1964,470,2,252143,15632,4483,2362,1966,4480,2360,1942,96,100,0,501,4657;
@400000005e425ef5259532e7 #d,-,18,3647,2364,1132,471,2,252013,15624,4483,2367,1964,3647,2360,964,89,100,0,501,4074;
@400000005e425ef725a1f50d #d,-,18,2579,2365,1159,471,2,251921,15619,3647,2366,1180,2579,2362,1132,91,100,0,501,2825;
@400000005e425ef725ab0d5b #d,-,18,2525,2366,1162,472,2,251724,15606,2579,2366,1165,2525,2364,1159,90,100,0,501,2789;
@400000005e425ef925b82ca3 #d,-,18,2525,2367,1160,473,2,251579,15597,2525,2367,1164,2525,2364,1158,90,100,0,501,2789;
@400000005e425ef925c0cf99 #d,-,18,2524,2366,1156,473,2,251432,15588,2525,2367,1162,2524,2365,1154,90,100,0,501,2787;
@400000005e425efb25cdb434 #d,-,18,2521,2367,1155,474,2,251286,15579,2524,2368,1159,2521,2366,1155,90,100,0,501,2779;
@400000005e425efb25d69d03 #d,-,18,2519,2368,1151,475,2,251190,15573,2521,2369,1159,2519,2366,1150,90,100,0,501,2777;
@400000005e425efd25e39174 #d,-,18,2516,2369,1149,475,2,250992,15561,2519,2369,1153,2516,2366,1146,90,100,0,501,2768;
@400000005e425efd25ec3ccb #d,-,18,2513,2366,1140,476,2,250844,15552,2516,2369,1152,2513,2366,1140,90,100,0,501,2763;
@400000005e425eff25f95c13 #d,-,18,2508,2368,1145,477,2,250697,15543,2513,2368,1148,2508,2366,1140,91,100,0,501,2749;
@400000005e425eff26021a0b #d,-,18,2505,2368,1147,478,2,250550,15534,2508,2368,1152,2505,2366,1143,90,100,0,501,2756;
@400000005e425f01260e9923 #d,-,18,2502,2367,1144,478,2,250403,15525,2505,2368,1149,2502,2365,1142,90,100,0,501,2756;
@400000005e425f012617b9d3 #d,-,18,2498,2366,1144,479,2,250256,15515,2502,2367,1146,2498,2366,1141,90,100,0,501,2746;
@400000005e425f032624f41d #d,-,18,2495,2363,1143,480,2,250160,15509,2498,2367,1145,2495,2363,1136,90,100,0,501,2751;
@400000005e425f03262d873e #d,-,18,2491,2368,1135,480,2,249962,15497,2495,2368,1145,2491,2363,1130,91,100,0,501,2737;
@400000005e425f05263a29b9 #d,-,18,2488,2367,1137,481,2,249815,15488,2491,2368,1142,2488,2366,1135,91,100,0,500,2734;
@400000005e425f0526432706 #d,-,18,2484,2368,1137,482,2,249669,15479,2488,2369,1141,2484,2367,1137,90,100,0,501,2734;
@400000005e425f072659660f #d,-,18,2482,2367,1138,482,2,249524,15470,2484,2369,1141,2482,2367,1135,90,100,0,501,2737;
@400000005e425f07266924d3 #d,-,18,2480,2366,2311,483,2,249433,15464,2482,2370,2315,2480,2365,1138,90,100,0,501,2742;
@400000005e425f09267b751a #d,-,18,3813,2366,2102,484,3,249651,15478,3813,2366,2311,2480,2364,2014,95,100,0,501,4010;
@400000005e425f092687b124 #d,-,18,4731,2366,2053,486,3,249782,15486,4731,2367,2102,3813,2363,2006,95,100,0,501,4931;
Lost connection at /opt/powertools/bin/wattsup1 line 220.
	main::failure('Lost connection') called at /opt/powertools/bin/wattsup1 line 271
	main::recv_msg() called at /opt/powertools/bin/wattsup1 line 504
