@400000005e65f68d049c9e63 #v,-,8,1,65178,5,2,4,57,200810261703,0;
@400000005e65f68d2e9a2d3c #h,-,18,W,V,A,WH,Cost,WH/Mo,Cost/Mo,Wmax,Vmax,Amax,Wmin,Vmin,Amin,PF,DC,PC,Hz,VA;
@400000005e65f68d34aec504 #f,-,48,177,436,1,4803,0,0,65535,0,150,1177,177,10481,276,203,3340,13,121719,86,50084,105837,25,2629,11458,0,64,1,4686,0,0,65535,0,150,1030,182,11055,266,212,3240,13,121394,92,49362,104176,24,2613,13005,0,71;
@400000005e65f68f34c6e0e4 #d,-,18,2776,2358,1185,1,0,191656,11882,2779,2360,1212,2775,2358,1171,98,100,0,500,2806;
@400000005e65f69134d90566 #d,-,18,2777,2358,1182,2,0,193619,12004,2777,2360,1187,2776,2357,1178,98,100,0,500,2821;
@400000005e65f69134e36587 #d,-,18,2775,2356,1183,3,0,194672,12069,2777,2360,1183,2775,2356,1181,99,100,0,500,2796;
@400000005e65f69334f3e06c #d,-,18,2773,2357,1185,3,0,199151,12347,2775,2358,1185,2773,2356,1183,99,100,0,500,2797;
@400000005e65f69334fdee99 #d,-,18,2772,2357,1184,4,0,195760,12137,2773,2357,1186,2772,2354,1184,99,100,0,500,2796;
@400000005e65f695350db204 #d,-,18,2771,2353,1202,5,0,196423,12178,2772,2357,1215,2771,2349,1184,99,100,0,500,2797;
@400000005e65f69535189b0e #d,-,18,2773,2354,1184,6,0,196568,12187,2773,2356,1202,2771,2353,1177,98,100,0,500,2822;
@400000005e65f69735288950 #d,-,18,2772,2355,1184,6,0,196717,12196,2773,2355,1186,2772,2353,1183,99,100,0,500,2796;
@400000005e65f6973532e1ff #d,-,18,2770,2355,1184,7,0,196847,12204,2772,2355,1186,2770,2353,1184,99,100,0,500,2796;
@400000005e65f6993542b80b #d,-,18,2769,2354,1184,8,0,196954,12211,2770,2355,1186,2769,2353,1183,99,100,0,500,2796;
@400000005e65f699354cf5b7 #d,-,18,2769,2353,1212,9,0,198851,12328,2769,2355,1215,2769,2352,1184,99,100,0,500,2796;
@400000005e65f69b355d44d6 #d,-,18,2771,2354,1185,9,0,198773,12323,2771,2354,1212,2769,2352,1177,98,100,0,500,2822;
@400000005e65f69b35677ec8 #d,-,18,2770,2353,1184,10,0,197314,12233,2771,2354,1185,2770,2352,1183,99,100,0,500,2796;
@400000005e65f69d35764b67 #d,-,18,2769,2352,1185,11,0,197355,12236,2770,2354,1188,2769,2352,1183,99,100,0,500,2794;
@400000005e65f69d35811d28 #d,-,18,2768,2352,1185,12,0,197398,12238,2769,2354,1188,2768,2352,1184,98,100,0,500,2796;
@400000005e65f69f35913642 #d,-,18,2767,2351,1217,13,0,197536,12247,2768,2353,1218,2767,2351,1185,98,100,0,500,2796;
@400000005e65f69f359bb520 #d,-,18,2770,2353,1186,13,0,198661,12317,2770,2353,1217,2767,2351,1178,98,100,0,500,2822;
@400000005e65f6a135abaf7e #d,-,18,2769,2351,1185,14,0,198618,12314,2770,2353,1186,2769,2350,1184,99,100,0,500,2796;
@400000005e65f6a135b6135a #d,-,18,2768,2352,1185,15,0,198589,12312,2769,2353,1187,2768,2351,1184,99,100,0,500,2794;
@400000005e65f6a335c4dc3f #d,-,18,2767,2354,1184,16,0,197622,12252,2768,2354,1186,2767,2352,1184,98,100,0,500,2796;
@400000005e65f6a335cfc9f0 #d,-,18,2766,2353,1216,16,0,197699,12257,2767,2354,1216,2766,2351,1184,98,100,0,500,2794;
@400000005e65f6a535df42da #d,-,18,2769,2352,1187,17,0,197728,12259,2769,2353,1217,2766,2351,1177,98,100,0,500,2822;
@400000005e65f6a535e9bdfe #d,-,18,2768,2351,1184,18,0,197728,12259,2769,2353,1187,2768,2350,1183,99,100,0,500,2790;
@400000005e65f6a735fa0e0b #d,-,18,2767,2352,1186,19,0,197732,12259,2768,2352,1186,2767,2349,1184,99,100,0,500,2792;
@400000005e65f6a73604ac93 #d,-,18,2766,2350,1186,19,0,197731,12259,2767,2352,1187,2766,2350,1185,99,100,0,500,2792;
@400000005e65f6a93615524f #d,-,18,2765,2351,1209,20,0,197767,12261,2766,2352,1209,2765,2350,1185,98,100,0,500,2794;
@400000005e65f6a9361f7b7e #d,-,18,2768,2353,1175,21,0,197792,12263,2768,2353,1217,2765,2351,1175,98,100,0,500,2824;
@400000005e65f6ab362f5ada #d,-,18,2765,2355,1181,22,0,197763,12261,2768,2355,1183,2765,2351,1175,99,100,0,500,2774;
@400000005e65f6ab363a340e #d,-,18,2763,2354,1180,23,0,198401,12300,2765,2355,1182,2763,2352,1179,99,100,0,500,2785;
@400000005e65f6ad364a50e2 #d,-,18,2761,2354,1179,23,0,197719,12258,2763,2355,1181,2761,2353,1178,99,100,0,500,2781;
@400000005e65f6ad3654b877 #d,-,18,2760,2354,1192,24,0,197709,12257,2761,2356,1192,2760,2353,1178,99,100,0,500,2783;
@400000005e65f6af36651859 #d,-,18,2762,2355,1178,25,0,197739,12259,2762,2356,1210,2760,2354,1172,98,100,0,500,2812;
@400000005e65f6af366fb327 #d,-,18,2760,2355,1179,26,0,198293,12294,2762,2356,1180,2760,2353,1178,99,100,0,500,2780;
@400000005e65f6b1367f4f75 #d,-,18,2758,2356,1179,26,0,197691,12256,2760,2356,1180,2758,2354,1177,99,100,0,500,2780;
@400000005e65f6b136896c89 #d,-,18,2757,2355,1179,27,0,197671,12255,2758,2356,1180,2757,2354,1178,99,100,0,500,2781;
@400000005e65f6b336992c3b #d,-,18,2756,2355,1181,28,0,197655,12254,2757,2356,1181,2756,2353,1178,99,100,0,500,2783;
@400000005e65f6b336a42160 #d,-,18,2759,2354,1176,29,0,197688,12256,2759,2357,1211,2756,2353,1171,98,100,0,500,2808;
@400000005e65f6b536b47438 #d,-,18,2757,2356,1173,29,0,197656,12254,2759,2357,1180,2757,2354,1172,99,100,0,500,2781;
@400000005e65f6b536bed548 #d,-,18,2754,2357,1176,30,0,197628,12252,2757,2357,1178,2754,2355,1173,99,100,0,500,2773;
@400000005e65f6b736cf9d79 #d,-,18,2753,2357,1176,31,0,197601,12251,2754,2358,1177,2753,2355,1175,99,100,0,500,2778;
@400000005e65f6b736da0243 #d,-,18,2752,2355,1177,32,0,198045,12278,2753,2357,1177,2752,2355,1175,99,100,0,500,2776;
@400000005e65f6b936e1be41 #d,-,18,2754,2356,1295,32,0,197752,12260,2754,2357,1295,2752,2354,1176,98,100,0,500,2797;
@400000005e65f6b936e53126 #d,-,18,3171,2353,1500,33,0,198885,12330,3171,2356,1509,2754,2353,1295,100,100,0,500,3171;
@400000005e65f6bb36f3a0a3 #d,-,18,3528,2352,1630,34,0,200366,12422,3528,2354,1672,3171,2352,1407,100,100,0,501,3528;
@400000005e65f6bb36fe180d #d,-,18,3850,2354,1653,35,0,202015,12524,3850,2354,1653,3528,2351,1630,99,100,0,500,3874;
@400000005e65f6bd370e4c29 #d,-,18,3851,2353,1646,36,0,203601,12623,3851,2354,1653,3850,2351,1646,99,100,0,500,3887;
@400000005e65f6bd3718a4d8 #d,-,18,3855,2354,1651,38,0,205178,12721,3855,2354,1678,3851,2351,1646,98,100,0,500,3894;
@400000005e65f6bf37218633 #d,-,18,3857,2354,1643,39,0,206639,12811,3857,2354,1651,3855,2351,1643,98,100,0,500,3904;
@400000005e65f6bf372591d5 #d,-,18,3858,2353,1674,40,0,208497,12926,3858,2354,1676,3857,2351,1643,99,100,0,500,3881;
@400000005e65f6c1372cada3 #d,-,18,3863,2352,1664,41,0,209474,12987,3863,2354,1674,3858,2351,1659,98,100,0,500,3922;
@400000005e65f6c137307e98 #d,-,18,3867,2352,1663,42,0,210821,13070,3867,2354,1667,3863,2351,1662,98,100,0,500,3917;
@400000005e65f6c3373ecab1 #d,-,18,3873,2352,1657,43,0,212154,13153,3873,2353,1696,3867,2351,1657,98,100,0,500,3928;
@400000005e65f6c33749e24b #d,-,18,3876,2352,1660,44,0,213384,13229,3876,2354,1661,3873,2352,1655,98,100,0,500,3933;
@400000005e65f6c5375ae617 #d,-,18,3878,2354,1671,45,0,214583,13304,3878,2354,1671,3876,2351,1657,99,100,0,500,3906;
@400000005e65f6c53765d2da #d,-,18,3881,2352,1663,46,0,215740,13375,3881,2354,1671,3878,2351,1661,98,100,0,500,3926;
@400000005e65f6c737762a5a #d,-,18,3882,2351,1666,47,0,216858,13445,3882,2352,1667,3881,2350,1662,99,100,0,500,3913;
@400000005e65f6c737811f7f #d,-,18,3885,2351,1679,48,0,217986,13515,3885,2351,1702,3882,2349,1663,99,100,0,500,3922;
@400000005e65f6c937907c79 #d,-,18,3890,2352,1665,49,0,219030,13579,3890,2352,1679,3885,2349,1663,98,100,0,500,3954;
@400000005e65f6c9379b138d #d,-,18,3892,2350,1667,50,0,220048,13643,3892,2352,1670,3890,2350,1665,99,100,0,500,3924;
@400000005e65f6cb37a95833 #d,-,18,3893,2350,1681,52,0,221409,13727,3893,2352,1682,3892,2350,1666,99,100,0,500,3928;
@400000005e65f6cb37b45c3e #d,-,18,3897,2351,1670,53,0,222008,13764,3897,2352,1681,3893,2350,1668,98,100,0,500,3944;
@400000005e65f6cd37bee737 #d,-,18,3899,2352,1691,54,0,222975,13824,3899,2352,1702,3897,2350,1668,99,100,0,500,3933;
@400000005e65f6cd37c96e77 #d,-,18,3903,2349,1671,55,0,223869,13879,3903,2352,1691,3899,2349,1662,98,100,0,500,3960;
@400000005e65f6cf37d99766 #d,-,18,3905,2350,1677,56,0,224745,13934,3905,2352,1677,3903,2349,1669,99,100,0,500,3933;
@400000005e65f6cf37e4f20e #d,-,18,3908,2351,1671,57,0,225612,13987,3908,2351,1692,3905,2349,1671,98,100,0,500,3954;
@400000005e65f6d137ef1b3d #d,-,18,3908,2349,1662,58,0,226407,14037,3908,2352,1672,3908,2349,1653,99,100,0,500,3933;
@400000005e65f6d137fa17d5 #d,-,18,3904,2352,1680,59,0,227528,14106,3908,2352,1683,3904,2349,1653,100,100,0,500,3904;
@400000005e65f6d33803fee5 #d,-,18,3903,2352,1651,60,0,227921,14131,3904,2353,1680,3903,2351,1644,99,100,0,500,3919;
@400000005e65f6d3380e1ce7 #d,-,18,3900,2352,1653,61,0,228641,14175,3903,2354,1659,3900,2352,1651,100,100,0,500,3900;
@400000005e65f6d5381f7a1b #d,-,18,3896,2352,1654,62,0,229334,14218,3900,2353,1655,3896,2351,1652,99,100,0,500,3899;
@400000005e65f6d5382a5bb1 #d,-,18,3894,2351,1654,64,0,230010,14260,3896,2354,1657,3894,2351,1652,99,100,0,500,3896;
@400000005e65f6d73838598f #d,-,18,3891,2354,1686,65,0,230689,14302,3894,2354,1686,3891,2351,1653,99,100,0,500,3897;
@400000005e65f6d738430432 #d,-,18,3892,2352,1654,66,0,231330,14342,3892,2354,1686,3891,2352,1644,99,100,0,500,3922;
@400000005e65f6d9384ebfb6 #d,-,18,3890,2354,1654,67,0,231949,14380,3892,2355,1654,3890,2352,1652,99,100,0,500,3894;
@400000005e65f6d9385a1a5e #d,-,18,3888,2355,1649,68,0,232548,14418,3890,2355,1655,3888,2352,1649,99,100,0,500,3896;
@400000005e65f6db386a4707 #d,-,18,3886,2354,1657,69,0,233156,14455,3888,2355,1672,3886,2352,1649,99,100,0,500,3894;
@400000005e65f6db38751066 #d,-,18,3886,2353,1690,70,0,233752,14492,3886,2355,1690,3886,2352,1653,99,100,0,500,3915;
@400000005e65f6dd3884f28e #d,-,18,3890,2355,1656,71,0,234331,14528,3890,2356,1694,3886,2353,1649,98,100,0,500,3938;
@400000005e65f6dd388f89a2 #d,-,18,3889,2355,1657,72,0,235182,14581,3890,2356,1661,3889,2354,1654,99,100,0,500,3904;
@400000005e65f6df389b688a #d,-,18,3889,2355,1657,73,0,235431,14596,3889,2357,1659,3889,2354,1656,99,100,0,500,3906;
@400000005e65f6df38a693b3 #d,-,18,3888,2357,1655,74,0,235957,14629,3889,2357,1658,3888,2355,1654,99,100,0,500,3908;
@400000005e65f6e138b71e6c #d,-,18,3888,2356,1678,75,0,236482,14661,3888,2357,1678,3888,2355,1655,99,100,0,500,3908;
@400000005e65f6e138c1f3e7 #d,-,18,3891,2355,1656,76,0,236999,14693,3891,2357,1690,3888,2354,1648,98,100,0,500,3938;
@400000005e65f6e338d2e06a #d,-,18,3890,2355,1658,78,0,237487,14724,3891,2356,1658,3890,2354,1651,99,100,0,500,3901;
@400000005e65f6e338dd7b38 #d,-,18,3889,2354,1657,79,0,237965,14753,3890,2356,1660,3889,2354,1654,99,100,0,500,3903;
@400000005e65f6e538eeebfb #d,-,18,3889,2355,1663,80,0,238449,14783,3889,2356,1672,3889,2353,1657,99,100,0,500,3910;
@400000005e65f6e538f9969e #d,-,18,3890,2357,1670,81,0,238911,14812,3890,2357,1670,3889,2355,1655,99,100,0,500,3922;
@400000005e65f6e739056d24 #d,-,18,3894,2358,1660,82,0,239389,14842,3894,2358,1694,3890,2355,1653,98,100,0,500,3945;
@400000005e65f6e739109494 #d,-,18,3894,2358,1659,83,0,239835,14869,3894,2358,1663,3894,2355,1659,99,100,0,500,3917;
@400000005e65f6e93921fa29 #d,-,18,3894,2356,1660,84,0,240273,14896,3894,2358,1663,3894,2355,1659,99,100,0,500,3920;
@400000005e65f6e9392cc742 #d,-,18,3895,2356,1661,85,0,240700,14923,3895,2357,1664,3894,2355,1660,99,100,0,500,3919;
@400000005e65f6eb3938c21a #d,-,18,3895,2355,1662,86,0,241377,14965,3895,2358,1662,3895,2355,1659,99,100,0,500,3919;
@400000005e65f6eb3943f95f #d,-,18,3899,2356,1655,87,0,241545,14975,3899,2357,1693,3895,2355,1653,98,100,0,500,3944;
@400000005e65f6ed395012f3 #d,-,18,3898,2357,1661,88,0,241946,15000,3899,2357,1663,3898,2355,1655,99,100,0,500,3919;
@400000005e65f6ed395af843 #d,-,18,3897,2359,1660,89,0,242337,15024,3898,2359,1662,3897,2356,1659,99,100,0,500,3919;
@400000005e65f6ef39692c25 #d,-,18,3897,2358,1662,90,0,242969,15064,3897,2359,1662,3897,2357,1657,99,100,0,500,3917;
@400000005e65f6ef3973e69d #d,-,18,3897,2358,1659,92,0,243097,15072,3897,2359,1663,3897,2356,1658,99,100,0,500,3919;
@400000005e65f6f1398484e5 #d,-,18,3900,2357,1654,93,0,243487,15096,3900,2359,1693,3897,2357,1653,99,100,0,500,3938;
@400000005e65f6f1398fcb11 #d,-,18,3900,2358,1658,94,0,243848,15118,3900,2359,1662,3900,2357,1654,99,100,0,500,3929;
@400000005e65f6f339a070cc #d,-,18,3900,2357,1662,95,0,244204,15140,3900,2360,1662,3900,2357,1658,99,100,0,500,3917;
@400000005e65f6f339ab428d #d,-,18,3899,2358,1660,96,0,244791,15177,3900,2359,1663,3899,2356,1659,99,100,0,500,3920;
@400000005e65f6f539b90205 #d,-,18,3899,2358,1658,97,0,244891,15183,3899,2358,1662,3899,2356,1658,99,100,0,500,3920;
@400000005e65f6f539c3bc7d #d,-,18,3901,2358,1649,98,0,245243,15205,3901,2360,1692,3899,2356,1649,99,100,0,500,3931;
@400000005e65f6f739cfd9cb #d,-,18,3901,2359,1659,99,0,245568,15225,3901,2360,1661,3901,2357,1648,99,100,0,500,3929;
@400000005e65f6f739db2fcb #d,-,18,3900,2359,1660,100,0,245889,15245,3901,2360,1661,3900,2357,1658,99,100,0,500,3919;
@400000005e65f6f939ecdb3a #d,-,18,3900,2357,1659,101,0,246202,15264,3900,2360,1660,3900,2357,1657,99,100,0,500,3917;
@400000005e65f6f939f7fb36 #d,-,18,3893,2359,1603,102,0,246435,15278,3900,2360,1659,3893,2357,1594,100,100,0,500,3893;
@400000005e65f6fb3a05aad9 #d,-,18,3773,2359,1607,103,0,246678,15294,3893,2360,1640,3773,2357,1603,99,100,0,500,3792;
@400000005e65f6fb3a109ffe #d,-,18,3775,2357,1610,104,0,246899,15307,3775,2359,1616,3773,2356,1604,98,100,0,500,3821;
@400000005e65f6fd3a1ce469 #d,-,18,3776,2357,1611,105,0,247119,15321,3776,2359,1614,3775,2356,1610,99,100,0,500,3803;
@400000005e65f6fd3a282f3c #d,-,18,3776,2359,1611,106,0,247334,15334,3776,2359,1612,3776,2357,1611,99,100,0,500,3805;
@400000005e65f6ff3a39bb01 #d,-,18,3777,2357,1612,107,0,247765,15361,3777,2359,1613,3776,2356,1610,99,100,0,500,3805;
@400000005e65f6ff3a44bf0d #d,-,18,3778,2357,1621,109,0,247773,15361,3778,2359,1642,3777,2356,1609,99,100,0,500,3803;
@400000005e65f7013a563beb #d,-,18,3781,2358,1611,110,0,247974,15374,3781,2359,1621,3778,2357,1605,98,100,0,501,3830;
@400000005e65f7013a613110 #d,-,18,3781,2358,1612,111,0,248175,15386,3781,2359,1613,3781,2357,1611,99,100,0,501,3805;
@400000005e65f7033a6e0990 #d,-,18,3781,2359,1612,112,0,248585,15412,3781,2359,1614,3781,2356,1610,99,100,0,501,3803;
@400000005e65f7033a78b079 #d,-,18,3781,2357,1611,113,0,248567,15411,3781,2359,1613,3781,2357,1611,99,100,0,501,3805;
@400000005e65f7053a84ba38 #d,-,18,3781,2358,1635,114,0,248778,15424,3781,2359,1643,3781,2356,1611,99,100,0,501,3803;
@400000005e65f7053a900c7f #d,-,18,3784,2356,1611,115,0,248963,15435,3784,2359,1635,3781,2356,1604,98,100,0,501,3830;
@400000005e65f7073aa0f548 #d,-,18,3783,2358,1613,116,0,249146,15447,3784,2358,1614,3783,2356,1610,99,100,0,501,3805;
@400000005e65f7073aabed38 #d,-,18,3783,2355,1612,117,0,249328,15458,3783,2358,1614,3783,2355,1612,99,100,0,501,3805;
@400000005e65f7093abd243d #d,-,18,3783,2356,1615,118,0,249507,15469,3783,2357,1615,3783,2354,1611,99,100,0,501,3801;
@400000005e65f7093ac87df7 #d,-,18,3783,2354,1644,119,0,249699,15481,3783,2356,1645,3783,2354,1612,99,100,0,501,3805;
@400000005e65f70b3ad543d7 #d,-,18,3785,2356,1615,120,0,249872,15492,3785,2356,1644,3783,2354,1605,98,100,0,501,3831;
@400000005e65f70b3ae0dbf7 #d,-,18,3785,2355,1613,121,0,250043,15502,3785,2357,1615,3785,2354,1612,99,100,0,501,3803;
@400000005e65f70d3aee594f #d,-,18,3785,2357,1612,122,0,250406,15525,3785,2357,1614,3785,2355,1612,99,100,0,501,3803;
@400000005e65f70d3af9cef9 #d,-,18,3784,2355,1612,123,0,250374,15523,3785,2357,1616,3784,2355,1612,99,100,0,501,3805;
@400000005e65f70f3b077ae2 #d,-,18,3784,2356,1644,124,0,250546,15533,3784,2357,1644,3784,2355,1611,99,100,0,501,3803;
@400000005e65f70f3b1258bf #d,-,18,3787,2355,1613,125,0,250711,15544,3787,2357,1645,3784,2354,1606,98,100,0,501,3831;
@400000005e65f7113b1e9d2a #d,-,18,3786,2356,1614,126,0,250868,15553,3787,2357,1615,3786,2354,1612,99,100,0,501,3801;
@400000005e65f7113b29ff46 #d,-,18,3785,2356,1613,127,0,251023,15563,3786,2357,1614,3785,2354,1612,99,100,0,501,3801;
@400000005e65f7133b3bb5e2 #d,-,18,3784,2354,1612,129,0,251362,15584,3785,2357,1614,3784,2354,1611,99,100,0,501,3803;
@400000005e65f7133b46c609 #d,-,18,3784,2356,1639,130,0,251328,15582,3784,2357,1639,3784,2354,1611,99,100,0,501,3803;
@400000005e65f7153b583f2d #d,-,18,3787,2354,1615,131,0,251484,15592,3787,2357,1645,3784,2354,1606,98,100,0,501,3831;
@400000005e65f7153b6371ca #d,-,18,3786,2355,1616,132,0,251815,15612,3787,2356,1616,3786,2353,1612,99,100,0,501,3801;
@400000005e65f7173b737fb7 #d,-,18,3785,2352,1615,133,0,251772,15609,3786,2355,1616,3785,2351,1613,99,100,0,501,3803;
@400000005e65f7173b7e7034 #d,-,18,3784,2354,1615,134,0,251915,15618,3785,2354,1617,3784,2351,1614,99,100,0,501,3801;
@400000005e65f7193b8be170 #d,-,18,3784,2353,1632,135,0,252058,15627,3784,2354,1632,3784,2352,1614,99,100,0,500,3807;
@400000005e65f7193b977e38 #d,-,18,3788,2352,1614,136,0,252207,15636,3788,2354,1647,3784,2351,1607,98,100,0,500,3837;
@400000005e65f71c000c6b89 #d,-,18,3786,2353,1616,137,0,252344,15645,3788,2354,1618,3786,2351,1613,99,100,0,500,3801;
@400000005e65f71c0017e4ed #d,-,18,3785,2352,1614,138,0,252475,15653,3786,2354,1617,3785,2352,1613,99,100,0,501,3801;
@400000005e65f71e00272b8c #d,-,18,3785,2353,1615,139,0,252606,15661,3785,2353,1616,3785,2351,1614,99,100,0,501,3801;
@400000005e65f71e00322bde #d,-,18,3784,2351,1618,140,0,252735,15669,3785,2353,1618,3784,2350,1613,99,100,0,501,3803;
@400000005e65f7200042d553 #d,-,18,3788,2353,1616,141,0,252875,15678,3788,2353,1649,3784,2351,1608,98,100,0,501,3830;
@400000005e65f720004d973f #d,-,18,3786,2350,1617,142,0,253003,15686,3788,2353,1618,3786,2350,1615,99,100,0,501,3803;
@400000005e65f722005af133 #d,-,18,3786,2354,1615,143,0,253128,15693,3786,2354,1618,3786,2350,1615,99,100,0,501,3805;
@400000005e65f7220066437a #d,-,18,3785,2354,1613,144,0,253250,15701,3786,2355,1616,3785,2352,1613,99,100,0,501,3803;
@400000005e65f7240076032c #d,-,18,3784,2354,1615,145,0,253371,15709,3785,2355,1615,3784,2352,1613,99,100,0,501,3803;
@400000005e65f72400810af1 #d,-,18,3787,2353,1608,146,0,253503,15717,3787,2355,1644,3784,2353,1606,99,100,0,501,3824;
@400000005e65f72600927bb4 #d,-,18,3786,2353,1615,147,0,253619,15724,3787,2355,1615,3786,2352,1608,99,100,0,501,3805;
@400000005e65f726009d784c #d,-,18,3785,2354,1613,148,0,253734,15731,3786,2354,1616,3785,2352,1613,99,100,0,501,3799;
@400000005e65f72800adad56 #d,-,18,3784,2349,1614,149,0,254012,15748,3785,2354,1618,3784,2349,1613,99,100,0,501,3801;
@400000005e65f72800b8570b #d,-,18,3783,2351,1614,150,0,253958,15745,3784,2353,1615,3783,2349,1613,99,100,0,501,3799;
@400000005e65f72a00c98968 #d,-,18,3785,2353,1599,152,0,254079,15752,3785,2353,1647,3783,2350,1599,99,100,0,501,3817;
@400000005e65f72a00d437c5 #d,-,18,3782,2352,1603,153,0,254177,15758,3785,2353,1621,3782,2351,1584,99,100,0,501,3796;
@400000005e65f72c00e3b911 #d,-,18,3779,2352,1623,154,0,254280,15765,3782,2352,1623,3779,2349,1603,100,100,0,501,3779;
@400000005e65f72c00ef0f11 #d,-,18,3778,2352,1605,155,0,254379,15771,3779,2353,1623,3778,2350,1603,99,100,0,501,3798;
@400000005e65f72e0100416e #d,-,18,3776,2352,1609,156,0,254478,15777,3778,2353,1613,3776,2351,1605,99,100,0,501,3785;
@400000005e65f72e010b0bbb #d,-,18,3776,2354,1512,157,0,254719,15792,3776,2354,1639,3776,2351,1512,99,100,0,501,3796;
@400000005e65f730011747c5 #d,-,18,3608,2353,1523,158,0,254567,15783,3776,2354,1529,3608,2352,1506,98,100,0,501,3657;
@400000005e65f7300121eeaf #d,-,18,3602,2354,1517,159,0,254568,15783,3608,2355,1524,3602,2352,1514,100,100,0,501,3602;
@400000005e65f732012db64e #d,-,18,3547,2356,1559,160,0,254731,15793,3602,2357,1559,3547,2353,1508,99,100,0,501,3573;
@400000005e65f7320138ddbd #d,-,18,3659,2355,1627,161,1,254663,15789,3659,2356,1627,3547,2354,1559,99,100,0,501,3668;
@400000005e65f73401495c5b #d,-,18,3764,2355,1591,162,1,254756,15794,3764,2357,1628,3659,2354,1591,99,100,0,501,3782;
@400000005e65f73401540345 #d,-,18,3762,2357,1595,163,1,254838,15799,3764,2357,1602,3762,2354,1587,99,100,0,501,3774;
@400000005e65f736015f51d2 #d,-,18,3672,2357,1686,164,1,254858,15801,3762,2358,1686,3672,2355,1420,98,100,0,501,3726;
@400000005e65f7360169f05a #d,-,18,3618,2358,1217,165,1,254718,15792,3672,2360,1704,3618,2356,1179,98,100,0,501,3682;
@400000005e65f738017951fb #d,-,18,2823,2357,1189,166,1,254567,15783,3618,2359,1230,2823,2357,1189,97,100,0,501,2888;
@400000005e65f7380183e0ae #d,-,18,2729,2359,1211,166,1,254084,15753,2823,2360,1252,2729,2357,1073,98,100,0,501,2765;
@400000005e65f73a01918524 #d,-,18,2826,2360,1040,167,1,253714,15730,2826,2360,1211,2729,2357,1040,98,100,0,501,2863;
@400000005e65f73a019bc1e2 #d,-,18,2514,2358,1198,168,1,253307,15705,2826,2360,1198,2514,2357,1040,97,100,0,501,2580;
@400000005e65f73c01a5d870 #d,-,18,2686,2358,1168,168,1,252968,15684,2686,2359,1201,2514,2357,1151,99,100,0,501,2703;
@400000005e65f73c01ab7932 #d,-,18,2771,2359,1180,169,1,252670,15665,2771,2360,1229,2686,2357,1168,99,100,0,501,2789;
@400000005e65f73e01b404df #d,-,18,2771,2357,1228,170,1,252523,15656,2771,2360,1232,2771,2356,1180,98,100,0,501,2813;
@400000005e65f73e01b938aa #d,-,18,2776,2359,1192,171,1,252076,15628,2776,2359,1228,2771,2356,1181,97,100,0,501,2849;
@400000005e65f74001c7b7fc #d,-,18,2777,2355,1188,172,1,251779,15610,2777,2359,1195,2776,2355,1188,98,100,0,501,2813;
@400000005e65f74001d29130 #d,-,18,2775,2356,1183,172,1,251616,15600,2777,2357,1188,2775,2354,1181,99,100,0,501,2803;
@400000005e65f74201dec20d #d,-,18,2773,2356,1186,173,1,251176,15572,2775,2357,1187,2773,2354,1182,99,100,0,501,2792;
@400000005e65f74201e90372 #d,-,18,2772,2355,1217,174,1,250891,15555,2773,2357,1217,2772,2354,1184,99,100,0,501,2797;
@400000005e65f74401f41753 #d,-,18,2774,2357,1186,175,1,250600,15537,2774,2357,1217,2772,2354,1178,98,100,0,501,2824;
@400000005e65f74401ff277a #d,-,18,2773,2358,1184,175,1,250312,15519,2774,2359,1186,2773,2356,1183,99,100,0,501,2794;
@400000005e65f746020f9ea4 #d,-,18,2771,2358,1184,176,1,250025,15501,2773,2359,1185,2771,2356,1183,99,100,0,501,2796;
@400000005e65f746021a09f3 #d,-,18,2770,2358,1183,177,1,249742,15484,2771,2358,1185,2770,2355,1182,99,100,0,501,2794;
@400000005e65f74802277003 #d,-,18,2768,2356,1213,178,1,249468,15467,2770,2358,1213,2768,2355,1182,99,100,0,501,2792;
@400000005e65f7480231d3de #d,-,18,2771,2359,1184,178,1,249195,15450,2771,2359,1216,2768,2356,1176,98,100,0,501,2824;
@400000005e65f74a023ff520 #d,-,18,2769,2357,1184,179,1,248920,15433,2771,2359,1184,2769,2356,1182,99,100,0,501,2790;
@400000005e65f74a024a8019 #d,-,18,2768,2358,1184,180,1,248649,15416,2769,2359,1185,2768,2356,1181,99,100,0,501,2792;
@400000005e65f74c025aa195 #d,-,18,2767,2360,1183,181,1,248380,15399,2768,2360,1184,2767,2358,1181,99,100,0,501,2794;
@400000005e65f74c02653c63 #d,-,18,2766,2357,1203,181,1,248248,15391,2767,2360,1203,2766,2356,1182,99,100,0,501,2792;
@400000005e65f74e02749a4b #d,-,18,2769,2356,1184,182,1,247861,15367,2769,2359,1214,2766,2356,1175,98,100,0,501,2824;
@400000005e65f74e027f0954 #d,-,18,2767,2357,1183,183,1,247600,15351,2769,2358,1185,2767,2355,1182,99,100,0,501,2790;
@400000005e65f750028f1387 #d,-,18,2766,2355,1182,184,1,247470,15343,2767,2358,1184,2766,2355,1182,99,100,0,501,2790;
@400000005e65f7500299b20f #d,-,18,2764,2357,1182,184,1,247085,15319,2766,2358,1183,2764,2355,1181,99,100,0,501,2790;
@400000005e65f75202a9cb29 #d,-,18,2763,2358,1192,185,1,246834,15303,2764,2358,1192,2763,2356,1182,99,100,0,501,2790;
@400000005e65f75202b45e84 #d,-,18,2767,2354,1183,186,1,246592,15288,2767,2358,1215,2763,2354,1177,97,100,0,501,2824;
@400000005e65f75402c3b40b #d,-,18,2765,2356,1184,187,1,246345,15273,2767,2357,1185,2765,2354,1182,99,100,0,501,2789;
@400000005e65f75402cdfce4 #d,-,18,2765,2356,1183,188,1,246099,15258,2765,2357,1184,2765,2355,1182,99,100,0,501,2792;
@400000005e65f75602dd7d41 #d,-,18,2763,2357,1182,188,1,245856,15243,2765,2357,1184,2763,2355,1182,98,100,0,501,2792;
@400000005e65f75602e7f0f2 #d,-,18,2762,2356,1177,189,1,245610,15227,2763,2357,1183,2762,2354,1173,99,100,0,501,2787;
@400000005e65f75802f727bc #d,-,18,2764,2357,1173,190,1,245379,15213,2764,2357,1212,2762,2355,1171,98,100,0,501,2803;
@400000005e65f7580301ab42 #d,-,18,2761,2358,1180,191,1,245139,15198,2764,2358,1180,2761,2355,1173,99,100,0,501,2785;
@400000005e65f75a03110ce4 #d,-,18,2759,2357,1178,191,1,244902,15183,2761,2358,1180,2759,2355,1177,99,100,0,501,2780;
@400000005e65f75a031b7479 #d,-,18,2757,2355,1178,192,1,244666,15169,2759,2357,1179,2757,2355,1177,99,100,0,501,2780;
@400000005e65f75c032724d0 #d,-,18,2756,2354,1179,193,1,244551,15162,2757,2358,1179,2756,2354,1176,99,100,0,501,2778;
@400000005e65f75c032cfd73 #d,-,18,2758,2355,1172,194,1,244211,15141,2758,2356,1210,2756,2352,1171,98,100,0,501,2797;
@400000005e65f75e033b6c01 #d,-,18,2756,2356,1178,194,1,243982,15126,2758,2357,1180,2756,2354,1172,98,100,0,501,2787;
@400000005e65f75e0345b121 #d,-,18,2755,2357,1173,195,1,243872,15120,2756,2357,1180,2755,2354,1173,99,100,0,501,2780;
@400000005e65f7600354bd14 #d,-,18,2753,2357,1176,196,1,243527,15098,2755,2357,1177,2753,2355,1172,99,100,0,501,2773;
@400000005e65f760035f9dbc #d,-,18,2751,2356,1176,197,1,243303,15084,2753,2357,1177,2751,2354,1175,99,100,0,501,2774;
@400000005e65f762036ef7ea #d,-,18,2752,2355,1169,198,1,243091,15071,2752,2356,1207,2751,2354,1169,98,100,0,501,2785;
@400000005e65f76203795f7f #d,-,18,2752,2355,1177,198,1,242871,15058,2752,2357,1178,2752,2355,1168,98,100,0,501,2790;
@400000005e65f7640388c894 #d,-,18,2750,2354,1176,199,1,242767,15051,2752,2356,1178,2750,2353,1175,99,100,0,501,2774;
@400000005e65f764039324fc #d,-,18,2749,2357,1175,200,1,242437,15031,2750,2357,1178,2749,2353,1175,99,100,0,501,2774;
@400000005e65f76603a215ed #d,-,18,2747,2356,1177,201,1,242223,15017,2749,2357,1177,2747,2354,1175,99,100,0,501,2773;
@400000005e65f76603aca0e6 #d,-,18,2748,2355,1176,201,1,242022,15005,2748,2356,1207,2747,2353,1176,98,100,0,501,2780;
@400000005e65f76803bc388d #d,-,18,2749,2355,1175,202,1,241810,14992,2749,2358,1177,2748,2355,1168,98,100,0,501,2796;
@400000005e65f76803c6f6bf #d,-,18,2889,2354,1495,203,1,241778,14990,2889,2357,1508,2749,2353,1175,100,100,0,501,2889;
@400000005e65f76a03d74312 #d,-,18,3522,2353,1659,204,1,241933,14999,3522,2356,1659,2889,2353,1355,99,100,0,501,3532;
@400000005e65f76a03e1ca51 #d,-,18,3750,2352,1686,205,1,242020,15005,3750,2355,1723,3522,2352,1659,99,100,0,501,3762;
@400000005e65f76c03f2a6ff #d,-,18,3910,2352,1660,206,1,242298,15022,3910,2354,1686,3750,2352,1643,99,100,0,501,3940;
@400000005e65f76c03fcf74c #d,-,18,3905,2353,1638,207,1,242340,15025,3910,2353,1660,3905,2350,1638,100,100,0,501,3905;
@400000005e65f76e040d6e76 #d,-,18,3839,2354,1639,208,1,242487,15034,3905,2354,1640,3839,2352,1636,99,100,0,501,3863;
@400000005e65f76e0417d60c #d,-,18,3838,2351,1640,209,1,242633,15043,3839,2355,1640,3838,2351,1638,99,100,0,501,3856;
@400000005e65f770042850f0 #d,-,18,3839,2352,1641,210,1,242782,15052,3839,2353,1651,3838,2350,1640,99,100,0,501,3867;
@400000005e65f7700432bd2d #d,-,18,3838,2353,1663,211,1,242933,15061,3839,2354,1670,3838,2351,1634,99,100,0,501,3858;
@400000005e65f772044356cd #d,-,18,3842,2353,1638,212,1,243075,15070,3842,2354,1663,3838,2351,1636,98,100,0,501,3887;
@400000005e65f772044dabc2 #d,-,18,3841,2354,1640,214,1,243217,15079,3842,2354,1643,3841,2351,1637,99,100,0,501,3858;
@400000005e65f774045e358d #d,-,18,3840,2353,1638,215,1,243461,15094,3841,2354,1640,3840,2352,1636,99,100,0,501,3860;
@400000005e65f77404688e3b #d,-,18,3840,2353,1641,216,1,243498,15096,3840,2353,1651,3840,2350,1638,99,100,0,501,3862;
@400000005e65f77604784945 #d,-,18,3841,2354,1674,217,1,243645,15105,3841,2354,1674,3840,2351,1640,99,100,0,501,3867;
@400000005e65f7760483a3ed #d,-,18,3845,2352,1644,218,1,243789,15114,3845,2354,1674,3841,2352,1644,98,100,0,501,3903;
@400000005e65f7780493ff27 #d,-,18,3846,2352,1645,219,1,243928,15123,3846,2354,1646,3845,2352,1643,99,100,0,501,3876;
@400000005e65f778049e5b8f #d,-,18,3847,2352,1643,220,1,244067,15132,3847,2354,1649,3846,2352,1643,99,100,0,501,3874;
@400000005e65f77a04af1120 #d,-,18,3847,2353,1646,221,1,244308,15147,3847,2354,1647,3847,2351,1642,99,100,0,501,3872;
@400000005e65f77a04b98c44 #d,-,18,3849,2354,1679,222,1,244352,15149,3849,2354,1679,3847,2351,1646,99,100,0,501,3879;
@400000005e65f77c04ca591d #d,-,18,3853,2355,1631,223,1,244482,15157,3853,2355,1679,3849,2353,1623,98,100,0,501,3915;
@400000005e65f77c04d5077a #d,-,18,3848,2353,1628,224,1,244605,15165,3853,2355,1633,3848,2352,1628,100,100,0,501,3848;
@400000005e65f77e04e47537 #d,-,18,3844,2354,1628,225,1,244727,15173,3848,2355,1630,3844,2353,1627,100,100,0,501,3844;
@400000005e65f77e04ef80b6 #d,-,18,3849,2352,1690,226,1,244992,15189,3849,2355,1714,3844,2352,1628,98,100,0,501,3888;
@400000005e65f78004ff5f24 #d,-,18,3960,2354,1722,227,1,245057,15193,3960,2354,1722,3849,2352,1687,99,100,0,501,3983;
@400000005e65f780050917a2 #d,-,18,3964,2353,1692,229,1,245224,15203,3964,2354,1728,3960,2352,1682,98,100,0,501,4022;
@400000005e65f7820518d754 #d,-,18,3965,2350,1697,230,1,245391,15214,3965,2353,1712,3964,2350,1690,99,100,0,501,3986;
@400000005e65f7820522c990 #d,-,18,3965,2350,1704,231,1,245551,15224,3965,2353,1704,3965,2350,1691,99,100,0,501,3993;
@400000005e65f784053290b6 #d,-,18,3966,2349,1700,232,1,245713,15234,3966,2351,1704,3965,2349,1693,99,100,0,501,3995;
@400000005e65f784053c2e32 #d,-,18,3967,2352,1713,233,1,245975,15250,3967,2352,1713,3966,2349,1697,99,100,0,501,3993;
@400000005e65f786054bd967 #d,-,18,3972,2353,1700,234,1,246040,15254,3972,2353,1733,3967,2350,1689,98,100,0,501,4025;
@400000005e65f78605556e82 #d,-,18,3971,2352,1707,235,1,246202,15264,3972,2353,1711,3971,2351,1695,99,100,0,501,3992;
@400000005e65f788056525d2 #d,-,18,3974,2352,1707,236,1,246362,15274,3974,2353,1707,3971,2351,1696,99,100,0,501,4011;
@400000005e65f788056ee6b2 #d,-,18,3975,2351,1703,237,1,246517,15284,3975,2354,1707,3974,2351,1694,99,100,0,501,4006;
@400000005e65f78a057eb54b #d,-,18,3976,2351,1705,238,1,246773,15299,3976,2353,1706,3975,2351,1701,99,100,0,501,4001;
@400000005e65f78a0588331d #d,-,18,3981,2354,1700,240,1,246838,15304,3981,2354,1737,3976,2351,1693,98,100,0,501,4034;
Lost connection at /opt/powertools/bin/wattsup1 line 220.
	main::failure('Lost connection') called at /opt/powertools/bin/wattsup1 line 271
	main::recv_msg() called at /opt/powertools/bin/wattsup1 line 504
