@400000005e8c23a637fc7d93 #v,-,8,2,261786,5,2,4,57,200810261703,0;
@400000005e8c23a7264ca3e9 #h,-,18,W,V,A,WH,Cost,WH/Mo,Cost/Mo,Wmax,Vmax,Amax,Wmin,Vmin,Amin,PF,DC,PC,Hz,VA;
@400000005e8c23a72c5b2df9 #f,-,48,77,436,1,4775,0,0,65533,0,199,810,237,17949,177,311,4753,4,92217,151,32123,69906,40,694,17008,0,93,1,4659,0,0,65533,0,199,822,242,18484,171,318,5362,2,92206,150,32190,70407,42,536,17029,0,92;
@400000005e8c23ab2c72f7e5 #d,-,18,2405,2386,1123,1,0,167832,10405,2405,2389,1126,2395,2386,1117,88,100,0,501,2718;
@400000005e8c23ab2c7bcd25 #d,-,18,2407,2387,1116,1,0,169625,10516,2407,2389,1126,2405,2386,1116,88,100,0,501,2718;
@400000005e8c23ad2c88d8de #d,-,18,2409,2386,1124,2,0,170684,10582,2409,2389,1127,2407,2386,1116,88,100,0,501,2718;
@400000005e8c23ad2c918435 #d,-,18,2410,2385,1120,3,0,171263,10618,2410,2388,1128,2409,2384,1118,88,100,0,501,2718;
@400000005e8c23af2ca07bab #d,-,18,2412,2384,1122,3,0,171703,10645,2412,2387,1127,2410,2381,1118,88,100,0,501,2718;
@400000005e8c23af2caa0d0c #d,-,18,2413,2382,1400,4,0,180480,11189,2413,2386,1819,2412,2379,1115,88,100,0,501,2713;
@400000005e8c23b12cb8f59c #d,-,18,3230,2384,1202,5,0,180369,11182,3230,2385,1400,2413,2381,1202,94,100,0,501,3426;
@400000005e8c23b12cc253c3 #d,-,18,2643,2383,1448,6,0,181728,11267,3230,2386,1448,2643,2383,1166,89,100,0,501,2943;
@400000005e8c23b32cd10a08 #d,-,18,3116,2383,1210,7,0,185529,11502,3116,2385,1844,2643,2382,1210,92,100,0,501,3351;
@400000005e8c23b32cda7805 #d,-,18,2663,2384,1149,7,0,185555,11504,3116,2386,1210,2663,2383,1149,90,100,0,501,2941;
@400000005e8c23b52ce539f1 #d,-,18,3020,2383,1225,8,0,190337,11800,3020,2385,1863,2663,2381,1143,96,100,0,501,3142;
@400000005e8c23b52cea911f #d,-,18,2711,2386,1135,9,0,188599,11693,3020,2386,1234,2711,2381,1134,86,100,0,501,3121;
@400000005e8c23b72cf8a28c #d,-,18,2653,2388,1188,10,0,190988,11841,2711,2388,1851,2653,2383,1135,92,100,0,501,2862;
@400000005e8c23b72d07197c #d,-,18,3056,2386,1174,11,0,192160,11913,3056,2388,1233,2653,2383,1174,90,100,0,501,3374;
@400000005e8c23b92d161954 #d,-,18,2553,2387,1469,11,0,192814,11954,3056,2387,1911,2553,2382,1137,89,100,0,501,2843;
@400000005e8c23b92d1fa253 #d,-,18,3192,2386,1208,12,0,193887,12021,3192,2388,1469,2553,2384,1203,91,100,0,501,3493;
@400000005e8c23bb2d35bb2e #d,-,18,2601,2382,1858,13,0,193848,12018,3192,2387,1858,2601,2381,1144,89,100,0,501,2910;
@400000005e8c23bb2d42de2f #d,-,18,3120,2388,1140,14,0,193812,12016,3120,2388,1858,2601,2382,1127,92,100,0,501,3365;
@400000005e8c23bd2d5cd32c #d,-,18,2541,2386,1294,14,0,193347,11987,3120,2388,1294,2541,2384,1135,89,100,0,501,2832;
@400000005e8c23bd2d6e727f #d,-,18,3094,2386,1209,15,0,194768,12075,3094,2388,1836,2541,2382,1208,92,100,0,501,3344;
@400000005e8c23bf2d835d9a #d,-,18,2587,2384,1143,16,0,194187,12039,3094,2388,1209,2587,2384,1143,87,100,0,501,2952;
@400000005e8c23bf2d8ecf8b #d,-,18,3064,2387,1196,17,0,195524,12122,3064,2387,1844,2587,2382,1143,95,100,0,501,3220;
@400000005e8c23bf2d972ca7 #d,-,18,2583,2388,1147,18,0,194888,12083,3064,2388,1196,2583,2385,1133,87,100,0,501,2967;
@400000005e8c23c12da587a7 #d,-,18,2487,2387,1123,18,0,194087,12033,2583,2389,1152,2487,2387,1115,89,100,0,501,2787;
@400000005e8c23c12dae3e2b #d,-,18,2417,2386,1119,19,0,194040,12030,2487,2388,1126,2417,2385,1117,89,100,0,501,2713;
@400000005e8c23c32dbb90ac #d,-,18,2417,2387,1123,20,0,192586,11940,2417,2389,1125,2417,2386,1115,88,100,0,501,2718;
@400000005e8c23c32dc46233 #d,-,18,2417,2387,1119,20,0,191905,11898,2417,2389,1124,2417,2386,1114,89,100,0,501,2713;
@400000005e8c23c52dd1c843 #d,-,18,2417,2387,1123,21,0,191291,11860,2417,2389,1125,2417,2386,1118,89,100,0,501,2713;
@400000005e8c23c52ddae804 #d,-,18,2418,2388,1122,22,0,190697,11823,2418,2388,1123,2417,2386,1113,89,100,0,501,2715;
@400000005e8c23c72de8d6fb #d,-,18,2418,2385,1121,22,0,190151,11789,2418,2388,1128,2418,2385,1116,89,100,0,501,2713;
@400000005e8c23c72df1718f #d,-,18,2418,2386,1123,23,0,189644,11757,2418,2388,1125,2418,2385,1118,88,100,0,501,2718;
@400000005e8c23c92dfe9cf3 #d,-,18,2418,2386,1120,24,0,189166,11728,2418,2388,1126,2418,2386,1115,88,100,0,501,2718;
@400000005e8c23c92e07fed4 #d,-,18,2419,2387,1120,24,0,189273,11734,2419,2388,1126,2418,2385,1117,89,100,0,501,2715;
@400000005e8c23cb2e173d12 #d,-,18,2753,2385,1306,25,0,189661,11758,2753,2388,1718,2419,2383,1117,94,100,0,501,2900;
@400000005e8c23cb2e20da8e #d,-,18,2888,2384,1175,26,0,190257,11795,2888,2387,1312,2753,2384,1175,88,100,0,501,3251;
@400000005e8c23cd2e3043a3 #d,-,18,2577,2384,1723,27,0,190530,11812,2888,2387,1868,2577,2384,1133,89,100,0,501,2867;
@400000005e8c23cd2e399a58 #d,-,18,3148,2386,1194,28,0,190583,11816,3148,2387,1723,2577,2384,1194,93,100,0,501,3379;
@400000005e8c23cf2e4388db #d,-,18,2645,2386,1175,28,0,190371,11803,3148,2387,1201,2645,2384,1134,90,100,0,501,2929;
@400000005e8c23cf2e47f646 #d,-,18,3080,2385,1258,29,0,191349,11863,3080,2388,1878,2645,2382,1175,94,100,0,501,3261;
@400000005e8c23d12e525ddb #d,-,18,2679,2386,1142,30,0,191260,11858,3080,2388,1258,2679,2385,1142,88,100,0,501,3021;
@400000005e8c23d12e5bef3c #d,-,18,2674,2386,1281,31,0,192100,11910,2679,2388,1875,2674,2383,1132,93,100,0,501,2865;
@400000005e8c23d32e6b02a3 #d,-,18,3156,2386,1191,31,0,192094,11909,3156,2388,1291,2674,2385,1191,91,100,0,501,3455;
@400000005e8c23d32e74ab4c #d,-,18,2571,2386,1562,32,0,192786,11952,3156,2388,1877,2571,2382,1134,89,100,0,501,2860;
@400000005e8c23d52e83d241 #d,-,18,3210,2386,1201,33,0,192788,11952,3210,2387,1562,2571,2384,1201,93,100,0,501,3438;
@400000005e8c23d52e8d9e4f #d,-,18,2607,2385,1858,34,0,193555,12000,3210,2389,1858,2607,2385,1134,89,100,0,501,2900;
@400000005e8c23d72ea21057 #d,-,18,3150,2387,1206,35,0,193408,11991,3150,2389,1881,2607,2384,1202,93,100,0,501,3379;
@400000005e8c23d72eaeed7f #d,-,18,2669,2383,1296,35,0,193673,12007,3150,2389,1296,2669,2383,1137,90,100,0,501,2952;
@400000005e8c23d92ec7862b #d,-,18,3106,2387,1194,36,0,194019,12029,3106,2388,1889,2669,2381,1194,93,100,0,501,3327;
@400000005e8c23d92ed7bef0 #d,-,18,2707,2388,1144,37,0,193841,12018,3106,2389,1214,2707,2386,1137,90,100,0,501,3007;
@400000005e8c23db2ee7d80a #d,-,18,3014,2386,1270,38,0,194556,12062,3014,2388,1884,2707,2381,1144,96,100,0,501,3128;
@400000005e8c23db2ef139eb #d,-,18,2771,2387,1158,39,0,194389,12052,3014,2387,1270,2771,2384,1148,87,100,0,501,3182;
@400000005e8c23dd2efe5933 #d,-,18,2511,2386,1117,39,0,194402,12052,2771,2388,1166,2511,2385,1117,89,100,0,501,2813;
@400000005e8c23dd2f075df3 #d,-,18,2437,2387,1141,40,0,193690,12008,2511,2388,1141,2437,2385,1112,89,100,0,501,2730;
@400000005e8c23df2f14c7bc #d,-,18,2435,2387,1119,41,0,193324,11986,2437,2389,1141,2435,2386,1112,89,100,0,501,2723;
@400000005e8c23df2f1d5369 #d,-,18,2434,2387,1125,41,0,192981,11964,2435,2389,1127,2434,2385,1117,89,100,0,501,2715;
@400000005e8c23e12f2a6696 #d,-,18,2432,2387,1118,42,0,192646,11944,2434,2389,1125,2432,2386,1117,89,100,0,501,2718;
@400000005e8c23e12f33407e #d,-,18,2431,2385,1123,43,0,192324,11924,2432,2390,1124,2431,2385,1116,89,100,0,501,2718;
@400000005e8c23e32f40b574 #d,-,18,2430,2388,1117,43,0,192011,11904,2431,2388,1125,2430,2384,1117,89,100,0,501,2713;
@400000005e8c23e32f49745b #d,-,18,2429,2388,1127,44,0,191713,11886,2430,2388,1127,2429,2386,1117,89,100,0,501,2718;
@400000005e8c23e52f56c5ed #d,-,18,2428,2387,1123,45,0,191422,11868,2429,2388,1127,2428,2385,1120,89,100,0,501,2718;
@400000005e8c23e52f5f6d8b #d,-,18,2428,2388,1125,45,0,191446,11869,2428,2388,1127,2428,2386,1113,89,100,0,501,2715;
@400000005e8c23e72f6de0c1 #d,-,18,2571,2386,1219,46,0,191595,11878,2571,2388,1810,2428,2384,1120,92,100,0,501,2775;
@400000005e8c23e72f77a0b3 #d,-,18,3060,2387,1198,47,0,191623,11880,3060,2388,1288,2571,2384,1192,90,100,0,501,3379;
@400000005e8c23e92f8709c8 #d,-,18,2623,2385,1681,48,0,192401,11928,3060,2388,1845,2623,2384,1173,90,100,0,501,2898;
@400000005e8c23e92f9092c7 #d,-,18,3156,2385,1212,49,0,192110,11910,3156,2387,1681,2623,2384,1190,93,100,0,501,3386;
@400000005e8c23eb2fa01b87 #d,-,18,2641,2382,1697,49,0,192255,11919,3156,2388,1697,2641,2382,1158,90,100,0,501,2931;
@400000005e8c23eb2fa9a0cc #d,-,18,3100,2387,1192,50,0,192544,11937,3100,2389,1848,2641,2382,1185,92,100,0,501,3355;
@400000005e8c23ed2fb8eedf #d,-,18,2681,2388,1162,51,0,192424,11930,3100,2390,1211,2681,2386,1134,90,100,0,501,2948;
@400000005e8c23ed2fc3242a #d,-,18,3070,2387,1229,52,0,192921,11961,3070,2390,1836,2681,2384,1162,94,100,0,501,3239;
@400000005e8c23ef2fd19b1a #d,-,18,2659,2387,1136,52,0,192815,11954,3070,2389,1229,2659,2386,1136,88,100,0,501,3014;
@400000005e8c23ef2fdb1532 #d,-,18,2769,2384,1282,53,0,193555,12000,2769,2387,1849,2659,2381,1136,94,100,0,501,2931;
@400000005e8c23f12fe57554 #d,-,18,2978,2385,1171,54,0,193227,11980,2978,2387,1282,2769,2384,1171,89,100,0,501,3344;
@400000005e8c23f12feb3a68 #d,-,18,2557,2386,1330,55,0,193864,12019,2978,2387,1845,2557,2381,1137,89,100,0,501,2848;
@400000005e8c23f32ffbf3b2 #d,-,18,3184,2387,1198,56,0,193581,12002,3184,2387,1330,2557,2384,1198,93,100,0,501,3422;
@400000005e8c23f330057184 #d,-,18,2591,2383,1848,56,0,193849,12018,3184,2387,1857,2591,2382,1137,90,100,0,501,2877;
@400000005e8c23f5301789ea #d,-,18,3140,2387,1208,57,0,193903,12022,3140,2387,1848,2591,2383,1204,93,100,0,501,3372;
@400000005e8c23f5302291af #d,-,18,2635,2386,1372,58,0,193827,12017,3140,2388,1372,2635,2385,1137,90,100,0,501,2924;
@400000005e8c23f73031cc34 #d,-,18,3090,2386,1207,59,0,194208,12040,3090,2388,1867,2635,2383,1207,93,100,0,501,3317;
@400000005e8c23f7303b80f8 #d,-,18,2671,2387,1141,60,0,194083,12033,3090,2388,1213,2671,2386,1139,90,100,0,501,2957;
@400000005e8c23f930498af2 #d,-,18,2467,2388,1125,60,0,193840,12018,2671,2388,1141,2467,2386,1119,88,100,0,501,2775;
@400000005e8c23f930521e12 #d,-,18,2461,2388,1120,61,0,193595,12002,2467,2388,1126,2461,2386,1119,90,100,0,501,2718;
@400000005e8c23fb305f60be #d,-,18,2457,2386,1124,62,0,193593,12002,2461,2388,1126,2457,2386,1119,90,100,0,501,2720;
@400000005e8c23fb306870ab #d,-,18,2452,2386,1121,62,0,193130,11974,2457,2388,1125,2452,2385,1118,90,100,0,501,2715;
@400000005e8c23fd307676ea #d,-,18,2449,2386,1121,63,0,192904,11960,2452,2387,1128,2449,2385,1116,90,100,0,501,2720;
@400000005e8c23fd307efdef #d,-,18,2446,2385,1122,64,0,192681,11946,2449,2387,1123,2446,2384,1116,90,100,0,501,2713;
@400000005e8c23ff308be733 #d,-,18,2442,2385,1122,64,0,192462,11932,2446,2387,1125,2442,2385,1119,89,100,0,501,2715;
@400000005e8c23ff3094fad9 #d,-,18,2439,2384,1121,65,0,192468,11933,2442,2387,1124,2439,2384,1117,89,100,0,501,2715;
@400000005e8c240130aa351e #d,-,18,2437,2385,1121,66,0,192038,11906,2439,2387,1121,2437,2384,1117,89,100,0,501,2711;
@400000005e8c240130b734bb #d,-,18,2434,2385,1118,66,0,191834,11893,2437,2387,1127,2434,2384,1118,89,100,0,501,2713;
@400000005e8c240330c8c8e2 #d,-,18,2940,2383,1340,67,0,192264,11920,2940,2386,1806,2434,2380,1118,95,100,0,501,3066;
@400000005e8c240330d1029a #d,-,18,2824,2384,1167,68,0,192269,11920,2940,2386,1340,2824,2382,1167,88,100,0,501,3197;
@400000005e8c240530dca31c #d,-,18,2619,2383,1247,69,0,192594,11940,2824,2386,1853,2619,2381,1134,90,100,0,501,2884;
@400000005e8c240530e0c518 #d,-,18,3176,2386,1190,70,0,192591,11940,3176,2387,1281,2619,2383,1190,92,100,0,501,3441;
@400000005e8c240730ebf4e9 #d,-,18,2583,2384,1837,70,0,192832,11955,3176,2387,1857,2583,2382,1136,90,100,0,501,2865;
@400000005e8c240730f03a48 #d,-,18,3132,2388,1193,71,0,192870,11957,3132,2388,1837,2583,2384,1192,92,100,0,501,3374;
@400000005e8c240930fc5023 #d,-,18,2643,2383,1460,72,0,192849,11956,3132,2388,1460,2643,2383,1136,90,100,0,501,2924;
@400000005e8c2409310393fd #d,-,18,3096,2386,1215,73,0,193149,11975,3096,2387,1859,2643,2383,1215,93,100,0,501,3327;
@400000005e8c240b310ee643 #d,-,18,2673,2386,1152,73,0,193053,11969,3096,2389,1215,2673,2385,1135,90,100,0,501,2955;
@400000005e8c240b31150fec #d,-,18,3054,2388,1238,74,0,193428,11992,3054,2388,1872,2673,2381,1152,95,100,0,501,3182;
@400000005e8c240d31205ac0 #d,-,18,2725,2388,1144,75,0,193362,11988,3054,2388,1238,2725,2385,1144,87,100,0,501,3118;
@400000005e8c240d3126b3e8 #d,-,18,2723,2386,1230,76,0,193663,12007,2725,2388,1859,2723,2381,1134,94,100,0,501,2896;
@400000005e8c240f3131c055 #d,-,18,3040,2385,1169,77,0,193819,12016,3040,2387,1243,2723,2384,1169,89,100,0,501,3379;
@400000005e8c240f31381d37 #d,-,18,2547,2383,1367,77,0,193897,12021,3040,2388,1856,2547,2382,1138,89,100,0,501,2841;
@400000005e8c2411314595e7 #d,-,18,3190,2387,1205,78,0,193876,12020,3190,2387,1367,2547,2383,1193,93,100,0,501,3415;
@400000005e8c2411314dc82c #d,-,18,2585,2384,1847,79,0,194068,12032,3190,2387,1855,2585,2383,1138,89,100,0,501,2881;
@400000005e8c2413315d19f9 #d,-,18,3140,2384,1198,80,0,194107,12034,3140,2386,1847,2585,2383,1196,93,100,0,501,3374;
@400000005e8c2413316697cb #d,-,18,2647,2385,1140,81,0,193988,12027,3140,2387,1204,2647,2383,1135,90,100,0,501,2929;
@400000005e8c241531741c96 #d,-,18,2443,2383,1120,81,0,193808,12016,2647,2387,1140,2443,2383,1117,88,100,0,501,2749;
@400000005e8c2415317d28ca #d,-,18,2441,2383,1125,82,0,193627,12004,2443,2385,1126,2441,2383,1117,89,100,0,501,2718;
@400000005e8c2417318ae0ce #d,-,18,2439,2384,1121,83,0,193450,11993,2441,2386,1128,2439,2383,1121,89,100,0,501,2715;
@400000005e8c241731938ef1 #d,-,18,2437,2385,1123,83,0,193276,11983,2439,2387,1124,2437,2383,1119,89,100,0,501,2720;
@400000005e8c241931a0b1f2 #d,-,18,2435,2385,1121,84,0,193106,11972,2437,2387,1126,2435,2384,1119,89,100,0,501,2713;
@400000005e8c241931a9c2cd #d,-,18,2434,2385,1124,85,0,192936,11962,2435,2387,1125,2434,2385,1119,89,100,0,501,2720;
@400000005e8c241b31b7a5a9 #d,-,18,2432,2385,1122,85,0,192774,11952,2434,2388,1126,2432,2384,1121,89,100,0,501,2718;
@400000005e8c241b31c038ca #d,-,18,2431,2386,1123,86,0,192610,11941,2432,2388,1123,2431,2385,1119,89,100,0,501,2718;
@400000005e8c241d31ce7d6f #d,-,18,2430,2386,1119,87,0,192451,11931,2431,2388,1125,2430,2386,1119,89,100,0,501,2718;
@400000005e8c241d31d6dd57 #d,-,18,2429,2384,1451,87,0,192540,11937,2430,2388,1451,2429,2384,1118,89,100,0,501,2713;
@400000005e8c241f31eb9d9a #d,-,18,3044,2388,1209,88,0,192619,11942,3044,2388,1799,2429,2383,1209,92,100,0,501,3275;
@400000005e8c241f31f6e0fa #d,-,18,2691,2388,1151,89,0,192704,11947,3044,2388,1209,2691,2386,1135,90,100,0,501,2971;
@400000005e8c242132063a3a #d,-,18,2946,2388,1289,90,0,192836,11955,2946,2388,1851,2691,2383,1148,96,100,0,501,3064;
@400000005e8c2421320fb099 #d,-,18,2785,2388,1155,90,0,192784,11952,2946,2388,1289,2785,2386,1155,87,100,0,501,3197;
@400000005e8c2423321f50a1 #d,-,18,2587,2388,1172,91,0,193152,11975,2785,2388,1841,2587,2383,1143,90,100,0,501,2843;
@400000005e8c24233228b282 #d,-,18,3126,2387,1197,92,0,193000,11966,3126,2389,1300,2587,2386,1172,91,100,0,501,3403;
@400000005e8c24253238528a #d,-,18,2581,2382,1874,93,0,193165,11976,3126,2388,1876,2581,2382,1136,89,100,0,501,2870;
@400000005e8c2425324245b5 #d,-,18,3108,2385,1195,94,0,193357,11988,3108,2387,1874,2581,2382,1165,92,100,0,501,3365;
@400000005e8c2427325233f8 #d,-,18,2657,2383,1749,94,0,193216,11979,3108,2388,1749,2657,2383,1132,90,100,0,501,2926;
@400000005e8c2427325bbcf7 #d,-,18,3144,2385,1240,95,0,193433,11992,3144,2388,1850,2657,2382,1229,92,100,0,501,3403;
@400000005e8c2429326ba3c7 #d,-,18,2673,2388,1143,96,0,193357,11988,3144,2388,1240,2673,2385,1141,88,100,0,501,3009;
@400000005e8c24293274ee60 #d,-,18,3074,2387,1232,97,0,193649,12006,3074,2388,1874,2673,2383,1143,95,100,0,501,3225;
@400000005e8c242b32832aa4 #d,-,18,2687,2389,1137,98,0,193576,12001,3074,2389,1232,2687,2385,1132,87,100,0,501,3064;
@400000005e8c242b328c6656 #d,-,18,2824,2387,1290,98,0,193853,12018,2824,2389,1887,2687,2383,1137,95,100,0,501,2962;
@400000005e8c242d32961ed4 #d,-,18,2978,2388,1158,99,0,193817,12016,2978,2389,1290,2824,2385,1158,88,100,0,501,3363;
@400000005e8c242d329ad12b #d,-,18,2579,2388,1230,100,0,194034,12030,2978,2390,1887,2579,2384,1133,90,100,0,501,2846;
@400000005e8c242f32a8f715 #d,-,18,3212,2389,1143,101,0,194005,12028,3212,2390,1286,2579,2387,1143,92,100,0,501,3467;
@400000005e8c242f32b268cb #d,-,18,2529,2389,1127,101,0,193877,12020,3212,2389,1157,2529,2386,1110,89,100,0,501,2827;
@400000005e8c243132bfe623 #d,-,18,2419,2388,1119,102,0,193728,12011,2529,2390,1127,2419,2388,1115,88,100,0,501,2723;
@400000005e8c243132c91974 #d,-,18,2419,2388,1123,103,0,193583,12002,2419,2390,1123,2419,2386,1118,89,100,0,501,2711;
@400000005e8c243332d6b588 #d,-,18,2418,2388,1115,103,0,193437,11993,2419,2389,1124,2418,2387,1115,89,100,0,501,2715;
@400000005e8c243332df932a #d,-,18,2418,2388,1123,104,0,193296,11984,2418,2390,1123,2418,2387,1115,89,100,0,502,2711;
@400000005e8c243532ec740c #d,-,18,2418,2388,1120,105,0,193156,11975,2418,2388,1124,2418,2385,1119,89,100,0,502,2713;
@400000005e8c243532f55cdb #d,-,18,2418,2386,1120,105,0,193017,11967,2418,2388,1123,2418,2385,1118,89,100,0,502,2715;
@400000005e8c2437330382c5 #d,-,18,2418,2385,1122,106,0,192884,11958,2418,2389,1126,2418,2385,1117,89,100,0,501,2711;
@400000005e8c2437330c4476 #d,-,18,2419,2389,1121,107,0,192750,11950,2419,2389,1123,2418,2385,1118,89,100,0,501,2715;
@400000005e8c2439331a599c #d,-,18,2419,2388,1120,107,0,192619,11942,2419,2390,1127,2419,2387,1119,88,100,0,501,2718;
@400000005e8c243933227c0c #d,-,18,2419,2384,1542,108,0,192787,11952,2419,2388,1797,2419,2382,1119,89,100,0,501,2715;
@400000005e8c243b332c9a0e #d,-,18,3216,2386,1231,109,0,192829,11955,3216,2387,1542,2419,2384,1211,94,100,0,501,3410;
@400000005e8c243b33325e34 #d,-,18,2649,2384,1196,110,0,192757,11950,3216,2388,1231,2649,2384,1135,89,100,0,501,2955;
@400000005e8c243d33439091 #d,-,18,3078,2386,1221,110,0,193004,11966,3078,2388,1854,2649,2382,1196,94,100,0,501,3265;
@400000005e8c243d334d6c73 #d,-,18,2673,2386,1138,111,0,192950,11962,3078,2387,1221,2673,2374,1138,89,100,0,501,3002;
@400000005e8c243f335e15e8 #d,-,18,2559,2386,1267,112,0,193147,11975,2673,2387,1833,2559,2381,1136,90,100,0,501,2820;
@400000005e8c243f33676c9c #d,-,18,3124,2386,1209,113,0,193112,11972,3124,2387,1267,2559,2384,1185,90,100,0,501,3457;
@400000005e8c24413376fccf #d,-,18,2579,2380,1876,114,0,193370,11988,3124,2387,1876,2579,2380,1147,89,100,0,501,2877;
@400000005e8c2441338086bd #d,-,18,3186,2385,1222,114,0,193293,11984,3186,2386,1876,2579,2380,1163,93,100,0,501,3415;
@400000005e8c2443338fc8b4 #d,-,18,2611,2383,1326,115,0,193250,11981,3186,2387,1326,2611,2383,1138,90,100,0,501,2896;
@400000005e8c2443339936b1 #d,-,18,3136,2385,1233,116,0,193486,11996,3136,2386,1878,2611,2381,1222,92,100,0,501,3381;
@400000005e8c244533a87135 #d,-,18,2689,2384,1147,117,0,193432,11992,3136,2386,1237,2689,2384,1147,88,100,0,501,3035;
@400000005e8c244533b26bd3 #d,-,18,3006,2387,1219,118,0,193665,12007,3006,2387,1874,2689,2380,1140,96,100,0,501,3128;
@400000005e8c244733c21bb0 #d,-,18,2753,2387,1134,118,0,193611,12003,3006,2388,1219,2753,2385,1134,87,100,0,501,3163;
@400000005e8c244733cbb83e #d,-,18,2651,2386,1313,119,0,193828,12017,2753,2387,1894,2651,2381,1133,92,100,0,501,2860;
@400000005e8c244933d9c9ab #d,-,18,3152,2386,1191,120,0,193809,12016,3152,2386,1313,2651,2384,1191,89,100,0,501,3533;
@400000005e8c244933df293b #d,-,18,2575,2383,1517,121,0,193989,12027,3152,2387,1863,2575,2381,1145,89,100,0,501,2881;
@400000005e8c244b33ee20b1 #d,-,18,3204,2384,1219,122,0,193970,12026,3204,2386,1517,2575,2383,1168,93,100,0,501,3434;
@400000005e8c244b33f7ae58 #d,-,18,2583,2385,1124,122,0,193879,12020,3204,2386,1219,2583,2384,1122,89,100,0,501,2874;
@400000005e8c244d34054a6c #d,-,18,2447,2385,1127,123,0,193761,12013,2583,2387,1128,2447,2384,1122,89,100,0,501,2742;
@400000005e8c244d340e0864 #d,-,18,2445,2384,1125,124,0,193645,12006,2447,2386,1130,2445,2384,1120,89,100,0,501,2723;
@400000005e8c244f341b8976 #d,-,18,2443,2386,1125,124,0,193647,12006,2445,2386,1130,2443,2383,1122,89,100,0,501,2723;
@400000005e8c244f34243ffa #d,-,18,2441,2385,1127,125,0,193418,11991,2443,2386,1128,2441,2383,1123,89,100,0,501,2723;
@400000005e8c2451343147fa #d,-,18,2440,2386,1123,126,0,193420,11992,2441,2386,1130,2440,2384,1121,89,100,0,501,2723;
@400000005e8c2451343a4cb9 #d,-,18,2439,2385,1125,126,0,193194,11978,2440,2386,1127,2439,2383,1122,89,100,0,501,2725;
@400000005e8c245334485e26 #d,-,18,2438,2385,1125,127,0,193084,11971,2439,2386,1127,2438,2384,1123,89,100,0,501,2718;
@400000005e8c24533451097e #d,-,18,2437,2386,1126,128,0,192976,11964,2438,2387,1129,2437,2384,1121,89,100,0,501,2727;
@400000005e8c2455345d8895 #d,-,18,2436,2385,1123,128,0,192868,11957,2437,2386,1126,2436,2384,1120,89,100,0,501,2720;
@400000005e8c245534651602 #d,-,18,2435,2381,1814,129,0,192940,11962,2436,2386,1814,2435,2381,1123,89,100,0,501,2718;
@400000005e8c24573473e749 #d,-,18,3084,2385,1209,130,0,192999,11965,3084,2386,1815,2435,2381,1209,93,100,0,501,3315;
@400000005e8c2457347d7402 #d,-,18,2697,2384,1197,131,0,193072,11970,3084,2386,1209,2697,2383,1166,90,100,0,501,2969;
@400000005e8c24593490ba28 #d,-,18,3144,2385,1236,132,0,193186,11977,3144,2385,1871,2697,2381,1197,94,100,0,501,3310;
@400000005e8c2459349c4ad4 #d,-,18,2703,2385,1177,132,0,193154,11975,3144,2385,1236,2703,2382,1177,88,100,0,501,3047;
@400000005e8c245b34b17cb7 #d,-,18,2900,2381,1289,133,0,193347,11987,2900,2385,1872,2703,2381,1160,95,100,0,501,3026;
@400000005e8c245b34be7127 #d,-,18,2900,2385,1150,134,0,193430,11992,2900,2387,1296,2900,2380,1150,87,100,0,501,3299;
@400000005e8c245d34cee3aa #d,-,18,2579,2388,1214,135,0,193479,11995,2900,2388,1855,2579,2384,1137,90,100,0,501,2839;
@400000005e8c245d34d851a7 #d,-,18,3192,2386,1196,135,0,193489,11996,3192,2388,1309,2579,2384,1196,92,100,0,501,3457;
@400000005e8c245f34e7a373 #d,-,18,2621,2384,1838,136,0,193562,12000,3192,2388,1847,2621,2384,1124,90,100,0,501,2896;
@400000005e8c245f34f1b1a0 #d,-,18,3154,2384,1218,137,0,193642,12005,3154,2387,1838,2621,2383,1207,91,100,0,501,3445;
@400000005e8c246134fbf6c0 #d,-,18,2643,2386,1153,138,0,193592,12002,3154,2387,1228,2643,2384,1153,89,100,0,501,2967;
@400000005e8c24613500a292 #d,-,18,2531,2386,1230,139,0,193749,12012,2643,2388,1869,2531,2383,1133,90,100,0,501,2803;
@400000005e8c2463350b7364 #d,-,18,3144,2386,1192,139,0,193815,12016,3144,2388,1231,2531,2383,1144,92,100,0,501,3403;
@400000005e8c2463351109e7 #d,-,18,2575,2386,1183,140,0,193650,12006,3144,2387,1192,2575,2384,1136,90,100,0,501,2860;
@400000005e8c24653522dc74 #d,-,18,3094,2385,1221,141,0,193936,12024,3094,2386,2192,2575,2381,1183,91,100,0,501,3398;
@400000005e8c2465352ea7cd #d,-,18,2651,2386,1172,142,0,193794,12015,3094,2386,1234,2651,2382,1172,86,100,0,501,3054;
@400000005e8c2467353fa6f0 #d,-,18,2587,2385,1192,143,0,193950,12024,2651,2386,1881,2587,2380,1158,90,100,0,501,2858;
@400000005e8c246735495353 #d,-,18,3058,2381,1168,143,0,193989,12027,3058,2385,1200,2587,2378,1122,91,100,0,501,3344;
@400000005e8c2469355922da #d,-,18,2563,2382,1017,144,0,193783,12014,3058,2384,1170,2563,2379,1017,90,100,0,501,2836;
@400000005e8c246935627d48 #d,-,18,2276,2381,1122,145,0,193644,12005,2563,2384,1146,2276,2381,1013,87,100,0,501,2609;
@400000005e8c246b35703907 #d,-,18,2421,2385,1124,145,0,193545,11999,2421,2385,1128,2276,2381,1119,89,100,0,501,2699;
@400000005e8c246b35795c82 #d,-,18,2422,2384,1124,146,0,193545,11999,2422,2386,1128,2421,2382,1119,89,100,0,501,2720;
@400000005e8c246d35874f33 #d,-,18,2422,2386,1121,147,0,193348,11987,2422,2386,1125,2422,2382,1120,89,100,0,501,2718;
@400000005e8c246d35900d2b #d,-,18,2423,2387,1125,147,0,193349,11987,2423,2387,1127,2422,2384,1121,89,100,0,501,2718;
@400000005e8c246f359d3c48 #d,-,18,2423,2387,1124,148,0,193155,11975,2423,2388,1128,2423,2385,1119,89,100,0,501,2720;
@400000005e8c246f35a65fc3 #d,-,18,2423,2386,1123,149,0,193058,11969,2423,2388,1126,2423,2386,1121,89,100,0,501,2720;
@400000005e8c247135b417c8 #d,-,18,2424,2387,1123,149,0,192965,11963,2424,2388,1129,2423,2385,1122,89,100,0,501,2720;
@400000005e8c247135bcf923 #d,-,18,2424,2387,1123,150,0,192872,11958,2424,2388,1127,2424,2385,1120,89,100,0,501,2723;
@400000005e8c247335cbca6a #d,-,18,2425,2385,1333,151,0,192808,11954,2425,2388,1333,2424,2385,1122,89,100,0,501,2723;
@400000005e8c247335d5b8ed #d,-,18,3048,2384,1292,152,0,192995,11965,3048,2386,1814,2425,2381,1230,93,100,0,501,3263;
@400000005e8c247535e24b94 #d,-,18,2755,2386,1140,152,0,192955,11963,3048,2386,1292,2755,2383,1139,90,100,0,501,3040;
@400000005e8c247535e8cf93 #d,-,18,2756,2385,1264,153,0,193115,11973,2756,2386,1847,2755,2382,1140,94,100,0,501,2929;
@400000005e8c247735f5a902 #d,-,18,2990,2386,1192,154,0,193198,11978,2990,2386,1264,2756,2383,1192,89,100,0,501,3341;
@400000005e8c247735fc444a #d,-,18,2613,2382,1515,155,0,193265,11982,2990,2386,1885,2613,2380,1173,90,100,0,501,2898;
@400000005e8c24793608135c #d,-,18,3226,2383,1211,155,0,193361,11988,3226,2385,1515,2613,2382,1211,91,100,0,501,3524;
@400000005e8c2479360f85c7 #d,-,18,2643,2380,1854,156,0,193369,11988,3226,2385,1854,2643,2379,1175,89,100,0,501,2943;
@400000005e8c247b361978f2 #d,-,18,3176,2383,1173,157,0,193408,11991,3176,2385,1861,2643,2380,1162,93,100,0,501,3412;
@400000005e8c247b361e4af3 #d,-,18,2643,2382,1359,158,0,193491,11996,3176,2385,1359,2643,2381,1166,90,100,0,501,2917;
@400000005e8c247d362cd1b8 #d,-,18,3150,2383,1222,159,0,193555,12000,3150,2384,1871,2643,2380,1222,93,100,0,501,3367;
@400000005e8c247d36367e1b #d,-,18,2667,2382,1157,159,0,193510,11997,3150,2385,1222,2667,2382,1136,90,100,0,501,2960;
@400000005e8c247f364bc38d #d,-,18,2926,2383,1277,160,0,193665,12007,2926,2385,1877,2667,2379,1146,96,100,0,501,3040;
@400000005e8c247f3658043e #d,-,18,2824,2385,1143,161,1,193639,12005,2926,2385,1284,2824,2382,1143,87,100,0,501,3237;
@400000005e8c24813672df44 #d,-,18,2585,2383,1298,162,1,193781,12014,2824,2386,1862,2585,2379,1134,91,100,0,501,2839;
@400000005e8c248136847725 #d,-,18,3206,2385,1176,163,1,193782,12014,3206,2385,1313,2585,2383,1176,90,100,0,501,3536;
@400000005e8c248336963e84 #d,-,18,2571,2383,1610,163,1,193993,12027,3206,2386,1853,2571,2381,1133,89,100,0,501,2881;
@400000005e8c2483369fbc56 #d,-,18,3168,2386,1223,164,1,193894,12021,3168,2386,1610,2571,2383,1165,93,100,0,501,3386;
@400000005e8c248536ad5fdd #d,-,18,2589,2385,1125,165,1,193910,12022,3168,2386,1223,2589,2384,1123,89,100,0,501,2893;
@400000005e8c248536b61a1c #d,-,18,2437,2387,1128,166,1,193734,12011,2589,2387,1128,2437,2384,1119,89,100,0,501,2734;
@400000005e8c248736c43b5d #d,-,18,2435,2383,1123,166,1,193647,12006,2437,2387,1130,2435,2382,1120,89,100,0,501,2720;
@400000005e8c248736ccd326 #d,-,18,2435,2384,1127,167,1,193560,12000,2435,2385,1129,2435,2383,1122,89,100,0,501,2723;
@400000005e8c248936da20ff #d,-,18,2434,2381,1126,168,1,193560,12000,2435,2385,1130,2434,2381,1121,89,100,0,501,2718;
@400000005e8c248936e2fea1 #d,-,18,2433,2383,1124,168,1,193390,11990,2434,2383,1131,2433,2381,1118,89,100,0,501,2720;
@400000005e8c248b36f12756 #d,-,18,2432,2383,1126,169,1,193391,11990,2433,2384,1128,2432,2381,1121,89,100,0,501,2718;
@400000005e8c248b36f9c2d8 #d,-,18,2432,2381,1127,170,1,193223,11979,2432,2383,1131,2432,2380,1125,89,100,0,501,2723;
@400000005e8c248d37075eec #d,-,18,2432,2382,1125,170,1,193225,11979,2432,2384,1127,2432,2381,1120,89,100,0,501,2723;
@400000005e8c248d3710218c #d,-,18,2431,2383,1125,171,1,193059,11969,2432,2384,1128,2431,2381,1120,89,100,0,501,2718;
@400000005e8c248f37203aa6 #d,-,18,2431,2380,1744,172,1,193161,11976,2431,2384,1744,2431,2380,1123,89,100,0,501,2718;
@400000005e8c248f3729b3d0 #d,-,18,3062,2383,1196,173,1,193152,11975,3062,2384,1820,2431,2378,1195,92,100,0,501,3303;
@400000005e8c249137392cbb #d,-,18,2711,2383,1141,173,1,193107,11972,3062,2384,1215,2711,2381,1134,91,100,0,501,2979;
@400000005e8c249137431872 #d,-,18,3064,2384,1207,174,1,193281,11983,3064,2384,1882,2711,2378,1141,93,100,0,501,3282;
@400000005e8c24933752cc09 #d,-,18,2711,2381,1155,175,1,193236,11980,3064,2385,1207,2711,2381,1153,87,100,0,501,3097;
@400000005e8c2493375c74b2 #d,-,18,2715,2381,1268,176,1,193383,11989,2715,2383,1869,2711,2377,1154,93,100,0,501,2910;
@400000005e8c2495376c5e4d #d,-,18,2992,2384,1136,176,1,193355,11988,2992,2384,1279,2715,2381,1136,88,100,0,501,3363;
@400000005e8c24953775ebf4 #d,-,18,2549,2381,1297,177,1,193474,11995,2992,2384,1864,2549,2376,1133,90,100,0,501,2827;
@400000005e8c2497378564de #d,-,18,3198,2381,1194,178,1,193469,11995,3198,2383,1297,2549,2380,1193,93,100,0,501,3431;
@400000005e8c2497378b1a1d #d,-,18,2571,2376,1840,179,1,193638,12005,3198,2383,1855,2571,2376,1147,89,100,0,501,2862;
@400000005e8c2499379658d5 #d,-,18,3136,2382,1217,180,1,193572,12001,3136,2382,1840,2571,2376,1196,93,100,0,501,3363;
@400000005e8c2499379bf223 #d,-,18,2623,2381,1423,180,1,193633,12005,3136,2382,1423,2623,2380,1142,89,100,0,501,2922;
@400000005e8c249b37aaf1fb #d,-,18,3090,2383,1196,181,1,193671,12007,3090,2383,1861,2623,2377,1196,92,100,0,501,3325;
@400000005e8c249b37b496eb #d,-,18,2675,2381,1134,182,1,193625,12004,3090,2383,1215,2675,2381,1134,90,100,0,501,2950;
@400000005e8c249d37c8a36f #d,-,18,2984,2381,1257,183,1,193840,12018,2984,2383,1846,2675,2378,1133,95,100,0,501,3116;
@400000005e8c249d37d4a201 #d,-,18,2719,2381,1150,184,1,193734,12011,2984,2383,1257,2719,2380,1150,87,100,0,501,3109;
@400000005e8c249f37e56eda #d,-,18,2593,2383,1240,184,1,193852,12018,2719,2383,1857,2593,2378,1142,91,100,0,501,2843;
@400000005e8c249f37eec1d5 #d,-,18,3140,2382,1201,185,1,193841,12018,3140,2383,1240,2593,2381,1201,92,100,0,501,3412;
@400000005e8c24a137fc1810 #d,-,18,2573,2383,1122,186,1,193848,12018,3140,2383,1201,2573,2381,1122,89,100,0,501,2860;
@400000005e8c24a13804e5dd #d,-,18,2431,2381,1128,187,1,193693,12008,2573,2383,1130,2431,2380,1121,89,100,0,501,2725;
@400000005e8c24a33812438b #d,-,18,2430,2383,1122,187,1,193615,12004,2431,2384,1132,2430,2381,1120,89,100,0,501,2720;
@400000005e8c24a3381b5bd9 #d,-,18,2430,2382,1126,188,1,193538,11999,2430,2384,1131,2430,2380,1120,89,100,0,501,2720;
@400000005e8c24a53829698c #d,-,18,2429,2380,1125,189,1,193461,11994,2430,2383,1130,2429,2380,1119,89,100,0,501,2715;
@400000005e8c24a538322784 #d,-,18,2429,2381,1124,189,1,193385,11989,2429,2383,1129,2429,2380,1119,89,100,0,501,2720;
@400000005e8c24a7383f9507 #d,-,18,2429,2384,1123,190,1,193309,11985,2429,2384,1128,2429,2381,1118,89,100,0,501,2718;
@400000005e8c24a73848cfcb #d,-,18,2428,2382,1123,191,1,193233,11980,2429,2384,1127,2428,2381,1119,89,100,0,501,2715;
@400000005e8c24a9385fac39 #d,-,18,2427,2384,1125,191,1,193158,11975,2428,2384,1129,2427,2382,1118,89,100,0,501,2715;
@400000005e8c24a9386c8873 #d,-,18,2427,2382,1124,192,1,193083,11971,2427,2384,1128,2427,2381,1120,89,100,0,501,2715;
@400000005e8c24ab387cf382 #d,-,18,2426,2381,1597,193,1,193169,11976,2427,2384,1800,2426,2378,1120,89,100,0,501,2715;
@400000005e8c24ab3886d6d7 #d,-,18,3144,2382,1211,193,1,193175,11976,3144,2383,1597,2426,2380,1210,93,100,0,501,3353;
@400000005e8c24ad38964fc2 #d,-,18,2629,2381,1402,194,1,193157,11975,3144,2383,1402,2629,2381,1143,89,100,0,501,2929;
@400000005e8c24ad389fb64b #d,-,18,3100,2381,1208,195,1,193354,11987,3100,2382,1886,2629,2377,1208,92,100,0,501,3336;
@400000005e8c24af38afea68 #d,-,18,2707,2380,1177,196,1,193260,11982,3100,2382,1222,2707,2379,1177,90,100,0,501,2981;
@400000005e8c24af38b9411c #d,-,18,3112,2380,1277,197,1,193480,11995,3112,2381,1886,2707,2375,1177,96,100,0,501,3230;
@400000005e8c24b138c86458 #d,-,18,2735,2378,1151,197,1,193377,11989,3112,2380,1277,2735,2378,1145,87,100,0,501,3128;
@400000005e8c24b138d26ecb #d,-,18,2739,2379,1288,198,1,193502,11997,2739,2380,1865,2735,2374,1151,93,100,0,501,2922;
@400000005e8c24b338e1f3d1 #d,-,18,3006,2376,1149,199,1,193490,11996,3006,2379,1314,2739,2375,1149,89,100,0,501,3372;
@400000005e8c24b338eb97d2 #d,-,18,2565,2378,1257,200,1,193598,12003,3006,2379,1865,2565,2374,1145,90,100,0,501,2839;
@400000005e8c24b538fb1564 #d,-,18,3190,2379,1202,200,1,193594,12002,3190,2380,1275,2565,2377,1187,93,100,0,501,3424;
@400000005e8c24b53903ee5e #d,-,18,2573,2378,1639,201,1,193685,12008,3190,2380,1847,2573,2378,1137,89,100,0,501,2867;
@400000005e8c24b739136faa #d,-,18,3160,2382,1212,202,1,193690,12008,3160,2382,1639,2573,2378,1207,91,100,0,501,3462;
@400000005e8c24b7391d432b #d,-,18,2631,2377,1754,203,1,193722,12010,3160,2382,1754,2631,2377,1139,89,100,0,501,2934;
@400000005e8c24b9392ba2d3 #d,-,18,3114,2380,1161,204,1,193778,12014,3114,2382,1860,2631,2376,1161,92,100,0,501,3353;
@400000005e8c24b93931b8ed #d,-,18,2651,2377,1209,204,1,193745,12012,3114,2382,1224,2651,2377,1131,90,100,0,501,2922;
@400000005e8c24bb39404f87 #d,-,18,3086,2379,1231,205,1,193873,12020,3086,2380,1882,2651,2376,1209,93,100,0,501,3284;
@400000005e8c24bb394a17db #d,-,18,2673,2382,1149,206,1,193910,12022,3086,2382,1231,2673,2378,1132,89,100,0,501,2993;
@400000005e8c24bd39581973 #d,-,18,2487,2381,1121,207,1,193770,12013,2673,2383,1151,2487,2378,1121,89,100,0,501,2789;
@400000005e8c24bd3960a520 #d,-,18,2425,2382,1127,207,1,193769,12013,2487,2383,1128,2425,2379,1120,89,100,0,501,2713;
@400000005e8c24bf396e2278 #d,-,18,2425,2379,1123,208,1,193629,12005,2425,2383,1131,2425,2379,1119,89,100,0,501,2718;
@400000005e8c24bf3977b2ea #d,-,18,2425,2380,1126,209,1,193558,12000,2425,2382,1128,2425,2379,1118,89,100,0,501,2715;
@400000005e8c24c139854018 #d,-,18,2424,2379,1128,209,1,193488,11996,2425,2382,1128,2424,2378,1120,89,100,0,501,2713;
@400000005e8c24c1398e01c9 #d,-,18,2424,2380,1121,210,1,193419,11992,2424,2381,1130,2424,2378,1118,89,100,0,501,2718;
@400000005e8c24c3399b6f4c #d,-,18,2424,2377,1127,211,1,193419,11991,2424,2382,1127,2424,2376,1119,89,100,0,501,2713;
@400000005e8c24c339a4740c #d,-,18,2424,2378,1117,211,1,193282,11983,2424,2381,1129,2424,2377,1117,89,100,0,501,2718;
@400000005e8c24c539b0a990 #d,-,18,2425,2379,1126,212,1,193215,11979,2425,2380,1128,2424,2378,1117,89,100,0,501,2713;
@400000005e8c24c539b6b837 #d,-,18,2425,2379,1125,213,1,193216,11979,2425,2381,1129,2425,2377,1121,89,100,0,501,2718;
@400000005e8c24c739c66f88 #d,-,18,2904,2379,1301,214,1,193270,11982,2904,2382,1833,2425,2376,1125,96,100,0,501,3019;
@400000005e8c24c739d03333 #d,-,18,2801,2380,1194,214,1,193260,11982,2904,2382,1301,2801,2379,1193,87,100,0,501,3192;
@400000005e8c24c939e4b157 #d,-,18,2641,2381,1228,215,1,193367,11988,2801,2382,1869,2641,2377,1163,91,100,0,501,2888;
@400000005e8c24c939f19e54 #d,-,18,3194,2380,1179,216,1,193369,11988,3194,2383,1334,2641,2380,1179,92,100,0,501,3467;
@400000005e8c24cb3a0e4dcf #d,-,18,2559,2379,1750,217,1,193460,11994,3194,2383,1896,2559,2376,1134,89,100,0,501,2846;
@400000005e8c24cb3a21f4d0 #d,-,18,3196,2381,1224,218,1,193464,11994,3196,2382,1750,2559,2379,1187,93,100,0,501,3408;
@400000005e8c24cd3a331846 #d,-,18,2603,2378,1638,218,1,193536,11999,3196,2382,1638,2603,2378,1140,89,100,0,501,2912;
@400000005e8c24cd3a3c9d8b #d,-,18,3086,2381,1194,219,1,193545,11999,3086,2382,1879,2603,2375,1193,92,100,0,501,3332;
@400000005e8c24cf3a4bd456 #d,-,18,2685,2380,1144,220,1,193574,12001,3086,2382,1221,2685,2379,1135,90,100,0,501,2952;
@400000005e8c24cf3a553637 #d,-,18,3070,2382,1247,221,1,193630,12005,3070,2382,1890,2685,2377,1144,95,100,0,501,3220;
@400000005e8c24d13a61c16a #d,-,18,2673,2381,1161,221,1,193602,12003,3070,2382,1247,2673,2380,1146,87,100,0,501,3043;
@400000005e8c24d13a6bb495 #d,-,18,2826,2379,1287,222,1,193713,12010,2826,2382,1935,2673,2376,1121,95,100,0,501,2964;
@400000005e8c24d33a759f5e #d,-,18,2936,2381,1161,223,1,193699,12009,2936,2382,1295,2826,2379,1161,86,100,0,501,3381;
@400000005e8c24d33a7f1d30 #d,-,18,2557,2381,1239,224,1,193792,12015,2936,2382,1885,2557,2376,1132,89,100,0,501,2853;
@400000005e8c24d53a8d7cd8 #d,-,18,3208,2379,1206,225,1,193788,12014,3208,2381,1306,2557,2378,1150,93,100,0,501,3448;
@400000005e8c24d53a9730af #d,-,18,2547,2378,1700,225,1,193864,12019,3208,2381,1846,2547,2376,1136,89,100,0,501,2839;
@400000005e8c24d73aa50fd1 #d,-,18,3172,2381,1214,226,1,193873,12020,3172,2381,1700,2547,2377,1214,91,100,0,501,3455;
@400000005e8c24d73aae0101 #d,-,18,2623,2382,1130,227,1,193826,12017,3172,2382,1223,2623,2379,1130,89,100,0,501,2931;
@400000005e8c24d93abb75f8 #d,-,18,2449,2381,1076,228,1,193759,12013,2623,2382,1142,2449,2380,1076,89,100,0,501,2742;
@400000005e8c24d93ac434de #d,-,18,2446,2381,1127,228,1,193761,12013,2449,2383,1150,2446,2380,1076,90,100,0,501,2713;
@400000005e8c24db3ad1a61b #d,-,18,2443,2383,1124,229,1,193634,12005,2446,2383,1130,2443,2380,1120,89,100,0,501,2718;
@400000005e8c24db3ada7f15 #d,-,18,2441,2383,1126,230,1,193634,12005,2443,2383,1129,2441,2380,1120,89,100,0,501,2718;
@400000005e8c24dd3ae738d9 #d,-,18,2439,2382,1126,230,1,193508,11997,2441,2383,1128,2439,2380,1121,89,100,0,501,2715;
@400000005e8c24dd3aef6764 #d,-,18,2437,2379,1123,231,1,193445,11993,2439,2383,1129,2437,2379,1120,89,100,0,501,2720;
@400000005e8c24df3afc8a66 #d,-,18,2436,2382,1128,232,1,193384,11989,2437,2382,1129,2436,2379,1121,89,100,0,501,2715;
@400000005e8c24df3b057335 #d,-,18,2435,2381,1127,232,1,193323,11986,2436,2382,1131,2435,2380,1121,89,100,0,501,2718;
@400000005e8c24e13b0ff6bb #d,-,18,2434,2380,1126,233,1,193262,11982,2435,2381,1130,2434,2377,1121,89,100,0,501,2723;
@400000005e8c24e13b17c736 #d,-,18,2434,2378,1583,234,1,193251,11981,2434,2382,1583,2434,2378,1120,89,100,0,501,2715;
@400000005e8c24e33b2789b3 #d,-,18,3036,2378,1201,235,1,193389,11990,3036,2382,1794,2434,2377,1201,92,100,0,501,3270;
@400000005e8c24e33b313e78 #d,-,18,2739,2380,1174,235,1,193312,11985,3036,2382,1226,2739,2378,1173,91,100,0,501,2998;
@400000005e8c24e53b415f05 #d,-,18,3022,2380,1275,236,1,193437,11993,3022,2381,1849,2739,2376,1174,96,100,0,501,3130;
@400000005e8c24e53b4b1010 #d,-,18,2844,2379,1186,237,1,193423,11992,3022,2382,1275,2844,2377,1186,87,100,0,501,3239;
@400000005e8c24e73b60c632 #d,-,18,2569,2380,1414,238,1,193515,11997,2844,2381,1888,2569,2377,1124,89,100,0,501,2858;
@400000005e8c24e73b6e81f1 #d,-,18,3212,2381,1212,239,1,193514,11997,3212,2382,1414,2569,2379,1197,93,100,0,501,3431;
@400000005e8c24e93b8b60ea #d,-,18,2577,2379,1870,239,1,193570,12001,3212,2382,1870,2577,2378,1141,89,100,0,501,2874;
@400000005e8c24ea00043a32 #d,-,18,3140,2383,1213,240,1,193655,12006,3140,2383,1870,2577,2379,1194,93,100,0,501,3363;
@400000005e8c24ec0015baca #d,-,18,2653,2380,1332,241,1,193574,12001,3140,2383,1332,2653,2380,1145,89,100,0,501,2952;
@400000005e8c24ec001f400f #d,-,18,3096,2380,1206,242,1,193676,12007,3096,2381,1868,2653,2378,1204,93,100,0,501,3322;
@400000005e8c24ee002f9b49 #d,-,18,2691,2382,1152,242,1,193646,12006,3096,2382,1210,2691,2379,1143,90,100,0,501,2971;
@400000005e8c24ee0038f5b7 #d,-,18,2992,2381,1274,243,1,193760,12013,2992,2382,1896,2691,2377,1152,94,100,0,501,3175;
@400000005e8c24f000497455 #d,-,18,2799,2381,1157,244,1,193740,12011,2992,2382,1274,2799,2379,1157,87,100,0,501,3206;
@400000005e8c24f00052d36b #d,-,18,2647,2382,1244,245,1,193829,12017,2799,2382,1868,2647,2378,1136,92,100,0,501,2862;
@400000005e8c24f20062e7dd #d,-,18,3094,2381,1154,246,1,193821,12016,3094,2383,1315,2647,2380,1154,90,100,0,501,3419;
@400000005e8c24f2006c6e11 #d,-,18,2537,2382,1466,246,1,193902,12021,3094,2384,1899,2537,2379,1125,89,100,0,501,2822;
@400000005e8c24f4007a1199 #d,-,18,3206,2381,1212,247,1,193903,12021,3206,2382,1466,2537,2379,1211,91,100,0,501,3495;
@400000005e8c24f40082b936 #d,-,18,2601,2381,1129,248,1,193854,12019,3206,2383,1212,2601,2381,1129,89,100,0,501,2912;
@400000005e8c24f60090070f #d,-,18,2443,2380,1099,249,1,193791,12015,2601,2382,1133,2443,2379,1081,89,100,0,501,2734;
@400000005e8c24f600992317 #d,-,18,2439,2382,1124,249,1,193734,12011,2443,2382,1142,2439,2380,1099,90,100,0,501,2706;
@400000005e8c24f800a69cb6 #d,-,18,2437,2381,1125,250,1,193677,12007,2439,2382,1129,2437,2379,1121,89,100,0,501,2715;
@400000005e8c24f800af3390 #d,-,18,2437,2382,1125,251,1,193619,12004,2437,2382,1129,2437,2380,1119,89,100,0,501,2720;
@400000005e8c24fa00bc7282 #d,-,18,2435,2381,1125,251,1,193562,12000,2437,2382,1129,2435,2379,1121,89,100,0,501,2715;
@400000005e8c24fa00c58628 #d,-,18,2435,2382,1125,252,1,193505,11997,2435,2382,1130,2435,2380,1121,89,100,0,501,2720;
Lost connection at /opt/powertools/bin/wattsup1 line 220.
	main::failure('Lost connection') called at /opt/powertools/bin/wattsup1 line 271
	main::recv_msg() called at /opt/powertools/bin/wattsup1 line 504
