@400000005e786ac82e5ffade #v,-,8,1,65178,5,2,4,57,200810261703,0;
@400000005e786ac91cb61892 #h,-,18,W,V,A,WH,Cost,WH/Mo,Cost/Mo,Wmax,Vmax,Amax,Wmin,Vmin,Amin,PF,DC,PC,Hz,VA;
@400000005e786ac922c3b437 #f,-,48,165,436,1,4803,0,0,65535,0,150,1177,177,10481,276,203,3340,13,121719,86,50084,105837,25,2629,11458,0,64,1,4686,0,0,65535,0,150,1030,182,11055,266,212,3240,13,121394,92,49362,104176,24,2613,13005,0,71;
@400000005e786acb22d795e4 #d,-,18,2691,2353,1159,0,0,185469,11499,2691,2354,1187,2685,2352,1158,97,100,0,500,2753;
@400000005e786acd22e96c2b #d,-,18,2692,2352,1166,1,0,188949,11714,2692,2353,1168,2691,2351,1157,98,100,0,500,2732;
@400000005e786acd22f39dbc #d,-,18,2695,2350,1165,2,0,196348,12173,2695,2353,1166,2692,2350,1164,98,100,0,500,2744;
@400000005e786acf2303981a #d,-,18,2697,2353,1164,3,0,191459,11870,2697,2353,1166,2695,2350,1164,98,100,0,500,2746;
@400000005e786acf230dd11e #d,-,18,2699,2353,1169,3,0,192318,11923,2699,2353,1190,2697,2351,1164,98,100,0,500,2746;
@400000005e786ad123184ffc #d,-,18,2702,2352,1160,4,0,192434,11930,2702,2354,1169,2699,2352,1151,98,100,0,500,2755;
@400000005e786ad12322d382 #d,-,18,2701,2352,1158,5,0,195201,12102,2702,2353,1160,2701,2350,1158,98,100,0,500,2732;
@400000005e786ad3232d76b1 #d,-,18,2701,2354,1159,6,0,192661,11945,2701,2354,1160,2701,2349,1157,98,100,0,500,2732;
@400000005e786ad3233828c8 #d,-,18,2701,2353,1166,6,0,192808,11954,2701,2354,1166,2701,2351,1159,98,100,0,500,2735;
@400000005e786ad52343cd04 #d,-,18,2702,2353,1191,7,0,193155,11975,2702,2354,1193,2701,2351,1163,98,100,0,500,2742;
@400000005e786ad5234e4916 #d,-,18,2707,2352,1156,8,0,193223,11979,2707,2353,1191,2702,2350,1156,97,100,0,500,2773;
@400000005e786ad72358b465 #d,-,18,2706,2350,1159,9,0,193228,11980,2707,2353,1160,2706,2350,1156,99,100,0,500,2733;
@400000005e786ad723635f08 #d,-,18,2704,2352,1158,9,0,193232,11980,2706,2354,1159,2704,2349,1157,99,100,0,500,2730;
@400000005e786ad9236e409e #d,-,18,2703,2351,1158,10,0,193235,11980,2704,2352,1159,2703,2350,1157,99,100,0,500,2730;
@400000005e786ad9237885be #d,-,18,2703,2351,1186,11,0,193336,11986,2703,2353,1186,2703,2350,1157,99,100,0,500,2730;
@400000005e786adb23877d34 #d,-,18,2705,2351,1160,12,0,193359,11988,2705,2352,1186,2703,2350,1151,98,100,0,500,2755;
@400000005e786adb2392a4a3 #d,-,18,2704,2349,1160,12,0,193361,11988,2705,2352,1160,2704,2349,1158,98,100,0,500,2732;
@400000005e786add239e3550 #d,-,18,2704,2351,1159,13,0,193368,11988,2704,2351,1160,2704,2348,1158,98,100,0,500,2732;
@400000005e786add23a84bde #d,-,18,2703,2352,1158,14,0,193375,11989,2704,2353,1160,2703,2350,1157,98,100,0,500,2733;
@400000005e786adf23b4270d #d,-,18,2702,2353,1184,15,0,193429,11992,2703,2354,1184,2702,2352,1157,98,100,0,500,2732;
@400000005e786adf23bc34ff #d,-,18,2705,2352,1159,15,0,193467,11995,2705,2354,1187,2702,2352,1150,98,100,0,500,2760;
@400000005e786ae123c4921c #d,-,18,2704,2352,1665,16,0,194537,12061,2705,2353,1665,2704,2351,1156,99,100,0,500,2730;
@400000005e786ae123cbe122 #d,-,18,3678,2353,1276,17,0,197070,12218,3678,2354,1715,2704,2352,1275,100,100,0,500,3678;
@400000005e786ae323d57283 #d,-,18,3272,2354,1284,18,0,198987,12337,3678,2355,1616,3272,2352,1276,98,100,0,500,3326;
@400000005e786ae323dba848 #d,-,18,3593,2354,1412,19,0,201781,12510,3593,2355,1706,3272,2352,1243,99,100,0,500,3627;
@400000005e786ae523e5ca04 #d,-,18,3340,2355,1518,20,0,203198,12598,3593,2356,1607,3340,2352,1236,97,100,0,500,3440;
@400000005e786ae523ebc8d5 #d,-,18,3596,2354,1678,21,0,206331,12792,3596,2356,1727,3340,2350,1253,99,100,0,500,3600;
@400000005e786ae723f70fef #d,-,18,3411,2351,1615,22,0,206533,12805,3596,2356,1678,3411,2351,1152,95,100,0,500,3575;
@400000005e786ae723fd60b6 #d,-,18,3478,2352,1684,23,0,208414,12921,3478,2354,1707,3411,2351,1255,100,100,0,500,3478;
@400000005e786ae9240ca755 #d,-,18,3656,2352,1669,24,0,209444,12985,3656,2357,1684,3478,2351,1149,96,100,0,500,3785;
@400000005e786ae924170b31 #d,-,18,3432,2354,1140,25,0,210534,13053,3656,2357,1673,3432,2352,1135,99,100,0,500,3463;
@400000005e786aeb2420237f #d,-,18,2659,2356,1159,26,0,209268,12974,3432,2356,1161,2659,2354,1124,97,100,0,500,2733;
@400000005e786aeb242b33a6 #d,-,18,2659,2355,1179,26,0,208770,12943,2659,2356,1179,2659,2353,1136,98,100,0,500,2694;
@400000005e786aed24344393 #d,-,18,2729,2355,1153,27,0,208354,12918,2729,2355,1189,2659,2353,1151,98,100,0,500,2760;
@400000005e786aed243b5c95 #d,-,18,2723,2354,1160,28,0,208521,12928,2729,2355,1163,2723,2352,1152,100,100,0,500,2723;
@400000005e786aef244ac964 #d,-,18,2724,2354,1154,29,0,207577,12869,2724,2355,1186,2723,2352,1152,98,100,0,500,2755;
@400000005e786aef24552986 #d,-,18,2721,2354,1159,29,0,207203,12846,2724,2354,1160,2721,2352,1154,99,100,0,500,2737;
@400000005e786af124636210 #d,-,18,2718,2353,1160,30,0,206849,12824,2721,2354,1160,2718,2352,1157,99,100,0,500,2733;
@400000005e786af1246dda69 #d,-,18,2716,2351,1159,31,0,206510,12803,2718,2353,1160,2716,2350,1158,99,100,0,500,2732;
@400000005e786af324774866 #d,-,18,2713,2352,1160,32,0,206191,12783,2716,2352,1161,2713,2350,1158,99,100,0,500,2733;
@400000005e786af3248248b8 #d,-,18,2714,2353,1152,32,0,205931,12767,2714,2353,1187,2713,2351,1152,98,100,0,500,2748;
@400000005e786af5248acfbd #d,-,18,2714,2355,1158,33,0,205635,12749,2714,2355,1160,2714,2352,1152,98,100,0,500,2746;
@400000005e786af5249508c1 #d,-,18,2712,2351,1160,34,0,205361,12732,2714,2355,1160,2712,2350,1157,99,100,0,500,2733;
@400000005e786af724a568a3 #d,-,18,2710,2353,1158,35,0,205556,12744,2712,2353,1160,2710,2350,1158,99,100,0,500,2733;
@400000005e786af724aff39c #d,-,18,2709,2353,1157,35,0,204836,12699,2710,2354,1159,2709,2351,1156,99,100,0,500,2733;
@400000005e786af924b8ed2f #d,-,18,2709,2355,1156,36,0,204633,12687,2709,2355,1186,2709,2352,1156,98,100,0,500,2737;
@400000005e786af924c10af7 #d,-,18,2709,2354,1158,37,0,204396,12672,2709,2355,1160,2709,2352,1152,98,100,0,500,2751;
@400000005e786afb24d1a850 #d,-,18,2708,2352,1159,38,0,204169,12658,2709,2355,1160,2708,2351,1157,99,100,0,500,2733;
@400000005e786afb24dc00ff #d,-,18,2707,2354,1158,38,0,203950,12644,2708,2354,1159,2707,2351,1157,99,100,0,500,2733;
@400000005e786afd24e46d02 #d,-,18,2706,2355,1158,39,0,203743,12632,2707,2355,1159,2706,2352,1156,99,100,0,500,2733;
@400000005e786afd24ea2e5c #d,-,18,2706,2354,1166,40,0,203586,12622,2706,2355,1186,2706,2352,1158,99,100,0,500,2733;
@400000005e786aff24f2d50b #d,-,18,2708,2352,1157,41,0,203774,12634,2708,2356,1166,2706,2352,1151,98,100,0,500,2755;
@400000005e786aff24f818ab #d,-,18,2706,2355,1157,41,0,203198,12598,2708,2355,1159,2706,2352,1156,99,100,0,500,2733;
@400000005e786b012501386d #d,-,18,2705,2356,1157,42,0,203017,12587,2706,2357,1158,2705,2353,1155,99,100,0,500,2732;
@400000005e786b0125068be1 #d,-,18,2704,2354,1157,43,0,202842,12576,2705,2356,1158,2704,2354,1156,99,100,0,500,2730;
@400000005e786b032514a4c1 #d,-,18,2703,2355,1179,44,0,202709,12567,2704,2356,1185,2703,2354,1155,99,100,0,500,2730;
@400000005e786b03251fc104 #d,-,18,2706,2352,1391,44,0,202627,12562,2706,2357,1391,2703,2352,1149,98,100,0,500,2755;
@400000005e786b052530c027 #d,-,18,3385,2354,1337,45,0,204066,12652,3385,2355,1708,2706,2351,1337,100,100,0,500,3385;
@400000005e786b05253b8e2f #d,-,18,3254,2354,1554,46,0,204314,12667,3385,2356,1606,3254,2353,1285,96,100,0,500,3378;
@400000005e786b07254a7e31 #d,-,18,3543,2354,1673,47,0,205325,12730,3543,2355,1715,3254,2352,1292,100,100,0,500,3543;
@400000005e786b07255436b0 #d,-,18,3547,2352,1669,48,0,205918,12766,3547,2354,1673,3543,2352,1219,95,100,0,500,3712;
@400000005e786b09256384c3 #d,-,18,3462,2352,1705,49,0,206845,12824,3547,2353,1720,3462,2350,1298,99,100,0,500,3490;
@400000005e786b09256db1ab #d,-,18,3728,2352,1618,50,0,207331,12854,3728,2353,1705,3462,2351,1168,97,100,0,500,3812;
@400000005e786b0b257dd327 #d,-,18,3367,2350,1711,51,0,208181,12907,3728,2353,1712,3367,2350,1298,99,100,0,500,3385;
@400000005e786b0b258adb27 #d,-,18,3802,2351,1611,52,0,208989,12957,3802,2354,1711,3367,2350,1259,99,100,0,500,3814;
@400000005e786b0d259b2a45 #d,-,18,3344,2354,1187,53,0,209082,12963,3802,2355,1611,3344,2351,1135,96,100,0,500,3468;
@400000005e786b0d25a9d0b5 #d,-,18,2711,2353,1162,54,0,208865,12949,3344,2355,1193,2711,2353,1146,98,100,0,500,2764;
@400000005e786b0f25ba7670 #d,-,18,2709,2353,1171,55,0,208655,12936,2711,2355,1173,2709,2353,1158,99,100,0,500,2732;
@400000005e786b0f25c95b46 #d,-,18,2710,2354,1159,55,0,208443,12923,2710,2355,1171,2709,2352,1159,98,100,0,500,2748;
@400000005e786b1125d9d53c #d,-,18,2710,2353,1162,56,0,208241,12910,2710,2355,1164,2710,2353,1159,98,100,0,500,2739;
@400000005e786b1125e43dbf #d,-,18,2710,2354,1181,57,0,208050,12899,2710,2355,1181,2710,2353,1160,98,100,0,500,2742;
@400000005e786b1325f4c3d0 #d,-,18,2713,2355,1164,58,0,207874,12888,2713,2355,1189,2710,2353,1155,97,100,0,500,2769;
@400000005e786b1325ff0caa #d,-,18,2712,2356,1161,58,0,207687,12876,2713,2356,1164,2712,2353,1160,99,100,0,500,2737;
@400000005e786b15260f93a9 #d,-,18,2711,2355,1160,59,0,207504,12865,2712,2356,1162,2711,2353,1160,98,100,0,500,2742;
@400000005e786b152619c53a #d,-,18,2711,2354,1161,60,0,207325,12854,2711,2356,1162,2711,2354,1159,98,100,0,500,2741;
@400000005e786b172629b737 #d,-,18,2710,2354,1170,61,0,207155,12843,2711,2356,1170,2710,2354,1161,98,100,0,500,2741;
@400000005e786b17263497de #d,-,18,2714,2356,1161,61,0,207010,12834,2714,2356,1190,2710,2353,1155,97,100,0,500,2771;
@400000005e786b192644c0ce #d,-,18,2713,2356,1161,62,0,206844,12824,2714,2357,1163,2713,2354,1160,98,100,0,500,2741;
@400000005e786b19264f57e2 #d,-,18,2712,2357,1160,63,0,206686,12814,2713,2357,1163,2712,2355,1160,98,100,0,500,2742;
@400000005e786b1b265fda3a #d,-,18,2712,2356,1162,63,0,206530,12804,2712,2357,1163,2712,2353,1160,98,100,0,500,2741;
@400000005e786b1b266a4dea #d,-,18,2711,2355,1162,64,0,206378,12795,2712,2356,1163,2711,2353,1161,98,100,0,500,2742;
@400000005e786b1d267acc88 #d,-,18,2714,2356,1157,65,0,206252,12787,2714,2357,1189,2711,2354,1154,98,100,0,500,2764;
@400000005e786b1d2684fa5f #d,-,18,2713,2356,1161,66,0,206106,12778,2714,2356,1163,2713,2354,1157,98,100,0,500,2746;
@400000005e786b1f269578fd #d,-,18,2713,2357,1159,66,0,206206,12784,2713,2357,1162,2713,2355,1159,98,100,0,500,2741;
@400000005e786b1f269ff7db #d,-,18,2712,2353,1161,67,0,205821,12760,2713,2357,1162,2712,2353,1159,99,100,0,500,2739;
@400000005e786b2126afb3d3 #d,-,18,2711,2353,1161,68,0,205684,12752,2712,2355,1162,2711,2353,1160,98,100,0,500,2741;
@400000005e786b2126ba9cdc #d,-,18,2713,2354,1155,69,0,205573,12745,2713,2356,1189,2711,2353,1155,98,100,0,500,2755;
@400000005e786b2326cb17c1 #d,-,18,2713,2353,1162,69,0,205441,12737,2713,2356,1163,2713,2353,1155,98,100,0,500,2751;
@400000005e786b2326d56bc7 #d,-,18,2712,2355,1160,70,0,205313,12729,2713,2355,1163,2712,2353,1160,98,100,0,500,2741;
@400000005e786b2526e1cfdd #d,-,18,2711,2353,1162,71,0,205189,12721,2712,2356,1162,2711,2353,1160,98,100,0,500,2741;
@400000005e786b2526ec5ad6 #d,-,18,2711,2354,1160,72,0,205068,12714,2711,2355,1163,2711,2353,1160,98,100,0,500,2741;
@400000005e786b2726fbd006 #d,-,18,2713,2353,1652,73,0,205367,12732,2713,2356,1652,2711,2351,1160,98,100,0,500,2749;
@400000005e786b272705b35c #d,-,18,3761,2355,1280,74,0,205778,12758,3761,2355,1714,2713,2352,1280,99,100,0,500,3766;
@400000005e786b29270e750d #d,-,18,3341,2352,1638,75,0,206482,12801,3761,2355,1638,3341,2350,1249,99,100,0,500,3365;
@400000005e786b2927124d76 #d,-,18,3681,2355,1161,76,0,206803,12821,3681,2355,1724,3341,2350,1161,99,100,0,500,3709;
@400000005e786b2b271a2564 #d,-,18,3257,2356,1303,76,0,207162,12844,3681,2356,1605,3257,2352,1141,97,100,0,500,3344;
@400000005e786b2b271e34bf #d,-,18,3605,2355,1437,78,0,207830,12885,3605,2356,1726,3257,2351,1237,99,100,0,500,3636;
@400000005e786b2d272744ac #d,-,18,3317,2353,1505,78,0,208316,12915,3605,2356,1613,3317,2351,1152,96,100,0,500,3427;
@400000005e786b2d272bcd1a #d,-,18,3590,2353,1662,80,0,208911,12952,3590,2354,1715,3317,2350,1274,99,100,0,500,3604;
@400000005e786b2f27355e7b #d,-,18,3417,2355,1574,80,0,208941,12954,3590,2356,1662,3417,2353,1159,95,100,0,500,3573;
@400000005e786b2f273b1773 #d,-,18,3346,2355,1148,81,0,208912,12952,3417,2357,1574,3346,2353,1122,98,100,0,500,3401;
@400000005e786b312744db1e #d,-,18,2653,2354,1168,82,0,208762,12943,3346,2357,1182,2653,2354,1136,98,100,0,500,2694;
@400000005e786b31274a9b8a #d,-,18,2658,2353,1175,83,0,208819,12946,2658,2356,1182,2653,2353,1137,97,100,0,500,2728;
@400000005e786b3327548742 #d,-,18,2726,2356,1163,83,0,208481,12925,2726,2356,1175,2658,2353,1156,98,100,0,500,2757;
@400000005e786b33275a5b3c #d,-,18,2724,2355,1162,84,0,208345,12917,2726,2356,1163,2724,2353,1160,99,100,0,500,2746;
@400000005e786b352764d660 #d,-,18,2722,2354,1162,85,0,208211,12909,2724,2355,1163,2722,2353,1161,99,100,0,500,2742;
@400000005e786b35276b245c #d,-,18,2720,2355,1190,86,0,208099,12902,2722,2355,1191,2720,2353,1161,99,100,0,500,2744;
@400000005e786b372775af55 #d,-,18,2722,2356,1162,86,0,207971,12894,2722,2356,1190,2720,2354,1155,98,100,0,500,2769;
@400000005e786b37277c8549 #d,-,18,2721,2356,1161,87,0,207847,12886,2722,2358,1162,2721,2355,1160,99,100,0,500,2744;
@400000005e786b3927876e52 #d,-,18,2719,2358,1161,88,0,207722,12878,2721,2358,1162,2719,2356,1160,99,100,0,500,2744;
@400000005e786b39278eebea #d,-,18,2718,2356,1160,89,0,207787,12882,2719,2358,1162,2718,2355,1160,99,100,0,500,2742;
@400000005e786b3b279b86f3 #d,-,18,2717,2356,1189,89,0,207494,12864,2718,2358,1189,2717,2356,1160,99,100,0,500,2742;
@400000005e786b3b27a2f95e #d,-,18,2719,2356,1163,90,0,207382,12857,2719,2357,1190,2717,2355,1154,98,100,0,500,2771;
@400000005e786b3d27b0faf5 #d,-,18,2718,2357,1160,91,0,207267,12850,2719,2358,1163,2718,2355,1160,99,100,0,500,2742;
@400000005e786b3d27b9ffb5 #d,-,18,2717,2359,1159,92,0,207153,12843,2718,2359,1162,2717,2355,1159,99,100,0,500,2742;
@400000005e786b3f27ca7a99 #d,-,18,2716,2359,1161,92,0,207218,12847,2717,2359,1161,2716,2357,1159,99,100,0,500,2742;
@400000005e786b3f27d45946 #d,-,18,2715,2359,1183,93,0,206938,12830,2716,2359,1183,2715,2356,1159,99,100,0,500,2742;
@400000005e786b4127e529d9 #d,-,18,2718,2358,1162,94,0,206839,12824,2718,2360,1188,2715,2357,1153,98,100,0,500,2773;
@400000005e786b4127ef72b2 #d,-,18,2716,2358,1160,95,0,206731,12817,2718,2359,1162,2716,2357,1159,99,100,0,500,2739;
@400000005e786b4327ff2649 #d,-,18,2715,2359,1160,95,0,206625,12810,2716,2359,1161,2715,2357,1160,99,100,0,500,2742;
@400000005e786b43280a32b6 #d,-,18,2714,2358,1160,96,0,206523,12804,2715,2359,1161,2714,2356,1159,99,100,0,500,2741;
@400000005e786b45281ad872 #d,-,18,2713,2356,1172,97,0,206422,12798,2714,2358,1172,2713,2355,1160,98,100,0,500,2742;
@400000005e786b45282534da #d,-,18,2716,2356,1161,98,0,206335,12792,2716,2357,1190,2713,2354,1156,98,100,0,500,2771;
@400000005e786b472835e209 #d,-,18,2715,2357,1160,98,0,206236,12786,2716,2357,1163,2715,2355,1160,99,100,0,500,2739;
@400000005e786b4728400c26 #d,-,18,2714,2357,1160,99,0,206304,12790,2715,2357,1162,2714,2355,1159,99,100,0,500,2741;
@400000005e786b49284e8316 #d,-,18,2713,2359,1160,100,0,206207,12784,2714,2359,1162,2713,2355,1159,98,100,0,500,2742;
@400000005e786b492859a312 #d,-,18,2712,2355,1488,101,0,206036,12774,2713,2359,1488,2712,2355,1159,98,100,0,500,2741;
@400000005e786b4b2862c2d4 #d,-,18,3481,2356,1375,102,0,206503,12803,3481,2356,1702,2712,2352,1375,100,100,0,500,3481;
@400000005e786b4b286683f4 #d,-,18,3365,2357,1457,103,0,206798,12821,3481,2357,1577,3365,2353,1301,97,100,0,500,3449;
@400000005e786b4d2872f6f1 #d,-,18,3570,2354,1674,104,0,207279,12851,3570,2358,1712,3365,2354,1261,99,100,0,500,3582;
@400000005e786b4d287b4438 #d,-,18,3374,2353,1559,105,0,207623,12872,3570,2358,1674,3374,2353,1151,95,100,0,500,3531;
@400000005e786b4f288834ef #d,-,18,3490,2352,1682,106,0,207878,12888,3490,2357,1717,3374,2352,1244,100,100,0,500,3490;
@400000005e786b4f2890a0f2 #d,-,18,3624,2354,1623,107,0,208104,12902,3624,2357,1685,3490,2352,1176,96,100,0,500,3764;
@400000005e786b51289b14a2 #d,-,18,3384,2356,1704,107,0,208505,12927,3624,2359,1720,3384,2354,1249,98,100,0,500,3420;
@400000005e786b5128a0dd70 #d,-,18,3785,2358,1545,109,0,208723,12940,3785,2359,1704,3384,2354,1147,98,100,0,500,3835;
@400000005e786b5328ac04df #d,-,18,3349,2358,1147,109,0,209060,12961,3785,2359,1650,3349,2356,1147,99,100,0,500,3372;
@400000005e786b5328b2657b #d,-,18,2731,2357,1126,110,0,208776,12944,3349,2359,1158,2731,2356,1110,96,100,0,500,2842;
@400000005e786b5528be24b8 #d,-,18,2727,2358,1149,111,0,208688,12938,2731,2358,1197,2727,2356,1126,100,100,0,500,2727;
@400000005e786b5528c4ff55 #d,-,18,2724,2358,1157,112,0,208578,12931,2727,2359,1158,2724,2356,1148,99,100,0,500,2748;
@400000005e786b5728d1205d #d,-,18,2721,2357,1156,112,0,208471,12925,2724,2360,1159,2721,2357,1155,99,100,0,500,2735;
@400000005e786b5728d85bd5 #d,-,18,2719,2358,1157,113,0,208365,12918,2721,2360,1158,2719,2357,1156,99,100,0,500,2733;
@400000005e786b5928e521b4 #d,-,18,2716,2358,1155,114,0,208261,12912,2719,2359,1157,2716,2357,1155,99,100,0,500,2735;
@400000005e786b5928ed56c5 #d,-,18,2715,2358,1159,115,0,208173,12906,2716,2359,1185,2715,2357,1155,99,100,0,500,2737;
@400000005e786b5b28fd54dd #d,-,18,2716,2359,1156,115,0,208070,12900,2716,2359,1159,2715,2357,1151,98,100,0,500,2757;
@400000005e786b5b2907bd60 #d,-,18,2713,2357,1157,116,0,207970,12894,2716,2359,1158,2713,2357,1156,99,100,0,500,2735;
@400000005e786b5d2918acaf #d,-,18,2712,2357,1157,117,0,207871,12888,2713,2359,1157,2712,2356,1156,99,100,0,500,2733;
@400000005e786b5d29231532 #d,-,18,2710,2359,1157,118,0,207775,12882,2712,2359,1158,2710,2356,1156,99,100,0,500,2735;
@400000005e786b5f29330375 #d,-,18,2710,2357,1172,118,0,207694,12877,2710,2359,1186,2710,2356,1156,99,100,0,500,2735;
@400000005e786b5f293e5d2f #d,-,18,2711,2357,1157,119,0,207597,12871,2711,2358,1172,2710,2356,1150,98,100,0,500,2758;
@400000005e786b61294edf87 #d,-,18,2710,2358,1157,120,0,207504,12865,2711,2359,1158,2710,2356,1156,99,100,0,500,2735;
@400000005e786b6129597b43 #d,-,18,2709,2358,1157,121,0,207413,12859,2710,2359,1158,2709,2356,1156,99,100,0,500,2735;
@400000005e786b63296a66d8 #d,-,18,2708,2357,1157,121,0,207322,12853,2709,2359,1158,2708,2356,1156,99,100,0,500,2733;
@400000005e786b632974bbcd #d,-,18,2707,2356,1184,122,0,207380,12857,2708,2358,1185,2707,2356,1156,99,100,0,500,2733;
@400000005e786b6529858044 #d,-,18,2709,2358,1156,123,0,207290,12851,2709,2359,1184,2707,2355,1149,98,100,0,500,2758;
@400000005e786b65298fb58f #d,-,18,2708,2358,1156,124,0,207068,12838,2709,2359,1158,2708,2356,1155,99,100,0,500,2733;
@400000005e786b6729a0b0f9 #d,-,18,2707,2357,1156,124,0,206980,12832,2708,2358,1157,2707,2356,1155,99,100,0,500,2732;
@400000005e786b6729aafd8c #d,-,18,2706,2357,1156,125,0,206894,12827,2707,2359,1158,2706,2356,1155,99,100,0,500,2733;
@400000005e786b6929bae45b #d,-,18,2705,2358,1184,126,0,206818,12822,2706,2359,1184,2705,2356,1155,99,100,0,500,2732;
@400000005e786b6929c62313 #d,-,18,2707,2359,1158,127,0,206736,12817,2707,2359,1185,2705,2356,1149,98,100,0,500,2757;
@400000005e786b6b29d70735 #d,-,18,2706,2359,1155,127,0,206653,12812,2707,2359,1158,2706,2357,1155,99,100,0,500,2732;
@400000005e786b6b29e16fb8 #d,-,18,2705,2358,1157,128,0,206570,12807,2706,2359,1157,2705,2357,1154,99,100,0,500,2732;
@400000005e786b6d29ec5c7b #d,-,18,2704,2358,1156,129,0,206489,12802,2705,2359,1157,2704,2357,1155,98,100,0,500,2732;
@400000005e786b6d29f16928 #d,-,18,3024,2354,1715,130,0,206968,12832,3024,2358,1741,2704,2352,1156,100,100,0,500,3024;
@400000005e786b6f29f9c19c #d,-,18,3546,2353,1611,131,0,206990,12833,3546,2357,1715,3024,2353,1241,96,100,0,500,3668;
@400000005e786b6f29fe69b4 #d,-,18,3376,2351,1696,132,0,207294,12852,3546,2356,1709,3376,2351,1245,98,100,0,500,3417;
@400000005e786b712a05c890 #d,-,18,3749,2353,1449,133,0,207488,12864,3749,2357,1696,3376,2351,1216,99,100,0,500,3785;
@400000005e786b712a095a31 #d,-,18,3302,2353,1692,134,0,207773,12881,3749,2357,1692,3302,2353,1261,99,100,0,500,3324;
@400000005e786b732a114968 #d,-,18,3728,2354,1156,135,0,208002,12896,3728,2356,1709,3302,2353,1149,99,100,0,500,3737;
@400000005e786b732a1800a0 #d,-,18,3266,2356,1240,135,0,208313,12915,3728,2357,1633,3266,2351,1156,97,100,0,500,3363;
@400000005e786b752a244c7f #d,-,18,3529,2358,1284,137,0,208553,12930,3529,2358,1723,3266,2352,1240,99,100,0,500,3561;
@400000005e786b752a2bde94 #d,-,18,3349,2356,1403,137,0,208746,12942,3529,2358,1614,3349,2354,1210,97,100,0,500,3431;
@400000005e786b772a372d21 #d,-,18,3140,2356,1144,138,0,208665,12937,3349,2360,1403,3140,2356,1144,96,100,0,500,3264;
@400000005e786b772a41ea65 #d,-,18,2681,2357,1155,139,0,208566,12931,3140,2358,1155,2681,2356,1142,98,100,0,500,2723;
@400000005e786b792a4e2fbf #d,-,18,2686,2358,1175,140,0,208503,12927,2686,2359,1196,2681,2355,1155,97,100,0,500,2755;
@400000005e786b792a58e949 #d,-,18,2691,2359,1158,140,0,208420,12922,2691,2359,1175,2686,2355,1155,97,100,0,500,2762;
@400000005e786b7b2a69f0ce #d,-,18,2693,2356,1161,141,0,208341,12917,2693,2359,1165,2691,2356,1158,98,100,0,500,2737;
@400000005e786b7b2a751484 #d,-,18,2695,2357,1162,142,0,208261,12912,2695,2358,1163,2693,2355,1159,98,100,0,500,2746;
@400000005e786b7d2a862f98 #d,-,18,2697,2357,1160,143,0,208183,12907,2697,2359,1163,2695,2356,1160,98,100,0,500,2744;
@400000005e786b7d2a90d593 #d,-,18,2702,2359,1156,143,0,208114,12903,2702,2359,1190,2697,2356,1154,97,100,0,500,2764;
@400000005e786b7f2aa0b8a9 #d,-,18,2703,2360,1160,144,0,208039,12898,2703,2360,1163,2702,2356,1156,98,100,0,500,2751;
@400000005e786b7f2aac40f4 #d,-,18,2704,2357,1161,145,0,208077,12900,2704,2360,1162,2703,2357,1159,98,100,0,500,2744;
@400000005e786b812ab8b125 #d,-,18,2705,2360,1166,146,0,207892,12889,2705,2360,1169,2704,2357,1161,98,100,0,500,2746;
@400000005e786b812ac334ab #d,-,18,2708,2360,1167,146,0,207823,12885,2708,2360,1168,2705,2357,1165,98,100,0,500,2760;
@400000005e786b832ad0308f #d,-,18,2711,2359,1153,147,0,207760,12881,2711,2361,1188,2708,2358,1153,98,100,0,500,2765;
@400000005e786b832adbe49f #d,-,18,2712,2358,1159,148,0,207687,12876,2712,2361,1162,2711,2358,1153,98,100,0,500,2757;
@400000005e786b852aec18bc #d,-,18,2711,2360,1160,149,0,207615,12872,2712,2361,1161,2711,2358,1159,98,100,0,500,2744;
@400000005e786b852af7e503 #d,-,18,2711,2360,1160,149,0,207544,12867,2711,2361,1161,2711,2358,1160,98,100,0,500,2744;
@400000005e786b872b07de73 #d,-,18,2711,2359,1160,150,0,207473,12863,2711,2360,1161,2711,2357,1159,98,100,0,500,2744;
@400000005e786b872b136f20 #d,-,18,2712,2358,1158,151,0,207414,12859,2712,2360,1189,2711,2358,1158,98,100,0,500,2751;
@400000005e786b892b2136f9 #d,-,18,2714,2358,1160,152,0,207344,12855,2714,2360,1161,2712,2358,1154,98,100,0,500,2764;
@400000005e786b892b2b8b00 #d,-,18,2714,2359,1161,152,0,207276,12851,2714,2360,1162,2714,2358,1160,98,100,0,500,2744;
@400000005e786b8b2b391be6 #d,-,18,2713,2359,1160,153,0,207208,12846,2714,2360,1161,2713,2358,1159,98,100,0,500,2744;
@400000005e786b8b2b45a360 #d,-,18,2713,2358,1160,154,0,207141,12842,2713,2360,1161,2713,2358,1159,98,100,0,500,2744;
@400000005e786b8b2b4efdce #d,-,18,2713,2358,1170,155,0,207192,12845,2713,2360,1187,2713,2357,1160,98,100,0,500,2744;
@400000005e786b8d2b5f8ffb #d,-,18,2715,2359,1159,155,0,207017,12835,2715,2360,1170,2713,2358,1153,98,100,0,500,2765;
@400000005e786b8d2b69fb4a #d,-,18,2714,2359,1160,156,0,206952,12831,2715,2360,1161,2714,2358,1159,98,100,0,500,2742;
@400000005e786b8f2b790eb0 #d,-,18,2713,2359,1161,157,0,206888,12827,2714,2360,1163,2713,2357,1159,98,100,0,500,2742;
@400000005e786b8f2b83675f #d,-,18,2716,2356,1743,158,0,207166,12844,2716,2359,1744,2713,2356,1160,98,100,0,500,2751;
@400000005e786b912b906343 #d,-,18,3794,2358,1457,159,0,207222,12847,3794,2359,1743,2716,2354,1251,98,100,0,500,3833;
@400000005e786b912b99299c #d,-,18,3367,2357,1679,160,0,207463,12862,3794,2359,1679,3367,2355,1299,99,100,0,500,3388;
@400000005e786b932ba65c73 #d,-,18,3704,2360,1150,161,1,207673,12875,3704,2360,1710,3367,2355,1149,99,100,0,500,3709;
@400000005e786b932bae5052 #d,-,18,3257,2358,1321,162,1,207850,12886,3704,2360,1626,3257,2355,1150,97,100,0,500,3335;
@400000005e786b952bb7294c #d,-,18,3633,2360,1237,163,1,208245,12911,3633,2360,1711,3257,2355,1237,98,100,0,500,3675;
@400000005e786b952bbad323 #d,-,18,3289,2357,1454,164,1,208308,12915,3633,2360,1625,3289,2354,1152,97,100,0,500,3374;
@400000005e786b972bc4261e #d,-,18,3624,2358,1643,165,1,208611,12933,3624,2358,1713,3289,2353,1256,99,100,0,500,3657;
@400000005e786b972bcaaa1e #d,-,18,3347,2358,1533,166,1,208727,12941,3624,2361,1643,3347,2358,1150,96,100,0,500,3486;
@400000005e786b992bda0f79 #d,-,18,3341,2361,1156,166,1,208690,12938,3347,2362,1533,3341,2358,1132,98,100,0,500,3390;
@400000005e786b992be49a72 #d,-,18,2704,2358,1160,167,1,208621,12934,3341,2361,1165,2704,2358,1156,98,100,0,500,2732;
@400000005e786b9b2bf38302 #d,-,18,2704,2360,1185,168,1,208556,12930,2704,2360,1185,2704,2357,1158,98,100,0,500,2741;
@400000005e786b9b2bfddac2 #d,-,18,2707,2360,1157,169,1,208589,12932,2707,2362,1187,2704,2359,1151,97,100,0,500,2765;
@400000005e786b9d2c0d4ff2 #d,-,18,2706,2362,1156,169,1,208420,12922,2707,2363,1158,2706,2360,1155,98,100,0,500,2737;
@400000005e786b9d2c17df93 #d,-,18,2706,2359,1157,170,1,208351,12917,2706,2362,1157,2706,2359,1155,98,100,0,500,2737;
@400000005e786b9f2c22bc81 #d,-,18,2706,2359,1158,171,1,208283,12913,2706,2360,1158,2706,2358,1155,98,100,0,500,2739;
@400000005e786b9f2c2d2c78 #d,-,18,2705,2362,1174,172,1,208218,12909,2706,2362,1174,2705,2359,1154,98,100,0,500,2737;
@400000005e786ba12c3b5174 #d,-,18,2708,2361,1156,172,1,208156,12905,2708,2362,1184,2705,2360,1150,97,100,0,500,2764;
@400000005e786ba12c464698 #d,-,18,2707,2362,1156,173,1,208089,12901,2708,2363,1157,2707,2361,1154,99,100,0,500,2733;
@400000005e786ba32c52b995 #d,-,18,2707,2361,1156,174,1,208023,12897,2707,2362,1157,2707,2359,1156,98,100,0,500,2737;
@400000005e786ba32c5d25d2 #d,-,18,2706,2360,1157,175,1,208053,12899,2707,2362,1158,2706,2359,1155,98,100,0,500,2737;
@400000005e786ba52c6dd301 #d,-,18,2706,2362,1163,175,1,207989,12895,2706,2362,1163,2706,2359,1155,98,100,0,500,2737;
@400000005e786ba52c7842f8 #d,-,18,2709,2360,1154,176,1,207838,12885,2709,2362,1185,2706,2360,1149,97,100,0,500,2765;
@400000005e786ba72c84ece7 #d,-,18,2708,2361,1156,177,1,207774,12882,2709,2362,1158,2708,2360,1154,98,100,0,500,2737;
@400000005e786ba72c90109c #d,-,18,2707,2363,1155,178,1,207711,12878,2708,2363,1157,2707,2361,1154,98,100,0,500,2737;
@400000005e786ba92c9f18d6 #d,-,18,2707,2361,1156,178,1,207648,12874,2707,2363,1157,2707,2361,1155,98,100,0,500,2737;
@400000005e786ba92ca945bf #d,-,18,2706,2360,1155,179,1,207586,12870,2707,2362,1157,2706,2359,1155,98,100,0,500,2737;
@400000005e786bab2cb76f62 #d,-,18,2709,2363,1151,180,1,207532,12867,2709,2363,1184,2706,2360,1149,98,100,0,500,2758;
@400000005e786bab2cc26fb4 #d,-,18,2708,2362,1155,181,1,207563,12868,2709,2363,1157,2708,2360,1151,98,100,0,500,2739;
@400000005e786bad2cd2bed2 #d,-,18,2707,2361,1156,181,1,207502,12865,2708,2363,1157,2707,2360,1155,98,100,0,500,2737;
@400000005e786bad2cdd4612 #d,-,18,2706,2361,1155,182,1,207350,12855,2707,2362,1157,2706,2360,1155,98,100,0,500,2735;
@400000005e786baf2cedbd3c #d,-,18,2706,2361,1155,183,1,207291,12852,2706,2362,1157,2706,2360,1155,98,100,0,500,2737;
@400000005e786baf2cf8447c #d,-,18,2708,2360,1148,184,1,207240,12848,2708,2362,1185,2706,2360,1148,98,100,0,500,2751;
@400000005e786bb12d0865f8 #d,-,18,2708,2361,1156,184,1,207181,12845,2708,2362,1157,2708,2360,1148,98,100,0,500,2746;
@400000005e786bb12d12a66f #d,-,18,2707,2359,1157,185,1,207123,12841,2708,2362,1157,2707,2359,1155,98,100,0,500,2735;
@400000005e786bb32d1f4531 #d,-,18,2713,2356,1649,186,1,207329,12854,2713,2361,1649,2707,2356,1156,98,100,0,500,2755;
@400000005e786bb32d267cf0 #d,-,18,3714,2359,1311,187,1,207471,12863,3714,2360,1696,2713,2355,1275,99,100,0,500,3742;
@400000005e786bb52d310f5c #d,-,18,3358,2357,1669,188,1,207587,12870,3714,2359,1669,3358,2356,1267,99,100,0,500,3369;
@400000005e786bb52d375d58 #d,-,18,3695,2362,1155,189,1,207783,12882,3695,2362,1704,3358,2356,1155,99,100,0,500,3719;
@400000005e786bb72d3f4c8e #d,-,18,3301,2359,1305,190,1,207935,12892,3695,2362,1622,3301,2357,1152,97,100,0,500,3376;
@400000005e786bb72d4318db #d,-,18,3663,2361,1241,191,1,208191,12907,3663,2361,1725,3301,2356,1241,98,100,0,500,3702;
@400000005e786bb92d4ad5c8 #d,-,18,3271,2359,1447,192,1,208326,12916,3663,2362,1630,3271,2357,1134,97,100,0,500,3362;
@400000005e786bb92d4e9e5b #d,-,18,3650,2359,1643,193,1,208593,12932,3650,2362,1727,3271,2357,1259,99,100,0,500,3678;
@400000005e786bbb2d598b1e #d,-,18,3344,2360,1554,194,1,208784,12944,3650,2361,1643,3344,2359,1142,95,100,0,500,3486;
@400000005e786bbb2d60bf23 #d,-,18,3343,2361,1143,195,1,208664,12937,3344,2361,1554,3343,2359,1132,97,100,0,500,3429;
@400000005e786bbd2d6f7479 #d,-,18,2674,2359,1139,195,1,208592,12932,3343,2361,1158,2674,2358,1120,98,100,0,500,2705;
@400000005e786bbd2d7a6d58 #d,-,18,2672,2358,1175,196,1,208533,12929,2674,2359,1180,2672,2358,1139,99,100,0,500,2696;
@400000005e786bbf2d87e608 #d,-,18,2678,2358,1173,197,1,208480,12925,2678,2359,1185,2672,2357,1152,97,100,0,500,2755;
@400000005e786bbf2d92bb82 #d,-,18,2684,2359,1157,198,1,208420,12922,2684,2360,1173,2678,2358,1152,97,100,0,500,2760;
@400000005e786bc12d9dbbd4 #d,-,18,2687,2358,1157,198,1,208361,12918,2687,2359,1159,2684,2357,1156,98,100,0,500,2739;
@400000005e786bc12da40d89 #d,-,18,2689,2360,1158,199,1,208303,12914,2689,2360,1159,2687,2357,1157,98,100,0,500,2739;
@400000005e786bc32db26d31 #d,-,18,2693,2360,1171,200,1,208255,12911,2693,2361,1174,2689,2360,1158,97,100,0,500,2753;
@400000005e786bc32dbcc999 #d,-,18,2699,2360,1200,201,1,208215,12909,2699,2361,1201,2693,2359,1170,97,100,0,500,2774;
@400000005e786bc52dcb0d50 #d,-,18,2759,2360,1158,201,1,208243,12911,2759,2362,1200,2699,2360,1154,98,100,0,500,2796;
@400000005e786bc52dd62131 #d,-,18,2705,2358,1158,202,1,208104,12902,2759,2360,1161,2705,2357,1157,98,100,0,500,2739;
@400000005e786bc72de41028 #d,-,18,2705,2362,1157,203,1,208130,12904,2705,2362,1158,2705,2358,1155,98,100,0,500,2741;
@400000005e786bc72def0cc0 #d,-,18,2704,2360,1156,204,1,207991,12895,2705,2362,1157,2704,2360,1154,98,100,0,500,2735;
@400000005e786bc92dfe9cf3 #d,-,18,2704,2361,1184,204,1,207941,12892,2704,2362,1184,2704,2360,1155,98,100,0,500,2737;
@400000005e786bc92e092078 #d,-,18,2707,2360,1158,205,1,207887,12889,2707,2361,1184,2704,2358,1151,98,100,0,500,2762;
@400000005e786bcb2e19dd7c #d,-,18,2706,2361,1157,206,1,207832,12885,2707,2361,1159,2706,2357,1156,98,100,0,500,2735;
@400000005e786bcb2e242dc9 #d,-,18,2706,2361,1157,207,1,207777,12882,2706,2361,1157,2706,2359,1154,98,100,0,500,2737;
@400000005e786bcd2e320489 #d,-,18,2705,2360,1156,207,1,207724,12878,2706,2361,1157,2705,2360,1155,98,100,0,500,2737;
@400000005e786bcd2e3cd64a #d,-,18,2705,2361,1181,208,1,207753,12880,2705,2362,1181,2705,2360,1155,98,100,0,500,2737;
@400000005e786bcf2e4bbed9 #d,-,18,2709,2359,1157,209,1,207703,12877,2709,2361,1186,2705,2358,1149,97,100,0,500,2765;
@400000005e786bcf2e5665c3 #d,-,18,2707,2360,1156,210,1,207571,12869,2709,2362,1158,2707,2359,1155,99,100,0,500,2733;
@400000005e786bd12e67329c #d,-,18,2707,2361,1155,210,1,207518,12866,2707,2361,1157,2707,2359,1155,98,100,0,500,2735;
@400000005e786bd12e7176cd #d,-,18,2707,2360,1156,211,1,207466,12862,2707,2361,1157,2707,2359,1155,98,100,0,500,2737;
@400000005e786bd32e813df3 #d,-,18,2706,2361,1171,212,1,207416,12859,2707,2361,1171,2706,2359,1155,98,100,0,500,2735;
@400000005e786bd32e8c5def #d,-,18,2709,2360,1157,213,1,207369,12856,2709,2361,1184,2706,2359,1149,98,100,0,500,2764;
@400000005e786bd52e9c920b #d,-,18,2708,2361,1157,213,1,207319,12853,2709,2361,1158,2708,2358,1156,99,100,0,500,2733;
@400000005e786bd52ea75c58 #d,-,18,2707,2359,1157,214,1,207268,12850,2708,2361,1158,2707,2358,1155,98,100,0,500,2737;
@400000005e786bd72eb359fc #d,-,18,2986,2357,1684,215,1,207439,12861,2986,2359,1684,2707,2356,1156,100,100,0,500,2986;
@400000005e786bd72eb98fc1 #d,-,18,3465,2356,1594,216,1,207598,12871,3465,2360,1695,2986,2356,1228,96,100,0,500,3575;
@400000005e786bd92ec5637b #d,-,18,3412,2357,1709,217,1,207711,12878,3465,2358,1711,3412,2355,1247,99,100,0,500,3426;
@400000005e786bd92ecbd033 #d,-,18,3762,2358,1277,218,1,207896,12889,3762,2360,1709,3412,2357,1144,99,100,0,500,3789;
@400000005e786bdb2ed6a967 #d,-,18,3227,2358,1635,219,1,207982,12894,3762,2360,1635,3227,2356,1246,97,100,0,500,3298;
@400000005e786bdb2edca47f #d,-,18,3668,2361,1158,220,1,208153,12905,3668,2361,1707,3227,2355,1158,99,100,0,500,3680;
@400000005e786bdd2ee5c087 #d,-,18,3280,2359,1239,221,1,208273,12912,3668,2361,1618,3280,2357,1156,97,100,0,500,3362;
@400000005e786bdd2eeb23d1 #d,-,18,3651,2358,1298,222,1,208506,12927,3651,2359,1737,3280,2356,1239,99,100,0,500,3687;
@400000005e786bdf2ef7d533 #d,-,18,3293,2359,1443,223,1,208607,12933,3651,2359,1595,3293,2356,1155,96,100,0,500,3397;
@400000005e786bdf2f0070b6 #d,-,18,3146,2359,1159,223,1,208632,12935,3293,2361,1443,3146,2358,1136,96,100,0,500,3267;
@400000005e786be12f0c5bb9 #d,-,18,2714,2361,1158,224,1,208582,12932,3146,2361,1169,2714,2358,1157,98,100,0,500,2746;
@400000005e786be12f16cbb0 #d,-,18,2716,2362,1160,225,1,208464,12924,2716,2362,1189,2714,2360,1158,98,100,0,500,2765;
@400000005e786be32f2590db #d,-,18,2719,2360,1161,226,1,208423,12922,2719,2362,1191,2716,2359,1160,98,100,0,500,2765;
@400000005e786be32f3088cb #d,-,18,2720,2360,1164,226,1,208376,12919,2720,2361,1166,2719,2359,1161,98,100,0,500,2771;
@400000005e786be52f3e0623 #d,-,18,2720,2359,1166,227,1,208329,12916,2720,2360,1166,2720,2357,1164,98,100,0,500,2753;
@400000005e786be52f484efd #d,-,18,2721,2359,1164,228,1,208282,12913,2721,2359,1167,2720,2357,1164,98,100,0,500,2757;
@400000005e786be72f591462 #d,-,18,2720,2360,1164,229,1,208236,12910,2721,2360,1165,2720,2357,1163,98,100,0,500,2753;
@400000005e786be72f637484 #d,-,18,2722,2359,1162,229,1,208196,12908,2722,2360,1191,2720,2358,1162,98,100,0,500,2760;
@400000005e786be92f710cde #d,-,18,2723,2358,1164,230,1,208150,12905,2723,2361,1166,2722,2358,1158,98,100,0,500,2773;
@400000005e786be92f7c2cda #d,-,18,2723,2358,1165,231,1,208104,12902,2723,2360,1165,2723,2358,1163,98,100,0,500,2755;
@400000005e786beb2f897340 #d,-,18,2723,2359,1164,232,1,208059,12899,2723,2361,1166,2723,2357,1163,98,100,0,500,2753;
@400000005e786beb2f93c38d #d,-,18,2722,2361,1164,232,1,208014,12896,2723,2361,1165,2722,2358,1162,98,100,0,500,2755;
@400000005e786bed2fa0043e #d,-,18,2723,2360,1172,233,1,207977,12894,2723,2361,1192,2722,2358,1164,98,100,0,500,2757;
@400000005e786bed2faafd1d #d,-,18,2725,2360,1165,234,1,207932,12891,2725,2360,1172,2723,2358,1158,98,100,0,500,2778;
@400000005e786bef2fb83767 #d,-,18,2724,2361,1163,235,1,207887,12889,2725,2361,1166,2724,2358,1162,98,100,0,500,2755;
@400000005e786bef2fc268f8 #d,-,18,2724,2361,1163,235,1,207843,12886,2724,2362,1165,2724,2359,1162,99,100,0,500,2751;
@400000005e786bf12fceff58 #d,-,18,2723,2359,1164,236,1,207870,12887,2724,2361,1164,2723,2359,1162,98,100,0,500,2753;
@400000005e786bf12fda32e3 #d,-,18,2723,2359,1186,237,1,207763,12881,2723,2360,1192,2723,2358,1164,98,100,0,500,2753;
@400000005e786bf32feae3cb #d,-,18,2725,2360,1162,238,1,207719,12878,2725,2360,1186,2723,2357,1158,98,100,0,500,2778;
@400000005e786bf32ff56397 #d,-,18,2724,2358,1163,238,1,207676,12875,2725,2360,1165,2724,2358,1162,98,100,0,500,2753;
@400000005e786bf53003abf6 #d,-,18,2724,2358,1164,239,1,207634,12873,2724,2360,1165,2724,2358,1163,98,100,0,500,2753;
@400000005e786bf5300e04a5 #d,-,18,2723,2360,1163,240,1,207660,12874,2724,2360,1165,2723,2358,1163,98,100,0,500,2753;
@400000005e786bf7301a5c9f #d,-,18,2723,2360,1191,241,1,207555,12868,2723,2360,1192,2723,2357,1163,98,100,0,500,2753;
@400000005e786bf730256464 #d,-,18,2725,2357,1165,241,1,207582,12870,2725,2360,1191,2723,2357,1157,98,100,0,500,2778;
@400000005e786bf93034d5db #d,-,18,2725,2359,1165,242,1,207472,12863,2725,2359,1165,2725,2356,1163,98,100,0,500,2753;
@400000005e786bf9303eb577 #d,-,18,2724,2354,1579,243,1,207513,12865,2725,2359,1579,2724,2354,1164,98,100,0,500,2753;
@400000005e786bfb304bc8a4 #d,-,18,3690,2357,1371,244,1,207676,12875,3690,2357,1716,2724,2354,1353,100,100,0,500,3690;
@400000005e786bfb30547f28 #d,-,18,3409,2357,1546,245,1,207808,12884,3690,2359,1608,3409,2357,1264,98,100,0,500,3467;
@400000005e786bfd30618f89 #d,-,18,3669,2358,1209,246,1,207995,12895,3669,2358,1728,3409,2354,1209,99,100,0,500,3700;
@400000005e786bfd30696eeb #d,-,18,3319,2359,1278,247,1,208084,12901,3669,2359,1568,3319,2355,1149,97,100,0,500,3408;
@400000005e786bff3072309c #d,-,18,3588,2358,1373,248,1,208288,12913,3588,2359,1712,3319,2354,1245,99,100,0,500,3620;
@400000005e786bff30761520 #d,-,18,3314,2357,1454,249,1,208442,12923,3588,2359,1609,3314,2356,1147,97,100,0,500,3411;
@400000005e786c01307ee6a7 #d,-,18,3576,2353,1704,250,1,208574,12931,3576,2358,1717,3314,2353,1254,99,100,0,500,3597;
@400000005e786c013082e273 #d,-,18,3409,2355,1561,251,1,208717,12940,3576,2358,1704,3409,2353,1156,95,100,0,500,3572;
@400000005e786c03308ea659 #d,-,18,3320,2356,1102,252,1,208625,12934,3409,2356,1561,3320,2355,1090,98,100,0,500,3381;
@400000005e786c03309608ef #d,-,18,2648,2357,1154,252,1,208576,12931,3320,2358,1165,2648,2355,1102,98,100,0,500,2680;
@400000005e786c0530a356c7 #d,-,18,2653,2356,1165,253,1,208528,12928,2653,2358,1165,2648,2356,1154,97,100,0,500,2724;
@400000005e786c0530ae3c17 #d,-,18,2714,2355,1164,254,1,208484,12926,2714,2356,1173,2653,2355,1156,98,100,0,500,2748;
@400000005e786c0730be58eb #d,-,18,2715,2357,1163,255,1,208442,12923,2715,2357,1185,2714,2354,1151,98,100,0,500,2760;
@400000005e786c0730c8e88c #d,-,18,2714,2355,1159,255,1,208396,12920,2715,2357,1163,2714,2355,1157,99,100,0,500,2737;
@400000005e786c0930d99d2e #d,-,18,2712,2357,1159,256,1,208350,12917,2714,2357,1160,2712,2354,1157,99,100,0,500,2737;
@400000005e786c0930e3e608 #d,-,18,2711,2354,1159,257,1,208304,12914,2712,2357,1159,2711,2354,1157,99,100,0,500,2737;
@400000005e786c0b30f36754 #d,-,18,2710,2356,1159,258,1,208260,12912,2711,2356,1160,2710,2354,1158,99,100,0,500,2735;
@400000005e786c0b30fe6b5f #d,-,18,2713,2354,1156,258,1,208220,12909,2713,2356,1188,2710,2354,1151,98,100,0,500,2762;
@400000005e786c0d310ec2df #d,-,18,2712,2354,1159,259,1,208240,12910,2713,2355,1162,2712,2352,1156,99,100,0,500,2739;
@400000005e786c0d31199fcd #d,-,18,2711,2354,1159,260,1,208131,12904,2712,2355,1161,2711,2353,1157,99,100,0,500,2737;
@400000005e786c0f3128d698 #d,-,18,2709,2357,1159,261,1,208087,12901,2711,2357,1159,2709,2354,1157,99,100,0,500,2735;
@400000005e786c0f31333a73 #d,-,18,2709,2356,1158,261,1,208043,12898,2709,2357,1159,2709,2355,1157,98,100,0,500,2737;
@400000005e786c11313ee710 #d,-,18,2711,2355,1154,262,1,208006,12896,2711,2356,1188,2709,2353,1153,98,100,0,500,2755;
@400000005e786c113149efc4 #d,-,18,2710,2350,1161,263,1,207962,12893,2711,2355,1162,2710,2350,1154,98,100,0,500,2746;
@400000005e786c1331592e02 #d,-,18,2710,2353,1160,264,1,207919,12891,2710,2353,1162,2710,2350,1159,99,100,0,500,2737;
@400000005e786c133163bcb4 #d,-,18,2709,2354,1159,264,1,207876,12888,2710,2354,1160,2709,2353,1158,98,100,0,500,2739;
@400000005e786c1531740908 #d,-,18,2708,2355,1159,265,1,207834,12885,2709,2355,1160,2708,2354,1158,98,100,0,500,2737;
@400000005e786c15317e8072 #d,-,18,2710,2355,1153,266,1,207797,12883,2710,2355,1188,2708,2353,1153,98,100,0,500,2748;
@400000005e786c17318f3602 #d,-,18,2710,2356,1159,267,1,207755,12880,2710,2357,1161,2710,2355,1152,98,100,0,500,2753;
@400000005e786c17319972c0 #d,-,18,2709,2356,1157,267,1,207713,12878,2710,2357,1160,2709,2355,1157,98,100,0,500,2737;
@400000005e786c1931a7e23d #d,-,18,2708,2357,1159,268,1,207732,12879,2709,2359,1159,2708,2356,1156,99,100,0,500,2735;
@400000005e786c1931b30d66 #d,-,18,2708,2355,1158,269,1,207629,12873,2708,2357,1159,2708,2355,1157,99,100,0,500,2735;
@400000005e786c1b31c3ea14 #d,-,18,2708,2357,1159,270,1,207656,12874,2708,2359,1185,2708,2355,1158,98,100,0,500,2741;
@400000005e786c1b31ce5dc5 #d,-,18,2709,2358,1157,270,1,207552,12868,2709,2358,1160,2708,2355,1151,98,100,0,500,2757;
@400000005e786c1d31dab206 #d,-,18,2709,2355,1714,271,1,207618,12872,2709,2359,1714,2709,2354,1156,98,100,0,500,2737;
@400000005e786c1d31e1324c #d,-,18,3731,2357,1354,272,1,207730,12879,3731,2358,1727,2709,2354,1300,99,100,0,500,3735;
@400000005e786c1f31e9bdf9 #d,-,18,3298,2356,1282,273,1,207835,12885,3731,2358,1611,3298,2355,1282,100,100,0,500,3298;
@400000005e786c1f31ed66e2 #d,-,18,3639,2358,1306,274,1,208021,12897,3639,2358,1714,3298,2354,1282,99,100,0,500,3673;
@400000005e786c2131f54644 #d,-,18,3358,2356,1471,275,1,208123,12903,3639,2358,1622,3358,2354,1222,97,100,0,500,3443;
@400000005e786c2131f945ca #d,-,18,3528,2354,1673,276,1,208286,12913,3528,2357,1728,3358,2353,1207,99,100,0,500,3557;
@400000005e786c2332068875 #d,-,18,3433,2352,1600,277,1,208354,12918,3528,2357,1673,3433,2352,1152,95,100,0,500,3595;
@400000005e786c23320f3efa #d,-,18,3356,2355,1701,278,1,208489,12926,3433,2355,1711,3356,2352,1190,98,100,0,500,3406;
@400000005e786c253217ce61 #d,-,18,3755,2356,1578,279,1,208573,12931,3755,2358,1701,3356,2354,1164,98,100,0,500,3812;
@400000005e786c25321b511b #d,-,18,3326,2357,1145,280,1,208624,12934,3755,2357,1616,3326,2354,1145,99,100,0,500,3344;
@400000005e786c2732259192 #d,-,18,2698,2358,1135,281,1,208567,12931,3326,2359,1156,2698,2356,1078,96,100,0,500,2794;
@400000005e786c27322b817d #d,-,18,2577,2357,1150,281,1,208512,12927,2698,2359,1182,2577,2356,1046,98,100,0,500,2607;
@400000005e786c2932367e16 #d,-,18,2707,2356,1163,282,1,208470,12925,2707,2357,1163,2577,2356,1149,98,100,0,500,2742;
@400000005e786c29323c9076 #d,-,18,2707,2358,1184,283,1,208433,12922,2707,2358,1184,2707,2356,1157,98,100,0,500,2744;
@400000005e786c2b32480621 #d,-,18,2709,2357,1158,284,1,208392,12920,2709,2358,1184,2707,2356,1151,98,100,0,500,2762;
@400000005e786c2b324e6303 #d,-,18,2708,2358,1157,284,1,208351,12917,2709,2358,1159,2708,2356,1157,98,100,0,500,2737;
@400000005e786c2d325a2aa2 #d,-,18,2708,2357,1158,285,1,208310,12915,2708,2358,1159,2708,2357,1156,99,100,0,500,2735;
@400000005e786c2d3260f56a #d,-,18,2707,2358,1157,286,1,208269,12912,2708,2358,1159,2707,2356,1157,98,100,0,500,2737;
@400000005e786c2f326cd451 #d,-,18,2706,2356,1184,287,1,208289,12913,2707,2359,1184,2706,2356,1157,98,100,0,500,2737;
@400000005e786c2f3274ceb5 #d,-,18,2709,2358,1160,287,1,208193,12908,2709,2359,1187,2706,2355,1151,97,100,0,500,2765;
@400000005e786c313282968f #d,-,18,2709,2357,1157,288,1,208153,12905,2709,2359,1160,2709,2356,1157,99,100,0,500,2735;
@400000005e786c31328ac42c #d,-,18,2708,2358,1159,289,1,208113,12903,2709,2358,1159,2708,2356,1156,98,100,0,500,2737;
@400000005e786c33329ae100 #d,-,18,2707,2358,1158,290,1,208074,12900,2708,2359,1159,2707,2357,1157,98,100,0,500,2737;
@400000005e786c3332a5745b #d,-,18,2707,2356,1181,290,1,208036,12898,2707,2359,1181,2707,2356,1156,98,100,0,500,2737;
@400000005e786c3532b68bb5 #d,-,18,2711,2356,1166,291,1,208004,12896,2711,2357,1195,2707,2355,1158,97,100,0,500,2776;
@400000005e786c3532c0ef91 #d,-,18,2711,2356,1156,292,1,207965,12893,2711,2357,1167,2711,2354,1156,98,100,0,500,2748;
@400000005e786c3732d1f716 #d,-,18,2710,2355,1157,293,1,207926,12891,2711,2358,1159,2710,2355,1156,99,100,0,500,2735;
@400000005e786c3732dc6e80 #d,-,18,2709,2358,1158,293,1,207887,12889,2710,2358,1158,2709,2355,1156,99,100,0,500,2735;
@400000005e786c3932ed7d79 #d,-,18,2708,2356,1164,294,1,207849,12886,2709,2358,1164,2708,2356,1157,98,100,0,500,2737;
@400000005e786c3932f7c299 #d,-,18,2711,2356,1160,295,1,207872,12888,2711,2357,1187,2708,2354,1152,98,100,0,500,2764;
@400000005e786c3b3307d43f #d,-,18,2715,2357,1178,296,1,207789,12882,2715,2357,1194,2711,2355,1160,98,100,0,500,2767;
@400000005e786c3b33133a15 #d,-,18,2719,2358,1176,296,1,207760,12881,2719,2358,1180,2715,2355,1174,97,100,0,500,2787;
@400000005e786c3d33239908 #d,-,18,2722,2356,1159,297,1,207728,12879,2722,2358,1178,2719,2355,1159,97,100,0,500,2780;
@400000005e786c3d332e18d5 #d,-,18,2721,2358,1163,298,1,207692,12876,2722,2358,1163,2721,2355,1159,98,100,0,500,2749;
@400000005e786c3f333f37a2 #d,-,18,2723,2356,1157,299,1,207661,12875,2723,2358,1191,2721,2356,1155,98,100,0,500,2767;
@400000005e786c3f3349a3e0 #d,-,18,2721,2356,1157,299,1,207624,12872,2723,2357,1160,2721,2356,1156,99,100,0,500,2748;
@400000005e786c41335632cd #d,-,18,2794,2352,1732,300,1,207723,12878,2794,2358,1733,2721,2352,1157,100,100,0,500,2794;
@400000005e786c41335d4ae1 #d,-,18,3717,2356,1257,301,1,207795,12883,3717,2356,1732,2794,2351,1257,98,100,0,500,3778;
@400000005e786c433366bc97 #d,-,18,3368,2354,1652,302,1,207915,12890,3717,2356,1652,3368,2354,1257,99,100,0,500,3372;
@400000005e786c43336dcd38 #d,-,18,3711,2354,1262,303,1,208057,12899,3711,2355,1728,3368,2351,1262,99,100,0,500,3726;
@400000005e786c453376de13 #d,-,18,3341,2357,1280,304,1,208211,12909,3711,2357,1618,3341,2353,1262,97,100,0,500,3410;
@400000005e786c45337a96d2 #d,-,18,3683,2357,1344,305,1,208321,12915,3683,2357,1728,3341,2354,1269,99,100,0,500,3719;
@400000005e786c4733825778 #d,-,18,3377,2354,1517,306,1,208474,12925,3683,2357,1618,3377,2353,1250,97,100,0,500,3458;
@400000005e786c4733864728 #d,-,18,3627,2355,1662,307,1,208578,12931,3627,2355,1723,3377,2352,1244,99,100,0,500,3657;
@400000005e786c493393cbf4 #d,-,18,3430,2354,1617,308,1,208658,12936,3627,2357,1662,3430,2353,1223,96,100,0,500,3566;
@400000005e786c49339cd827 #d,-,18,3427,2358,1155,309,1,208653,12936,3430,2358,1617,3427,2354,1144,98,100,0,500,3486;
@400000005e786c4b33a68cec #d,-,18,2677,2355,1166,310,1,208611,12933,3427,2358,1166,2677,2352,1142,98,100,0,500,2714;
@400000005e786c4b33b10810 #d,-,18,2681,2355,1158,310,1,208574,12931,2681,2357,1168,2677,2355,1157,97,100,0,500,2741;
@400000005e786c4d33c08d15 #d,-,18,2683,2355,1159,311,1,208535,12929,2683,2356,1161,2681,2353,1157,98,100,0,500,2735;
@400000005e786c4d33cb6290 #d,-,18,2687,2351,1165,312,1,208556,12930,2687,2355,1188,2683,2351,1159,98,100,0,500,2741;
@400000005e786c4f33dbf876 #d,-,18,2691,2355,1159,313,1,208464,12924,2691,2355,1165,2687,2351,1155,97,100,0,500,2758;
@400000005e786c4f33e6ba62 #d,-,18,2693,2354,1159,313,1,208427,12922,2693,2355,1161,2691,2353,1159,98,100,0,500,2739;
@400000005e786c5133f5931c #d,-,18,2694,2353,1160,314,1,208390,12920,2694,2354,1161,2693,2352,1159,98,100,0,500,2739;
@400000005e786c5133ffef84 #d,-,18,2695,2354,1161,315,1,208353,12917,2695,2354,1162,2694,2352,1159,98,100,0,500,2737;
@400000005e786c533410b042 #d,-,18,2697,2355,1179,316,1,208321,12915,2697,2355,1188,2695,2354,1159,98,100,0,500,2739;
@400000005e786c53341af91b #d,-,18,2700,2353,1158,316,1,208284,12913,2700,2355,1179,2697,2353,1153,97,100,0,500,2764;
@400000005e786c55342b0708 #d,-,18,2701,2352,1159,317,1,208247,12911,2701,2354,1161,2700,2352,1158,98,100,0,500,2737;
@400000005e786c55343645c0 #d,-,18,2701,2353,1160,318,1,208210,12909,2701,2353,1161,2701,2351,1159,98,100,0,500,2735;
@400000005e786c5734449df5 #d,-,18,2701,2353,1159,319,1,208174,12906,2701,2355,1162,2701,2353,1158,98,100,0,500,2737;
@400000005e786c57344f500b #d,-,18,2701,2354,1187,319,1,208194,12908,2701,2355,1188,2701,2352,1159,98,100,0,500,2737;
@400000005e786c59345f1288 #d,-,18,2705,2355,1160,320,1,208106,12902,2705,2355,1187,2701,2352,1153,97,100,0,500,2762;
@400000005e786c5934697ec6 #d,-,18,2704,2353,1159,321,1,208071,12900,2705,2355,1161,2704,2353,1159,98,100,0,500,2735;
@400000005e786c5b347895e6 #d,-,18,2704,2354,1160,322,1,208035,12898,2704,2354,1161,2704,2352,1158,98,100,0,500,2739;
@400000005e786c5b34833cd0 #d,-,18,2704,2351,1160,322,2,207999,12895,2704,2354,1161,2704,2351,1158,98,100,0,500,2735;
@400000005e786c5d3492e804 #d,-,18,2704,2353,1187,323,2,207967,12893,2704,2353,1187,2704,2351,1160,98,100,0,500,2737;
@400000005e786c5d349e0800 #d,-,18,2707,2353,1160,324,2,207933,12891,2707,2355,1189,2704,2353,1153,97,100,0,500,2764;
@400000005e786c5f34ae5f81 #d,-,18,2706,2355,1158,325,2,207898,12889,2707,2355,1161,2706,2352,1158,98,100,0,500,2735;
@400000005e786c5f34b8ea7a #d,-,18,2706,2352,1161,325,2,207863,12887,2706,2355,1161,2706,2351,1158,99,100,0,500,2733;
@400000005e786c6134c83d35 #d,-,18,2705,2351,1160,326,2,207879,12888,2706,2353,1161,2705,2351,1159,98,100,0,500,2737;
@400000005e786c6134d289c8 #d,-,18,2705,2353,1183,327,2,207795,12883,2705,2353,1183,2705,2349,1159,98,100,0,500,2735;
@400000005e786c6334de9740 #d,-,18,2708,2353,1160,328,2,207763,12881,2708,2354,1189,2705,2352,1153,97,100,0,500,2764;
@400000005e786c6334e66f2f #d,-,18,2712,2350,1751,329,2,207846,12886,2712,2353,1751,2708,2349,1158,98,100,0,500,2744;
@400000005e786c6534f74823 #d,-,18,3794,2350,1478,329,2,207936,12892,3794,2352,1751,2712,2350,1328,99,100,0,500,3823;
@400000005e786c65350253a2 #d,-,18,3427,2351,1711,331,2,208055,12899,3794,2354,1711,3427,2349,1262,99,100,0,500,3452;
@400000005e786c67350eded5 #d,-,18,3740,2353,1230,331,2,208154,12905,3740,2353,1724,3427,2350,1223,99,100,0,500,3751;
@400000005e786c673519df27 #d,-,18,3331,2349,1615,332,2,208264,12912,3740,2354,1635,3331,2349,1230,97,100,0,500,3401;
@400000005e786c69352934ae #d,-,18,3695,2352,1210,333,2,208389,12920,3695,2353,1721,3331,2348,1210,98,100,0,500,3734;
@400000005e786c693533822f #d,-,18,3326,2351,1298,334,2,208475,12925,3695,2352,1633,3326,2347,1206,97,100,0,500,3395;
@400000005e786c6b35404f82 #d,-,18,3665,2352,1313,335,2,208671,12937,3665,2352,1722,3326,2348,1276,98,100,0,500,3703;
@400000005e786c6b3546a402 #d,-,18,3298,2354,1468,336,2,208691,12938,3665,2354,1625,3298,2350,1156,97,100,0,500,3390;
@400000005e786c6d3556ad47 #d,-,18,3199,2353,1160,337,2,208661,12937,3298,2355,1468,3199,2353,1149,96,100,0,500,3324;
@400000005e786c6d35613487 #d,-,18,2677,2353,1162,338,2,208624,12934,3199,2354,1169,2677,2353,1127,98,100,0,500,2714;
@400000005e786c6f3571deea #d,-,18,2680,2354,1159,338,2,208588,12932,2680,2354,1162,2677,2352,1158,97,100,0,500,2739;
@400000005e786c6f357c6270 #d,-,18,2683,2353,1160,339,2,208553,12930,2683,2354,1161,2680,2352,1159,98,100,0,500,2737;
@400000005e786c71358d1f74 #d,-,18,2686,2354,1162,340,2,208568,12931,2686,2355,1164,2683,2352,1160,97,100,0,500,2741;
@400000005e786c7135978709 #d,-,18,2692,2352,1153,341,2,208538,12929,2692,2354,1190,2686,2351,1151,97,100,0,500,2758;
@400000005e786c7335a77cbf #d,-,18,2694,2353,1158,341,2,208454,12924,2694,2355,1162,2692,2352,1153,98,100,0,500,2744;
@400000005e786c7335b2c3d9 #d,-,18,2694,2351,1160,342,2,208419,12922,2694,2353,1161,2694,2351,1158,98,100,0,500,2735;
@400000005e786c7535c3a7fa #d,-,18,2696,2353,1159,343,2,208385,12919,2696,2353,1162,2694,2351,1159,98,100,0,500,2737;
@400000005e786c7535ce3b55 #d,-,18,2696,2353,1160,344,2,208351,12917,2696,2353,1161,2696,2351,1159,98,100,0,500,2735;
@400000005e786c7735df5a23 #d,-,18,2700,2354,1153,344,2,208322,12915,2700,2355,1189,2696,2352,1153,98,100,0,500,2749;
@400000005e786c7735e9d901 #d,-,18,2701,2355,1159,345,2,208288,12913,2701,2355,1161,2700,2353,1152,98,100,0,500,2751;
@400000005e786c7935fac584 #d,-,18,2701,2353,1159,346,2,208254,12911,2701,2355,1161,2701,2352,1159,98,100,0,500,2737;
@400000005e786c79360525a6 #d,-,18,2702,2351,1161,347,2,208220,12909,2702,2353,1162,2701,2351,1159,98,100,0,500,2737;
@400000005e786c7b36163d00 #d,-,18,2702,2354,1160,348,2,208235,12910,2702,2354,1161,2702,2350,1160,98,100,0,500,2735;
@400000005e786c7b3620724b #d,-,18,2703,2353,1159,348,2,208158,12905,2703,2354,1188,2702,2352,1159,98,100,0,500,2742;
@400000005e786c7d362f896b #d,-,18,2705,2353,1159,349,2,208125,12903,2705,2354,1161,2703,2352,1153,98,100,0,500,2757;
@400000005e786c7d3639f5a8 #d,-,18,2704,2354,1159,350,2,208092,12901,2705,2355,1160,2704,2352,1158,98,100,0,500,2735;
@400000005e786c7f364ac193 #d,-,18,2704,2354,1160,351,2,208059,12899,2704,2355,1161,2704,2353,1158,98,100,0,500,2737;
@400000005e786c7f365558a7 #d,-,18,2704,2355,1159,351,2,208026,12897,2704,2355,1160,2704,2352,1158,98,100,0,500,2737;
@400000005e786c813665dfa7 #d,-,18,2704,2354,1170,352,2,207998,12895,2704,2355,1188,2704,2353,1158,98,100,0,500,2737;
@400000005e786c8136705357 #d,-,18,2707,2355,1158,353,2,208013,12896,2707,2356,1170,2704,2353,1152,98,100,0,500,2758;
@400000005e786c83368133bf #d,-,18,2706,2353,1159,354,2,207980,12894,2707,2355,1160,2706,2353,1158,98,100,0,500,2737;
@400000005e786c83368b7c98 #d,-,18,2706,2354,1159,354,2,207948,12892,2706,2354,1160,2706,2351,1158,98,100,0,500,2737;
@400000005e786c85369b91f9 #d,-,18,2705,2352,1159,355,2,207869,12887,2706,2354,1161,2705,2352,1159,98,100,0,500,2737;
@400000005e786c8536a6e086 #d,-,18,2705,2354,1182,356,2,207842,12886,2705,2354,1186,2705,2352,1158,98,100,0,500,2737;
@400000005e786c8736b35f9e #d,-,18,2895,2353,1714,357,2,207933,12891,2895,2354,1714,2705,2353,1153,100,100,0,500,2895;
@400000005e786c8736b9a449 #d,-,18,3635,2350,1534,358,2,207987,12895,3635,2355,1714,2895,2350,1236,97,100,0,500,3726;
@400000005e786c8936c94cb2 #d,-,18,3365,2350,1704,359,2,208093,12901,3635,2353,1704,3365,2349,1244,99,100,0,500,3369;
@400000005e786c8936d429a0 #d,-,18,3725,2353,1228,360,2,208182,12907,3725,2354,1709,3365,2350,1216,99,100,0,500,3734;
Lost connection at /opt/powertools/bin/wattsup1 line 220.
	main::failure('Lost connection') called at /opt/powertools/bin/wattsup1 line 271
	main::recv_msg() called at /opt/powertools/bin/wattsup1 line 504
