@400000005e82e9d71d1d1fa0 #v,-,8,1,65178,5,2,4,57,200810261703,0;
@400000005e82e9d80b714ecc #h,-,18,W,V,A,WH,Cost,WH/Mo,Cost/Mo,Wmax,Vmax,Amax,Wmin,Vmin,Amin,PF,DC,PC,Hz,VA;
@400000005e82e9d81179677d #f,-,48,37,436,1,4803,0,0,65535,0,150,1177,177,10481,276,203,3340,13,121719,86,50084,105837,25,2629,11458,0,64,1,4686,0,0,65535,0,150,1030,182,11055,266,212,3240,13,121394,92,49362,104176,24,2613,13005,0,71;
@400000005e82e9da118ecbaa #d,-,18,2687,2372,1149,0,0,192406,11929,2687,2374,1174,2681,2371,1142,98,100,0,500,2737;
@400000005e82e9dc119e77ce #d,-,18,2688,2371,1145,1,0,192456,11932,2688,2374,1149,2687,2371,1143,98,100,0,500,2726;
@400000005e82e9dc11a939b9 #d,-,18,2688,2373,1144,2,0,192542,11937,2688,2373,1146,2688,2370,1143,98,100,0,500,2723;
@400000005e82e9de11b3ef8a #d,-,18,2688,2371,1145,3,0,197199,12226,2688,2374,1147,2688,2371,1144,98,100,0,500,2723;
@400000005e82e9de11be1d61 #d,-,18,2689,2370,1152,3,0,193045,11968,2689,2371,1174,2688,2369,1145,98,100,0,500,2728;
@400000005e82e9e011c9066a #d,-,18,2691,2371,1146,4,0,192945,11962,2691,2372,1152,2689,2369,1139,97,100,0,500,2746;
@400000005e82e9e011d3cc10 #d,-,18,2691,2370,1145,5,0,192902,11959,2691,2371,1147,2691,2369,1145,98,100,0,500,2724;
@400000005e82e9e211e3ca28 #d,-,18,2691,2370,1148,6,0,192908,11960,2691,2371,1149,2691,2369,1145,98,100,0,500,2724;
@400000005e82e9e211ee1e2e #d,-,18,2691,2368,1146,6,0,192902,11959,2691,2371,1149,2691,2368,1146,98,100,0,500,2728;
@400000005e82e9e411fab936 #d,-,18,2691,2367,1169,7,0,193096,11971,2691,2369,1175,2691,2366,1146,98,100,0,500,2724;
@400000005e82e9e4120562eb #d,-,18,2694,2368,1146,8,0,193045,11968,2694,2369,1169,2691,2367,1140,98,100,0,500,2748;
@400000005e82e9e61211617d #d,-,18,2693,2368,1146,9,0,193029,11967,2694,2369,1148,2693,2367,1146,98,100,0,500,2724;
@400000005e82e9e6121bd52e #d,-,18,2693,2371,1145,9,0,194470,12057,2693,2371,1148,2693,2368,1145,98,100,0,500,2724;
@400000005e82e9e81227533a #d,-,18,2692,2371,1146,10,0,192981,11964,2693,2371,1147,2692,2368,1144,98,100,0,500,2723;
@400000005e82e9e8122e5b79 #d,-,18,2692,2368,1175,11,0,194356,12050,2692,2371,1175,2692,2368,1145,98,100,0,500,2724;
@400000005e82e9ea1236ac7a #d,-,18,2695,2370,1243,12,0,193350,11987,2695,2370,1243,2692,2368,1140,98,100,0,500,2749;
@400000005e82e9ea123db961 #d,-,18,2895,2370,1256,12,0,194429,12054,2895,2371,1265,2695,2369,1243,99,100,0,500,2901;
@400000005e82e9ec124e4f48 #d,-,18,2950,2370,1128,13,0,194999,12089,2950,2372,1256,2895,2370,1128,98,100,0,500,2981;
@400000005e82e9ec12589f94 #d,-,18,2717,2371,1139,14,0,194848,12080,2950,2372,1148,2717,2369,1126,97,100,0,500,2776;
@400000005e82e9ee126804f0 #d,-,18,2710,2369,1163,15,0,194691,12070,2717,2372,1163,2710,2369,1131,100,100,0,500,2710;
@400000005e82e9ee12723ee2 #d,-,18,2709,2371,1138,15,0,194579,12063,2710,2371,1168,2709,2369,1133,99,100,0,500,2732;
@400000005e82e9f0127ac9a1 #d,-,18,2704,2370,1138,16,0,194433,12054,2709,2372,1138,2704,2370,1136,100,100,0,500,2704;
@400000005e82e9f012801d16 #d,-,18,2699,2373,1135,17,0,195133,12098,2704,2374,1139,2699,2370,1135,99,100,0,500,2705;
@400000005e82e9f2128d86df #d,-,18,2696,2372,1134,18,0,194165,12038,2699,2373,1138,2696,2371,1134,99,100,0,500,2705;
@400000005e82e9f21295575a #d,-,18,2779,2372,1269,18,0,194785,12076,2779,2373,1281,2696,2370,1133,99,100,0,500,2781;
@400000005e82e9f4129dc717 #d,-,18,2971,2373,1252,19,0,195444,12117,2971,2373,1280,2779,2370,1245,98,100,0,500,3009;
@400000005e82e9f412a433ce #d,-,18,2811,2371,1140,20,0,195329,12110,2971,2374,1252,2811,2371,1115,97,100,0,500,2872;
@400000005e82e9f612b0228b #d,-,18,2672,2372,1137,21,0,195188,12101,2811,2373,1140,2672,2370,1137,98,100,0,500,2703;
@400000005e82e9f612baff79 #d,-,18,2671,2371,1138,21,0,195060,12093,2672,2372,1138,2671,2369,1137,98,100,0,500,2705;
@400000005e82e9f812c43b2b #d,-,18,2671,2369,1146,22,0,194944,12086,2671,2372,1146,2671,2369,1137,98,100,0,500,2705;
@400000005e82e9f812cc9ecd #d,-,18,2675,2371,1138,23,0,195505,12121,2675,2371,1166,2671,2368,1131,97,100,0,500,2733;
@400000005e82e9fa12d8d80b #d,-,18,2674,2370,1136,24,0,194767,12075,2675,2372,1139,2674,2369,1136,98,100,0,500,2703;
@400000005e82e9fa12dff881 #d,-,18,2674,2370,1264,24,0,195005,12090,2674,2370,1281,2674,2368,1134,99,100,0,500,2701;
@400000005e82e9fc12e8a2ea #d,-,18,2958,2368,1252,25,0,195469,12119,2958,2371,1264,2674,2368,1247,99,100,0,500,2970;
@400000005e82e9fc12f32de3 #d,-,18,2953,2370,1135,26,0,195561,12124,2958,2371,1253,2953,2368,1119,99,100,0,500,2967;
@400000005e82e9fe1303a50e #d,-,18,2687,2369,1136,27,0,195504,12121,2953,2370,1170,2687,2369,1133,98,100,0,500,2728;
@400000005e82e9fe130e0d91 #d,-,18,2685,2368,1139,27,0,195398,12114,2687,2370,1141,2685,2368,1136,99,100,0,500,2710;
@400000005e82ea00131690dd #d,-,18,2683,2369,1138,28,0,195295,12108,2685,2371,1139,2683,2368,1137,99,100,0,500,2705;
@400000005e82ea00131b9616 #d,-,18,2681,2368,1139,29,0,195194,12102,2683,2369,1139,2681,2367,1138,99,100,0,500,2705;
@400000005e82ea0213280559 #d,-,18,2680,2365,1140,30,0,195586,12126,2681,2368,1141,2680,2365,1139,99,100,0,500,2705;
@400000005e82ea02132f50a6 #d,-,18,2681,2365,1192,30,0,195561,12124,2681,2366,1192,2680,2364,1133,98,100,0,500,2719;
@400000005e82ea0413374fb2 #d,-,18,2857,2366,1255,31,0,195503,12121,2857,2366,1284,2681,2364,1192,99,100,0,500,2869;
@400000005e82ea04133e1a7a #d,-,18,2940,2368,1163,32,0,196240,12166,2940,2368,1255,2857,2365,1163,98,100,0,500,2972;
@400000005e82ea06134e005b #d,-,18,2749,2367,1140,33,0,196117,12159,2940,2369,1163,2749,2367,1120,97,100,0,500,2806;
@400000005e82ea061358395f #d,-,18,2675,2369,1140,34,0,195583,12126,2749,2369,1141,2675,2366,1139,98,100,0,500,2710;
@400000005e82ea081361072c #d,-,18,2676,2368,1135,34,0,195538,12123,2676,2370,1169,2675,2367,1135,98,100,0,500,2716;
@400000005e82ea0813679b01 #d,-,18,2677,2370,1138,35,0,195449,12117,2677,2370,1141,2676,2366,1134,98,100,0,500,2723;
@400000005e82ea0a13742634 #d,-,18,2676,2370,1138,36,0,195362,12112,2677,2371,1138,2676,2368,1137,98,100,0,500,2705;
@400000005e82ea0a137b3e48 #d,-,18,2675,2370,1138,36,0,195675,12131,2676,2371,1139,2675,2368,1136,99,100,0,500,2701;
@400000005e82ea0c138279c1 #d,-,18,2750,2368,1247,37,0,195520,12122,2750,2370,1282,2675,2367,1136,99,100,0,500,2753;
@400000005e82ea0c138c648a #d,-,18,2961,2371,1260,38,0,195882,12144,2961,2371,1292,2750,2367,1247,98,100,0,500,2991;
@400000005e82ea0e1394f899 #d,-,18,2868,2371,1145,39,0,195842,12142,2961,2372,1260,2868,2369,1120,97,100,0,501,2934;
@400000005e82ea0e139f874b #d,-,18,2677,2372,1142,40,0,196138,12160,2868,2372,1145,2677,2369,1141,98,100,0,501,2705;
@400000005e82ea1013a858d2 #d,-,18,2677,2372,1141,40,0,195696,12133,2677,2372,1142,2677,2370,1140,98,100,0,501,2712;
@400000005e82ea1013b1b7e8 #d,-,18,2677,2370,1140,41,0,195625,12128,2677,2372,1143,2677,2369,1140,98,100,0,500,2712;
@400000005e82ea1213bd54b0 #d,-,18,2677,2370,1160,42,0,195595,12126,2677,2372,1169,2677,2369,1140,98,100,0,500,2712;
@400000005e82ea1213c40afb #d,-,18,2679,2370,1139,43,0,195864,12143,2679,2371,1160,2677,2368,1135,98,100,0,500,2733;
@400000005e82ea1413d01100 #d,-,18,2678,2371,1283,43,0,195586,12126,2679,2371,1283,2678,2369,1136,98,100,0,500,2708;
@400000005e82ea1413db24e1 #d,-,18,2923,2370,1255,44,0,195850,12142,2923,2371,1283,2678,2369,1250,99,100,0,500,2929;
@400000005e82ea1613eb5543 #d,-,18,2926,2370,1123,45,0,195964,12149,2926,2371,1257,2923,2368,1121,98,100,0,500,2975;
@400000005e82ea1613f5bdc7 #d,-,18,2689,2370,1170,46,0,196249,12167,2926,2371,1171,2689,2369,1123,97,100,0,500,2749;
@400000005e82ea1813fe35e5 #d,-,18,2690,2369,1143,47,0,195867,12143,2690,2371,1170,2689,2367,1135,98,100,0,500,2739;
@400000005e82ea181407e602 #d,-,18,2689,2369,1142,47,0,195804,12139,2690,2371,1143,2689,2368,1141,99,100,0,500,2712;
@400000005e82ea1a141478a9 #d,-,18,2687,2369,1141,48,0,195743,12136,2689,2372,1143,2687,2369,1141,99,100,0,500,2712;
@400000005e82ea1a141b3755 #d,-,18,2686,2370,1141,49,0,195684,12132,2687,2372,1142,2686,2369,1140,99,100,0,500,2712;
@400000005e82ea1c1423ca75 #d,-,18,2685,2370,1178,49,0,195646,12130,2686,2371,1178,2685,2368,1139,99,100,0,500,2710;
@400000005e82ea1c142837e1 #d,-,18,2860,2370,1244,50,0,195891,12145,2860,2370,1293,2685,2368,1178,99,100,0,500,2865;
@400000005e82ea1e143431cb #d,-,18,2920,2370,1211,51,0,196081,12157,2920,2371,1247,2860,2368,1211,98,100,0,500,2956;
@400000005e82ea1e143edc6e #d,-,18,2776,2371,1142,52,0,196015,12152,2920,2372,1211,2776,2369,1125,98,100,0,500,2831;
@400000005e82ea2014477baa #d,-,18,2681,2369,1141,53,0,196237,12166,2776,2372,1143,2681,2369,1141,98,100,0,500,2716;
@400000005e82ea20144d34a2 #d,-,18,2680,2369,1161,53,0,195910,12146,2681,2372,1161,2680,2369,1140,98,100,0,500,2712;
@400000005e82ea22145d9396 #d,-,18,2684,2369,1142,54,0,195869,12143,2684,2371,1170,2680,2368,1134,97,100,0,500,2741;
@400000005e82ea221468038d #d,-,18,2682,2369,1141,55,0,195814,12140,2684,2371,1143,2682,2369,1140,99,100,0,500,2708;
@400000005e82ea241474bd51 #d,-,18,2681,2370,1140,56,0,195760,12137,2682,2372,1142,2681,2369,1139,99,100,0,500,2708;
@400000005e82ea24147c04e5 #d,-,18,2682,2369,1264,56,0,195866,12143,2682,2372,1286,2681,2368,1137,98,100,0,500,2710;
@400000005e82ea26148c4163 #d,-,18,2968,2368,1263,57,0,196071,12156,2968,2371,1264,2682,2368,1249,99,100,0,500,2984;
@400000005e82ea2614968a3c #d,-,18,2965,2371,1138,58,0,196123,12159,2968,2372,1283,2965,2368,1115,99,100,0,500,2993;
@400000005e82ea28149e7111 #d,-,18,2659,2370,1143,59,0,196072,12156,2965,2371,1148,2659,2368,1138,98,100,0,500,2707;
@400000005e82ea2814a7e2c8 #d,-,18,2661,2369,1142,59,0,196266,12168,2661,2370,1143,2659,2368,1141,98,100,0,500,2710;
@400000005e82ea2a14b23f30 #d,-,18,2663,2369,1142,60,0,195967,12149,2663,2370,1143,2661,2366,1141,98,100,0,500,2712;
@400000005e82ea2a14bd2839 #d,-,18,2665,2370,1142,61,0,195917,12146,2665,2370,1143,2663,2367,1141,98,100,0,500,2712;
@400000005e82ea2c14c4f053 #d,-,18,2670,2368,1137,62,0,195889,12145,2670,2370,1171,2665,2367,1135,97,100,0,500,2733;
@400000005e82ea2c14c8869b #d,-,18,2672,2368,1154,62,0,195866,12143,2672,2370,1162,2670,2368,1137,98,100,0,500,2721;
@400000005e82ea2e14d665bd #d,-,18,2674,2368,1126,63,0,196031,12153,2674,2370,1158,2672,2367,1116,97,100,0,500,2733;
@400000005e82ea2e14e142ab #d,-,18,2670,2367,1145,64,0,195737,12135,2674,2369,1145,2670,2365,1123,99,100,0,500,2675;
@400000005e82ea3014f124d3 #d,-,18,2674,2367,1149,65,0,195731,12135,2674,2369,1177,2670,2367,1145,97,100,0,500,2732;
@400000005e82ea3014fb94ca #d,-,18,2729,2369,1147,65,0,195735,12135,2729,2369,1185,2674,2367,1147,98,100,0,500,2760;
@400000005e82ea32150856f0 #d,-,18,2726,2369,1153,66,0,195713,12134,2729,2370,1156,2726,2367,1147,99,100,0,500,2749;
@400000005e82ea3215128ff4 #d,-,18,2723,2369,1153,67,0,195691,12132,2726,2370,1154,2723,2366,1152,99,100,0,500,2737;
@400000005e82ea3415219af9 #d,-,18,2721,2370,1153,68,0,195672,12131,2723,2370,1154,2721,2367,1153,99,100,0,500,2739;
@400000005e82ea34152ca766 #d,-,18,2719,2370,1154,68,0,195652,12130,2721,2371,1154,2719,2367,1153,99,100,0,500,2739;
@400000005e82ea36153cb90d #d,-,18,2718,2368,1149,69,0,195654,12130,2719,2370,1182,2718,2367,1149,98,100,0,500,2746;
@400000005e82ea36154710cd #d,-,18,2718,2368,1153,70,0,195633,12129,2718,2370,1156,2718,2367,1147,98,100,0,500,2757;
@400000005e82ea38155601be #d,-,18,2717,2368,1154,71,0,195823,12141,2718,2370,1155,2717,2367,1152,99,100,0,500,2739;
@400000005e82ea3815602aed #d,-,18,2715,2367,1153,71,0,195596,12127,2717,2369,1154,2715,2367,1152,99,100,0,500,2737;
@400000005e82ea3a15706b25 #d,-,18,2714,2367,1154,72,0,195578,12125,2715,2370,1154,2714,2367,1153,99,100,0,500,2739;
@400000005e82ea3a157aded5 #d,-,18,2713,2367,1159,73,0,195581,12126,2714,2369,1182,2713,2367,1153,98,100,0,500,2741;
@400000005e82ea3c158a504c #d,-,18,2714,2366,1153,74,0,195759,12137,2714,2369,1159,2713,2366,1147,98,100,0,500,2760;
@400000005e82ea3c1594cf2a #d,-,18,2713,2366,1154,74,0,195738,12135,2714,2369,1154,2713,2365,1151,99,100,0,500,2737;
@400000005e82ea3e15a211d6 #d,-,18,2712,2366,1154,75,0,195524,12122,2713,2368,1155,2712,2366,1153,99,100,0,500,2737;
@400000005e82ea3e15ac81cc #d,-,18,2711,2366,1154,76,0,195507,12121,2712,2368,1155,2711,2366,1152,98,100,0,500,2739;
@400000005e82ea4015b897a7 #d,-,18,2710,2367,1175,77,0,195512,12121,2711,2368,1182,2710,2365,1154,98,100,0,500,2739;
@400000005e82ea4015bf94b9 #d,-,18,2712,2367,1212,77,0,195508,12121,2712,2368,1212,2710,2366,1148,98,100,0,500,2762;
@400000005e82ea4215c8fb43 #d,-,18,2848,2365,1264,78,0,195856,12143,2848,2368,1268,2712,2365,1212,99,100,0,500,2858;
@400000005e82ea4215d3e806 #d,-,18,2973,2366,1180,79,0,195989,12151,2973,2368,1265,2848,2365,1180,99,100,0,500,3002;
@400000005e82ea4415e3933a #d,-,18,2779,2367,1148,80,0,195774,12138,2973,2369,1180,2779,2366,1137,97,100,0,500,2837;
@400000005e82ea4415ee07d9 #d,-,18,2678,2367,1159,80,0,195738,12135,2779,2370,1159,2678,2366,1131,98,100,0,500,2717;
@400000005e82ea4615fd9bc6 #d,-,18,2678,2369,1140,81,0,195701,12133,2678,2369,1159,2678,2367,1131,98,100,0,500,2714;
@400000005e82ea461607e49f #d,-,18,2677,2369,1136,82,0,195836,12141,2678,2370,1140,2677,2367,1135,98,100,0,500,2708;
@400000005e82ea48161774d2 #d,-,18,2676,2369,1139,83,0,195618,12128,2677,2370,1140,2676,2366,1136,99,100,0,500,2700;
@400000005e82ea4816225a21 #d,-,18,2675,2368,1136,83,0,195575,12125,2676,2370,1139,2675,2367,1136,98,100,0,500,2703;
@400000005e82ea4a1632733c #d,-,18,2679,2368,1278,84,0,195675,12131,2679,2369,1281,2675,2366,1135,98,100,0,500,2723;
@400000005e82ea4a163cfa7b #d,-,18,2985,2367,1253,85,0,195815,12140,2985,2368,1278,2679,2365,1248,99,100,0,500,3015;
@400000005e82ea4c164cb93f #d,-,18,2871,2365,1144,86,0,195815,12140,2985,2368,1254,2871,2365,1119,98,100,0,500,2929;
@400000005e82ea4c16579361 #d,-,18,2663,2366,1139,87,0,195946,12148,2871,2368,1144,2663,2365,1138,98,100,0,500,2694;
@400000005e82ea4e1667b7a9 #d,-,18,2664,2367,1140,87,0,195739,12135,2664,2368,1140,2663,2365,1139,98,100,0,500,2705;
@400000005e82ea4e1671e580 #d,-,18,2664,2367,1158,88,0,195706,12133,2664,2369,1158,2664,2366,1138,98,100,0,500,2705;
@400000005e82ea50168117a2 #d,-,18,2668,2369,1139,89,0,195679,12132,2668,2369,1168,2664,2366,1132,97,100,0,500,2732;
@400000005e82ea50168c1081 #d,-,18,2668,2370,1138,89,0,195641,12129,2668,2370,1139,2668,2368,1136,98,100,0,500,2698;
@400000005e82ea52169d7528 #d,-,18,2668,2371,1277,90,0,195663,12131,2668,2371,1277,2668,2367,1136,98,100,0,500,2701;
@400000005e82ea5216a8a4f9 #d,-,18,2910,2370,1244,91,0,195787,12138,2910,2372,1278,2668,2368,1243,99,100,0,500,2917;
@400000005e82ea5416b90033 #d,-,18,2913,2372,1125,92,0,195843,12142,2913,2372,1255,2910,2369,1121,98,100,0,500,2968;
@400000005e82ea5416c46608 #d,-,18,2716,2372,1138,93,0,195820,12140,2913,2372,1171,2716,2370,1125,98,100,0,500,2771;
@400000005e82ea5616d590f2 #d,-,18,2709,2371,1138,93,0,195785,12138,2716,2373,1140,2709,2370,1137,100,100,0,500,2709;
@400000005e82ea5616e052dd #d,-,18,2704,2370,1138,94,0,195907,12146,2709,2373,1139,2704,2370,1137,99,100,0,500,2707;
@400000005e82ea5816f0ec7d #d,-,18,2700,2370,1137,95,0,195715,12134,2704,2372,1139,2700,2369,1137,99,100,0,500,2703;
@400000005e82ea5816fb4172 #d,-,18,2696,2370,1140,96,0,195681,12132,2700,2372,1140,2696,2369,1136,99,100,0,500,2705;
@400000005e82ea5a170d3ed6 #d,-,18,2696,2372,1131,96,0,195660,12130,2696,2372,1166,2696,2370,1130,98,100,0,500,2724;
@400000005e82ea5a1718ac1f #d,-,18,2791,2371,1247,97,0,195764,12137,2791,2372,1268,2696,2369,1131,99,100,0,500,2805;
@400000005e82ea5c17297da0 #d,-,18,2931,2371,1239,98,0,195881,12144,2931,2372,1255,2791,2368,1239,98,100,0,500,2965;
@400000005e82ea5c173521db #d,-,18,2795,2372,1140,99,0,195845,12142,2931,2372,1239,2795,2369,1118,97,100,0,500,2856;
@400000005e82ea5e1745c797 #d,-,18,2674,2370,1138,99,0,195812,12140,2795,2372,1140,2674,2370,1138,98,100,0,500,2707;
@400000005e82ea5e1751645f #d,-,18,2676,2371,1131,100,0,195794,12139,2676,2372,1167,2674,2370,1131,98,100,0,500,2719;
@400000005e82ea6017627acb #d,-,18,2676,2371,1137,101,0,195761,12137,2676,2373,1139,2676,2371,1131,98,100,0,500,2717;
@400000005e82ea60176d6c36 #d,-,18,2675,2372,1137,102,0,195873,12144,2676,2373,1139,2675,2370,1137,98,100,0,500,2707;
@400000005e82ea62177e8ebd #d,-,18,2674,2372,1136,102,0,195696,12133,2675,2373,1138,2674,2370,1136,98,100,0,500,2705;
@400000005e82ea62178acbb5 #d,-,18,2676,2370,1259,103,0,195751,12136,2676,2373,1275,2674,2370,1135,98,100,0,500,2707;
@400000005e82ea621793f6a4 #d,-,18,2976,2372,1248,104,0,195881,12144,2976,2373,1290,2676,2370,1247,99,100,0,500,2984;
@400000005e82ea6417a452cd #d,-,18,2922,2371,1147,105,0,195898,12145,2976,2374,1248,2922,2371,1127,98,100,0,500,2981;
@400000005e82ea6417af5a92 #d,-,18,2683,2373,1147,106,0,195879,12144,2922,2374,1152,2683,2371,1146,98,100,0,500,2721;
@400000005e82ea6617bf5048 #d,-,18,2683,2374,1140,106,0,195852,12142,2683,2374,1147,2683,2371,1139,98,100,0,500,2723;
@400000005e82ea6617ca73fe #d,-,18,2682,2373,1141,107,0,195824,12141,2683,2375,1141,2682,2370,1139,98,100,0,500,2712;
@400000005e82ea6817db4939 #d,-,18,2682,2372,1148,108,0,195812,12140,2682,2373,1168,2682,2371,1140,98,100,0,500,2714;
@400000005e82ea6817e5df5f #d,-,18,2684,2373,1139,108,0,195781,12138,2684,2374,1148,2682,2372,1132,98,100,0,500,2733;
@400000005e82ea6a17f66dd2 #d,-,18,2683,2374,1238,109,0,195773,12137,2684,2375,1238,2683,2372,1135,99,100,0,500,2710;
@400000005e82ea6a18012490 #d,-,18,2877,2373,1255,110,0,195890,12145,2877,2374,1284,2683,2372,1238,99,100,0,500,2885;
@400000005e82ea6c18121c41 #d,-,18,2950,2374,1139,111,0,195965,12149,2950,2375,1256,2877,2371,1139,98,100,0,500,2981;
@400000005e82ea6c181c6c8d #d,-,18,2735,2374,1161,112,0,196080,12156,2950,2374,1168,2735,2371,1118,97,100,0,500,2794;
@400000005e82ea6e182c85a7 #d,-,18,2730,2374,1141,112,0,195918,12146,2735,2375,1161,2730,2373,1133,99,100,0,500,2739;
@400000005e82ea6e183785f9 #d,-,18,2678,2374,1141,113,0,195891,12145,2730,2374,1141,2678,2372,1139,98,100,0,500,2714;
@400000005e82ea70184842fd #d,-,18,2677,2375,1139,114,0,195865,12143,2678,2375,1141,2677,2373,1138,98,100,0,500,2710;
@400000005e82ea701852ca3c #d,-,18,2677,2374,1140,115,0,195967,12149,2677,2375,1140,2677,2372,1139,98,100,0,500,2712;
@400000005e82ea721863d1c2 #d,-,18,2677,2373,1165,115,0,195821,12140,2677,2374,1166,2677,2372,1138,98,100,0,500,2710;
@400000005e82ea72186e7c65 #d,-,18,2811,2372,1248,116,0,195911,12146,2811,2374,1277,2677,2371,1160,99,100,0,500,2813;
@400000005e82ea74187f493e #d,-,18,2950,2373,1251,117,0,196010,12152,2950,2374,1256,2811,2371,1248,98,100,0,500,2986;
@400000005e82ea741889b935 #d,-,18,2821,2373,1143,118,0,195991,12151,2950,2375,1251,2821,2372,1119,97,100,0,500,2883;
@400000005e82ea76189a999d #d,-,18,2677,2373,1139,118,0,195963,12149,2821,2374,1143,2677,2371,1139,98,100,0,500,2710;
@400000005e82ea7618a50132 #d,-,18,2677,2373,1166,119,0,195944,12148,2677,2374,1166,2677,2371,1138,98,100,0,500,2710;
@400000005e82ea7818b52a21 #d,-,18,2680,2371,1143,120,0,195922,12147,2680,2373,1168,2677,2365,1133,97,100,0,500,2739;
@400000005e82ea7818c02a73 #d,-,18,2679,2369,1141,121,0,195896,12145,2680,2371,1143,2679,2367,1141,98,100,0,500,2707;
@400000005e82ea7a18d1396c #d,-,18,2678,2370,1140,121,0,195870,12143,2679,2370,1142,2678,2367,1140,98,100,0,500,2710;
@400000005e82ea7a18dbe40f #d,-,18,2677,2369,1279,122,0,196024,12153,2678,2370,1285,2677,2367,1137,98,100,0,500,2707;
Lost connection at /opt/powertools/bin/wattsup1 line 220.
	main::failure('Lost connection') called at /opt/powertools/bin/wattsup1 line 271
	main::recv_msg() called at /opt/powertools/bin/wattsup1 line 504
