@400000005e8ad25514bb6ec7 #v,-,8,1,65178,5,2,4,57,200810261703,0;
@400000005e8ad256030d5337 #h,-,18,W,V,A,WH,Cost,WH/Mo,Cost/Mo,Wmax,Vmax,Amax,Wmin,Vmin,Amin,PF,DC,PC,Hz,VA;
@400000005e8ad256091dc191 #f,-,48,117,436,1,4803,0,0,65535,0,150,1177,177,10481,276,203,3340,13,121719,86,50084,105837,25,2629,11458,0,64,1,4686,0,0,65535,0,150,1030,182,11055,266,212,3240,13,121394,92,49362,104176,24,2613,13005,0,71;
@400000005e8ad258092fbef5 #d,-,18,2767,2361,1184,0,0,189645,11758,2769,2361,1184,2765,2359,1176,99,100,0,499,2794;
@400000005e8ad25a09393cc7 #d,-,18,2768,2357,1182,1,0,193280,11983,2768,2361,1184,2767,2357,1179,98,100,0,499,2799;
@400000005e8ad25a093e2e72 #d,-,18,2767,2360,1181,2,0,194713,12072,2768,2361,1182,2767,2356,1178,98,100,0,499,2796;
@400000005e8ad25c09468e5a #d,-,18,2767,2361,1192,3,0,195569,12125,2767,2361,1192,2767,2357,1179,98,100,0,499,2797;
@400000005e8ad25c094b1a81 #d,-,18,2770,2360,1180,4,0,200032,12402,2770,2361,1210,2767,2357,1174,98,100,0,499,2824;
@400000005e8ad25e095b3755 #d,-,18,2769,2358,1183,4,0,196613,12190,2770,2362,1183,2769,2356,1177,99,100,0,499,2790;
@400000005e8ad25e0965d311 #d,-,18,2768,2359,1181,5,0,196807,12202,2769,2362,1183,2768,2358,1178,98,100,0,499,2797;
@400000005e8ad26009761e76 #d,-,18,2768,2360,1178,6,0,196954,12211,2768,2361,1182,2768,2358,1177,98,100,0,499,2796;
@400000005e8ad26009805b34 #d,-,18,2767,2359,1182,7,0,197105,12220,2768,2360,1183,2767,2357,1178,98,100,0,499,2796;
@400000005e8ad26209908423 #d,-,18,2771,2359,1179,7,0,197393,12238,2771,2360,1212,2767,2357,1173,98,100,0,499,2824;
@400000005e8ad262099aa999 #d,-,18,2769,2361,1180,8,0,197469,12243,2771,2361,1183,2769,2357,1179,98,100,0,499,2797;
@400000005e8ad26409a2ebb3 #d,-,18,2769,2361,1181,9,0,197524,12246,2769,2361,1181,2769,2358,1179,99,100,0,499,2796;
@400000005e8ad26409a7299f #d,-,18,2768,2359,1179,10,0,197571,12249,2769,2362,1181,2768,2358,1178,98,100,0,499,2796;
@400000005e8ad26609b457cd #d,-,18,2767,2360,1180,10,0,197604,12251,2768,2362,1180,2767,2358,1178,99,100,0,499,2794;
@400000005e8ad26609bf590e #d,-,18,2770,2362,1173,11,0,197745,12260,2770,2362,1208,2767,2359,1171,98,100,0,499,2817;
@400000005e8ad26809d296d1 #d,-,18,2769,2361,1180,12,0,197763,12261,2770,2362,1180,2769,2359,1173,98,100,0,499,2797;
@400000005e8ad26809dfcd62 #d,-,18,2768,2360,1178,13,0,197779,12262,2769,2362,1181,2768,2359,1178,98,100,0,499,2796;
@400000005e8ad26a09ea4886 #d,-,18,2767,2358,1679,13,0,199024,12339,2768,2362,1679,2767,2358,1177,99,100,0,499,2792;
@400000005e8ad26a09ee2950 #d,-,18,3623,2362,1212,15,0,202372,12547,3623,2362,1692,2767,2357,1209,100,100,0,499,3623;
@400000005e8ad26c09fb8ab7 #d,-,18,2949,2360,1222,15,0,202740,12569,3623,2362,1271,2949,2359,1212,97,100,0,499,3038;
@400000005e8ad26c0a060e3d #d,-,18,2892,2358,1238,16,0,201998,12523,2949,2362,1238,2892,2357,1222,98,100,0,499,2929;
@400000005e8ad26e0a1607ad #d,-,18,2889,2359,1155,17,0,201899,12517,2892,2362,1238,2889,2357,1154,99,100,0,499,2906;
@400000005e8ad26e0a20552f #d,-,18,2719,2362,1165,18,0,201600,12499,2889,2362,1167,2719,2358,1155,98,100,0,499,2760;
@400000005e8ad2700a29f1bc #d,-,18,2719,2361,1162,18,0,201330,12482,2719,2362,1165,2719,2357,1161,98,100,0,499,2757;
@400000005e8ad2700a2f5c7a #d,-,18,2721,2360,1143,19,0,201124,12469,2721,2361,1193,2719,2356,1143,98,100,0,499,2762;
@400000005e8ad2720a371104 #d,-,18,3193,2360,1480,20,0,204283,12665,3193,2360,1674,2721,2354,1143,100,100,0,499,3193;
@400000005e8ad2720a3df314 #d,-,18,3196,2361,1191,21,0,203338,12606,3196,2361,1480,3193,2356,1161,95,100,0,499,3356;
@400000005e8ad2740a4d4c54 #d,-,18,2800,2360,1193,22,0,203231,12600,3196,2361,1193,2800,2357,1189,98,100,0,499,2833;
@400000005e8ad2740a57d74d #d,-,18,2798,2359,1149,23,0,202981,12584,2800,2361,1193,2798,2357,1144,99,100,0,499,2821;
@400000005e8ad2760a6066b4 #d,-,18,2702,2362,1151,23,0,203406,12611,2798,2362,1183,2702,2359,1149,98,100,0,499,2737;
@400000005e8ad2760a699ead #d,-,18,2703,2361,1150,24,0,203076,12590,2703,2362,1155,2702,2359,1142,98,100,0,499,2749;
@400000005e8ad2780a74125d #d,-,18,2702,2362,1151,25,0,202140,12532,2703,2362,1151,2702,2359,1149,98,100,0,499,2730;
@400000005e8ad2780a7abd7b #d,-,18,3077,2359,1563,26,0,203885,12640,3077,2363,1680,2702,2357,1151,100,100,0,499,3077;
@400000005e8ad27a0a8592f5 #d,-,18,3317,2361,1199,26,0,203850,12638,3317,2361,1563,3077,2359,1159,95,100,0,499,3461;
@400000005e8ad27a0a9054e1 #d,-,18,2815,2362,1203,27,0,203827,12637,3317,2362,1224,2815,2359,1195,99,100,0,499,2838;
@400000005e8ad27c0a98ebbb #d,-,18,2814,2361,1150,28,0,203611,12623,2815,2362,1203,2814,2359,1146,98,100,0,499,2849;
@400000005e8ad27c0aa14c91 #d,-,18,2698,2359,1151,29,0,203338,12606,2814,2362,1154,2698,2359,1150,98,100,0,499,2737;
@400000005e8ad27e0ab4d3e8 #d,-,18,2697,2362,1152,30,0,203079,12590,2698,2363,1153,2697,2359,1150,98,100,0,499,2730;
@400000005e8ad27e0ac2416b #d,-,18,2697,2359,1151,30,0,202830,12575,2697,2362,1153,2697,2359,1150,98,100,0,499,2730;
@400000005e8ad2800aceade2 #d,-,18,2967,2358,1656,31,0,204682,12690,2967,2360,1696,2697,2356,1151,100,100,0,499,2967;
@400000005e8ad2800ad5cd6a #d,-,18,3447,2360,1204,32,0,204734,12693,3447,2360,1656,2967,2356,1159,95,100,0,499,3591;
@400000005e8ad2820adfad06 #d,-,18,2797,2358,1193,33,0,204144,12656,3447,2361,1204,2797,2356,1188,99,100,0,499,2821;
@400000005e8ad2820aea72ac #d,-,18,2796,2357,1147,34,0,203986,12647,2797,2360,1194,2796,2356,1147,98,100,0,499,2826;
@400000005e8ad2840af7671c #d,-,18,2704,2358,1152,34,0,203745,12632,2796,2361,1153,2704,2357,1147,98,100,0,499,2746;
@400000005e8ad2840b02254e #d,-,18,2703,2358,1182,35,0,204007,12648,2704,2360,1183,2703,2357,1151,99,100,0,499,2728;
@400000005e8ad2860b0c759b #d,-,18,2705,2359,1150,36,0,203336,12606,2705,2360,1182,2703,2357,1146,98,100,0,499,2758;
@400000005e8ad2860b12324d #d,-,18,2841,2356,1647,37,0,204250,12663,2841,2361,1678,2705,2353,1149,100,100,0,499,2841;
@400000005e8ad2880b207aac #d,-,18,3540,2356,1205,38,0,204459,12676,3540,2361,1647,2841,2355,1164,96,100,0,499,3662;
@400000005e8ad2880b2a3a9e #d,-,18,2803,2359,1195,38,0,204400,12672,3540,2361,1205,2803,2356,1195,99,100,0,499,2828;
@400000005e8ad28a0b3a53b8 #d,-,18,2803,2361,1178,39,0,204299,12666,2803,2361,1195,2803,2358,1178,98,100,0,499,2837;
@400000005e8ad28a0b44bc3c #d,-,18,2747,2362,1161,40,0,204125,12655,2803,2362,1178,2747,2359,1157,98,100,0,499,2787;
@400000005e8ad28c0b57b338 #d,-,18,2743,2361,1161,41,0,203947,12644,2747,2362,1162,2743,2358,1159,99,100,0,499,2749;
@400000005e8ad28c0b648ca6 #d,-,18,2740,2361,1161,41,0,203776,12634,2743,2361,1162,2740,2360,1160,99,100,0,499,2751;
@400000005e8ad28e0b6f4ad8 #d,-,18,2742,2357,1657,42,0,204453,12676,2742,2361,1678,2740,2357,1159,99,100,0,499,2762;
@400000005e8ad28e0b745785 #d,-,18,3660,2358,1232,43,0,204786,12696,3660,2361,1657,2742,2357,1168,97,100,0,499,3737;
@400000005e8ad2900b7cc830 #d,-,18,2827,2360,1198,44,0,204751,12694,3660,2361,1236,2827,2358,1196,98,100,0,499,2863;
@400000005e8ad2900b876a72 #d,-,18,2824,2358,1162,45,0,204659,12688,2827,2362,1198,2824,2358,1162,99,100,0,499,2837;
@400000005e8ad2920b905f5c #d,-,18,2732,2356,1158,46,0,204477,12677,2824,2361,1162,2732,2356,1151,98,100,0,499,2773;
@400000005e8ad2920b9afa2b #d,-,18,2729,2358,1155,46,0,204303,12666,2732,2360,1159,2729,2356,1155,99,100,0,499,2744;
@400000005e8ad2940ba5dbc1 #d,-,18,2726,2359,1180,47,0,204148,12657,2729,2359,1180,2726,2358,1155,99,100,0,499,2741;
@400000005e8ad2940bab78c8 #d,-,18,2728,2355,1675,48,0,204627,12686,2728,2360,1682,2726,2355,1156,98,100,0,499,2773;
@400000005e8ad2960bb3582a #d,-,18,3702,2358,1201,49,0,205352,12731,3702,2359,1675,2728,2355,1166,99,100,0,499,3718;
@400000005e8ad2960bbbeff3 #d,-,18,2786,2358,1203,50,0,204971,12708,3702,2360,1207,2786,2356,1197,97,100,0,499,2856;
@400000005e8ad2980bc440f4 #d,-,18,2788,2356,1166,50,0,204893,12703,2788,2361,1203,2786,2356,1166,98,100,0,499,2838;
@400000005e8ad2980bcc33e4 #d,-,18,2735,2360,1169,51,0,204729,12693,2788,2361,1169,2735,2356,1152,98,100,0,499,2778;
@400000005e8ad29a0bdf817d #d,-,18,2735,2361,1156,52,0,204597,12685,2735,2361,1189,2735,2355,1150,98,100,0,499,2773;
@400000005e8ad29a0bec85c3 #d,-,18,2731,2361,1156,53,0,204442,12675,2735,2361,1159,2731,2357,1156,99,100,0,499,2739;
@400000005e8ad29c0bfae56b #d,-,18,2729,2356,1680,53,0,204772,12695,2731,2362,1681,2729,2356,1155,99,100,0,499,2742;
@400000005e8ad29c0c029194 #d,-,18,3693,2359,1190,54,0,205191,12721,3693,2361,1680,2729,2356,1167,100,100,0,499,3693;
@400000005e8ad29e0c11b889 #d,-,18,2791,2360,1201,55,0,205143,12718,3693,2361,1207,2791,2358,1190,96,100,0,499,2888;
@400000005e8ad29e0c1c3855 #d,-,18,2797,2359,1180,56,0,205108,12716,2797,2361,1228,2791,2359,1180,97,100,0,499,2867;
@400000005e8ad2a00c29b105 #d,-,18,2743,2360,1157,57,0,204958,12707,2797,2362,1180,2743,2359,1150,98,100,0,499,2789;
@400000005e8ad2a00c3415cf #d,-,18,2739,2359,1155,57,0,205090,12715,2743,2362,1159,2739,2359,1155,99,100,0,499,2744;
@400000005e8ad2a20c41ba45 #d,-,18,2735,2359,1157,58,0,204667,12689,2739,2361,1157,2735,2359,1154,99,100,0,499,2742;
@400000005e8ad2a20c4c68a2 #d,-,18,2731,2358,1159,59,0,204528,12680,2735,2361,1159,2731,2358,1154,99,100,0,499,2741;
@400000005e8ad2a40c5ca431 #d,-,18,2732,2358,1202,60,0,204454,12676,2732,2360,1202,2731,2358,1159,98,100,0,499,2765;
@400000005e8ad2a40c6708fb #d,-,18,2803,2359,1188,60,0,204662,12689,2803,2360,1223,2732,2357,1170,98,100,0,499,2837;
@400000005e8ad2a60c74bc58 #d,-,18,2799,2360,1186,61,0,204336,12668,2803,2360,1193,2799,2356,1183,99,100,0,499,2805;
@400000005e8ad2a60c7f7e43 #d,-,18,2796,2359,1186,62,0,204268,12664,2799,2362,1186,2796,2359,1182,99,100,0,499,2806;
@400000005e8ad2a80c8e5e71 #d,-,18,2793,2362,1185,63,0,204204,12660,2796,2362,1190,2793,2359,1183,99,100,0,499,2810;
@400000005e8ad2a80c98bf81 #d,-,18,2794,2362,1178,64,0,204165,12658,2794,2362,1217,2793,2358,1178,98,100,0,499,2824;
@400000005e8ad2aa0ca14686 #d,-,18,2793,2363,1183,64,0,204352,12669,2794,2363,1186,2793,2357,1178,99,100,0,499,2821;
@400000005e8ad2aa0ca78c20 #d,-,18,2790,2358,1187,65,0,204043,12650,2793,2363,1188,2790,2357,1182,99,100,0,499,2808;
@400000005e8ad2ac0cb873fb #d,-,18,2789,2362,1183,66,0,203983,12646,2790,2363,1187,2789,2358,1182,99,100,0,499,2808;
@400000005e8ad2ac0cc2c17c #d,-,18,2787,2362,1183,67,0,203923,12643,2789,2364,1184,2787,2359,1183,99,100,0,499,2806;
@400000005e8ad2ae0cd25569 #d,-,18,2787,2363,1176,67,0,203888,12641,2787,2364,1215,2787,2361,1176,98,100,0,499,2817;
@400000005e8ad2ae0cdc7e98 #d,-,18,2787,2362,1182,68,0,203829,12637,2787,2365,1186,2787,2362,1174,98,100,0,499,2822;
@400000005e8ad2b00ce9d119 #d,-,18,2785,2364,1182,69,0,204003,12648,2787,2365,1183,2785,2361,1180,99,100,0,499,2808;
@400000005e8ad2b00cf4aa4d #d,-,18,2784,2365,1181,70,0,203945,12644,2785,2365,1185,2784,2361,1181,99,100,0,499,2806;
@400000005e8ad2b20d0478e6 #d,-,18,2782,2364,1183,70,0,203663,12627,2784,2365,1183,2782,2362,1181,99,100,0,499,2806;
@400000005e8ad2b20d0ef4f8 #d,-,18,2782,2363,1183,71,0,203633,12625,2782,2365,1213,2782,2362,1182,99,100,0,499,2810;
@400000005e8ad2b40d1d34f6 #d,-,18,2784,2363,1182,72,0,203577,12621,2784,2365,1183,2782,2361,1175,98,100,0,499,2828;
@400000005e8ad2b40d283da9 #d,-,18,2782,2364,1181,73,0,203527,12618,2784,2365,1184,2782,2362,1180,99,100,0,499,2808;
@400000005e8ad2b60d36824f #d,-,18,2781,2365,1180,73,0,203691,12628,2782,2365,1182,2781,2363,1180,99,100,0,499,2803;
@400000005e8ad2b60d40ca3a #d,-,18,2780,2365,1180,74,0,203426,12612,2781,2365,1182,2780,2363,1180,99,100,0,499,2805;
@400000005e8ad2b80d4ae482 #d,-,18,2779,2364,1192,75,0,203401,12610,2780,2365,1214,2779,2363,1179,99,100,0,499,2805;
@400000005e8ad2b80d5056b3 #d,-,18,2781,2360,1181,76,0,203349,12607,2781,2365,1192,2779,2360,1175,98,100,0,499,2829;
@400000005e8ad2ba0d56233a #d,-,18,3341,2362,1373,77,0,204021,12649,3341,2363,1706,2781,2358,1181,100,100,0,499,3341;
@400000005e8ad2ba0d591599 #d,-,18,3241,2362,1232,78,0,204261,12664,3341,2365,1373,3241,2360,1219,96,100,0,499,3371;
@400000005e8ad2bc0d60413c #d,-,18,2902,2364,1221,78,0,204086,12653,3241,2364,1238,2902,2360,1220,98,100,0,499,2934;
@400000005e8ad2bc0d6a1103 #d,-,18,2898,2364,1167,79,0,204065,12652,2902,2365,1227,2898,2360,1167,99,100,0,499,2910;
@400000005e8ad2be0d72b03f #d,-,18,2720,2363,1152,80,0,203955,12645,2898,2365,1167,2720,2360,1140,98,100,0,499,2771;
@400000005e8ad2be0d7be749 #d,-,18,2717,2363,1150,81,0,203851,12638,2720,2365,1152,2717,2360,1148,99,100,0,499,2728;
@400000005e8ad2c00d86e79b #d,-,18,2714,2362,1149,81,0,203746,12632,2717,2364,1150,2714,2361,1148,99,100,0,499,2728;
@400000005e8ad2c00d8cdef9 #d,-,18,2943,2362,1630,83,0,204413,12673,2943,2363,1677,2714,2358,1149,100,100,0,499,2943;
@400000005e8ad2c20d94a359 #d,-,18,3433,2363,1226,83,0,204271,12664,3433,2364,1630,2943,2362,1156,96,100,0,499,3573;
@400000005e8ad2c20d9dc31b #d,-,18,2826,2363,1190,84,0,204233,12662,3433,2364,1226,2826,2362,1183,99,100,0,499,2849;
@400000005e8ad2c40da65e9d #d,-,18,2821,2363,1143,85,0,204167,12658,2826,2363,1190,2821,2361,1143,99,100,0,499,2822;
@400000005e8ad2c40dad0601 #d,-,18,2704,2363,1148,86,0,204253,12663,2821,2364,1152,2704,2362,1143,98,100,0,499,2744;
@400000005e8ad2c60dbfde41 #d,-,18,2702,2362,1151,86,0,203968,12646,2704,2363,1151,2702,2360,1148,99,100,0,499,2728;
@400000005e8ad2c60dcc3daf #d,-,18,2701,2361,1180,87,0,203887,12641,2702,2364,1180,2701,2360,1148,98,100,0,499,2730;
@400000005e8ad2c80dda577d #d,-,18,2868,2359,1645,88,0,204274,12665,2868,2363,1682,2701,2358,1146,100,100,0,499,2868;
@400000005e8ad2c80de2084e #d,-,18,3550,2361,1201,89,0,204546,12681,3550,2362,1645,2868,2358,1163,96,100,0,499,3677;
@400000005e8ad2ca0df11f6e #d,-,18,2795,2357,1191,90,0,204512,12679,3550,2362,1201,2795,2357,1190,99,100,0,499,2821;
@400000005e8ad2ca0dfc46de #d,-,18,2794,2360,1146,90,0,204274,12665,2795,2362,1193,2794,2357,1146,98,100,0,499,2826;
@400000005e8ad2cc0e072012 #d,-,18,2710,2359,1179,91,0,204190,12659,2794,2361,1179,2710,2358,1145,98,100,0,499,2751;
@400000005e8ad2cc0e116ca5 #d,-,18,2714,2359,1176,92,0,204136,12656,2714,2361,1182,2710,2358,1176,97,100,0,499,2773;
@400000005e8ad2ce0e1cb3be #d,-,18,2719,2358,1176,93,0,204077,12652,2719,2361,1176,2714,2357,1174,97,100,0,499,2789;
@400000005e8ad2ce0e22e5c9 #d,-,18,2723,2353,1672,93,0,204503,12679,2723,2361,1678,2719,2353,1174,97,100,0,499,2785;
@400000005e8ad2d00e2af3bc #d,-,18,3689,2358,1197,94,0,204521,12680,3689,2360,1672,2723,2353,1162,99,100,0,499,3712;
@400000005e8ad2d00e313d0f #d,-,18,2773,2358,1214,95,0,204496,12678,3689,2359,1214,2773,2357,1193,97,100,0,499,2837;
@400000005e8ad2d20e39e005 #d,-,18,2824,2358,1171,96,0,204464,12676,2824,2360,1223,2773,2356,1171,98,100,0,499,2856;
@400000005e8ad2d20e3ffe81 #d,-,18,2725,2359,1153,97,0,204373,12671,2824,2361,1171,2725,2356,1147,98,100,0,499,2765;
@400000005e8ad2d40e541721 #d,-,18,2721,2361,1152,97,0,204448,12675,2725,2361,1153,2721,2358,1150,99,100,0,499,2732;
@400000005e8ad2d40e6174cf #d,-,18,2718,2361,1149,98,0,204195,12660,2721,2361,1153,2718,2359,1149,99,100,0,499,2730;
@400000005e8ad2d60e6ff421 #d,-,18,2715,2356,1691,99,0,204354,12669,2718,2362,1691,2715,2356,1149,99,100,0,499,2728;
@400000005e8ad2d60e772826 #d,-,18,3695,2359,1179,100,0,204609,12685,3695,2359,1696,2715,2356,1159,100,100,0,499,3695;
@400000005e8ad2d80e7fc2ba #d,-,18,2792,2361,1199,101,0,204586,12684,3695,2362,1203,2792,2359,1179,96,100,0,499,2894;
@400000005e8ad2d80e8a525b #d,-,18,2794,2361,1174,102,0,204708,12691,2794,2362,1199,2792,2360,1174,98,100,0,499,2840;
@400000005e8ad2da0e931053 #d,-,18,2732,2362,1155,102,0,204465,12676,2794,2363,1174,2732,2361,1145,98,100,0,499,2774;
@400000005e8ad2da0e9c6e7b #d,-,18,2728,2362,1156,103,0,204383,12671,2732,2363,1156,2728,2361,1152,99,100,0,499,2739;
@400000005e8ad2dc0ea4b44e #d,-,18,2729,2362,1151,104,0,204318,12667,2729,2363,1185,2728,2360,1146,98,100,0,499,2764;
@400000005e8ad2dc0ea870c6 #d,-,18,2725,2357,1672,105,0,204417,12673,2729,2362,1672,2725,2357,1151,99,100,0,499,2735;
@400000005e8ad2de0eb002db #d,-,18,3624,2360,1168,106,0,204696,12691,3624,2361,1684,2725,2357,1161,100,100,0,499,3624;
@400000005e8ad2de0eb7a3d7 #d,-,18,2847,2361,1194,106,0,204674,12689,3624,2362,1211,2847,2357,1168,95,100,0,499,2967;
@400000005e8ad2e00ec051fa #d,-,18,2840,2362,1187,107,0,204642,12687,2847,2362,1196,2840,2357,1187,100,100,0,499,2840;
@400000005e8ad2e00ecaecc8 #d,-,18,2782,2360,1152,108,0,204581,12684,2840,2362,1191,2782,2359,1148,98,100,0,499,2819;
@400000005e8ad2e20edadb0b #d,-,18,2702,2360,1156,109,0,204503,12679,2782,2361,1156,2702,2359,1152,98,100,0,499,2739;
@400000005e8ad2e20ee57e3b #d,-,18,2702,2361,1153,109,0,204426,12674,2702,2362,1157,2702,2357,1153,98,100,0,499,2739;
@400000005e8ad2e40ef154c1 #d,-,18,2702,2359,1632,110,0,204455,12676,2702,2361,1632,2702,2356,1153,98,100,0,499,2735;
@400000005e8ad2e40ef80840 #d,-,18,3525,2361,1162,111,0,204779,12696,3525,2362,1682,2702,2355,1162,100,100,0,499,3525;
@400000005e8ad2e60f03f6fd #d,-,18,2953,2358,1201,112,0,204773,12695,3525,2361,1236,2953,2358,1162,95,100,0,499,3080;
@400000005e8ad2e60f0ee006 #d,-,18,2820,2361,1192,113,0,204748,12694,2953,2362,1203,2820,2358,1192,98,100,0,499,2860;
@400000005e8ad2e80f1e7039 #d,-,18,2755,2362,1160,113,0,204677,12690,2820,2362,1192,2755,2360,1149,98,100,0,499,2797;
@400000005e8ad2e80f2902a5 #d,-,18,2749,2359,1159,114,0,204605,12685,2755,2362,1160,2749,2358,1155,100,100,0,499,2749;
@400000005e8ad2ea0f335027 #d,-,18,2744,2359,1157,115,0,204534,12681,2749,2361,1160,2744,2358,1154,100,100,0,499,2744;
@400000005e8ad2ea0f38d22d #d,-,18,2742,2356,1546,116,0,204534,12681,2744,2360,1546,2742,2356,1157,99,100,0,499,2753;
@400000005e8ad2ec0f40a573 #d,-,18,3459,2358,1190,117,0,204892,12703,3459,2360,1683,2742,2355,1190,100,100,0,499,3459;
@400000005e8ad2ec0f480809 #d,-,18,3014,2357,1198,118,0,204865,12701,3459,2359,1210,3014,2357,1168,95,100,0,499,3146;
@400000005e8ad2ee0f50a38b #d,-,18,2808,2356,1196,118,0,204977,12708,3014,2359,1201,2808,2356,1195,98,100,0,499,2842;
@400000005e8ad2ee0f5830f8 #d,-,18,2804,2357,1160,119,0,204779,12696,2808,2359,1196,2804,2356,1150,99,100,0,499,2817;
@400000005e8ad2f00f638ba0 #d,-,18,2717,2359,1156,120,0,204724,12692,2804,2359,1189,2717,2357,1156,98,100,0,499,2746;
@400000005e8ad2f00f6e0f26 #d,-,18,2718,2358,1158,121,0,204655,12688,2718,2359,1161,2717,2355,1149,98,100,0,499,2762;
@400000005e8ad2f20f7af3c1 #d,-,18,2717,2355,1157,121,0,204718,12692,2718,2359,1159,2717,2354,1156,99,100,0,499,2742;
@400000005e8ad2f20f860b5c #d,-,18,2715,2356,1179,122,0,204524,12680,2717,2358,1179,2715,2354,1157,99,100,0,499,2742;
@400000005e8ad2f40f969d88 #d,-,18,2786,2354,1172,123,0,204498,12678,2786,2357,1225,2715,2354,1170,99,100,0,499,2805;
@400000005e8ad2f40fa12d29 #d,-,18,2784,2354,1194,124,0,204481,12677,2786,2357,1222,2784,2353,1172,99,100,0,499,2810;
@400000005e8ad2f60fb020e6 #d,-,18,2786,2356,1186,124,0,204444,12675,2786,2357,1194,2784,2353,1178,98,100,0,499,2835;
@400000005e8ad2f60fba84c1 #d,-,18,2785,2356,1186,125,0,204539,12681,2786,2356,1190,2785,2352,1186,99,100,0,499,2810;
@400000005e8ad2f80fc5c468 #d,-,18,2784,2356,1186,126,0,204376,12671,2785,2356,1189,2784,2352,1186,99,100,0,499,2808;
@400000005e8ad2f80fd0dc02 #d,-,18,2783,2354,1189,127,0,204344,12669,2784,2356,1192,2783,2353,1186,99,100,0,499,2808;
@400000005e8ad2fa0fddccb9 #d,-,18,2782,2356,1210,127,0,204326,12668,2783,2358,1219,2782,2354,1184,99,100,0,499,2808;
@400000005e8ad2fa0fe80977 #d,-,18,2785,2356,1184,128,0,204291,12666,2785,2358,1210,2782,2355,1180,98,100,0,499,2838;
@400000005e8ad2fc0ff75789 #d,-,18,2784,2358,1186,129,0,204260,12664,2785,2359,1187,2784,2355,1184,99,100,0,499,2805;
@400000005e8ad2fc10026308 #d,-,18,2783,2358,1184,130,0,204227,12662,2784,2359,1186,2783,2357,1183,99,100,0,499,2808;
@400000005e8ad2fe100ec71e #d,-,18,2781,2357,1184,130,0,204193,12660,2783,2360,1186,2781,2356,1183,99,100,0,499,2806;
@400000005e8ad2fe10194aa4 #d,-,18,2780,2357,1213,131,0,204173,12658,2781,2359,1215,2780,2355,1183,99,100,0,499,2803;
@400000005e8ad30010294502 #d,-,18,2783,2357,1184,132,0,204263,12664,2783,2357,1213,2780,2354,1179,98,100,0,499,2831;
@400000005e8ad30010338ddb #d,-,18,2781,2354,1185,133,0,204110,12654,2783,2358,1186,2781,2353,1183,99,100,0,499,2806;
@400000005e8ad302103e6710 #d,-,18,2780,2355,1186,134,0,204079,12652,2781,2356,1188,2780,2353,1185,99,100,0,499,2806;
@400000005e8ad30210491ce0 #d,-,18,2780,2352,1185,134,0,204048,12650,2780,2357,1186,2780,2352,1184,99,100,0,499,2805;
@400000005e8ad304105987ef #d,-,18,2779,2354,1216,135,0,204028,12649,2780,2356,1216,2779,2351,1185,99,100,0,499,2805;
@400000005e8ad3041063e457 #d,-,18,2781,2354,1185,136,0,203998,12647,2781,2356,1216,2779,2352,1179,98,100,0,499,2833;
@400000005e8ad3061073b2f0 #d,-,18,2780,2355,1184,137,0,203968,12646,2781,2357,1187,2780,2352,1184,99,100,0,499,2801;
@400000005e8ad306107e84b1 #d,-,18,2779,2357,1183,137,0,203937,12644,2780,2358,1186,2779,2353,1183,99,100,0,499,2803;
@400000005e8ad3081086c5dc #d,-,18,2778,2357,1185,138,0,203908,12642,2779,2357,1188,2778,2352,1183,99,100,0,499,2803;
@400000005e8ad308108a8343 #d,-,18,3218,2354,1535,139,0,204269,12664,3218,2357,1707,2778,2349,1184,100,100,0,499,3218;
@400000005e8ad30a109210b0 #d,-,18,3379,2355,1222,140,0,204295,12666,3379,2355,1535,3218,2351,1219,96,100,0,499,3509;
@400000005e8ad30a109c70d1 #d,-,18,2899,2355,1244,141,0,204320,12667,3379,2356,1251,2899,2350,1222,98,100,0,499,2929;
@400000005e8ad30c10aa38ab #d,-,18,2901,2355,1163,142,0,204435,12675,2901,2357,1256,2899,2355,1163,98,100,0,499,2949;
@400000005e8ad30c10b4d379 #d,-,18,2764,2353,1164,142,0,204277,12665,2901,2357,1181,2764,2353,1162,98,100,0,499,2812;
@400000005e8ad30e10c93966 #d,-,18,2759,2354,1190,143,0,204235,12662,2764,2356,1190,2759,2353,1164,100,100,0,499,2759;
@400000005e8ad30e10d6882d #d,-,18,2759,2356,1154,144,0,204187,12659,2759,2356,1198,2759,2352,1149,98,100,0,499,2792;
@400000005e8ad31010e3e995 #d,-,18,2827,2352,1647,145,0,204414,12673,2827,2356,1680,2759,2351,1154,100,100,0,499,2827;
@400000005e8ad31010ea2f2e #d,-,18,3565,2353,1207,146,0,204476,12677,3565,2357,1647,2827,2352,1162,96,100,0,499,3684;
@400000005e8ad31210f241c9 #d,-,18,2791,2356,1196,146,0,204455,12676,3565,2356,1207,2791,2352,1194,99,100,0,499,2819;
@400000005e8ad31210fb94c4 #d,-,18,2791,2356,1169,147,0,204425,12674,2791,2356,1196,2791,2354,1169,98,100,0,499,2828;
@400000005e8ad314110bb198 #d,-,18,2786,2356,1156,148,0,204375,12671,2791,2357,1183,2786,2354,1150,99,100,0,499,2790;
@400000005e8ad3141116a215 #d,-,18,2696,2353,1155,149,0,204426,12674,2786,2356,1158,2696,2352,1154,98,100,0,499,2730;
@400000005e8ad316111f8370 #d,-,18,2696,2355,1154,149,0,204262,12664,2696,2357,1158,2696,2352,1154,98,100,0,499,2735;
@400000005e8ad31611233d1d #d,-,18,2700,2353,1665,150,0,204442,12675,2700,2357,1684,2696,2352,1154,98,100,0,499,2737;
@400000005e8ad318112df6a7 #d,-,18,3678,2356,1208,151,0,204538,12681,3678,2357,1665,2700,2352,1164,98,100,0,499,3744;
@400000005e8ad31811387673 #d,-,18,2812,2355,1194,152,0,204529,12680,3678,2358,1231,2812,2354,1191,98,100,0,499,2853;
@400000005e8ad31a114130b1 #d,-,18,2809,2355,1155,153,0,204499,12678,2812,2358,1198,2809,2354,1155,99,100,0,499,2831;
@400000005e8ad31a11478266 #d,-,18,2719,2356,1156,153,0,204442,12675,2809,2358,1156,2719,2354,1147,98,100,0,499,2760;
@400000005e8ad31c115abb82 #d,-,18,2716,2355,1156,154,0,204387,12672,2719,2358,1157,2716,2354,1153,99,100,0,499,2733;
@400000005e8ad31c1167daca #d,-,18,2714,2359,1154,155,0,204333,12668,2716,2359,1157,2714,2355,1154,99,100,0,499,2733;
@400000005e8ad31e11762329 #d,-,18,2716,2357,1673,156,0,204586,12684,2716,2361,1678,2714,2356,1154,98,100,0,499,2760;
@400000005e8ad31e117ca729 #d,-,18,3693,2358,1203,157,0,204602,12685,3693,2360,1673,2716,2356,1164,99,100,0,499,3716;
@400000005e8ad320118bf53c #d,-,18,2779,2359,1195,158,0,204584,12684,3693,2361,1206,2779,2358,1193,97,100,0,499,2844;
@400000005e8ad32011969fdf #d,-,18,2781,2359,1174,158,0,204561,12682,2781,2361,1196,2779,2358,1174,98,100,0,499,2831;
@400000005e8ad322119f7166 #d,-,18,2775,2359,1155,159,0,204506,12679,2781,2362,1174,2775,2358,1146,100,100,0,499,2775;
@400000005e8ad32211a69df7 #d,-,18,2769,2360,1147,160,0,204462,12676,2775,2360,1187,2769,2359,1146,100,100,0,499,2769;
@400000005e8ad32411afa671 #d,-,18,2702,2359,1155,161,0,204410,12673,2769,2361,1156,2702,2359,1147,98,100,0,499,2742;
@400000005e8ad32411b362e8 #d,-,18,2701,2356,1677,161,1,204509,12679,2702,2361,1677,2701,2356,1151,98,100,0,499,2733;
@400000005e8ad32611bf6534 #d,-,18,3671,2357,1181,162,1,204655,12688,3671,2359,1677,2701,2356,1162,100,100,0,499,3671;
@400000005e8ad32611c77415 #d,-,18,2795,2357,1197,163,1,204638,12687,3671,2359,1205,2795,2356,1181,96,100,0,499,2894;
@400000005e8ad32811d769cc #d,-,18,2797,2356,1172,164,1,204627,12686,2797,2359,1228,2795,2355,1172,98,100,0,499,2846;
@400000005e8ad32811e2568f #d,-,18,2746,2354,1157,165,1,204671,12689,2797,2359,1172,2746,2354,1146,98,100,0,499,2794;
@400000005e8ad32a11f11800 #d,-,18,2740,2356,1156,165,1,204523,12680,2746,2358,1159,2740,2354,1154,99,100,0,499,2741;
@400000005e8ad32a11fc1c0c #d,-,18,2736,2359,1157,166,1,204471,12677,2740,2359,1157,2736,2356,1154,100,100,0,499,2736;
@400000005e8ad32c120718a4 #d,-,18,2732,2356,1671,167,1,204540,12681,2736,2359,1671,2732,2356,1154,99,100,0,499,2739;
@400000005e8ad32c120d7586 #d,-,18,3648,2356,1180,168,1,204816,12698,3648,2359,1680,2732,2353,1176,100,100,0,499,3648;
@400000005e8ad32e121c98c2 #d,-,18,2847,2358,1198,169,1,204704,12691,3648,2360,1204,2847,2355,1180,95,100,0,499,2974;
@400000005e8ad32e12278585 #d,-,18,2841,2359,1187,170,1,204685,12690,2847,2361,1198,2841,2358,1187,100,100,0,499,2841;
@400000005e8ad3301236fab5 #d,-,18,2749,2360,1156,170,1,204636,12687,2841,2361,1187,2749,2359,1146,98,100,0,499,2792;
@400000005e8ad3301241b086 #d,-,18,2743,2361,1157,171,1,204586,12684,2749,2361,1157,2743,2359,1153,100,100,0,499,2743;
@400000005e8ad332124c2c98 #d,-,18,2739,2360,1160,172,1,204640,12687,2743,2361,1185,2739,2359,1154,100,100,0,499,2739;
@400000005e8ad3321251bab9 #d,-,18,2737,2358,1609,173,1,204560,12682,2739,2361,1609,2737,2358,1148,99,100,0,499,2760;
@400000005e8ad33412598a46 #d,-,18,3517,2359,1167,174,1,204773,12695,3517,2360,1679,2737,2356,1167,100,100,0,499,3517;
@400000005e8ad334125fa8c2 #d,-,18,2941,2358,1195,174,1,204758,12695,3517,2361,1208,2941,2358,1166,95,100,0,499,3075;
@400000005e8ad336126f291f #d,-,18,2803,2357,1194,175,1,204740,12693,2941,2360,1196,2803,2357,1194,98,100,0,499,2837;
@400000005e8ad33612797e14 #d,-,18,2797,2359,1172,176,1,204704,12691,2803,2360,1194,2797,2357,1151,99,100,0,499,2801;
@400000005e8ad33812823852 #d,-,18,2726,2359,1156,177,1,204654,12688,2797,2360,1172,2726,2355,1145,98,100,0,499,2760;
@400000005e8ad338128b2d3d #d,-,18,2723,2357,1155,177,1,204605,12685,2726,2359,1157,2723,2354,1153,99,100,0,499,2739;
@400000005e8ad33a129431fd #d,-,18,2720,2356,1494,178,1,204586,12684,2723,2358,1494,2720,2356,1155,99,100,0,499,2737;
@400000005e8ad33a129a7796 #d,-,18,3411,2354,1205,179,1,204915,12704,3411,2356,1680,2720,2353,1205,100,100,0,499,3411;
@400000005e8ad33c12a9e0ab #d,-,18,3033,2355,1230,180,1,204817,12698,3411,2357,1239,3033,2353,1166,95,100,0,499,3166;
@400000005e8ad33c12b44487 #d,-,18,2841,2356,1200,181,1,204800,12697,3033,2358,1230,2841,2354,1191,98,100,0,499,2876;
@400000005e8ad33e12bce77c #d,-,18,2780,2355,1161,181,1,204761,12695,2841,2357,1200,2780,2355,1152,98,100,0,499,2821;
@400000005e8ad33e12c6c35f #d,-,18,2707,2352,1160,182,1,204715,12692,2780,2358,1162,2707,2352,1156,98,100,0,499,2741;
@400000005e8ad34012cf912c #d,-,18,2707,2356,1158,183,1,204670,12689,2707,2357,1161,2707,2352,1157,98,100,0,499,2742;
@400000005e8ad34012d4e85a #d,-,18,2707,2358,1189,184,1,204633,12687,2707,2359,1190,2707,2356,1156,98,100,0,499,2741;
@400000005e8ad34212e4da57 #d,-,18,2711,2359,1213,184,1,204605,12685,2711,2359,1215,2707,2357,1152,97,100,0,499,2773;
@400000005e8ad34212efcad4 #d,-,18,2779,2358,1199,185,1,204667,12689,2779,2359,1213,2711,2357,1164,98,100,0,499,2810;
@400000005e8ad34412f9ca1a #d,-,18,2779,2357,1194,186,1,204556,12682,2779,2359,1199,2779,2356,1179,98,100,0,499,2813;
@400000005e8ad34412ff3c4a #d,-,18,2830,2356,1206,187,1,204555,12682,2830,2358,1231,2779,2356,1194,99,100,0,499,2851;
@400000005e8ad346130e2893 #d,-,18,2829,2357,1261,188,1,204562,12682,2830,2358,1261,2829,2355,1206,98,100,0,499,2863;
@400000005e8ad3461318c71b #d,-,18,2901,2358,1188,188,1,204643,12687,2901,2358,1261,2829,2355,1186,98,100,0,499,2931;
@400000005e8ad3481328c8ed #d,-,18,2792,2357,1195,189,1,204540,12681,2901,2359,1196,2792,2356,1188,98,100,0,499,2829;
@400000005e8ad348133353e6 #d,-,18,2791,2354,1178,190,1,204516,12680,2792,2359,1195,2791,2354,1176,98,100,0,499,2824;
@400000005e8ad34a1340e4cd #d,-,18,2787,2358,1192,191,1,204492,12678,2791,2358,1195,2787,2354,1178,99,100,0,499,2792;
@400000005e8ad34a134bf8ad #d,-,18,2786,2357,1207,191,1,204554,12682,2787,2358,1207,2786,2355,1180,99,100,0,499,2806;
@400000005e8ad34c1359b825 #d,-,18,2787,2358,1183,192,1,204449,12675,2787,2358,1213,2786,2353,1178,98,100,0,499,2828;
@400000005e8ad34c1364df95 #d,-,18,2784,2356,1180,193,1,204425,12674,2787,2358,1184,2784,2354,1180,99,100,0,499,2797;
@400000005e8ad34e13753f77 #d,-,18,2782,2357,1182,194,1,204400,12672,2784,2357,1186,2782,2355,1179,99,100,0,499,2796;
@400000005e8ad34e137faf6e #d,-,18,2780,2356,1182,195,1,204375,12671,2782,2358,1185,2780,2354,1179,99,100,0,499,2799;
@400000005e8ad350138b770d #d,-,18,2778,2356,1202,195,1,204436,12675,2780,2358,1202,2778,2353,1180,99,100,0,499,2797;
@400000005e8ad35013919589 #d,-,18,2781,2354,1183,196,1,204334,12668,2781,2358,1214,2778,2354,1175,98,100,0,499,2831;
@400000005e8ad35213a07d2a #d,-,18,2778,2357,1182,197,1,204311,12667,2781,2358,1185,2778,2354,1181,99,100,0,499,2794;
@400000005e8ad35213aacaab #d,-,18,2777,2358,1181,198,1,204368,12670,2778,2358,1183,2777,2356,1180,99,100,0,499,2799;
@400000005e8ad35413b69604 #d,-,18,2775,2356,1181,198,1,204264,12664,2777,2358,1184,2775,2356,1180,99,100,0,499,2799;
@400000005e8ad35413c19656 #d,-,18,2774,2358,1191,199,1,204241,12662,2775,2358,1191,2774,2355,1180,99,100,0,499,2799;
@400000005e8ad35613d9928c #d,-,18,2778,2357,1181,200,1,204224,12661,2778,2359,1214,2774,2356,1173,98,100,0,499,2829;
@400000005e8ad35613e5180b #d,-,18,2775,2357,1181,201,1,204281,12665,2778,2358,1183,2775,2355,1179,99,100,0,499,2794;
@400000005e8ad35813eca1bf #d,-,18,2774,2355,1701,201,1,204300,12666,2775,2358,1701,2774,2355,1180,99,100,0,499,2796;
@400000005e8ad35813f09170 #d,-,18,3723,2355,1249,202,1,204441,12675,3723,2357,1701,2774,2353,1230,100,100,0,499,3723;
@400000005e8ad35a13f91963 #d,-,18,2914,2356,1232,203,1,204456,12676,3723,2356,1258,2914,2354,1230,97,100,0,499,3002;
@400000005e8ad35a14038d14 #d,-,18,2914,2352,1225,204,1,204471,12677,2914,2356,1261,2914,2351,1220,99,100,0,499,2942;
@400000005e8ad35c1412eeb6 #d,-,18,2844,2353,1155,205,1,204450,12675,2914,2355,1226,2844,2352,1155,98,100,0,499,2886;
@400000005e8ad35c141df2c1 #d,-,18,2723,2355,1159,206,1,204491,12678,2844,2356,1167,2723,2351,1155,98,100,0,499,2764;
@400000005e8ad35e143153e9 #d,-,18,2721,2357,1158,206,1,204374,12671,2723,2357,1161,2721,2354,1158,99,100,0,499,2746;
@400000005e8ad35e143e0192 #d,-,18,2720,2355,1175,207,1,204336,12668,2721,2358,1175,2720,2353,1151,99,100,0,499,2744;
@400000005e8ad360144bdcfa #d,-,18,3346,2353,1279,208,1,204571,12683,3346,2355,1707,2720,2349,1175,100,100,0,499,3346;
@400000005e8ad36014527488 #d,-,18,3099,2354,1192,209,1,204550,12682,3346,2356,1279,3099,2353,1163,95,100,0,499,3241;
@400000005e8ad3621461b680 #d,-,18,2792,2355,1192,210,1,204533,12681,3099,2356,1195,2792,2352,1192,98,100,0,499,2829;
@400000005e8ad362146caab6 #d,-,18,2789,2355,1152,210,1,204497,12678,2792,2356,1193,2789,2352,1147,99,100,0,499,2812;
@400000005e8ad3641475ea22 #d,-,18,2689,2356,1152,211,1,204456,12676,2789,2356,1156,2689,2352,1152,98,100,0,499,2726;
@400000005e8ad36414806635 #d,-,18,2692,2357,1144,212,1,204497,12678,2692,2357,1186,2689,2354,1143,98,100,0,499,2746;
@400000005e8ad36614896eae #d,-,18,2693,2354,1153,213,1,204380,12671,2693,2357,1155,2692,2354,1144,98,100,0,499,2739;
@400000005e8ad366148f9857 #d,-,18,3212,2354,1439,214,1,204602,12685,3212,2355,1680,2693,2351,1153,100,100,0,499,3212;
@400000005e8ad368149e6d58 #d,-,18,3209,2357,1193,214,1,204580,12684,3212,2357,1439,3209,2354,1163,96,100,0,499,3333;
@400000005e8ad36814a936b7 #d,-,18,2798,2356,1191,215,1,204564,12683,3209,2358,1195,2798,2354,1191,98,100,0,499,2831;
@400000005e8ad36a14b2c817 #d,-,18,2797,2357,1145,216,1,204538,12681,2798,2358,1199,2797,2355,1145,98,100,0,499,2826;
@400000005e8ad36a14bd3f82 #d,-,18,2704,2357,1153,217,1,204497,12678,2797,2358,1153,2704,2356,1145,98,100,0,499,2746;
@400000005e8ad36c14d1e10a #d,-,18,2703,2356,1153,217,1,204456,12676,2704,2359,1154,2703,2356,1152,99,100,0,499,2730;
@400000005e8ad36c14df857f #d,-,18,2702,2358,1154,218,1,204490,12678,2703,2358,1154,2702,2355,1152,98,100,0,499,2730;
@400000005e8ad36e14f02b3b #d,-,18,3125,2353,1532,219,1,204624,12686,3125,2358,1681,2702,2352,1154,100,100,0,499,3125;
@400000005e8ad36e14f94743 #d,-,18,3284,2353,1201,220,1,204618,12686,3284,2356,1532,3125,2353,1163,95,100,0,499,3422;
@400000005e8ad3701508fad9 #d,-,18,2829,2354,1193,221,1,204604,12685,3284,2356,1201,2829,2353,1193,98,100,0,499,2863;
@400000005e8ad3701513b0aa #d,-,18,2824,2356,1153,221,1,204649,12688,2829,2357,1196,2824,2354,1151,99,100,0,499,2826;
@400000005e8ad372152331f6 #d,-,18,2708,2355,1155,222,1,204539,12681,2824,2357,1162,2708,2352,1153,98,100,0,499,2746;
@400000005e8ad372152dd7f1 #d,-,18,2707,2356,1156,223,1,204501,12679,2708,2356,1158,2707,2353,1155,98,100,0,499,2737;
@400000005e8ad3741536d53d #d,-,18,2707,2355,1165,224,1,204471,12677,2707,2356,1189,2707,2352,1154,98,100,0,499,2737;
@400000005e8ad374153ce79e #d,-,18,3003,2355,1631,225,1,204722,12692,3003,2355,1682,2707,2351,1148,100,100,0,499,3003;
@400000005e8ad376154a032c #d,-,18,3415,2355,1203,226,1,204657,12688,3415,2356,1631,3003,2353,1164,96,100,0,499,3556;
@400000005e8ad37615524458 #d,-,18,2806,2355,1197,226,1,204643,12687,3415,2357,1203,2806,2355,1194,99,100,0,499,2829;
@400000005e8ad3781562698d #d,-,18,2804,2355,1159,227,1,204690,12690,2806,2357,1198,2804,2355,1158,99,100,0,499,2829;
@400000005e8ad378156d26d1 #d,-,18,2720,2357,1176,228,1,204591,12684,2804,2358,1186,2720,2355,1159,98,100,0,499,2758;
@400000005e8ad37a1581668f #d,-,18,2721,2356,1155,229,1,204552,12682,2721,2358,1176,2720,2356,1149,98,100,0,499,2762;
@400000005e8ad37a158eb910 #d,-,18,2719,2358,1163,229,1,204518,12680,2721,2358,1164,2719,2356,1154,99,100,0,499,2741;
Lost connection at /opt/powertools/bin/wattsup1 line 220.
	main::failure('Lost connection') called at /opt/powertools/bin/wattsup1 line 271
	main::recv_msg() called at /opt/powertools/bin/wattsup1 line 504
