@400000005e6b3bc4133294fa #v,-,8,1,65178,5,2,4,57,200810261703,0;
@400000005e6b3bc5018dd3d9 #h,-,18,W,V,A,WH,Cost,WH/Mo,Cost/Mo,Wmax,Vmax,Amax,Wmin,Vmin,Amin,PF,DC,PC,Hz,VA;
@400000005e6b3bc507a09373 #f,-,48,193,436,1,4803,0,0,65535,0,150,1177,177,10481,276,203,3340,13,121719,86,50084,105837,25,2629,11458,0,64,1,4686,0,0,65535,0,150,1030,182,11055,266,212,3240,13,121394,92,49362,104176,24,2613,13005,0,71;
@400000005e6b3bc707b8416e #d,-,18,2737,2372,1160,1,0,189923,11775,2741,2374,1160,2737,2372,1157,99,100,0,500,2758;
@400000005e6b3bc907ca66de #d,-,18,2735,2373,1190,1,0,192695,11947,2737,2373,1190,2735,2371,1159,99,100,0,500,2760;
@400000005e6b3bc907d49b3a #d,-,18,2737,2374,1161,2,0,193574,12001,2737,2375,1190,2735,2373,1152,98,100,0,500,2790;
@400000005e6b3bcb07e6912a #d,-,18,2735,2373,1159,3,0,193942,12024,2737,2375,1161,2735,2373,1158,99,100,0,500,2758;
@400000005e6b3bcb07f3992a #d,-,18,2734,2374,1223,4,0,195003,12090,2735,2374,1237,2734,2373,1159,99,100,0,500,2758;
@400000005e6b3bcd0802f358 #d,-,18,2733,2375,1056,4,0,196495,12182,2734,2375,1223,2733,2373,1056,98,100,0,500,2771;
@400000005e6b3bcd080d2041 #d,-,18,2606,2372,1071,5,0,195607,12127,2733,2375,1210,2606,2372,1054,99,100,0,500,2625;
@400000005e6b3bcf081c570b #d,-,18,2603,2375,1064,6,0,193680,12008,2606,2375,1084,2603,2372,1059,98,100,0,500,2655;
@400000005e6b3bcf0826a758 #d,-,18,2487,2374,1058,6,0,192002,11904,2603,2375,1064,2487,2374,1057,98,100,0,500,2527;
@400000005e6b3bd10835d6af #d,-,18,2486,2375,1061,7,0,188830,11707,2487,2376,1061,2486,2373,1058,98,100,0,500,2522;
@400000005e6b3bd1083fd14d #d,-,18,2486,2376,1058,8,0,187890,11649,2486,2376,1062,2486,2375,1058,98,100,0,500,2525;
@400000005e6b3bd3084eb9dd #d,-,18,2485,2374,1077,9,0,187151,11603,2486,2376,1077,2485,2364,1058,98,100,0,500,2523;
@400000005e6b3bd3085919fe #d,-,18,2489,2373,1061,9,0,186579,11567,2489,2375,1090,2485,2373,1053,97,100,0,500,2555;
@400000005e6b3bd508691728 #d,-,18,2488,2372,1061,10,0,185988,11531,2489,2374,1062,2488,2371,1060,98,100,0,500,2522;
@400000005e6b3bd508734146 #d,-,18,2488,2372,1061,10,0,185474,11499,2488,2372,1063,2488,2368,1061,98,100,0,500,2525;
@400000005e6b3bd7087d6a75 #d,-,18,2487,2370,1456,11,0,186176,11542,2488,2373,1462,2487,2368,1060,98,100,0,500,2522;
@400000005e6b3bd70882e507 #d,-,18,2821,2368,1106,12,0,187281,11611,2821,2371,1456,2487,2368,1076,97,100,0,500,2885;
@400000005e6b3bd9089176f9 #d,-,18,2594,2370,1072,13,0,186031,11533,2821,2371,1117,2594,2368,1066,98,100,0,500,2627;
@400000005e6b3bd9089bd362 #d,-,18,2505,2369,1066,13,0,185698,11513,2594,2371,1074,2505,2369,1066,98,100,0,500,2550;
@400000005e6b3bdb08aa144e #d,-,18,2504,2369,1064,14,0,185355,11492,2505,2370,1072,2504,2368,1061,98,100,0,500,2541;
@400000005e6b3bdb08b4649a #d,-,18,2502,2370,1064,15,0,185023,11471,2504,2370,1065,2502,2367,1061,98,100,0,500,2529;
@400000005e6b3bdd08c3c63c #d,-,18,2499,2367,1063,15,0,184712,11452,2502,2370,1064,2499,2367,1062,98,100,0,500,2525;
@400000005e6b3bdd08ce3279 #d,-,18,2502,2370,1058,16,0,184519,11440,2502,2370,1094,2499,2367,1055,98,100,0,500,2550;
@400000005e6b3bdf08dca96a #d,-,18,2500,2372,1063,17,0,184266,11424,2502,2372,1064,2500,2369,1058,98,100,0,500,2529;
@400000005e6b3bdf08e603d8 #d,-,18,2498,2370,1063,18,0,184038,11410,2500,2373,1066,2498,2370,1061,98,100,0,500,2529;
@400000005e6b3be108ef758e #d,-,18,2497,2371,1064,18,0,183819,11396,2498,2372,1064,2497,2370,1061,98,100,0,500,2529;
@400000005e6b3be108f486e3 #d,-,18,2496,2369,1063,19,0,183620,11384,2497,2371,1065,2496,2369,1063,98,100,0,500,2527;
@400000005e6b3be308fd9316 #d,-,18,2577,2368,1123,20,0,184338,11429,2577,2370,1467,2496,2366,1062,100,100,0,500,2577;
@400000005e6b3be30902de29 #d,-,18,2818,2371,1110,20,0,185056,11473,2818,2371,1128,2577,2368,1092,96,100,0,500,2906;
@400000005e6b3be5090c0a07 #d,-,18,2595,2370,1081,21,0,185006,11470,2818,2371,1110,2595,2369,1081,98,100,0,500,2639;
@400000005e6b3be5091149ed #d,-,18,2525,2374,1071,22,0,184259,11424,2595,2374,1081,2525,2369,1068,98,100,0,500,2571;
@400000005e6b3be709208be4 #d,-,18,2522,2374,1067,23,0,184675,11449,2525,2375,1071,2522,2374,1066,99,100,0,500,2547;
@400000005e6b3be7092d0742 #d,-,18,2522,2372,1130,23,0,184076,11412,2522,2375,1130,2522,2372,1064,98,100,0,500,2550;
@400000005e6b3be9093cda83 #d,-,18,2626,2372,1066,24,0,184070,11412,2626,2373,1192,2522,2370,1032,98,100,0,500,2673;
@400000005e6b3be909471fa3 #d,-,18,2472,2371,1062,25,0,183909,11402,2626,2372,1068,2472,2369,1062,98,100,0,500,2513;
@400000005e6b3beb0958a7ae #d,-,18,2473,2370,1062,25,0,183753,11392,2473,2371,1064,2472,2370,1061,97,100,0,500,2527;
@400000005e6b3beb0964535d #d,-,18,2475,2369,1062,26,0,183603,11383,2475,2370,1064,2473,2369,1062,97,100,0,500,2527;
@400000005e6b3bed096f7712 #d,-,18,2478,2370,1060,27,0,183519,11378,2478,2370,1095,2475,2368,1060,97,100,0,500,2534;
@400000005e6b3bed09752898 #d,-,18,2481,2368,1364,27,0,183939,11404,2481,2370,1453,2478,2367,1054,97,100,0,500,2547;
@400000005e6b3bef09832675 #d,-,18,2841,2370,1254,28,0,184189,11419,2841,2371,1364,2481,2367,1088,98,100,0,500,2892;
@400000005e6b3bef098d5bc0 #d,-,18,2842,2371,1201,29,0,184661,11449,2842,2372,1254,2841,2370,1201,99,100,0,500,2862;
@400000005e6b3bf1099ce47f #d,-,18,2839,2370,1168,30,0,185006,11470,2842,2371,1201,2839,2369,1168,99,100,0,500,2858;
@400000005e6b3bf109a75476 #d,-,18,2672,2374,1073,30,0,184980,11468,2839,2374,1170,2672,2370,1066,97,100,0,500,2737;
@400000005e6b3bf309b6d11a #d,-,18,2504,2372,1061,31,0,184821,11458,2672,2375,1073,2504,2372,1056,98,100,0,500,2545;
@400000005e6b3bf309c1313c #d,-,18,2502,2373,1062,32,0,184676,11449,2504,2373,1063,2502,2371,1061,98,100,0,500,2529;
@400000005e6b3bf509d26fb4 #d,-,18,2500,2373,1061,33,0,184933,11465,2502,2374,1062,2500,2373,1061,99,100,0,500,2525;
@400000005e6b3bf509de5255 #d,-,18,2498,2371,1064,33,0,184402,11432,2500,2373,1065,2498,2371,1060,98,100,0,500,2527;
@400000005e6b3bf709eb1fa8 #d,-,18,2498,2372,1082,34,0,184331,11428,2498,2372,1095,2498,2371,1063,98,100,0,500,2532;
@400000005e6b3bf709f671ef #d,-,18,2500,2369,1445,35,0,184499,11438,2500,2372,1445,2498,2369,1054,97,100,0,500,2555;
@400000005e6b3bf90a029b58 #d,-,18,2719,2373,1016,35,0,184340,11429,2719,2374,1449,2500,2368,990,96,100,0,500,2805;
@400000005e6b3bf90a0cd816 #d,-,18,2377,2373,1173,36,0,184247,11423,2719,2374,1174,2377,2373,1012,98,100,0,500,2415;
@400000005e6b3bfb0a1cf5d8 #d,-,18,2668,2372,1176,37,0,184433,11434,2668,2374,1176,2377,2372,1140,99,100,0,500,2676;
@400000005e6b3bfb0a276989 #d,-,18,2764,2372,1187,38,0,184726,11453,2764,2372,1199,2668,2371,1176,98,100,0,500,2792;
@400000005e6b3bfd0a3649b7 #d,-,18,2762,2371,1170,38,0,184931,11465,2764,2373,1187,2762,2371,1154,98,100,0,500,2792;
@400000005e6b3bfd0a4122eb #d,-,18,2759,2370,1165,39,0,185130,11478,2762,2372,1170,2759,2370,1164,99,100,0,500,2773;
@400000005e6b3bff0a504627 #d,-,18,2756,2371,1166,40,0,185322,11489,2759,2371,1166,2756,2370,1164,99,100,0,500,2771;
@400000005e6b3bff0a5ab264 #d,-,18,2753,2372,1165,41,0,185509,11501,2756,2372,1166,2753,2369,1164,99,100,0,500,2771;
@400000005e6b3c010a696b74 #d,-,18,2751,2371,1196,41,0,185716,11514,2753,2372,1197,2751,2369,1163,99,100,0,500,2771;
@400000005e6b3c010a72d1fd #d,-,18,2805,2371,1207,42,0,186031,11533,2805,2372,1246,2751,2371,1175,99,100,0,500,2822;
@400000005e6b3c030a839ed6 #d,-,18,2811,2370,1200,43,0,186312,11551,2811,2372,1209,2805,2370,1200,97,100,0,500,2894;
@400000005e6b3c030a8fb4b1 #d,-,18,2812,2372,1200,44,0,186557,11566,2812,2372,1200,2811,2369,1193,98,100,0,500,2856;
@400000005e6b3c050a9efa62 #d,-,18,2813,2373,1191,44,0,187104,11600,2813,2374,1205,2812,2371,1191,98,100,0,500,2853;
@400000005e6b3c050aa93366 #d,-,18,2657,2372,1101,45,0,187019,11595,2813,2374,1191,2657,2371,1051,97,100,0,500,2724;
@400000005e6b3c070abad3a8 #d,-,18,2546,2375,1064,46,0,186623,11570,2657,2375,1101,2546,2371,1063,98,100,0,500,2586;
@400000005e6b3c070ac8489f #d,-,18,2492,2373,1061,47,0,186493,11562,2546,2375,1064,2492,2372,1058,98,100,0,500,2531;
@400000005e6b3c090ad2ad69 #d,-,18,2491,2374,1061,47,0,186366,11554,2492,2374,1062,2491,2373,1060,98,100,0,500,2527;
@400000005e6b3c090ad81f99 #d,-,18,2490,2372,1060,48,0,186242,11547,2491,2374,1063,2490,2372,1059,98,100,0,500,2523;
@400000005e6b3c0b0ae4cd42 #d,-,18,2690,2372,1089,49,0,186474,11561,2690,2373,1461,2490,2369,1060,100,100,0,500,2690;
@400000005e6b3c0b0aed9fb7 #d,-,18,2686,2372,1072,49,0,186416,11557,2690,2372,1112,2686,2371,1071,96,100,0,500,2787;
@400000005e6b3c0d0aff90ff #d,-,18,2504,2372,1062,50,0,186305,11550,2686,2374,1072,2504,2371,1062,98,100,0,500,2547;
@400000005e6b3c0d0b0be540 #d,-,18,2502,2373,1060,51,0,186192,11543,2504,2374,1063,2502,2372,1060,98,100,0,500,2529;
@400000005e6b3c0f0b1bc767 #d,-,18,2499,2373,1061,52,0,186078,11536,2502,2373,1062,2499,2372,1059,99,100,0,500,2523;
@400000005e6b3c0f0b2618a3 #d,-,18,2498,2374,1070,52,0,185972,11530,2499,2374,1070,2498,2372,1060,98,100,0,500,2527;
@400000005e6b3c110b3733b7 #d,-,18,2501,2373,1062,53,0,185892,11525,2501,2374,1092,2498,2373,1054,97,100,0,500,2555;
@400000005e6b3c110b44087d #d,-,18,2498,2371,1060,53,0,185790,11519,2501,2373,1065,2498,2370,1060,98,100,0,500,2527;
@400000005e6b3c130b55d750 #d,-,18,2497,2371,1062,54,0,185693,11512,2498,2371,1065,2497,2370,1060,98,100,0,500,2529;
@400000005e6b3c130b61d99c #d,-,18,2496,2373,1062,55,0,185598,11507,2497,2374,1064,2496,2371,1061,98,100,0,500,2527;
@400000005e6b3c150b6f471f #d,-,18,2495,2372,1062,56,0,185741,11515,2496,2373,1063,2495,2372,1062,98,100,0,500,2529;
@400000005e6b3c150b778fbe #d,-,18,2498,2370,1062,56,0,185671,11511,2498,2373,1093,2495,2369,1058,97,100,0,500,2554;
@400000005e6b3c170b86f519 #d,-,18,2797,2371,1096,57,0,185886,11524,2797,2372,1457,2498,2368,1062,99,100,0,500,2806;
@400000005e6b3c170b916510 #d,-,18,2553,2372,1066,58,0,185602,11507,2797,2372,1104,2553,2371,1066,96,100,0,500,2646;
@400000005e6b3c190ba26522 #d,-,18,2501,2371,1065,58,0,185747,11516,2553,2372,1069,2501,2370,1065,98,100,0,500,2541;
@400000005e6b3c190bae47c4 #d,-,18,2499,2372,1061,59,0,185434,11496,2501,2372,1065,2499,2370,1060,98,100,0,500,2534;
@400000005e6b3c1b0bbeca1b #d,-,18,2501,2373,1053,60,0,185371,11493,2501,2373,1094,2499,2370,1052,98,100,0,500,2547;
@400000005e6b3c1b0bc9329f #d,-,18,2499,2374,1060,61,0,185286,11487,2501,2374,1062,2499,2372,1053,98,100,0,500,2532;
@400000005e6b3c1d0bd89440 #d,-,18,2498,2374,1061,61,0,185204,11482,2499,2374,1063,2498,2373,1060,98,100,0,500,2527;
@400000005e6b3c1d0be2d872 #d,-,18,2496,2375,1061,62,0,185122,11477,2498,2375,1062,2496,2373,1059,98,100,0,500,2525;
@400000005e6b3c1f0bf216b0 #d,-,18,2495,2373,1061,63,0,185045,11472,2496,2375,1064,2495,2373,1060,98,100,0,500,2527;
@400000005e6b3c1f0bfc9edd #d,-,18,2497,2374,1051,63,0,184989,11469,2497,2375,1091,2495,2372,1051,98,100,0,500,2539;
@400000005e6b3c210c07c1a5 #d,-,18,2496,2372,1060,64,0,184911,11464,2497,2374,1063,2496,2372,1051,98,100,0,500,2538;
@400000005e6b3c210c0e232f #d,-,18,2494,2372,1423,65,0,184957,11467,2496,2374,1423,2494,2371,1060,98,100,0,500,2525;
@400000005e6b3c230c1e8996 #d,-,18,2814,2373,1116,66,0,185070,11474,2814,2374,1453,2494,2372,1091,97,100,0,500,2872;
@400000005e6b3c230c2b99f7 #d,-,18,2705,2371,1199,66,0,185249,11485,2814,2373,1244,2705,2371,1111,99,100,0,500,2710;
@400000005e6b3c250c3b2670 #d,-,18,2707,2374,1061,67,0,185240,11484,2707,2374,1199,2705,2371,1061,96,100,0,500,2799;
@400000005e6b3c250c456b8f #d,-,18,2505,2373,1063,68,0,185360,11492,2707,2374,1066,2505,2372,1053,98,100,0,500,2547;
@400000005e6b3c270c5725e5 #d,-,18,2503,2370,1061,68,0,185286,11487,2505,2373,1064,2503,2370,1060,98,100,0,500,2532;
@400000005e6b3c270c630d2f #d,-,18,2500,2371,1061,69,0,185024,11471,2503,2372,1064,2500,2370,1060,99,100,0,500,2525;
@400000005e6b3c290c74eae8 #d,-,18,2499,2372,1061,70,0,185139,11478,2500,2373,1062,2499,2371,1059,98,100,0,500,2527;
@400000005e6b3c290c8287eb #d,-,18,2498,2374,1066,70,0,185092,11475,2499,2374,1091,2498,2371,1060,98,100,0,500,2529;
@400000005e6b3c2b0c90d404 #d,-,18,2499,2372,1060,71,0,185018,11471,2499,2375,1066,2498,2372,1054,98,100,0,500,2548;
@400000005e6b3c2b0c98de3d #d,-,18,2497,2372,1061,72,0,184765,11455,2499,2373,1061,2497,2372,1059,98,100,0,500,2525;
@400000005e6b3c2d0ca33aa5 #d,-,18,2495,2373,1419,73,0,184907,11464,2497,2374,1454,2495,2372,1060,98,100,0,500,2525;
@400000005e6b3c2d0ca8e00f #d,-,18,2708,2373,1075,73,0,184776,11456,2708,2374,1419,2495,2373,991,97,100,0,500,2787;
@400000005e6b3c2f0cb328e8 #d,-,18,2592,2372,1195,74,0,184914,11464,2708,2374,1209,2592,2372,1075,99,100,0,500,2602;
@400000005e6b3c2f0cb92c62 #d,-,18,2761,2374,1163,75,0,185015,11470,2761,2374,1195,2592,2372,1146,98,100,0,500,2796;
@400000005e6b3c310cc35d04 #d,-,18,2758,2374,1166,75,0,185119,11477,2761,2375,1171,2758,2372,1156,99,100,0,500,2771;
@400000005e6b3c310cc967f2 #d,-,18,2755,2375,1164,76,0,185220,11483,2758,2376,1166,2755,2373,1159,99,100,0,500,2776;
@400000005e6b3c330cd4dd9c #d,-,18,2752,2374,1162,77,0,185318,11489,2755,2375,1164,2752,2374,1162,99,100,0,500,2769;
@400000005e6b3c330cdb7d8c #d,-,18,2750,2372,1193,78,0,185434,11496,2752,2374,1195,2750,2372,1162,99,100,0,500,2769;
@400000005e6b3c350ce6c771 #d,-,18,2751,2373,1162,78,0,185528,11502,2751,2374,1193,2750,2372,1157,98,100,0,500,2797;
@400000005e6b3c350cedf403 #d,-,18,2749,2371,1199,79,0,185629,11509,2751,2374,1199,2749,2371,1161,99,100,0,500,2767;
@400000005e6b3c370cfe2465 #d,-,18,2829,2372,1050,80,0,185714,11514,2829,2373,1243,2749,2371,1049,99,100,0,500,2853;
@400000005e6b3c370d093846 #d,-,18,2531,2373,1056,81,0,185652,11510,2829,2373,1083,2531,2371,1050,97,100,0,500,2602;
@400000005e6b3c390d18a8ce #d,-,18,2472,2372,1098,81,0,185599,11507,2531,2373,1098,2472,2372,1055,98,100,0,500,2514;
@400000005e6b3c390d22d2ec #d,-,18,2477,2373,1062,82,0,185699,11513,2477,2373,1098,2472,2372,1055,96,100,0,500,2559;
@400000005e6b3c3b0d31edc6 #d,-,18,2478,2372,1061,83,0,185632,11509,2478,2373,1062,2477,2371,1059,98,100,0,500,2523;
@400000005e6b3c3b0d3c5dbd #d,-,18,2479,2371,1060,83,0,185409,11495,2479,2372,1062,2478,2370,1058,98,100,0,500,2523;
@400000005e6b3c3d0d4bc318 #d,-,18,2479,2370,1061,84,0,185503,11501,2479,2372,1062,2479,2370,1060,98,100,0,500,2523;
@400000005e6b3c3d0d561bc6 #d,-,18,2480,2370,1090,85,0,185450,11497,2480,2371,1090,2479,2370,1059,98,100,0,500,2525;
@400000005e6b3c3f0d6579af #d,-,18,2484,2374,1061,86,0,185395,11494,2484,2374,1092,2480,2370,1054,97,100,0,500,2554;
@400000005e6b3c3f0d6f9b6a #d,-,18,2484,2373,1061,86,0,185182,11481,2484,2374,1064,2484,2372,1059,98,100,0,500,2523;
@400000005e6b3c410d813abe #d,-,18,2485,2373,1061,87,0,185276,11487,2485,2373,1064,2484,2372,1059,98,100,0,500,2527;
@400000005e6b3c410d8f34e2 #d,-,18,2792,2373,1095,88,0,185266,11486,2792,2373,1459,2485,2371,1061,100,100,0,500,2792;
@400000005e6b3c430d9f0bdd #d,-,18,2644,2373,1075,88,0,185293,11488,2792,2373,1215,2644,2372,1052,97,100,0,500,2721;
@400000005e6b3c430daaeac4 #d,-,18,2532,2374,1064,89,0,185397,11494,2644,2374,1098,2532,2371,1054,97,100,0,500,2605;
@400000005e6b3c450dba6edc #d,-,18,2526,2375,1060,90,0,185195,11482,2532,2376,1065,2526,2373,1060,100,100,0,500,2526;
@400000005e6b3c450dc4b042 #d,-,18,2521,2374,1063,90,0,185141,11478,2526,2375,1064,2521,2374,1059,99,100,0,500,2529;
@400000005e6b3c470dd40e2a #d,-,18,2517,2374,1060,91,0,185085,11475,2521,2375,1063,2517,2373,1059,99,100,0,500,2527;
@400000005e6b3c470dde6a92 #d,-,18,2513,2374,1071,92,0,185034,11472,2517,2375,1071,2513,2373,1058,99,100,0,500,2525;
@400000005e6b3c490def5627 #d,-,18,2514,2375,1060,93,0,184993,11469,2514,2375,1092,2513,2373,1052,98,100,0,500,2557;
@400000005e6b3c490dfbe514 #d,-,18,2509,2375,1061,93,0,184943,11466,2514,2376,1062,2509,2375,1060,99,100,0,500,2522;
@400000005e6b3c4b0e0ca217 #d,-,18,2507,2374,1060,94,0,184891,11463,2509,2375,1063,2507,2373,1059,99,100,0,500,2527;
@400000005e6b3c4b0e1608a1 #d,-,18,2504,2373,1061,95,0,184839,11460,2507,2374,1061,2504,2372,1059,99,100,0,500,2525;
@400000005e6b3c4d0e256a43 #d,-,18,2502,2373,1444,95,0,184928,11465,2504,2375,1447,2502,2373,1059,99,100,0,500,2525;
@400000005e6b3c4d0e2fda3a #d,-,18,2844,2373,1086,96,0,184947,11466,2844,2375,1444,2502,2373,1085,98,100,0,500,2895;
@400000005e6b3c4f0e3f7dfb #d,-,18,2532,2372,1070,97,0,184908,11464,2844,2374,1086,2532,2371,1068,98,100,0,500,2577;
@400000005e6b3c4f0e49edf2 #d,-,18,2529,2372,1068,98,0,185005,11470,2532,2374,1074,2529,2372,1068,99,100,0,500,2550;
@400000005e6b3c510e5c1da1 #d,-,18,2525,2370,1063,98,0,184960,11467,2529,2373,1069,2525,2370,1061,99,100,0,500,2543;
@400000005e6b3c510e68eaf4 #d,-,18,2521,2371,1062,99,0,184780,11456,2525,2372,1064,2521,2370,1059,99,100,0,500,2529;
@400000005e6b3c530e78e552 #d,-,18,2520,2372,1055,100,0,184878,11462,2521,2372,1091,2520,2370,1054,98,100,0,500,2547;
@400000005e6b3c530e8325ca #d,-,18,2516,2374,1060,100,0,184829,11459,2520,2375,1064,2516,2372,1055,99,100,0,500,2534;
@400000005e6b3c550e924905 #d,-,18,2512,2373,1060,101,0,184654,11448,2516,2374,1063,2512,2373,1060,99,100,0,500,2527;
@400000005e6b3c550e9c9598 #d,-,18,2509,2374,1061,102,0,184608,11445,2512,2374,1062,2509,2373,1060,99,100,0,500,2525;
@400000005e6b3c570ea6e6d3 #d,-,18,2506,2372,1061,102,0,184563,11442,2509,2374,1062,2506,2372,1059,99,100,0,500,2527;
@400000005e6b3c570eac5191 #d,-,18,2505,2374,1054,103,0,184533,11441,2506,2374,1092,2505,2372,1054,98,100,0,500,2539;
@400000005e6b3c590ebe3f1f #d,-,18,2607,2374,1076,104,0,184645,11448,2607,2375,1450,2505,2371,1054,100,100,0,500,2607;
@400000005e6b3c590ecb4365 #d,-,18,2707,2374,1069,104,0,184615,11446,2707,2375,1079,2607,2373,1063,96,100,0,500,2819;
@400000005e6b3c5b0edb4caa #d,-,18,2510,2374,1066,105,0,184579,11443,2707,2375,1071,2510,2373,1065,98,100,0,500,2554;
@400000005e6b3c5b0ee5d3e9 #d,-,18,2507,2373,1060,106,0,184537,11441,2510,2374,1066,2507,2373,1059,98,100,0,500,2534;
@400000005e6b3c5d0ef583c6 #d,-,18,2506,2375,1057,107,0,184509,11439,2507,2375,1090,2506,2373,1057,98,100,0,500,2534;
@400000005e6b3c5d0f001279 #d,-,18,2506,2375,1059,107,0,184466,11436,2506,2375,1063,2506,2374,1054,98,100,0,500,2548;
@400000005e6b3c5f0f0fe112 #d,-,18,2503,2376,1062,108,0,184426,11434,2506,2376,1062,2503,2374,1059,99,100,0,500,2525;
@400000005e6b3c5f0f1a3d7a #d,-,18,2501,2375,1062,109,0,184384,11431,2503,2376,1062,2501,2375,1058,99,100,0,500,2525;
@400000005e6b3c610f28c8e7 #d,-,18,2500,2374,1060,109,0,184343,11429,2501,2376,1062,2500,2374,1058,98,100,0,500,2527;
@400000005e6b3c610f3255a0 #d,-,18,2499,2372,1066,110,0,184319,11427,2500,2375,1093,2499,2371,1060,98,100,0,500,2529;
@400000005e6b3c630f3e82c3 #d,-,18,2500,2370,1063,111,0,184278,11425,2500,2372,1066,2499,2369,1053,98,100,0,500,2550;
@400000005e6b3c630f45319a #d,-,18,2498,2368,1061,111,0,184239,11422,2500,2370,1065,2498,2368,1061,98,100,0,500,2529;
@400000005e6b3c650f541de3 #d,-,18,2746,2369,995,112,0,184302,11426,2746,2369,1449,2498,2366,988,100,100,0,500,2746;
@400000005e6b3c650f5ec886 #d,-,18,2397,2367,1016,113,0,184215,11421,2746,2370,1022,2397,2367,995,94,100,0,500,2541;
@400000005e6b3c670f6d57ae #d,-,18,2519,2366,1165,113,0,184274,11425,2519,2367,1181,2397,2366,1016,99,100,0,500,2523;
@400000005e6b3c670f77d2d1 #d,-,18,2747,2368,1157,114,0,184353,11429,2747,2368,1193,2519,2366,1155,98,100,0,500,2780;
@400000005e6b3c690f86b2ff #d,-,18,2745,2367,1164,115,0,184418,11433,2747,2369,1164,2745,2367,1153,98,100,0,500,2774;
@400000005e6b3c690f919c08 #d,-,18,2742,2367,1163,116,0,184486,11438,2745,2368,1165,2742,2366,1162,99,100,0,500,2764;
@400000005e6b3c6b0fa21f4e #d,-,18,2740,2367,1165,117,0,184551,11442,2742,2368,1165,2740,2367,1162,99,100,0,500,2760;
@400000005e6b3c6b0facba1c #d,-,18,2738,2365,1193,117,0,184741,11453,2740,2368,1196,2738,2365,1162,99,100,0,500,2762;
@400000005e6b3c6d0fbe1b0a #d,-,18,2740,2367,1162,118,0,184694,11451,2740,2367,1193,2738,2365,1155,98,100,0,500,2789;
@400000005e6b3c6d0fcb0bc1 #d,-,18,2738,2367,1216,119,0,184767,11455,2740,2368,1216,2738,2366,1160,99,100,0,500,2762;
@400000005e6b3c6f0fdde047 #d,-,18,2736,2368,1082,120,0,184885,11462,2738,2369,1230,2736,2367,1054,98,100,0,500,2781;
@400000005e6b3c6f0fea2fe0 #d,-,18,2505,2371,1056,120,0,184843,11460,2736,2371,1082,2505,2368,1056,98,100,0,500,2545;
@400000005e6b3c710ff94347 #d,-,18,2501,2372,1096,121,0,184703,11451,2505,2372,1096,2501,2371,1055,99,100,0,500,2514;
@400000005e6b3c711002a9d0 #d,-,18,2503,2371,1062,122,0,184778,11456,2503,2372,1097,2501,2371,1058,97,100,0,500,2561;
@400000005e6b3c7310114424 #d,-,18,2501,2371,1060,122,0,184631,11447,2503,2371,1062,2501,2370,1060,99,100,0,500,2523;
@400000005e6b3c73101afca3 #d,-,18,2499,2372,1060,123,0,184592,11444,2501,2372,1063,2499,2370,1060,99,100,0,500,2523;
@400000005e6b3c75102aee9f #d,-,18,2497,2370,1061,124,0,184555,11442,2499,2372,1064,2497,2370,1059,98,100,0,500,2523;
@400000005e6b3c7510356d7d #d,-,18,2495,2370,1090,124,0,184525,11440,2497,2371,1090,2495,2369,1059,98,100,0,500,2525;
@400000005e6b3c7710476f89 #d,-,18,2498,2371,1063,125,0,184494,11438,2498,2371,1092,2495,2369,1056,97,100,0,500,2555;
@400000005e6b3c771053e285 #d,-,18,2496,2369,1062,126,0,184456,11436,2498,2371,1063,2496,2369,1060,98,100,0,500,2522;
@400000005e6b3c791063e811 #d,-,18,2495,2368,1062,126,0,184421,11434,2496,2370,1065,2495,2365,1062,98,100,0,500,2525;
@400000005e6b3c79106e6b96 #d,-,18,2648,2367,1079,127,0,184515,11439,2648,2368,1457,2495,2362,1060,100,100,0,500,2648;
@400000005e6b3c7b107de481 #d,-,18,2652,2369,1086,128,0,184503,11439,2652,2369,1093,2648,2367,1079,94,100,0,500,2797;
@400000005e6b3c7b1088063c #d,-,18,2532,2370,1067,129,0,184478,11437,2652,2370,1093,2532,2369,1056,98,100,0,500,2579;
@400000005e6b3c7d109719a3 #d,-,18,2526,2372,1063,129,0,184444,11435,2532,2372,1067,2526,2369,1060,99,100,0,500,2529;
@400000005e6b3c7d10a1db8f #d,-,18,2521,2371,1062,130,0,184408,11433,2526,2373,1063,2521,2370,1060,99,100,0,500,2525;
@400000005e6b3c7f10b41c01 #d,-,18,2517,2370,1061,131,0,184374,11431,2521,2371,1064,2517,2370,1061,99,100,0,500,2525;
@400000005e6b3c7f10c025c0 #d,-,18,2513,2371,1071,131,0,184440,11435,2517,2372,1071,2513,2370,1060,99,100,0,500,2525;
@400000005e6b3c8110d04294 #d,-,18,2513,2369,1062,132,0,184317,11427,2513,2371,1093,2513,2369,1055,98,100,0,500,2555;
@400000005e6b3c8110dad235 #d,-,18,2509,2371,1061,133,0,184383,11431,2513,2371,1064,2509,2369,1060,99,100,0,500,2523;
@400000005e6b3c8310ecd70c #d,-,18,2506,2373,1061,133,0,184252,11423,2509,2373,1062,2506,2371,1061,99,100,0,500,2527;
@400000005e6b3c8310f8fcbc #d,-,18,2504,2373,1060,134,0,184315,11427,2506,2374,1062,2504,2373,1059,99,100,0,500,2525;
@400000005e6b3c8511091d49 #d,-,18,2501,2372,1062,135,0,184283,11425,2504,2373,1062,2501,2371,1059,99,100,0,500,2523;
@400000005e6b3c85111379b1 #d,-,18,2830,2373,1089,136,0,184293,11426,2830,2373,1472,2501,2369,1062,99,100,0,500,2835;
@400000005e6b3c871125e40c #d,-,18,2541,2372,1078,136,0,184278,11425,2830,2374,1095,2541,2372,1072,96,100,0,500,2639;
@400000005e6b3c871131dee5 #d,-,18,2537,2373,1068,137,0,184255,11423,2541,2373,1078,2537,2372,1068,99,100,0,500,2555;
@400000005e6b3c8911416f17 #d,-,18,2533,2372,1066,138,0,184229,11422,2537,2373,1071,2533,2372,1065,99,100,0,500,2547;
@400000005e6b3c89114bfa10 #d,-,18,2529,2372,1062,138,0,184200,11420,2533,2372,1067,2529,2371,1062,99,100,0,500,2538;
@400000005e6b3c8b115b92a5 #d,-,18,2527,2373,1058,139,0,184180,11419,2529,2373,1093,2527,2372,1056,99,100,0,500,2548;
@400000005e6b3c8b1165e79a #d,-,18,2522,2373,1061,140,0,184150,11417,2527,2374,1063,2522,2373,1058,99,100,0,500,2538;
@400000005e6b3c8d11776beb #d,-,18,2518,2371,1061,140,0,184120,11415,2522,2373,1062,2518,2371,1059,99,100,0,500,2523;
@400000005e6b3c8d1184b250 #d,-,18,2513,2374,1059,141,0,184089,11413,2518,2374,1062,2513,2371,1059,99,100,0,500,2525;
@400000005e6b3c8f1193c971 #d,-,18,2510,2375,1060,142,0,184058,11411,2513,2376,1060,2510,2373,1057,99,100,0,500,2523;
@400000005e6b3c8f119d1050 #d,-,18,2509,2374,1052,143,0,184038,11410,2510,2376,1091,2509,2374,1052,98,100,0,500,2539;
@400000005e6b3c9111acbc73 #d,-,18,2507,2372,1429,143,0,184071,11412,2509,2374,1429,2507,2372,1052,98,100,0,500,2538;
@400000005e6b3c9111b75299 #d,-,18,2797,2374,1072,144,0,184093,11413,2797,2374,1447,2507,2371,1056,97,100,0,500,2860;
@400000005e6b3c9311c8e306 #d,-,18,2505,2375,1061,145,0,184069,11412,2797,2376,1072,2505,2373,1061,98,100,0,500,2545;
@400000005e6b3c9311d4b219 #d,-,18,2503,2375,1059,145,0,184041,11410,2505,2376,1063,2503,2374,1059,98,100,0,500,2534;
@400000005e6b3c9511e63b12 #d,-,18,2503,2375,1057,146,0,184023,11409,2503,2376,1092,2503,2375,1057,98,100,0,500,2534;
@400000005e6b3c9511f2d173 #d,-,18,2502,2376,1059,147,0,183994,11407,2503,2377,1062,2502,2374,1054,98,100,0,500,2547;
@400000005e6b3c9712050983 #d,-,18,2502,2376,1131,147,0,183983,11407,2502,2377,1131,2502,2376,1059,98,100,0,500,2539;
@400000005e6b3c97121082e7 #d,-,18,2695,2378,1051,148,0,184103,11414,2695,2378,1212,2502,2375,1044,99,100,0,500,2708;
@400000005e6b3c991220af90 #d,-,18,2505,2376,1071,149,0,184085,11413,2695,2378,1076,2505,2375,1051,97,100,0,500,2570;
@400000005e6b3c99122b2341 #d,-,18,2506,2374,1062,150,0,184074,11412,2506,2376,1102,2505,2374,1062,98,100,0,500,2554;
@400000005e6b3c9b1236c3c3 #d,-,18,2507,2376,1060,150,0,183957,11405,2507,2377,1062,2506,2374,1051,98,100,0,500,2557;
@400000005e6b3c9b123d95fd #d,-,18,2504,2375,1060,151,0,184016,11409,2507,2376,1062,2504,2374,1060,99,100,0,500,2527;
@400000005e6b3c9d124d0774 #d,-,18,2780,2375,1010,152,0,183977,11406,2780,2375,1446,2504,2372,992,100,100,0,500,2780;
@400000005e6b3c9d1257a242 #d,-,18,2385,2374,1149,152,0,184065,11412,2780,2375,1172,2385,2373,1010,95,100,0,500,2495;
@400000005e6b3c9f126699b8 #d,-,18,2705,2373,1196,153,0,184122,11415,2705,2375,1198,2385,2373,1137,99,100,0,500,2726;
@400000005e6b3c9f1270db1e #d,-,18,2791,2374,1152,154,0,184182,11419,2791,2375,1196,2705,2373,1151,98,100,0,500,2822;
@400000005e6b3ca1128020d0 #d,-,18,2711,2374,1163,155,0,184149,11417,2791,2375,1165,2711,2374,1151,98,100,0,500,2753;
@400000005e6b3ca1128b359f #d,-,18,2713,2376,1158,155,0,184199,11420,2713,2376,1163,2711,2373,1157,98,100,0,500,2765;
@400000005e6b3ca3129a6f34 #d,-,18,2714,2376,1159,156,0,184249,11423,2714,2377,1160,2713,2375,1157,98,100,0,500,2760;
@400000005e6b3ca312a4d045 #d,-,18,2715,2373,1191,157,0,184308,11427,2715,2376,1193,2714,2373,1158,98,100,0,500,2760;
@400000005e6b3ca512b40267 #d,-,18,2720,2373,1161,158,0,184357,11430,2720,2374,1191,2715,2372,1153,97,100,0,500,2790;
@400000005e6b3ca512be2b96 #d,-,18,2723,2373,1214,158,0,184438,11435,2723,2373,1241,2720,2371,1159,98,100,0,500,2767;
@400000005e6b3ca712cd27b4 #d,-,18,2844,2374,1178,159,0,184502,11439,2844,2374,1214,2723,2373,1167,98,100,0,500,2886;
@400000005e6b3ca712d76cd4 #d,-,18,2735,2376,1058,160,0,184509,11439,2844,2377,1178,2735,2374,1044,98,100,0,500,2783;
@400000005e6b3ca912e952ef #d,-,18,2507,2375,1229,161,0,184553,11442,2735,2376,1239,2507,2375,1058,98,100,0,500,2547;
@400000005e6b3ca912f5789f #d,-,18,2842,2375,1186,161,1,184623,11446,2842,2375,1229,2507,2373,1180,99,100,0,500,2865;
@400000005e6b3cab1305201a #d,-,18,2791,2376,1074,162,1,184672,11449,2842,2377,1187,2791,2375,1074,98,100,0,500,2824;
@400000005e6b3cab130f78c8 #d,-,18,2574,2378,1054,163,1,184644,11447,2791,2378,1074,2574,2376,1044,97,100,0,500,2639;
@400000005e6b3cad131cf532 #d,-,18,2486,2378,1058,164,1,184614,11446,2574,2378,1060,2486,2377,1054,98,100,0,500,2529;
@400000005e6b3cad13247ee5 #d,-,18,2485,2376,1087,164,1,184590,11444,2486,2378,1087,2485,2376,1057,98,100,0,500,2523;
@400000005e6b3caf1335b5ea #d,-,18,2488,2375,1434,165,1,184656,11448,2488,2377,1459,2485,2374,1050,97,100,0,500,2554;
@400000005e6b3caf1341e6c7 #d,-,18,2823,2377,1074,166,1,184651,11448,2823,2378,1434,2488,2375,1068,97,100,0,500,2885;
@400000005e6b3cb11351bdc1 #d,-,18,2526,2378,1062,166,1,184628,11446,2823,2379,1074,2526,2377,1061,98,100,0,500,2568;
@400000005e6b3cb1135c1581 #d,-,18,2521,2379,1057,167,1,184600,11445,2526,2379,1064,2521,2378,1057,99,100,0,500,2534;
@400000005e6b3cb31369c9cc #d,-,18,2517,2377,1081,168,1,184654,11448,2521,2379,1081,2517,2377,1057,99,100,0,500,2525;
@400000005e6b3cb313727435 #d,-,18,2517,2377,1060,169,1,184632,11447,2517,2377,1089,2517,2376,1052,98,100,0,500,2557;
@400000005e6b3cb513838f49 #d,-,18,2512,2378,1058,169,1,184528,11440,2517,2379,1060,2512,2376,1057,99,100,0,500,2522;
@400000005e6b3cb5139025aa #d,-,18,2509,2378,1059,170,1,184500,11439,2512,2378,1060,2509,2377,1058,99,100,0,500,2527;
@400000005e6b3cb713a376fc #d,-,18,2506,2376,1058,171,1,184473,11437,2509,2378,1059,2506,2376,1057,99,100,0,500,2525;
@400000005e6b3cb713b0e47f #d,-,18,2503,2375,1071,171,1,184448,11435,2506,2377,1071,2503,2375,1058,99,100,0,500,2523;
@400000005e6b3cb913bb1d83 #d,-,18,2505,2377,1071,172,1,184430,11434,2505,2377,1091,2503,2375,1053,97,100,0,500,2557;
@400000005e6b3cb913c08487 #d,-,18,2505,2377,1177,173,1,184430,11434,2505,2378,1177,2505,2376,1071,98,100,0,500,2543;
@400000005e6b3cbb13cf7cec #d,-,18,2886,2377,1156,174,1,184544,11441,2886,2377,1445,2505,2375,1156,100,100,0,500,2886;
@400000005e6b3cbb13da0071 #d,-,18,2663,2376,1070,174,1,184533,11441,2886,2377,1156,2663,2375,1070,96,100,0,500,2762;
@400000005e6b3cbd13e980cf #d,-,18,2508,2375,1061,175,1,184509,11439,2663,2377,1070,2508,2375,1060,98,100,0,500,2555;
@400000005e6b3cbd13f3dd37 #d,-,18,2509,2377,1060,176,1,184492,11438,2509,2377,1091,2508,2375,1057,98,100,0,500,2554;
@400000005e6b3cbf1405bbdf #d,-,18,2506,2377,1060,176,1,184466,11436,2509,2379,1062,2506,2376,1058,99,100,0,500,2531;
@400000005e6b3cbf1412004a #d,-,18,2504,2376,1059,177,1,184441,11435,2506,2377,1061,2504,2376,1058,99,100,0,500,2527;
@400000005e6b3cc1142272cd #d,-,18,2501,2378,1060,178,1,184415,11433,2504,2378,1061,2501,2376,1056,99,100,0,500,2523;
@400000005e6b3cc1142ca0a4 #d,-,18,2499,2377,1059,178,1,184389,11432,2501,2378,1060,2499,2377,1057,98,100,0,500,2527;
@400000005e6b3cc3143d69c3 #d,-,18,2501,2377,1054,179,1,184373,11431,2501,2378,1091,2499,2376,1053,98,100,0,500,2545;
@400000005e6b3cc3144a2741 #d,-,18,2499,2378,1059,180,1,184348,11429,2501,2379,1062,2499,2376,1054,98,100,0,500,2538;
@400000005e6b3cc51458c909 #d,-,18,2497,2376,1060,180,1,184396,11432,2499,2379,1060,2497,2376,1057,98,100,0,500,2523;
@400000005e6b3cc514622377 #d,-,18,2496,2376,1256,181,1,184460,11436,2497,2378,1447,2496,2374,1057,98,100,0,500,2525;
@400000005e6b3cc71471718a #d,-,18,2836,2375,1181,182,1,184400,11432,2836,2378,1256,2496,2375,1080,98,100,0,500,2888;
@400000005e6b3cc7147bcdf2 #d,-,18,2738,2375,1040,183,1,184419,11433,2836,2377,1193,2738,2375,1035,99,100,0,500,2757;
@400000005e6b3cc9148c1a45 #d,-,18,2493,2376,1064,183,1,184397,11432,2738,2377,1070,2493,2375,1040,97,100,0,500,2557;
@400000005e6b3cc91497d5c9 #d,-,18,2492,2373,1060,184,1,184445,11435,2493,2376,1069,2492,2371,1059,98,100,0,500,2536;
@400000005e6b3ccb14a7798b #d,-,18,2491,2371,1060,185,1,184349,11429,2492,2373,1064,2491,2371,1060,98,100,0,500,2522;
@400000005e6b3ccb14b30edf #d,-,18,2490,2372,1060,185,1,184324,11428,2491,2374,1062,2490,2371,1059,98,100,0,500,2523;
@400000005e6b3ccd14c2e4eb #d,-,18,2491,2372,1058,186,1,184309,11427,2491,2373,1093,2490,2371,1058,98,100,0,500,2529;
@400000005e6b3ccd14cd49b5 #d,-,18,2492,2373,1061,187,1,184284,11425,2492,2373,1063,2491,2371,1053,97,100,0,500,2547;
@400000005e6b3ccf14dd3350 #d,-,18,2491,2373,1060,187,1,184260,11424,2492,2373,1062,2491,2370,1060,98,100,0,500,2523;
@400000005e6b3ccf14e7ba8f #d,-,18,2490,2372,1063,188,1,184237,11422,2491,2373,1064,2490,2371,1060,98,100,0,500,2523;
@400000005e6b3cd114f4bed5 #d,-,18,2490,2370,1073,189,1,184214,11421,2490,2373,1073,2490,2370,1060,98,100,0,500,2527;
@400000005e6b3cd114fce4ff #d,-,18,2780,2370,1035,190,1,184257,11423,2780,2372,1460,2490,2369,1013,97,100,0,500,2840;
@400000005e6b3cd3150cdab5 #d,-,18,2465,2373,1152,190,1,184273,11424,2780,2373,1177,2465,2370,1017,98,100,0,500,2491;
@400000005e6b3cd315178912 #d,-,18,2741,2373,1165,191,1,184317,11427,2741,2374,1180,2465,2373,1151,98,100,0,500,2774;
@400000005e6b3cd515280b6a #d,-,18,2739,2373,1157,192,1,184358,11430,2741,2373,1171,2739,2372,1156,99,100,0,500,2765;
@400000005e6b3cd51532ae99 #d,-,18,2736,2374,1161,193,1,184467,11436,2739,2374,1161,2736,2372,1157,99,100,0,500,2755;
@400000005e6b3cd715436f57 #d,-,18,2735,2371,1182,193,1,184447,11435,2736,2374,1191,2735,2371,1159,99,100,0,500,2762;
@400000005e6b3cd7154dd421 #d,-,18,2737,2372,1159,194,1,184485,11438,2737,2374,1182,2735,2371,1152,98,100,0,500,2783;
@400000005e6b3cd9155b800a #d,-,18,2735,2374,1159,195,1,184523,11440,2737,2374,1160,2735,2372,1157,99,100,0,500,2760;
@400000005e6b3cd915649fcc #d,-,18,2734,2373,1159,196,1,184562,11442,2735,2374,1162,2734,2371,1158,99,100,0,500,2757;
@400000005e6b3cdb1572d856 #d,-,18,2737,2371,1202,196,1,184628,11446,2737,2373,1239,2734,2370,1159,98,100,0,500,2780;
@400000005e6b3cdb157c32c4 #d,-,18,2839,2371,1159,197,1,184687,11450,2839,2372,1202,2737,2370,1159,98,100,0,500,2881;
@400000005e6b3cdd158b7964 #d,-,18,2627,2373,1070,198,1,184665,11449,2839,2374,1159,2627,2371,1043,97,100,0,500,2692;
@400000005e6b3cdd15962319 #d,-,18,2510,2370,1060,198,1,184711,11452,2627,2374,1073,2510,2370,1060,98,100,0,500,2547;
@400000005e6b3cdf15a5bbad #d,-,18,2507,2374,1059,199,1,184686,11450,2510,2374,1061,2507,2370,1059,99,100,0,500,2529;
@400000005e6b3cdf15b01f89 #d,-,18,2504,2375,1061,200,1,184596,11445,2507,2375,1061,2504,2372,1058,99,100,0,500,2522;
@400000005e6b3ce115bfc7f2 #d,-,18,2501,2374,1090,201,1,184578,11443,2504,2376,1090,2501,2373,1058,99,100,0,500,2523;
@400000005e6b3ce115ca0c23 #d,-,18,2502,2375,1059,201,1,184556,11442,2502,2376,1090,2501,2373,1053,98,100,0,500,2552;
@400000005e6b3ce315d994e3 #d,-,18,2499,2375,1060,202,1,184532,11441,2502,2377,1061,2499,2374,1058,99,100,0,500,2520;
@400000005e6b3ce315e3ed91 #d,-,18,2498,2375,1058,203,1,184509,11439,2499,2377,1061,2498,2374,1057,98,100,0,500,2525;
@400000005e6b3ce515f667c1 #d,-,18,2496,2375,1119,203,1,184491,11438,2498,2377,1119,2496,2375,1058,98,100,0,500,2525;
@400000005e6b3ce5160338ce #d,-,18,2808,2376,1135,204,1,184560,11442,2808,2377,1453,2496,2375,1083,98,100,0,500,2856;
@400000005e6b3ce716134301 #d,-,18,2576,2375,1065,205,1,184546,11441,2808,2377,1135,2576,2375,1061,98,100,0,500,2627;
@400000005e6b3ce7161d934e #d,-,18,2493,2379,1060,206,1,184524,11440,2576,2379,1065,2493,2375,1059,98,100,0,500,2532;
@400000005e6b3ce9162f9825 #d,-,18,2492,2379,1061,206,1,184567,11443,2493,2379,1063,2492,2376,1060,98,100,0,500,2532;
@400000005e6b3ce9163cb3b3 #d,-,18,2492,2378,1057,207,1,184483,11437,2492,2379,1068,2492,2377,1057,98,100,0,500,2532;
@400000005e6b3ceb164c488e #d,-,18,2491,2378,1088,208,1,184466,11436,2492,2379,1088,2491,2377,1057,98,100,0,500,2525;
@400000005e6b3ceb16566690 #d,-,18,2550,2379,1068,208,1,184457,11436,2550,2379,1102,2491,2376,1064,98,100,0,500,2586;
@400000005e6b3ced1665b3b5 #d,-,18,2544,2378,1058,209,1,184500,11439,2550,2379,1071,2544,2376,1058,99,100,0,500,2548;
@400000005e6b3ced167004f0 #d,-,18,2483,2377,1060,210,1,184478,11437,2544,2378,1061,2483,2375,1058,98,100,0,500,2523;
@400000005e6b3cef167cc26e #d,-,18,2483,2378,1060,210,1,184394,11432,2483,2378,1061,2483,2375,1057,98,100,0,500,2523;
@400000005e6b3cef1684a589 #d,-,18,2483,2378,1065,211,1,184373,11431,2483,2378,1065,2483,2376,1058,98,100,0,500,2525;
@400000005e6b3cf11695056b #d,-,18,2589,2377,1096,212,1,184435,11435,2589,2378,1454,2483,2373,1065,100,100,0,500,2589;
@400000005e6b3cf116a29298 #d,-,18,2749,2377,1064,212,1,184421,11434,2749,2377,1096,2589,2375,1064,96,100,0,500,2851;
@400000005e6b3cf316b268a4 #d,-,18,2504,2374,1064,213,1,184403,11433,2749,2377,1068,2504,2373,1062,98,100,0,500,2548;
@400000005e6b3cf316bcbd99 #d,-,18,2562,2374,1184,214,1,184438,11435,2562,2376,1213,2504,2374,1064,99,100,0,500,2575;
@400000005e6b3cf516ce9799 #d,-,18,2728,2375,1066,215,1,184435,11435,2728,2376,1184,2562,2374,1048,97,100,0,500,2794;
@400000005e6b3cf516da99e5 #d,-,18,2514,2374,1057,215,1,184422,11434,2728,2376,1091,2514,2374,1056,98,100,0,500,2547;
@400000005e6b3cf716e95f10 #d,-,18,2510,2374,1059,216,1,184400,11432,2514,2376,1061,2510,2373,1057,99,100,0,500,2532;
@400000005e6b3cf716f3c2ec #d,-,18,2507,2372,1059,217,1,184379,11431,2510,2375,1062,2507,2372,1058,99,100,0,500,2522;
@400000005e6b3cf91703540d #d,-,18,2504,2374,1060,217,1,184358,11430,2507,2375,1061,2504,2372,1059,99,100,0,500,2525;
@400000005e6b3cf9170d9ce6 #d,-,18,2501,2370,1062,218,1,184337,11428,2504,2374,1062,2501,2370,1059,99,100,0,500,2523;
@400000005e6b3cfb171d8681 #d,-,18,2502,2371,1053,219,1,184323,11428,2502,2373,1093,2501,2370,1053,98,100,0,500,2541;
@400000005e6b3cfb1727e2e9 #d,-,18,2501,2374,1193,220,1,184379,11431,2502,2374,1459,2501,2369,1053,98,100,0,500,2534;
@400000005e6b3cfd1738ee28 #d,-,18,2826,2375,1073,220,1,184369,11430,2826,2375,1193,2501,2373,1073,97,100,0,500,2890;
@400000005e6b3cfd1744d1b8 #d,-,18,2525,2374,1061,221,1,184352,11429,2826,2375,1075,2525,2373,1060,98,100,0,500,2564;
@400000005e6b3cff1756af72 #d,-,18,2520,2372,1061,222,1,184392,11432,2525,2375,1063,2520,2372,1061,99,100,0,500,2532;
@400000005e6b3cff17627acb #d,-,18,2518,2374,1055,222,1,184378,11431,2520,2374,1091,2518,2372,1055,99,100,0,500,2536;
@400000005e6b3d011774d63f #d,-,18,2515,2374,1061,223,1,184298,11426,2518,2374,1062,2515,2372,1053,99,100,0,500,2539;
@400000005e6b3d011780d117 #d,-,18,2511,2373,1060,224,1,184278,11425,2515,2374,1063,2511,2371,1060,99,100,0,500,2525;
@400000005e6b3d03179084ae #d,-,18,2507,2371,1060,224,1,184257,11423,2511,2373,1061,2507,2371,1059,99,100,0,500,2522;
@400000005e6b3d03179ae4d0 #d,-,18,2504,2371,1061,225,1,184237,11422,2507,2373,1061,2504,2370,1059,99,100,0,500,2522;
@400000005e6b3d0517aa7502 #d,-,18,2503,2371,1063,226,1,184282,11425,2504,2372,1092,2503,2370,1060,99,100,0,500,2527;
@400000005e6b3d0517b5076f #d,-,18,2502,2372,1059,226,1,184204,11420,2503,2372,1064,2502,2369,1052,98,100,0,500,2545;
@400000005e6b3d0717c42e64 #d,-,18,2500,2371,1061,227,1,184183,11419,2502,2372,1061,2500,2370,1059,99,100,0,500,2522;
@400000005e6b3d0717ce5020 #d,-,18,2698,2371,993,228,1,184216,11421,2698,2371,1446,2500,2367,988,100,100,0,500,2698;
@400000005e6b3d0917dd28da #d,-,18,2454,2370,1170,229,1,184208,11420,2698,2371,1173,2454,2368,993,94,100,0,500,2598;
@400000005e6b3d0917e7cfc4 #d,-,18,2708,2369,1170,229,1,184250,11423,2708,2371,1202,2454,2367,1156,100,100,0,500,2708;
@400000005e6b3d0b17f7ae32 #d,-,18,2759,2366,1159,230,1,184285,11425,2759,2369,1172,2708,2366,1158,98,100,0,500,2799;
@400000005e6b3d0b18026c64 #d,-,18,2754,2368,1162,231,1,184318,11427,2759,2369,1162,2754,2366,1158,99,100,0,500,2755;
@400000005e6b3d0d181331c9 #d,-,18,2750,2368,1162,232,1,184351,11429,2754,2370,1164,2750,2367,1160,99,100,0,500,2758;
@400000005e6b3d0d181d8989 #d,-,18,2746,2370,1161,232,1,184383,11431,2750,2370,1163,2746,2367,1160,99,100,0,500,2757;
@400000005e6b3d0f182cdffe #d,-,18,2743,2370,1189,233,1,184423,11434,2746,2370,1193,2743,2367,1160,99,100,0,500,2758;
@400000005e6b3d0f1837304b #d,-,18,2744,2371,1161,234,1,184455,11436,2744,2371,1189,2743,2368,1154,98,100,0,500,2785;
@400000005e6b3d1118465386 #d,-,18,2741,2372,1236,235,1,184506,11439,2744,2373,1248,2741,2368,1158,99,100,0,500,2757;
@400000005e6b3d1118508429 #d,-,18,2863,2372,1197,235,1,184560,11442,2863,2374,1236,2741,2371,1197,99,100,0,500,2888;
@400000005e6b3d131861bee7 #d,-,18,2856,2373,1196,236,1,184610,11445,2863,2374,1199,2856,2372,1192,100,100,0,500,2856;
@400000005e6b3d13186e0ac6 #d,-,18,2851,2374,1226,237,1,184722,11452,2856,2374,1226,2851,2372,1196,100,100,0,500,2851;
@400000005e6b3d151880b82f #d,-,18,2849,2371,1196,238,1,184717,11452,2851,2374,1226,2849,2371,1189,99,100,0,500,2872;
@400000005e6b3d15188da52c #d,-,18,2844,2372,1055,238,1,184734,11453,2849,2373,1197,2844,2371,1050,100,100,0,500,2844;
@400000005e6b3d17189b2284 #d,-,18,2499,2372,1057,239,1,184714,11452,2844,2373,1069,2499,2370,1055,97,100,0,500,2568;
@400000005e6b3d1718a288d4 #d,-,18,2496,2372,1060,240,1,184694,11451,2499,2372,1064,2496,2370,1057,99,100,0,500,2514;
@400000005e6b3d1918b1b73c #d,-,18,2494,2369,1477,241,1,184781,11456,2496,2373,1477,2494,2368,1059,98,100,0,500,2523;
@400000005e6b3d1918bc334f #d,-,18,2845,2371,1082,241,1,184791,11457,2845,2373,1477,2494,2369,1077,97,100,0,500,2908;
@400000005e6b3d1b18cbee59 #d,-,18,2529,2373,1069,242,1,184722,11452,2845,2373,1082,2529,2371,1064,98,100,0,500,2571;
@400000005e6b3d1b18d64e7a #d,-,18,2524,2373,1061,243,1,184704,11451,2529,2373,1070,2524,2370,1061,99,100,0,500,2536;
@400000005e6b3d1d18e5c765 #d,-,18,2520,2372,1062,243,1,184684,11450,2524,2373,1065,2520,2371,1060,99,100,0,500,2531;
@400000005e6b3d1d18f00423 #d,-,18,2515,2373,1083,244,1,184667,11449,2520,2374,1083,2515,2371,1059,99,100,0,500,2523;
@400000005e6b3d1f18ff5a97 #d,-,18,2516,2373,1063,245,1,184651,11448,2516,2373,1093,2515,2370,1054,98,100,0,500,2555;
@400000005e6b3d1f1909ca8e #d,-,18,2512,2371,1060,246,1,184686,11450,2516,2373,1064,2512,2370,1060,99,100,0,500,2523;
@400000005e6b3d21191ad987 #d,-,18,2508,2373,1061,246,1,184613,11446,2512,2374,1062,2508,2370,1060,99,100,0,500,2523;
@400000005e6b3d2119272dc7 #d,-,18,2505,2372,1060,247,1,184594,11444,2508,2374,1061,2505,2372,1059,99,100,0,500,2523;
@400000005e6b3d231933f761 #d,-,18,2502,2373,1070,248,1,184575,11443,2505,2375,1070,2502,2372,1059,99,100,0,500,2523;
@400000005e6b3d23193bde36 #d,-,18,2504,2374,1060,248,1,184562,11442,2504,2374,1093,2502,2371,1056,98,100,0,500,2555;
@400000005e6b3d25194701ec #d,-,18,2503,2372,1139,249,1,184607,11445,2504,2374,1445,2503,2370,1059,99,100,0,500,2525;
@400000005e6b3d25194dd06d #d,-,18,2805,2372,1071,250,1,184597,11445,2805,2375,1139,2503,2372,1070,97,100,0,500,2878;
@400000005e6b3d27195b1a8c #d,-,18,2510,2372,1066,251,1,184582,11444,2805,2374,1072,2510,2372,1065,98,100,0,500,2554;
@400000005e6b3d271963cd57 #d,-,18,2508,2374,1061,251,1,184565,11443,2510,2374,1068,2508,2371,1061,98,100,0,500,2539;
@400000005e6b3d291974dc4f #d,-,18,2509,2374,1057,252,1,184552,11442,2509,2374,1092,2508,2371,1054,98,100,0,500,2554;
@400000005e6b3d291982266e #d,-,18,2506,2370,1061,252,1,184534,11441,2509,2374,1063,2506,2370,1057,99,100,0,500,2527;
@400000005e6b3d2b19932df4 #d,-,18,2503,2372,1060,253,1,184515,11439,2506,2374,1062,2503,2370,1059,99,100,0,500,2525;
@400000005e6b3d2b199e26d2 #d,-,18,2501,2373,1059,254,1,184497,11438,2503,2374,1062,2501,2372,1059,99,100,0,500,2522;
@400000005e6b3d2d19ae5ea8 #d,-,18,2498,2371,1060,255,1,184478,11437,2501,2374,1062,2498,2371,1058,99,100,0,500,2523;
@400000005e6b3d2d19b8a00e #d,-,18,2500,2372,1056,255,1,184465,11436,2500,2374,1090,2498,2371,1055,98,100,0,500,2541;
@400000005e6b3d2f19c2e174 #d,-,18,2498,2372,1060,256,1,184447,11435,2500,2373,1062,2498,2371,1056,98,100,0,500,2532;
@400000005e6b3d2f19c84789 #d,-,18,2495,2369,1061,257,1,184429,11434,2498,2373,1063,2495,2369,1059,98,100,0,500,2522;
@400000005e6b3d3119d70cb5 #d,-,18,2696,2369,1076,257,1,184477,11437,2696,2371,1458,2495,2367,1060,100,100,0,500,2696;
@400000005e6b3d3119e1903b #d,-,18,2626,2369,1063,258,1,184465,11436,2696,2371,1085,2626,2368,1063,95,100,0,500,2751;
@400000005e6b3d3319f39d74 #d,-,18,2510,2369,1055,259,1,184453,11436,2626,2371,1094,2510,2368,1055,98,100,0,500,2547;
@400000005e6b3d3319ffd2f8 #d,-,18,2507,2368,1060,260,1,184435,11434,2510,2370,1065,2507,2368,1055,98,100,0,500,2539;
@400000005e6b3d351a12841b #d,-,18,2504,2369,1063,260,1,184417,11433,2507,2370,1065,2504,2367,1060,99,100,0,500,2522;
@400000005e6b3d351a1ee389 #d,-,18,2502,2368,1063,261,1,184400,11432,2504,2370,1064,2502,2367,1062,99,100,0,500,2523;
@400000005e6b3d371a2f2007 #d,-,18,2499,2368,1062,262,1,184381,11431,2502,2369,1063,2499,2365,1060,99,100,0,500,2522;
@400000005e6b3d371a39caaa #d,-,18,2498,2368,1061,262,1,184369,11430,2499,2368,1094,2498,2366,1061,98,100,0,500,2525;
@400000005e6b3d391a4ba0f0 #d,-,18,2498,2369,1062,263,1,184351,11429,2498,2369,1063,2498,2366,1057,98,100,0,500,2545;
@400000005e6b3d391a571a54 #d,-,18,2497,2370,1059,264,1,184334,11428,2498,2370,1066,2497,2367,1059,98,100,0,500,2523;
@400000005e6b3d3b1a64dd86 #d,-,18,2495,2370,1060,264,1,184316,11427,2497,2370,1063,2495,2369,1059,98,100,0,500,2522;
@400000005e6b3d3b1a6d1eb2 #d,-,18,2493,2372,1059,265,1,184349,11429,2495,2372,1065,2493,2368,1059,98,100,0,500,2523;
@400000005e6b3d3d1a7cbeb9 #d,-,18,2782,2373,1030,266,1,184330,11428,2782,2373,1456,2493,2370,1013,98,100,0,500,2821;
@400000005e6b3d3d1a87b798 #d,-,18,2412,2374,1146,266,1,184333,11428,2782,2374,1175,2412,2371,1014,97,100,0,500,2470;
@400000005e6b3d3f1a9849c5 #d,-,18,2705,2373,1181,267,1,184359,11430,2705,2374,1181,2412,2371,1139,98,100,0,500,2733;
@400000005e6b3d3f1aa2f0ae #d,-,18,2710,2372,1154,268,1,184438,11435,2710,2374,1189,2705,2372,1151,97,100,0,500,2783;
@400000005e6b3d411ab37306 #d,-,18,2711,2371,1161,269,1,184419,11433,2711,2373,1163,2710,2370,1154,98,100,0,500,2748;
@400000005e6b3d411abe0a1a #d,-,18,2712,2371,1185,269,1,184452,11436,2712,2373,1191,2711,2371,1158,98,100,0,500,2760;
@400000005e6b3d431acece91 #d,-,18,2716,2373,1160,270,1,184479,11437,2716,2373,1185,2712,2371,1151,97,100,0,500,2781;
@400000005e6b3d431ad92740 #d,-,18,2717,2373,1159,271,1,184555,11442,2717,2373,1160,2716,2371,1159,98,100,0,500,2758;
@400000005e6b3d451aec68bd #d,-,18,2717,2370,1159,272,1,184583,11444,2717,2373,1163,2717,2369,1159,98,100,0,500,2757;
@400000005e6b3d451af98cad #d,-,18,2720,2370,1213,272,1,184580,11444,2720,2372,1241,2717,2370,1159,98,100,0,500,2765;
@400000005e6b3d471b0a9ba6 #d,-,18,2863,2371,1226,273,1,184634,11447,2863,2372,1231,2720,2369,1210,98,100,0,500,2899;
@400000005e6b3d471b15033b #d,-,18,2859,2371,1191,274,1,184674,11449,2863,2372,1226,2859,2369,1182,99,100,0,500,2878;
@400000005e6b3d491b26e956 #d,-,18,2723,2371,1062,275,1,184721,11452,2859,2372,1194,2723,2369,1057,97,100,0,500,2783;
@400000005e6b3d491b32dbcd #d,-,18,2477,2372,1058,275,1,184653,11448,2723,2372,1062,2477,2370,1056,98,100,0,500,2518;
@400000005e6b3d4b1b42940c #d,-,18,2477,2369,1060,276,1,184636,11447,2477,2372,1066,2477,2369,1057,98,100,0,500,2518;
@400000005e6b3d4b1b4d22bf #d,-,18,2477,2372,1088,277,1,184622,11446,2477,2374,1088,2477,2369,1059,98,100,0,500,2522;
@400000005e6b3d4d1b5cbf0d #d,-,18,2481,2372,1060,278,1,184652,11448,2481,2374,1089,2477,2371,1052,97,100,0,500,2548;
@400000005e6b3d4d1b6726a2 #d,-,18,2481,2372,1059,278,1,184587,11444,2481,2374,1061,2481,2371,1058,98,100,0,500,2518;
@400000005e6b3d4f1b716bc1 #d,-,18,2480,2376,1058,279,1,184570,11443,2481,2376,1061,2480,2372,1057,98,100,0,500,2520;
@400000005e6b3d4f1b76fd9c #d,-,18,2785,2375,1084,280,1,184615,11446,2785,2376,1456,2480,2371,1057,100,100,0,500,2785;
@400000005e6b3d511b83f20d #d,-,18,2546,2373,1095,280,1,184655,11448,2785,2376,1095,2546,2373,1075,95,100,0,500,2660;
@400000005e6b3d511b8c88e7 #d,-,18,2545,2374,1066,281,1,184598,11445,2546,2375,1100,2545,2372,1062,98,100,0,500,2582;
@400000005e6b3d531b9e6f02 #d,-,18,2490,2371,1060,282,1,184581,11444,2545,2374,1066,2490,2371,1058,98,100,0,500,2532;
@400000005e6b3d531bab672d #d,-,18,2489,2370,1060,283,1,184567,11443,2490,2372,1075,2489,2370,1060,98,100,0,500,2523;
@400000005e6b3d551bbb51b6 #d,-,18,2489,2367,1065,283,1,184596,11444,2489,2371,1066,2489,2365,1057,98,100,0,500,2529;
@400000005e6b3d551bc5c1ad #d,-,18,2488,2371,1073,284,1,184580,11443,2489,2371,1073,2488,2367,1060,98,100,0,500,2523;
@400000005e6b3d571bd76101 #d,-,18,2492,2371,1059,284,1,184521,11440,2492,2371,1093,2488,2367,1053,97,100,0,500,2554;
@400000005e6b3d571be376db #d,-,18,2490,2373,1062,285,1,184505,11439,2492,2373,1064,2490,2370,1059,98,100,0,500,2520;
@400000005e6b3d591bf19bd6 #d,-,18,2489,2373,1060,286,1,184488,11438,2490,2374,1062,2489,2372,1059,98,100,0,500,2523;
@400000005e6b3d591bf92a32 #d,-,18,2488,2373,1059,287,1,184472,11437,2489,2373,1064,2488,2370,1059,98,100,0,500,2523;
@400000005e6b3d5b1c06d173 #d,-,18,2487,2370,1432,287,1,184486,11438,2488,2373,1432,2487,2368,1059,98,100,0,500,2522;
@400000005e6b3d5b1c0fb777 #d,-,18,2844,2370,1095,288,1,184512,11439,2844,2372,1457,2487,2370,1095,98,100,0,500,2895;
@400000005e6b3d5d1c1f00e1 #d,-,18,2553,2370,1072,289,1,184502,11439,2844,2372,1095,2553,2370,1071,98,100,0,500,2598;
@400000005e6b3d5d1c293ad4 #d,-,18,2546,2370,1066,289,1,184488,11438,2553,2371,1072,2546,2369,1065,99,100,0,500,2547;
@400000005e6b3d5f1c38b778 #d,-,18,2493,2369,1062,290,1,184473,11437,2546,2371,1069,2493,2368,1062,98,100,0,500,2534;
@400000005e6b3d5f1c4323b5 #d,-,18,2492,2370,1061,291,1,184502,11439,2493,2370,1064,2492,2368,1060,98,100,0,500,2527;
@400000005e6b3d611c5297f7 #d,-,18,2494,2369,1055,292,1,184446,11435,2494,2370,1093,2492,2367,1053,98,100,0,500,2543;
@400000005e6b3d611c5cf0a6 #d,-,18,2492,2370,1063,292,1,184430,11434,2494,2372,1063,2492,2368,1055,98,100,0,500,2527;
@400000005e6b3d631c6b8387 #d,-,18,2491,2370,1060,293,1,184413,11433,2492,2371,1064,2491,2368,1059,98,100,0,500,2520;
@400000005e6b3d631c74d1d9 #d,-,18,2490,2370,1062,294,1,184398,11432,2491,2371,1063,2490,2369,1059,98,100,0,500,2520;
@400000005e6b3d651c8204b0 #d,-,18,2488,2370,1060,294,1,184381,11431,2490,2372,1062,2488,2370,1059,98,100,0,500,2522;
@400000005e6b3d651c8a0fd7 #d,-,18,2490,2371,1053,295,1,184371,11431,2490,2372,1094,2488,2370,1053,98,100,0,500,2536;
@400000005e6b3d671c99bec6 #d,-,18,2592,2371,1099,296,1,184412,11433,2592,2373,1445,2490,2369,1053,100,100,0,500,2592;
@400000005e6b3d671ca41774 #d,-,18,2753,2370,1077,297,1,184408,11433,2753,2373,1104,2592,2370,1076,96,100,0,500,2856;
@400000005e6b3d691caee57c #d,-,18,2519,2372,1065,297,1,184396,11432,2753,2372,1077,2519,2369,1065,98,100,0,500,2563;
@400000005e6b3d691cb574a8 #d,-,18,2516,2374,1065,298,1,184383,11431,2519,2374,1069,2516,2371,1064,99,100,0,500,2539;
@400000005e6b3d6b1cc6aabf #d,-,18,2514,2372,1059,298,1,184373,11431,2516,2374,1093,2514,2371,1059,99,100,0,500,2536;
@400000005e6b3d6b1cd2b56c #d,-,18,2512,2373,1061,299,1,184358,11430,2514,2374,1064,2512,2371,1055,98,100,0,500,2547;
@400000005e6b3d6d1ce25574 #d,-,18,2509,2372,1061,300,1,184342,11429,2512,2373,1062,2509,2369,1058,99,100,0,500,2523;
@400000005e6b3d6d1cecb596 #d,-,18,2506,2371,1062,301,1,184327,11428,2509,2372,1063,2506,2368,1060,99,100,0,500,2522;
@400000005e6b3d6f1cfc7901 #d,-,18,2502,2370,1063,301,1,184355,11430,2506,2371,1063,2502,2367,1059,99,100,0,500,2520;
@400000005e6b3d6f1d06e450 #d,-,18,2501,2369,1070,302,1,184302,11426,2502,2370,1094,2501,2368,1061,98,100,0,500,2527;
@400000005e6b3d711d155013 #d,-,18,2501,2367,1060,303,1,184286,11425,2501,2370,1070,2501,2367,1055,98,100,0,500,2548;
@400000005e6b3d711d1ddbc1 #d,-,18,2499,2368,1061,303,1,184271,11424,2501,2369,1065,2499,2367,1060,99,100,0,500,2523;
@400000005e6b3d731d2814c5 #d,-,18,2779,2366,1024,304,1,184294,11426,2779,2369,1456,2499,2365,989,98,100,0,500,2810;
@400000005e6b3d731d32bbae #d,-,18,2404,2367,1145,305,1,184298,11426,2779,2367,1174,2404,2365,1024,97,100,0,500,2475;
@400000005e6b3d751d3fbf06 #d,-,18,2705,2365,1209,306,1,184330,11428,2705,2367,1222,2404,2365,1140,98,100,0,500,2733;
@400000005e6b3d751d4a32b6 #d,-,18,2776,2366,1161,306,1,184354,11430,2776,2366,1209,2705,2364,1152,98,100,0,500,2812;
@400000005e6b3d771d5a295b #d,-,18,2720,2364,1163,307,1,184380,11431,2776,2367,1166,2720,2364,1161,98,100,0,500,2757;
@400000005e6b3d771d655fb1 #d,-,18,2720,2368,1162,308,1,184447,11435,2720,2368,1164,2720,2364,1161,98,100,0,500,2758;
@400000005e6b3d791d764fee #d,-,18,2720,2366,1161,309,1,184429,11434,2720,2368,1162,2720,2366,1160,98,100,0,500,2758;
@400000005e6b3d791d80e702 #d,-,18,2721,2366,1192,309,1,184458,11436,2721,2367,1192,2720,2365,1161,98,100,0,500,2757;
@400000005e6b3d7b1d90ae28 #d,-,18,2724,2366,1163,310,1,184483,11437,2724,2367,1192,2721,2365,1155,97,100,0,500,2787;
@400000005e6b3d7b1d9b3921 #d,-,18,2727,2369,1069,311,1,184499,11438,2727,2369,1216,2724,2366,1066,98,100,0,500,2769;
@400000005e6b3d7d1daa678a #d,-,18,2559,2367,1057,312,1,184488,11438,2727,2369,1094,2559,2366,1056,97,100,0,500,2628;
@400000005e6b3d7d1db49cd4 #d,-,18,2469,2368,1055,312,1,184470,11437,2559,2368,1060,2469,2366,1054,98,100,0,500,2513;
@400000005e6b3d7f1dc41e20 #d,-,18,2469,2366,1094,313,1,184501,11439,2469,2368,1094,2469,2365,1055,98,100,0,500,2511;
@400000005e6b3d7f1dceb17b #d,-,18,2474,2366,1065,314,1,184444,11435,2474,2368,1095,2469,2365,1051,96,100,0,500,2554;
@400000005e6b3d811de16657 #d,-,18,2475,2366,1062,314,1,184429,11434,2475,2367,1065,2474,2365,1061,98,100,0,500,2520;
@400000005e6b3d811def09df #d,-,18,2476,2366,1061,315,1,184414,11433,2476,2368,1063,2475,2366,1059,98,100,0,500,2520;
@400000005e6b3d831dfe490b #d,-,18,2476,2365,1061,316,1,184399,11432,2476,2367,1064,2476,2364,1061,98,100,0,500,2520;
@400000005e6b3d831e081c8b #d,-,18,2477,2367,1088,316,1,184386,11431,2477,2368,1088,2476,2365,1061,98,100,0,500,2522;
@400000005e6b3d851e1877c5 #d,-,18,2481,2368,1061,317,1,184415,11433,2481,2369,1094,2477,2365,1056,97,100,0,500,2550;
@400000005e6b3d851e22628e #d,-,18,2481,2369,1062,318,1,184359,11430,2481,2369,1063,2481,2366,1060,98,100,0,500,2518;
@400000005e6b3d871e2fff91 #d,-,18,2481,2369,1189,318,1,184349,11429,2481,2370,1189,2481,2367,1060,98,100,0,500,2520;
@400000005e6b3d871e389dde #d,-,18,2808,2369,1114,319,1,184389,11432,2808,2369,1453,2481,2366,1084,98,100,0,500,2860;
@400000005e6b3d891e489bf6 #d,-,18,2699,2368,1217,320,1,184429,11434,2808,2369,1232,2699,2366,1114,99,100,0,500,2712;
@400000005e6b3d891e538c73 #d,-,18,2702,2368,1080,321,1,184428,11434,2702,2368,1224,2699,2365,1048,96,100,0,500,2801;
@400000005e6b3d8b1e637343 #d,-,18,2505,2365,1062,321,1,184416,11433,2702,2368,1080,2505,2360,1061,98,100,0,500,2543;
@400000005e6b3d8b1e6e0a57 #d,-,18,2502,2367,1063,322,2,184402,11432,2505,2368,1067,2502,2364,1062,99,100,0,500,2527;
Lost connection at /opt/powertools/bin/wattsup1 line 220.
	main::failure('Lost connection') called at /opt/powertools/bin/wattsup1 line 271
	main::recv_msg() called at /opt/powertools/bin/wattsup1 line 504
