@400000005e53805000b7d2cc #v,-,8,1,65178,5,2,4,57,200810261703,0;
@400000005e5380502aa54028 #h,-,18,W,V,A,WH,Cost,WH/Mo,Cost/Mo,Wmax,Vmax,Amax,Wmin,Vmin,Amin,PF,DC,PC,Hz,VA;
@400000005e53805030b515c5 #f,-,48,65,436,1,4803,0,0,65535,0,150,1177,177,10481,276,203,3340,13,121719,86,50084,105837,25,2629,11458,0,64,1,4686,0,0,65535,0,150,1030,182,11055,266,212,3240,13,121394,92,49362,104176,24,2613,13005,0,71;
@400000005e53805430d21823 #d,-,18,2779,2334,1190,1,0,192598,11941,2785,2336,1220,2710,2333,1182,98,100,0,501,2810;
@400000005e53805430dce8f6 #d,-,18,2774,2337,1190,2,0,199946,12396,2779,2337,1190,2774,2333,1186,99,100,0,501,2778;
@400000005e53805630ec1fc0 #d,-,18,2771,2333,1188,3,0,194577,12063,2774,2337,1190,2771,2333,1187,99,100,0,501,2778;
@400000005e53805630f6786e #d,-,18,2768,2334,1191,3,0,195007,12090,2771,2335,1191,2768,2332,1186,99,100,0,501,2780;
@400000005e538058310329d1 #d,-,18,2765,2336,1211,4,0,198572,12311,2768,2337,1211,2765,2333,1186,99,100,0,501,2778;
@400000005e538058310d3444 #d,-,18,2766,2333,1192,5,0,195765,12137,2766,2336,1218,2765,2332,1181,98,100,0,501,2806;
@400000005e53805a311bea89 #d,-,18,2764,2335,1189,6,0,195896,12145,2766,2336,1192,2764,2331,1186,99,100,0,501,2778;
@400000005e53805a312655d8 #d,-,18,2761,2335,1187,6,0,195987,12151,2764,2336,1191,2761,2332,1187,99,100,0,501,2776;
@400000005e53805c3136960f #d,-,18,2759,2333,1189,7,0,197994,12275,2761,2336,1189,2759,2333,1186,99,100,0,500,2780;
@400000005e53805c3140cf14 #d,-,18,2757,2335,1202,8,0,196160,12161,2759,2335,1202,2757,2333,1186,99,100,0,500,2776;
@400000005e53805e315020e0 #d,-,18,2760,2337,1186,9,0,196339,12173,2760,2337,1219,2757,2334,1178,98,100,0,500,2810;
@400000005e53805e315a6600 #d,-,18,2757,2337,1188,10,0,196378,12175,2760,2339,1189,2757,2335,1186,99,100,0,500,2774;
@400000005e538060316a4cd0 #d,-,18,2756,2336,1184,10,0,196396,12176,2757,2339,1188,2756,2336,1184,99,100,0,500,2778;
@400000005e5380603175aeeb #d,-,18,2754,2340,1184,11,0,196426,12178,2756,2340,1188,2754,2336,1184,99,100,0,500,2780;
@400000005e53806231868338 #d,-,18,2871,2337,1578,12,0,198551,12310,2871,2340,1578,2754,2336,1184,100,100,0,501,2871;
@400000005e5380623190faa2 #d,-,18,3713,2336,1667,13,0,203316,12605,3713,2338,1713,2871,2334,1578,100,100,0,501,3713;
@400000005e53806431a1bc4e #d,-,18,3869,2337,1665,14,0,207371,12857,3869,2338,1668,3713,2333,1659,99,100,0,501,3896;
@400000005e53806431ac3772 #d,-,18,3869,2335,1665,15,0,211029,13083,3869,2337,1668,3869,2334,1663,99,100,0,501,3892;
@400000005e53806631bcc5e5 #d,-,18,3869,2337,1666,16,0,214326,13288,3869,2337,1667,3869,2334,1664,99,100,0,501,3894;
@400000005e53806631c72607 #d,-,18,3870,2336,1664,17,0,217308,13473,3870,2338,1667,3869,2335,1664,99,100,0,501,3896;
@400000005e53806831d700bb #d,-,18,3873,2336,1661,18,0,220115,13647,3873,2338,1698,3870,2334,1658,98,100,0,501,3915;
@400000005e53806831e22f9d #d,-,18,3874,2338,1665,20,0,222602,13801,3874,2339,1669,3873,2335,1661,99,100,0,501,3903;
@400000005e53806a31f2a6c8 #d,-,18,3873,2335,1665,21,0,224875,13942,3874,2338,1666,3873,2335,1663,99,100,0,501,3892;
@400000005e53806a31fd1305 #d,-,18,3872,2333,1664,22,0,227861,14127,3873,2337,1666,3872,2333,1662,99,100,0,501,3894;
@400000005e53806c320d81ce #d,-,18,3872,2337,1675,23,0,228932,14193,3872,2337,1682,3872,2333,1661,99,100,0,501,3888;
@400000005e53806c32181529 #d,-,18,3876,2337,1656,24,0,230796,14309,3876,2338,1697,3872,2335,1656,98,100,0,501,3920;
@400000005e53806e32292068 #d,-,18,3877,2338,1668,25,0,232481,14413,3877,2340,1669,3876,2335,1656,99,100,0,501,3910;
@400000005e53806e3234308f #d,-,18,3877,2339,1675,26,0,234078,14512,3877,2340,1679,3877,2336,1666,99,100,0,501,3904;
@400000005e5380703246e56b #d,-,18,3879,2338,1669,27,0,235551,14604,3879,2340,1675,3877,2337,1666,99,100,0,501,3915;
@400000005e53807032594499 #d,-,18,3880,2340,1669,28,0,236940,14690,3880,2340,1670,3879,2337,1669,99,100,0,501,3906;
@400000005e538072326a8222 #d,-,18,3882,2337,1666,29,0,239037,14820,3882,2340,1701,3880,2337,1666,99,100,0,501,3913;
@400000005e53807232768828 #d,-,18,3884,2336,1669,30,0,240229,14894,3884,2339,1671,3882,2335,1662,98,100,0,501,3928;
@400000005e5380743288b151 #d,-,18,3884,2338,1679,31,0,240692,14922,3884,2338,1689,3884,2335,1668,99,100,0,501,3906;
@400000005e538074329441fe #d,-,18,3886,2337,1675,32,0,241775,14990,3886,2338,1679,3884,2336,1669,99,100,0,501,3924;
@400000005e53807632a52d93 #d,-,18,3887,2335,1675,33,0,243487,15096,3887,2337,1676,3886,2335,1674,99,100,0,501,3913;
@400000005e53807632b01b44 #d,-,18,3889,2337,1685,35,0,243866,15119,3889,2337,1708,3887,2335,1673,99,100,0,501,3917;
@400000005e53807832c11e22 #d,-,18,3892,2337,1676,36,0,244793,15177,3892,2338,1685,3889,2334,1669,98,100,0,501,3945;
@400000005e53807832cbcc7e #d,-,18,3893,2333,1683,37,0,245689,15232,3893,2337,1684,3892,2333,1674,99,100,0,501,3917;
@400000005e53807a32d84b96 #d,-,18,3895,2332,1679,38,0,247162,15324,3895,2335,1683,3893,2332,1678,99,100,0,500,3929;
@400000005e53807a32e115aa #d,-,18,3895,2335,1679,39,0,247364,15336,3895,2336,1681,3895,2332,1678,99,100,0,500,3924;
@400000005e53807c32f13726 #d,-,18,3693,2336,1454,40,0,247335,15334,3895,2338,1679,3693,2334,1420,97,100,0,500,3773;
@400000005e53807c32fb9747 #d,-,18,3332,2338,1427,41,0,247097,15320,3693,2338,1454,3332,2336,1417,99,100,0,500,3358;
@400000005e53807c3303286e #d,-,18,3329,2336,1425,42,0,246877,15306,3332,2338,1427,3329,2336,1425,99,100,0,500,3337;
@400000005e53807e3312dfbe #d,-,18,3329,2337,1547,43,0,246924,15309,3329,2338,1556,3329,2335,1425,99,100,0,500,3344;
@400000005e53807e331cabcc #d,-,18,3575,2336,1591,44,0,247164,15324,3575,2337,1591,3329,2334,1519,99,100,0,500,3591;
@400000005e538080332daf97 #d,-,18,3579,2336,1527,45,0,247314,15333,3579,2338,1591,3575,2335,1498,98,100,0,500,3636;
@400000005e53808033384a65 #d,-,18,3493,2336,1494,46,0,247354,15335,3579,2338,1527,3493,2335,1487,99,100,0,500,3525;
@400000005e53808233496933 #d,-,18,3489,2341,1492,46,0,247380,15337,3493,2341,1494,3489,2336,1488,99,100,0,500,3492;
@400000005e5380823353cd0f #d,-,18,3487,2340,1491,47,0,247409,15339,3489,2341,1492,3487,2339,1490,99,100,0,500,3495;
@400000005e53808433642c02 #d,-,18,3484,2340,1492,48,0,247434,15340,3487,2342,1492,3484,2339,1489,99,100,0,500,3492;
@400000005e538084336f92c6 #d,-,18,3482,2342,1522,49,0,247960,15373,3484,2342,1522,3482,2339,1489,99,100,0,500,3495;
@400000005e538086337fce56 #d,-,18,3484,2340,1482,50,0,247517,15346,3484,2342,1523,3482,2339,1482,98,100,0,500,3525;
@400000005e538086338b4047 #d,-,18,3481,2342,1480,51,0,247517,15346,3484,2343,1485,3481,2340,1480,100,100,0,500,3481;
@400000005e538088339cb4c3 #d,-,18,3477,2341,1484,52,0,247519,15346,3481,2342,1486,3477,2340,1480,100,100,0,501,3477;
@400000005e53808833a75439 #d,-,18,3473,2341,1484,53,0,247512,15345,3477,2342,1484,3473,2340,1480,99,100,0,501,3476;
@400000005e53808a33b88696 #d,-,18,3470,2341,1498,54,0,247523,15346,3473,2342,1500,3470,2340,1483,99,100,0,501,3477;
@400000005e53808a33c33c66 #d,-,18,3469,2341,1483,55,0,247522,15346,3470,2342,1498,3469,2340,1476,99,100,0,501,3486;
@400000005e53808c33d25be8 #d,-,18,3466,2342,1493,56,0,247511,15345,3469,2342,1493,3466,2339,1465,99,100,0,501,3468;
@400000005e53808c33db34e2 #d,-,18,3464,2342,1487,57,0,247495,15344,3466,2342,1504,3464,2340,1447,99,100,0,501,3481;
@400000005e53808e33fd28eb #d,-,18,3461,2340,1483,58,0,247506,15345,3464,2342,1493,3461,2340,1482,100,100,0,501,3461;
@400000005e53808e3416719c #d,-,18,3460,2342,1294,59,0,247333,15334,3461,2342,1488,3460,2338,1294,99,100,0,501,3483;
@400000005e538090342dd15b #d,-,18,3365,2342,1177,60,0,247453,15342,3460,2343,1658,3365,2338,1177,98,100,0,501,3433;
@400000005e538090343849b4 #d,-,18,2785,2341,1116,61,0,246253,15267,3365,2343,1191,2785,2341,1116,97,100,0,501,2863;
@400000005e53809234480feb #d,-,18,2550,2344,1193,61,0,245247,15205,2785,2344,1193,2550,2341,1040,97,100,0,501,2614;
@400000005e5380923453534b #d,-,18,2665,2342,1175,62,0,244472,15157,2665,2344,1197,2550,2341,1153,99,100,0,501,2682;
@400000005e5380943463f906 #d,-,18,2762,2344,1180,63,0,243814,15116,2762,2344,1227,2665,2341,1175,99,100,0,501,2780;
@400000005e538094346e68fd #d,-,18,2764,2344,1191,64,0,243157,15075,2764,2344,1210,2762,2342,1180,98,100,0,501,2819;
@400000005e538096347f2247 #d,-,18,2762,2343,1185,64,0,242493,15034,2764,2344,1192,2762,2342,1184,99,100,0,501,2789;
@400000005e53809634899d6b #d,-,18,2761,2344,1187,65,0,242195,15016,2762,2345,1188,2761,2342,1185,99,100,0,501,2785;
@400000005e538098349a46e0 #d,-,18,2759,2344,1186,66,0,241224,14955,2761,2345,1187,2759,2343,1184,99,100,0,501,2783;
@400000005e53809834a474b8 #d,-,18,2758,2345,1186,67,0,240614,14918,2759,2346,1186,2758,2343,1185,99,100,0,501,2785;
@400000005e53809a34b54191 #d,-,18,2761,2342,1179,67,0,240375,14903,2761,2345,1217,2758,2342,1178,98,100,0,501,2805;
@400000005e53809a34bf8a6a #d,-,18,2759,2341,1185,68,0,239468,14847,2761,2344,1187,2759,2341,1179,98,100,0,501,2789;
@400000005e53809c34cf41ba #d,-,18,2758,2343,1184,69,0,238905,14812,2759,2344,1187,2758,2341,1184,99,100,0,501,2783;
@400000005e53809c34da842c #d,-,18,2757,2342,1186,70,0,238356,14778,2758,2344,1186,2757,2342,1184,99,100,0,501,2781;
@400000005e53809e34eb97cc #d,-,18,2755,2344,1185,70,0,237820,14744,2757,2344,1187,2755,2341,1183,99,100,0,501,2780;
@400000005e53809e34f5f7ee #d,-,18,2757,2342,1179,71,0,237327,14714,2757,2344,1218,2755,2342,1179,98,100,0,501,2797;
@400000005e5380a0350731be #d,-,18,2757,2343,1187,72,0,236820,14682,2757,2343,1187,2757,2341,1178,98,100,0,501,2796;
@400000005e5380a035119a42 #d,-,18,2756,2342,1187,73,0,236621,14670,2757,2344,1187,2756,2342,1184,98,100,0,501,2785;
@400000005e5380a235226361 #d,-,18,2756,2342,1186,73,0,235843,14622,2756,2344,1188,2756,2341,1184,99,100,0,501,2783;
@400000005e5380a2352c9404 #d,-,18,2755,2344,1187,74,0,235372,14593,2756,2344,1187,2755,2341,1183,98,100,0,501,2783;
@400000005e5380a4353c95d5 #d,-,18,2808,2342,1477,75,0,235293,14588,2808,2344,1547,2755,2340,1185,100,100,0,501,2808;
@400000005e5380a43547b98b #d,-,18,3606,2338,1642,76,0,235976,14630,3606,2342,1684,2808,2338,1400,100,100,0,501,3606;
@400000005e5380a6355916bf #d,-,18,3854,2340,1655,77,0,236189,14643,3854,2340,1671,3606,2338,1642,99,100,0,501,3879;
@400000005e5380a6356493dd #d,-,18,3854,2339,1658,78,0,236657,14672,3854,2340,1658,3854,2338,1652,99,100,0,501,3883;
@400000005e5380a8357637d8 #d,-,18,3854,2339,1658,79,0,237120,14701,3854,2340,1661,3854,2338,1657,99,100,0,501,3879;
@400000005e5380a83581b13d #d,-,18,3856,2340,1668,80,0,237601,14731,3856,2340,1690,3854,2337,1658,99,100,0,501,3885;
@400000005e5380aa35932a61 #d,-,18,3859,2338,1658,81,0,238041,14758,3859,2340,1668,3856,2338,1653,98,100,0,501,3910;
@400000005e5380aa359fccdd #d,-,18,3859,2338,1666,83,0,238474,14785,3859,2340,1666,3859,2338,1657,99,100,0,501,3883;
@400000005e5380ac35b1b6b2 #d,-,18,3861,2340,1658,84,0,239169,14828,3861,2340,1671,3859,2338,1657,99,100,0,501,3896;
@400000005e5380ac35bcbabd #d,-,18,3862,2340,1670,85,0,239339,14839,3862,2341,1674,3861,2338,1658,99,100,0,501,3888;
@400000005e5380ae35cde960 #d,-,18,3866,2340,1703,86,0,239794,14867,3866,2341,1705,3862,2338,1670,98,100,0,501,3917;
@400000005e5380ae35d84982 #d,-,18,3923,2339,1669,87,0,240210,14893,3923,2341,1703,3866,2339,1663,99,100,0,501,3947;
@400000005e5380b035e94c5f #d,-,18,3918,2337,1672,88,0,240867,14933,3923,2341,1672,3918,2337,1664,100,100,0,501,3918;
@400000005e5380b035f3d48d #d,-,18,3914,2340,1665,89,0,241013,14942,3918,2341,1677,3914,2337,1665,100,100,0,501,3914;
@400000005e5380b236051217 #d,-,18,3910,2338,1667,90,0,241398,14966,3914,2340,1670,3910,2338,1664,100,100,0,501,3910;
@400000005e5380b2360f85c7 #d,-,18,3907,2340,1699,91,0,241800,14991,3910,2341,1699,3907,2338,1667,99,100,0,501,3908;
@400000005e5380b4361f9ee2 #d,-,18,3907,2339,1669,92,0,242171,15014,3907,2340,1699,3907,2337,1660,99,100,0,501,3933;
@400000005e5380b4362b095f #d,-,18,3906,2337,1668,93,0,242548,15037,3907,2339,1687,3906,2337,1668,99,100,0,501,3917;
@400000005e5380b6363c3f75 #d,-,18,3903,2339,1674,94,0,242911,15060,3906,2340,1675,3903,2337,1668,99,100,0,501,3910;
@400000005e5380b63646ca6e #d,-,18,3902,2338,1672,95,0,243506,15097,3903,2339,1674,3902,2337,1671,99,100,0,501,3915;
@400000005e5380b836579b01 #d,-,18,3901,2338,1704,97,0,243867,15119,3902,2339,1704,3901,2336,1670,99,100,0,501,3913;
@400000005e5380b836623216 #d,-,18,3904,2340,1673,98,0,243982,15126,3904,2340,1706,3901,2338,1666,98,100,0,501,3947;
@400000005e5380ba36734d2a #d,-,18,3903,2339,1674,99,0,244325,15148,3904,2341,1680,3903,2338,1673,99,100,0,501,3915;
@400000005e5380ba367dc494 #d,-,18,3903,2338,1672,100,0,244888,15183,3903,2340,1674,3903,2338,1672,99,100,0,501,3922;
@400000005e5380bc368f8b05 #d,-,18,3902,2341,1674,101,0,244987,15189,3903,2342,1677,3902,2338,1672,99,100,0,501,3920;
@400000005e5380bc369a16ed #d,-,18,3902,2341,1698,102,0,245317,15209,3902,2343,1698,3902,2340,1672,99,100,0,501,3924;
@400000005e5380be36a90336 #d,-,18,3899,2342,1580,103,0,245530,15222,3902,2343,1707,3899,2340,1535,99,100,0,501,3929;
@400000005e5380be36b4707e #d,-,18,3662,2343,1591,104,0,245723,15234,3899,2343,1621,3662,2341,1574,99,100,0,501,3678;
@400000005e5380c036be53d4 #d,-,18,3668,2343,1596,105,0,245896,15245,3668,2344,1599,3662,2342,1575,98,100,0,501,3737;
@400000005e5380c036c8891f #d,-,18,3670,2343,1516,106,0,246002,15252,3670,2345,1596,3668,2343,1484,98,100,0,501,3721;
@400000005e5380c236d1cffe #d,-,18,3484,2344,1529,107,0,246048,15254,3670,2345,1529,3484,2342,1480,98,100,0,501,3527;
@400000005e5380c236d9a433 #d,-,18,3535,2342,1511,108,0,246317,15271,3535,2344,1531,3484,2341,1492,99,100,0,501,3557;
@400000005e5380c436e4a83e #d,-,18,3530,2342,1494,109,0,246136,15260,3535,2344,1511,3530,2341,1489,100,100,0,501,3530;
@400000005e5380c436efdf83 #d,-,18,3475,2344,1493,110,0,246164,15262,3530,2344,1496,3475,2342,1491,99,100,0,501,3504;
@400000005e5380c63700fe51 #d,-,18,3475,2342,1494,111,0,246192,15263,3475,2345,1494,3475,2341,1491,99,100,0,501,3502;
@400000005e5380c6370bb421 #d,-,18,3475,2343,1497,112,0,246220,15265,3475,2344,1497,3475,2341,1492,99,100,0,501,3502;
@400000005e5380c8371a6a66 #d,-,18,3479,2342,1484,113,0,246259,15268,3479,2343,1525,3475,2341,1476,98,100,0,501,3531;
@400000005e5380c83724fcd2 #d,-,18,3477,2341,1494,114,0,246286,15269,3479,2343,1495,3477,2341,1484,99,100,0,501,3495;
@400000005e5380ca37362048 #d,-,18,3477,2340,1492,115,0,246310,15271,3477,2343,1495,3477,2339,1491,99,100,0,501,3502;
@400000005e5380ca3740c643 #d,-,18,3476,2343,1491,116,0,246334,15272,3477,2343,1493,3476,2340,1491,99,100,0,501,3499;
@400000005e5380cc374f4595 #d,-,18,3476,2342,1481,117,0,246352,15273,3476,2343,1494,3476,2341,1481,99,100,0,501,3499;
@400000005e5380cc3759f7ac #d,-,18,3475,2340,1456,118,0,246358,15274,3476,2342,1502,3475,2340,1456,99,100,0,501,3493;
@400000005e5380ce3763757e #d,-,18,3412,2341,1489,118,0,246556,15286,3475,2342,1495,3412,2339,1453,99,100,0,501,3442;
@400000005e5380ce376d1e27 #d,-,18,3415,2339,1438,120,0,246342,15273,3415,2341,1489,3412,2339,1438,98,100,0,501,3467;
@400000005e5380d0377ac656 #d,-,18,3304,2341,1358,120,0,246199,15264,3415,2341,1438,3304,2339,1347,98,100,0,501,3353;
@400000005e5380d037856c52 #d,-,18,3149,2339,1385,121,0,246246,15267,3304,2341,1385,3149,2339,1354,99,100,0,501,3180;
@400000005e5380d2379571dd #d,-,18,3200,2338,1506,122,0,245934,15247,3200,2340,1506,3149,2337,1310,99,100,0,501,3221;
@400000005e5380d2379fabd0 #d,-,18,3328,2342,1185,123,0,245758,15237,3328,2342,1646,3200,2338,1185,97,100,0,501,3397;
@400000005e5380d437b058fe #d,-,18,2746,2343,1165,124,0,245369,15212,3328,2343,1185,2746,2341,1164,97,100,0,501,2812;
@400000005e5380d437badc84 #d,-,18,2741,2340,1184,124,0,244982,15188,2746,2343,1184,2741,2340,1161,100,100,0,501,2741;
@400000005e5380d637c807e7 #d,-,18,2743,2341,1178,125,0,244635,15167,2743,2342,1221,2741,2339,1178,98,100,0,501,2789;
@400000005e5380d637d2ffd7 #d,-,18,2744,2340,1188,126,0,244299,15146,2744,2342,1223,2743,2340,1178,98,100,0,501,2781;
@400000005e5380d837dfc5b7 #d,-,18,2748,2340,1186,127,0,243948,15124,2748,2341,1189,2744,2339,1180,97,100,0,501,2810;
@400000005e5380d837ea062f #d,-,18,2748,2341,1186,127,0,243784,15114,2748,2342,1189,2748,2338,1185,98,100,0,501,2781;
@400000005e5380da37f53d73 #d,-,18,2748,2340,1187,128,0,243266,15082,2748,2342,1188,2748,2339,1185,98,100,0,501,2783;
@400000005e5380da38003a0b #d,-,18,2748,2339,1188,129,0,242933,15061,2748,2341,1189,2748,2338,1186,98,100,0,501,2781;
@400000005e5380dc38113a1d #d,-,18,2749,2341,1198,130,0,242622,15042,2749,2341,1220,2748,2338,1186,98,100,0,501,2787;
@400000005e5380dc381be87a #d,-,18,2752,2341,1186,131,0,242467,15032,2752,2342,1198,2749,2339,1178,98,100,0,501,2808;
@400000005e5380de3826b94d #d,-,18,2752,2341,1184,131,0,241973,15002,2752,2342,1187,2752,2340,1184,98,100,0,501,2783;
@400000005e5380de3831b5e5 #d,-,18,2751,2342,1187,132,0,241657,14982,2752,2343,1187,2751,2340,1184,98,100,0,501,2781;
@400000005e5380e0384282be #d,-,18,2751,2343,1185,133,0,241514,14973,2751,2343,1188,2751,2341,1184,98,100,0,501,2781;
@400000005e5380e0384d125f #d,-,18,2750,2339,1215,134,0,241055,14945,2751,2343,1220,2750,2338,1184,98,100,0,501,2781;
@400000005e5380e2385e0dc9 #d,-,18,2754,2337,1188,134,0,240751,14926,2754,2342,1215,2750,2337,1181,97,100,0,501,2813;
@400000005e5380e2386888ed #d,-,18,2753,2339,1189,135,0,240452,14908,2754,2341,1189,2753,2337,1185,98,100,0,501,2783;
@400000005e5380e4387425b5 #d,-,18,2753,2338,1186,136,0,240320,14899,2753,2340,1189,2753,2337,1185,98,100,0,501,2781;
@400000005e5380e4387ee3e7 #d,-,18,2752,2340,1187,137,0,239867,14871,2753,2340,1189,2752,2337,1185,98,100,0,501,2780;
@400000005e5380e6388ff2e0 #d,-,18,2752,2339,1218,137,0,239592,14854,2752,2341,1219,2752,2338,1184,98,100,0,501,2781;
@400000005e5380e6389ad0bc #d,-,18,2844,2338,1463,138,0,239490,14848,2844,2340,1503,2752,2336,1196,99,100,0,501,2853;
@400000005e5380e838ac8fba #d,-,18,3617,2338,1647,139,0,239884,14872,3617,2339,1686,2844,2336,1462,100,100,0,501,3617;
@400000005e5380e838b751a5 #d,-,18,3839,2339,1658,140,0,239973,14878,3839,2339,1670,3617,2338,1647,99,100,0,501,3860;
@400000005e5380ea38c8ab20 #d,-,18,3841,2335,1660,141,0,240211,14893,3841,2339,1660,3839,2335,1654,98,100,0,501,3887;
@400000005e5380ea38d3747f #d,-,18,3843,2337,1691,143,0,240614,14918,3843,2339,1691,3841,2335,1655,99,100,0,501,3879;
@400000005e5380ec38e4d926 #d,-,18,3849,2339,1662,144,0,240697,14923,3849,2340,1691,3843,2337,1651,98,100,0,501,3908;
@400000005e5380ec38ef3a36 #d,-,18,3851,2337,1659,145,0,240930,14937,3851,2340,1664,3849,2336,1655,99,100,0,501,3883;
@400000005e5380ee39005904 #d,-,18,3851,2340,1664,146,0,241316,14961,3851,2340,1664,3851,2337,1657,99,100,0,501,3879;
@400000005e5380ee390abcdf #d,-,18,3855,2338,1659,147,0,241395,14966,3855,2341,1671,3851,2337,1658,98,100,0,501,3899;
@400000005e5380f0391b37c4 #d,-,18,3856,2339,1687,148,0,241627,14980,3856,2341,1687,3855,2337,1659,99,100,0,501,3885;
@400000005e5380f03925af2e #d,-,18,3861,2338,1660,149,0,241859,14995,3861,2341,1694,3856,2337,1653,98,100,0,501,3922;
@400000005e5380f23936837a #d,-,18,3861,2339,1660,150,0,242230,15018,3861,2341,1662,3861,2338,1659,99,100,0,501,3885;
@400000005e5380f2394116d5 #d,-,18,3864,2341,1658,151,0,242306,15022,3864,2342,1673,3861,2339,1658,99,100,0,501,3899;
@400000005e5380f4395241be #d,-,18,3865,2340,1665,152,0,242524,15036,3865,2343,1665,3864,2339,1658,99,100,0,501,3894;
@400000005e5380f4395d1eac #d,-,18,3866,2342,1677,153,0,242744,15050,3866,2343,1677,3865,2339,1660,99,100,0,501,3897;
@400000005e5380f6396e02ce #d,-,18,3922,2342,1660,154,0,242974,15064,3922,2342,1707,3866,2339,1659,99,100,0,501,3938;
@400000005e5380f639789180 #d,-,18,3871,2342,1666,155,0,243186,15077,3922,2343,1667,3871,2342,1660,99,100,0,501,3897;
@400000005e5380f8398a06eb #d,-,18,3872,2342,1663,157,0,243398,15090,3872,2344,1667,3871,2341,1663,99,100,0,501,3903;
@400000005e5380f8399476e2 #d,-,18,3875,2342,1667,158,0,243760,15113,3875,2344,1685,3872,2341,1663,98,100,0,501,3917;
@400000005e5380fa39a49ee3 #d,-,18,3877,2342,1672,159,0,243825,15117,3877,2344,1672,3875,2341,1667,99,100,0,501,3912;
@400000005e5380fa39afc652 #d,-,18,3882,2343,1665,160,0,244045,15130,3882,2344,1702,3877,2341,1661,98,100,0,501,3942;
@400000005e5380fc39c06c0e #d,-,18,3883,2342,1672,161,1,244252,15143,3883,2344,1672,3882,2341,1665,99,100,0,501,3913;
@400000005e5380fc39cae466 #d,-,18,3884,2343,1669,162,1,244455,15156,3884,2345,1672,3883,2342,1668,99,100,0,501,3915;
@400000005e5380fe39dc73e5 #d,-,18,3886,2343,1673,163,1,244662,15169,3886,2344,1678,3884,2341,1669,99,100,0,501,3919;
@400000005e5380fe39e71ace #d,-,18,3888,2342,1671,164,1,244863,15181,3888,2344,1674,3886,2341,1671,99,100,0,501,3922;
@400000005e53810039efe128 #d,-,18,3893,2343,1664,165,1,245075,15194,3893,2344,1707,3888,2341,1663,98,100,0,501,3942;
@400000005e53810039f37b2a #d,-,18,3750,2344,1444,166,1,245094,15195,3893,2345,1670,3750,2343,1401,97,100,0,501,3837;
@400000005e53810239f8c9f7 #d,-,18,3335,2346,1445,167,1,245072,15194,3750,2346,1446,3335,2344,1438,99,100,0,501,3360;
@400000005e53810239fb81aa #d,-,18,3337,2344,1446,168,1,245048,15193,3337,2347,1447,3335,2343,1433,98,100,0,501,3387;
@400000005e5381043a0a56aa #d,-,18,3340,2346,1472,169,1,245032,15191,3340,2347,1472,3337,2343,1441,98,100,0,501,3388;
@400000005e5381043a1513ee #d,-,18,3463,2343,1471,170,1,245073,15194,3463,2346,1552,3340,2343,1471,99,100,0,501,3465;
@400000005e5381063a21cea1 #d,-,18,3465,2345,1489,171,1,245103,15196,3465,2346,1527,3463,2341,1468,98,100,0,501,3520;
@400000005e5381063a2c696f #d,-,18,3467,2343,1492,172,1,245119,15197,3467,2345,1492,3465,2342,1480,98,100,0,501,3513;
@400000005e5381083a38e025 #d,-,18,3468,2344,1492,173,1,245140,15198,3468,2345,1492,3467,2342,1488,99,100,0,501,3495;
@400000005e5381083a43a211 #d,-,18,3468,2342,1489,174,1,245294,15208,3468,2345,1492,3468,2342,1487,99,100,0,501,3493;
@400000005e53810a3a50aa10 #d,-,18,3469,2344,1487,175,1,245191,15201,3469,2345,1521,3468,2342,1487,99,100,0,501,3499;
@400000005e53810a3a5b2d96 #d,-,18,3471,2343,1488,176,1,245209,15202,3471,2345,1489,3469,2342,1481,98,100,0,501,3515;
@400000005e53810c3a647475 #d,-,18,3470,2344,1486,177,1,245357,15212,3471,2345,1489,3470,2342,1486,99,100,0,501,3490;
@400000005e53810c3a6cb1e7 #d,-,18,3469,2343,1487,178,1,245244,15205,3470,2345,1490,3469,2342,1486,99,100,0,501,3492;
@400000005e53810e3a76e732 #d,-,18,3468,2344,1486,179,1,245262,15206,3469,2345,1490,3468,2342,1486,99,100,0,501,3492;
@400000005e53810e3a7f3479 #d,-,18,3469,2342,1500,180,1,245291,15208,3469,2344,1520,3468,2341,1486,99,100,0,501,3492;
@400000005e5381103a8f4178 #d,-,18,3471,2344,1487,180,1,245436,15217,3471,2345,1500,3469,2341,1481,98,100,0,501,3516;
@400000005e5381103a99f38e #d,-,18,3470,2342,1485,181,1,245324,15210,3471,2345,1489,3470,2342,1485,99,100,0,501,3492;
@400000005e5381123aa34689 #d,-,18,3469,2344,1488,182,1,245341,15211,3470,2345,1490,3469,2342,1485,99,100,0,501,3490;
@400000005e5381123aab2e4d #d,-,18,3469,2342,1487,183,1,245357,15212,3469,2344,1489,3469,2342,1486,99,100,0,501,3490;
@400000005e5381143ac368e8 #d,-,18,3468,2343,1514,184,1,245385,15213,3469,2344,1519,3468,2341,1487,99,100,0,501,3492;
@400000005e5381143ad386ab #d,-,18,3471,2343,1382,185,1,245376,15213,3471,2345,1514,3468,2342,1382,98,100,0,501,3518;
@400000005e5381163ae01d0b #d,-,18,3343,2345,1190,186,1,245296,15208,3471,2345,1596,3343,2342,1190,99,100,0,501,3360;
@400000005e5381163aeaeecc #d,-,18,2874,2346,1186,187,1,245044,15192,3343,2347,1206,2874,2344,1135,96,100,0,501,2993;
@400000005e5381183afb9841 #d,-,18,2713,2348,1099,188,1,244739,15173,2874,2348,1186,2713,2344,1023,98,100,0,501,2760;
@400000005e5381183b061bc7 #d,-,18,2600,2346,1224,188,1,244504,15159,2713,2348,1224,2600,2346,1099,98,100,0,501,2634;
@400000005e53811a3b0f9d52 #d,-,18,2806,2348,1184,189,1,244286,15145,2806,2348,1234,2600,2345,1184,99,100,0,501,2829;
@400000005e53811a3b1a81b4 #d,-,18,2753,2346,1190,190,1,244055,15131,2806,2348,1190,2753,2345,1184,98,100,0,501,2792;
@400000005e53811c3b28f992 #d,-,18,2754,2347,1187,191,1,243828,15117,2754,2348,1192,2753,2346,1187,98,100,0,501,2796;
@400000005e53811c3b3374b6 #d,-,18,2754,2345,1189,191,1,243722,15110,2754,2347,1189,2754,2344,1187,98,100,0,501,2792;
@400000005e53811e3b3ce66d #d,-,18,2755,2347,1225,192,1,243390,15090,2755,2347,1225,2754,2345,1189,98,100,0,501,2794;
@400000005e53811e3b47fef5 #d,-,18,2761,2345,1194,193,1,243177,15077,2761,2348,1226,2755,2345,1187,97,100,0,501,2837;
@400000005e5381203b588d68 #d,-,18,2762,2348,1195,194,1,242964,15063,2762,2348,1197,2761,2344,1193,98,100,0,501,2806;
@400000005e5381203b62e528 #d,-,18,2764,2347,1187,195,1,242749,15050,2764,2348,1195,2762,2345,1187,98,100,0,501,2808;
@400000005e5381223b730a5e #d,-,18,2763,2347,1189,195,1,242534,15037,2764,2348,1189,2763,2345,1186,98,100,0,501,2792;
@400000005e5381223b7d9cca #d,-,18,2763,2346,1211,196,1,242324,15024,2763,2347,1211,2763,2345,1187,98,100,0,501,2792;
@400000005e5381243b8d258a #d,-,18,2766,2348,1187,197,1,242119,15011,2766,2348,1218,2763,2345,1182,98,100,0,501,2822;
@400000005e5381243b9835b1 #d,-,18,2765,2348,1218,198,1,241922,14999,2766,2348,1218,2765,2346,1187,99,100,0,501,2789;
@400000005e538127000e0db2 #d,-,18,2821,2346,1203,198,1,241733,14987,2821,2349,1218,2765,2346,1203,98,100,0,501,2851;
@400000005e53812700189c65 #d,-,18,2818,2347,1202,199,1,241652,14982,2821,2347,1205,2818,2344,1200,99,100,0,501,2835;
@400000005e53812900252025 #d,-,18,2815,2345,1204,200,1,241347,14963,2818,2347,1205,2815,2345,1200,99,100,0,501,2824;
@400000005e538129002f7072 #d,-,18,2813,2346,1195,201,1,241154,14951,2815,2347,1216,2813,2345,1184,99,100,0,501,2835;
@400000005e53812b003feb56 #d,-,18,2806,2345,1186,201,1,240956,14939,2813,2347,1198,2806,2344,1186,100,100,0,501,2806;
@400000005e53812b004b7fbc #d,-,18,2985,2344,1671,202,1,240971,14940,2985,2347,1671,2806,2344,1182,100,100,0,501,2985;
@400000005e53812d005d0054 #d,-,18,3841,2343,1709,203,1,241189,14953,3841,2345,1759,2985,2342,1671,100,100,0,501,3841;
@400000005e53812d0067d215 #d,-,18,3975,2344,1698,205,1,241496,14972,3975,2345,1709,3841,2342,1691,99,100,0,501,3995;
@400000005e53812f007937ab #d,-,18,3977,2343,1695,206,1,241588,14978,3977,2344,1726,3975,2341,1690,99,100,0,501,4013;
@400000005e53812f0083d9ec #d,-,18,3974,2345,1705,207,1,241781,14990,3977,2345,1705,3974,2343,1695,99,100,0,501,3983;
@400000005e53813100951c1e #d,-,18,3974,2344,1696,208,1,241975,15002,3974,2346,1708,3974,2343,1696,99,100,0,501,3993;
@400000005e53813100a018b6 #d,-,18,3973,2345,1714,209,1,242166,15014,3974,2345,1714,3973,2342,1696,99,100,0,501,3986;
@400000005e53813300b1b096 #d,-,18,3974,2345,1700,210,1,242359,15026,3974,2345,1718,3973,2343,1698,99,100,0,501,4004;
@400000005e53813300bc6a20 #d,-,18,3976,2344,1701,211,1,242558,15038,3976,2345,1735,3974,2343,1699,99,100,0,501,4009;
@400000005e53813500cdcbfc #d,-,18,3977,2346,1713,212,1,242854,15056,3977,2346,1713,3976,2343,1701,99,100,0,501,4006;
@400000005e53813500d8c3ec #d,-,18,3979,2344,1701,213,1,242937,15062,3979,2347,1715,3977,2344,1700,99,100,0,501,4011;
@400000005e53813700eaf843 #d,-,18,3978,2346,1707,215,1,243124,15073,3979,2347,1707,3978,2344,1701,99,100,0,501,4001;
@400000005e53813700f6086a #d,-,18,3979,2345,1707,216,1,243417,15091,3979,2347,1709,3978,2343,1706,99,100,0,501,4006;
@400000005e53813901080d41 #d,-,18,3982,2344,1700,217,1,243504,15097,3982,2346,1740,3979,2343,1700,99,100,0,501,4018;
@400000005e538139011290c7 #d,-,18,3985,2345,1707,218,1,243692,15108,3985,2346,1722,3982,2344,1700,98,100,0,501,4033;
@400000005e53813b01238103 #d,-,18,3986,2346,1711,219,1,243875,15120,3986,2346,1711,3985,2344,1706,99,100,0,501,4013;
@400000005e53813b012ed34a #d,-,18,3987,2344,1710,220,1,244162,15138,3987,2346,1712,3986,2344,1709,99,100,0,500,4017;
@400000005e53813d01407aff #d,-,18,3988,2343,1713,221,1,244242,15143,3988,2346,1716,3987,2343,1710,99,100,0,500,4018;
@400000005e53813d014b15ce #d,-,18,3991,2344,1713,222,1,244431,15154,3991,2345,1743,3988,2342,1712,99,100,0,500,4027;
@400000005e53813f015c6f48 #d,-,18,3994,2344,1717,223,1,244609,15165,3994,2344,1717,3991,2342,1707,98,100,0,500,4040;
@400000005e53813f01675851 #d,-,18,3995,2341,1714,224,1,244890,15183,3995,2344,1717,3994,2341,1713,99,100,0,500,4024;
@400000005e5381410178dca3 #d,-,18,3995,2342,1717,226,1,244964,15187,3995,2343,1717,3995,2341,1713,99,100,0,500,4018;
@400000005e53814101838aff #d,-,18,3998,2343,1713,227,1,245145,15199,3998,2344,1735,3995,2341,1713,99,100,0,500,4038;
@400000005e5381430194ebed #d,-,18,3999,2340,1734,228,1,245331,15210,3999,2343,1754,3998,2339,1713,99,100,0,500,4025;
@400000005e538143019f77d4 #d,-,18,4003,2340,1719,229,1,245504,15221,4003,2342,1734,3999,2339,1713,98,100,0,500,4061;
@400000005e53814501a829b1 #d,-,18,4004,2339,1722,230,1,245678,15232,4004,2342,1722,4003,2338,1718,99,100,0,500,4033;
@400000005e53814501abc76d #d,-,18,3904,2344,1310,231,1,245681,15232,4004,2344,1723,3904,2339,1310,98,100,0,500,3981;
@400000005e53814701b1558e #d,-,18,3026,2342,1326,232,1,245563,15224,3904,2344,1326,3026,2341,1288,97,100,0,500,3098;
@400000005e53814701b42489 #d,-,18,3029,2342,1349,233,1,245470,15219,3029,2344,1356,3026,2342,1318,98,100,0,500,3080;
@400000005e53814901c337f0 #d,-,18,3104,2341,1320,234,1,245368,15212,3104,2343,1349,3029,2340,1316,98,100,0,500,3136;
@400000005e53814901cde293 #d,-,18,3100,2342,1321,234,1,245268,15206,3104,2343,1323,3100,2340,1319,99,100,0,500,3104;
@400000005e53814b01dee1b7 #d,-,18,3100,2340,1320,235,1,245179,15201,3100,2342,1363,3100,2340,1319,99,100,0,500,3120;
@400000005e53814b01e93a65 #d,-,18,3101,2342,1346,236,1,245093,15195,3101,2342,1353,3100,2340,1320,98,100,0,500,3139;
@400000005e53814d01f92400 #d,-,18,3103,2339,1379,237,1,245017,15191,3103,2342,1379,3101,2339,1339,98,100,0,500,3155;
@400000005e53814d02045b45 #d,-,18,3155,2340,1347,238,1,244936,15186,3155,2341,1379,3103,2339,1338,99,100,0,500,3184;
@400000005e53814f0213d42f #d,-,18,3151,2340,1345,239,1,244853,15180,3155,2340,1347,3151,2338,1343,99,100,0,500,3153;
@400000005e53814f021e8ea7 #d,-,18,3148,2339,1343,240,1,244771,15175,3151,2341,1346,3148,2339,1343,99,100,0,500,3155;
@400000005e538151022fad75 #d,-,18,3144,2341,1343,240,1,244690,15170,3148,2341,1345,3144,2339,1342,99,100,0,500,3152;
@400000005e538151023a545f #d,-,18,3142,2341,1374,241,1,244614,15166,3144,2341,1374,3142,2339,1343,99,100,0,500,3152;
@400000005e5381530245e152 #d,-,18,3142,2338,1346,242,1,244535,15161,3142,2341,1375,3142,2338,1334,98,100,0,500,3180;
@400000005e5381530250ecd0 #d,-,18,3140,2338,1345,243,1,244456,15156,3142,2340,1348,3140,2338,1340,99,100,0,500,3148;
@400000005e538155025cf2d6 #d,-,18,3137,2339,1342,244,1,244469,15157,3140,2340,1345,3137,2338,1341,99,100,0,500,3148;
@400000005e5381550267a133 #d,-,18,3135,2337,1343,245,1,244390,15152,3137,2339,1345,3135,2337,1342,99,100,0,500,3150;
@400000005e53815702883d93 #d,-,18,3133,2341,1368,246,1,244221,15141,3135,2341,1368,3133,2337,1342,99,100,0,500,3148;
@400000005e538157029e7081 #d,-,18,3135,2339,1338,246,1,244147,15137,3135,2341,1374,3133,2339,1334,98,100,0,500,3182;
@400000005e53815902ad2a7f #d,-,18,3263,2341,1201,247,1,244114,15135,3263,2342,1665,3135,2339,1201,100,100,0,500,3263;
@400000005e53815902b63e26 #d,-,18,2961,2345,1194,248,1,243945,15124,3263,2346,1214,2961,2341,1166,95,100,0,500,3091;
@400000005e53815b02bf6dbd #d,-,18,2797,2344,1209,249,1,243784,15114,2961,2346,1214,2797,2343,1191,98,100,0,500,2829;
@400000005e53815b02c7593a #d,-,18,2798,2344,1220,250,1,243626,15104,2798,2346,1220,2797,2344,1207,98,100,0,500,2844;
@400000005e53815d02d75398 #d,-,18,2803,2345,1210,251,1,243565,15101,2803,2347,1241,2798,2344,1201,97,100,0,500,2870;
@400000005e53815d02e1b3ba #d,-,18,2803,2345,1202,251,1,243405,15091,2803,2345,1210,2803,2343,1200,98,100,0,500,2838;
@400000005e53815f02ea71b2 #d,-,18,2802,2344,1202,252,1,243155,15075,2803,2345,1205,2802,2342,1201,99,100,0,500,2828;
@400000005e53815f02f195e2 #d,-,18,2801,2344,1192,253,1,242993,15065,2802,2345,1203,2801,2343,1192,99,100,0,500,2824;
@400000005e53816103027290 #d,-,18,2797,2343,1204,254,1,242832,15055,2801,2345,1204,2797,2343,1191,99,100,0,500,2808;
@400000005e538161030cc2dc #d,-,18,2800,2345,1195,254,1,242679,15046,2800,2345,1230,2797,2342,1187,98,100,0,500,2846;
@400000005e53816303160d75 #d,-,18,2797,2345,1196,255,1,242521,15036,2800,2345,1201,2797,2344,1195,99,100,0,500,2813;
@400000005e5381630320e798 #d,-,18,2795,2343,1188,256,1,242450,15031,2797,2346,1198,2795,2343,1188,99,100,0,500,2815;
@400000005e538165032e4900 #d,-,18,2791,2346,1195,257,1,242290,15022,2795,2346,1196,2791,2342,1187,99,100,0,500,2797;
@400000005e5381650338a1ae #d,-,18,2788,2341,1194,257,1,242044,15006,2791,2346,1195,2788,2341,1191,99,100,0,500,2805;
@400000005e5381670343c91d #d,-,18,2789,2342,1189,258,1,241894,14997,2789,2343,1224,2788,2341,1186,98,100,0,500,2824;
@400000005e538167034ee0b8 #d,-,18,2787,2343,1195,259,1,241738,14987,2789,2343,1195,2787,2341,1189,99,100,0,500,2808;
@400000005e5381690357fcc0 #d,-,18,2785,2341,1184,260,1,241582,14978,2787,2344,1196,2785,2341,1184,99,100,0,500,2803;
@400000005e53816903634f06 #d,-,18,2780,2345,1191,261,1,241424,14968,2785,2345,1191,2780,2341,1184,99,100,0,500,2787;
@400000005e53816b0370a541 #d,-,18,2778,2347,1187,261,1,241269,14958,2780,2347,1192,2778,2344,1185,99,100,0,500,2794;
@400000005e53816b037b86d7 #d,-,18,2778,2344,1181,262,1,241207,14954,2778,2347,1218,2778,2344,1181,99,100,0,500,2805;
@400000005e53816d038d2d9e #d,-,18,2996,2339,1658,263,1,241226,14956,2996,2347,1658,2778,2336,1181,100,100,0,500,2996;
@400000005e53816d03985154 #d,-,18,3821,2338,1680,264,1,241288,14959,3821,2340,1723,2996,2338,1658,100,100,0,500,3821;
@400000005e53816f03a45fbb #d,-,18,3935,2340,1690,265,1,241437,14969,3935,2340,1707,3821,2337,1680,99,100,0,500,3951;
@400000005e53816f03afc1d6 #d,-,18,3936,2339,1688,266,1,241579,14977,3936,2340,1691,3935,2337,1687,99,100,0,500,3968;
@400000005e53817103c19f90 #d,-,18,3937,2339,1685,267,1,241731,14987,3937,2340,1723,3936,2338,1685,99,100,0,500,3967;
@400000005e53817103ccabfd #d,-,18,3939,2340,1688,268,1,241872,14996,3939,2341,1694,3937,2339,1680,98,100,0,500,3981;
@400000005e53817303de8e5f #d,-,18,3940,2338,1687,270,1,242098,15010,3940,2341,1699,3939,2338,1687,99,100,0,500,3970;
@400000005e53817303e98eb1 #d,-,18,3941,2341,1693,271,1,242240,15018,3941,2341,1696,3940,2338,1686,99,100,0,500,3963;
@400000005e53817503fb68b1 #d,-,18,3942,2339,1694,272,1,242301,15022,3942,2341,1706,3941,2339,1692,99,100,0,500,3976;
@400000005e53817504066549 #d,-,18,3944,2341,1704,273,1,242449,15031,3944,2341,1726,3942,2339,1691,99,100,0,500,3974;
@400000005e5381770416b90f #d,-,18,3949,2339,1695,274,1,242593,15040,3949,2341,1710,3944,2339,1693,98,100,0,500,4009;
@400000005e5381770421c57d #d,-,18,3950,2338,1699,275,1,242733,15049,3950,2340,1700,3949,2338,1692,99,100,0,500,3983;
@400000005e538179042cc5cf #d,-,18,3951,2339,1697,276,1,242874,15058,3951,2339,1704,3950,2337,1696,99,100,0,500,3979;
@400000005e5381790432c4a0 #d,-,18,3953,2339,1702,277,1,243017,15067,3953,2341,1710,3951,2338,1696,99,100,0,500,3986;
@400000005e53817b044212b3 #d,-,18,3955,2340,1724,278,1,243245,15081,3955,2341,1736,3953,2338,1694,99,100,0,500,3988;
@400000005e53817b044cdfcc #d,-,18,3959,2338,1702,279,1,243384,15089,3959,2340,1724,3955,2337,1694,98,100,0,500,4013;
@400000005e53817d0458ea7a #d,-,18,3961,2339,1691,281,1,243525,15098,3961,2339,1722,3959,2336,1691,99,100,0,500,3997;
@400000005e53817d04641d16 #d,-,18,3962,2336,1704,282,1,243582,15102,3962,2340,1711,3961,2335,1682,99,100,0,500,3993;
@400000005e53817f0475c4cb #d,-,18,3964,2337,1711,283,1,243721,15110,3964,2339,1711,3962,2336,1704,99,100,0,500,4001;
@400000005e53817f0480d8ac #d,-,18,3966,2337,1737,284,1,243865,15119,3966,2337,1737,3964,2335,1707,99,100,0,500,3999;
@400000005e53818104920ec2 #d,-,18,3970,2335,1710,285,1,244003,15128,3970,2339,1737,3966,2335,1702,98,100,0,500,4027;
@400000005e538181049d2ebe #d,-,18,3972,2339,1709,286,1,244141,15136,3972,2339,1717,3970,2335,1708,99,100,0,500,4001;
@400000005e53818304aec69e #d,-,18,3973,2338,1708,287,1,244277,15145,3973,2339,1712,3972,2337,1705,99,100,0,500,4006;
@400000005e53818304b9888a #d,-,18,3974,2337,1711,288,1,244492,15158,3974,2339,1712,3973,2336,1707,99,100,0,500,4001;
@400000005e53818504c7f094 #d,-,18,3872,2337,1515,289,1,244458,15156,3974,2338,1711,3872,2336,1438,98,100,0,500,3942;
@400000005e53818504d33e32 #d,-,18,3439,2335,1476,290,1,244465,15156,3872,2339,1515,3439,2335,1468,98,100,0,500,3474;
@400000005e53818704e34004 #d,-,18,3437,2336,1476,291,1,244470,15157,3439,2337,1478,3437,2334,1475,99,100,0,500,3452;
@400000005e53818704ee7faa #d,-,18,3508,2336,1536,292,1,244512,15159,3508,2336,1563,3437,2335,1476,99,100,0,500,3516;
@400000005e53818904ffff54 #d,-,18,3591,2337,1553,293,1,244560,15162,3591,2337,1581,3508,2335,1535,99,100,0,500,3614;
@400000005e538189050ad976 #d,-,18,3594,2336,1579,294,1,244605,15165,3594,2337,1579,3591,2336,1541,98,100,0,500,3645;
@400000005e53818b051baa09 #d,-,18,3598,2336,1550,295,1,244653,15168,3598,2337,1584,3594,2335,1541,98,100,0,500,3655;
@400000005e53818b05266bf5 #d,-,18,3598,2339,1550,296,1,244697,15171,3598,2339,1551,3598,2336,1546,99,100,0,500,3623;
@400000005e53818d0537d8fe #d,-,18,3599,2337,1548,297,1,244741,15173,3599,2339,1550,3598,2336,1547,99,100,0,500,3629;
@400000005e53818d0542bd5f #d,-,18,3599,2335,1549,298,1,244783,15176,3599,2339,1550,3599,2335,1545,99,100,0,500,3625;
@400000005e53818f05513cb1 #d,-,18,3599,2338,1568,299,1,244905,15184,3599,2338,1568,3599,2335,1546,99,100,0,500,3627;
@400000005e53818f055c77af #d,-,18,3603,2336,1549,300,1,244875,15182,3603,2339,1579,3599,2336,1542,98,100,0,500,3655;
@400000005e53819105681831 #d,-,18,3603,2337,1551,301,1,244917,15184,3603,2338,1551,3603,2336,1547,99,100,0,500,3623;
@400000005e53819105736304 #d,-,18,3602,2336,1548,302,1,244958,15187,3603,2338,1552,3602,2335,1545,99,100,0,500,3625;
@400000005e538193058170b7 #d,-,18,3602,2336,1548,303,1,245000,15190,3602,2337,1552,3602,2335,1547,99,100,0,500,3625;
@400000005e538193058c1a6c #d,-,18,3602,2336,1555,304,1,245042,15192,3602,2338,1555,3602,2336,1548,99,100,0,500,3625;
@400000005e538195059bda1e #d,-,18,3606,2336,1546,305,1,245089,15195,3606,2337,1582,3602,2335,1540,98,100,0,500,3657;
@400000005e53819505a718d6 #d,-,18,3605,2338,1549,306,1,245129,15198,3606,2339,1551,3605,2336,1543,99,100,0,500,3625;
@400000005e53819705b42937 #d,-,18,3604,2336,1547,307,1,245171,15200,3605,2338,1554,3604,2335,1547,99,100,0,500,3625;
@400000005e53819705bf0625 #d,-,18,3604,2334,1548,308,1,245211,15203,3604,2338,1549,3604,2334,1544,99,100,0,500,3629;
@400000005e53819905cfbf6f #d,-,18,3603,2339,1231,309,1,245270,15206,3604,2339,1553,3603,2334,1231,99,100,0,500,3625;
@400000005e53819905da048f #d,-,18,3329,2336,1174,310,1,245220,15203,3603,2339,1646,3329,2336,1161,98,100,0,500,3395;
@400000005e53819b05ea1901 #d,-,18,2788,2339,1095,311,1,244996,15189,3329,2339,1205,2788,2336,1095,96,100,0,500,2892;
@400000005e53819b05f538fd #d,-,18,2662,2334,1191,311,1,244843,15180,2788,2339,1235,2662,2334,1047,98,100,0,500,2691;
@400000005e53819d060453d7 #d,-,18,2783,2336,1199,312,1,244704,15171,2783,2336,1205,2662,2330,1191,98,100,0,500,2822;
@400000005e53819d060f1209 #d,-,18,2782,2335,1237,313,1,244577,15163,2783,2336,1242,2782,2334,1199,99,100,0,500,2810;
@400000005e53819f061f9460 #d,-,18,2868,2335,1195,314,1,244452,15156,2868,2336,1248,2782,2333,1195,99,100,0,500,2892;
@400000005e53819f062a142c #d,-,18,2791,2335,1198,315,1,244318,15147,2868,2337,1208,2791,2334,1195,98,100,0,500,2833;
@400000005e5381a1063762f3 #d,-,18,2789,2336,1197,315,1,244182,15139,2791,2336,1200,2789,2334,1197,99,100,0,500,2810;
@400000005e5381a10641be6d #d,-,18,2786,2335,1198,316,1,244047,15130,2789,2337,1199,2786,2334,1196,99,100,0,500,2806;
@400000005e5381a3064efd5f #d,-,18,2785,2336,1198,317,1,243912,15122,2786,2337,1199,2785,2334,1197,99,100,0,500,2805;
@400000005e5381a3065a2115 #d,-,18,2785,2335,1191,318,1,243786,15114,2785,2336,1231,2785,2333,1191,98,100,0,500,2817;
@400000005e5381a5066b386f #d,-,18,2785,2335,1198,318,1,243652,15106,2785,2336,1201,2785,2334,1190,98,100,0,500,2822;
@400000005e5381a50675c368 #d,-,18,2783,2334,1198,319,1,243520,15098,2785,2336,1199,2783,2333,1197,99,100,0,500,2805;
@400000005e5381a706851ca8 #d,-,18,2782,2335,1196,320,1,243388,15090,2783,2335,1199,2782,2333,1196,99,100,0,500,2805;
@400000005e5381a7068f61c8 #d,-,18,2780,2336,1198,321,1,243258,15082,2782,2337,1200,2780,2334,1196,99,100,0,500,2805;
@400000005e5381a9069f4036 #d,-,18,2780,2335,1198,321,1,243134,15074,2780,2337,1228,2780,2334,1196,99,100,0,500,2808;
@400000005e5381a906aa6032 #d,-,18,2781,2336,1196,322,2,243004,15066,2781,2337,1199,2780,2335,1190,98,100,0,500,2826;
@400000005e5381ab06bafd8c #d,-,18,2780,2336,1196,323,2,242875,15058,2781,2337,1199,2780,2334,1196,99,100,0,500,2803;
@400000005e5381ab06c5a475 #d,-,18,2778,2333,1196,324,2,242817,15054,2780,2336,1198,2778,2333,1196,99,100,0,500,2803;
@400000005e5381ad06d7400f #d,-,18,2777,2336,1198,324,2,242620,15042,2778,2336,1198,2777,2333,1196,99,100,0,500,2803;
@400000005e5381ad06e27b0d #d,-,18,2947,2332,1504,325,2,242610,15041,2947,2337,1583,2777,2332,1197,100,100,0,500,2947;
@400000005e5381af06f40407 #d,-,18,3770,2333,1696,327,2,242726,15049,3770,2333,1731,2947,2331,1504,99,100,0,500,3771;
@400000005e5381af06ff42bf #d,-,18,3949,2332,1700,328,2,242847,15056,3949,2334,1718,3770,2332,1696,99,100,0,500,3968;
@400000005e5381b1071093d7 #d,-,18,3949,2333,1701,329,2,242962,15063,3949,2334,1702,3949,2331,1697,99,100,0,500,3976;
@400000005e5381b1071b98d1 #d,-,18,3949,2332,1701,330,2,243078,15070,3949,2334,1704,3949,2331,1698,99,100,0,500,3972;
@400000005e5381b307294fe7 #d,-,18,3949,2331,1733,331,2,243199,15078,3949,2332,1737,3949,2331,1698,99,100,0,500,3972;
@400000005e5381b30734e53c #d,-,18,3953,2330,1711,332,2,243314,15085,3953,2333,1733,3949,2330,1693,98,100,0,500,4002;
@400000005e5381b507430df1 #d,-,18,3955,2330,1702,333,2,243429,15092,3955,2332,1711,3953,2330,1699,99,100,0,500,3992;
@400000005e5381b5074e550a #d,-,18,3954,2332,1706,334,2,243612,15103,3955,2332,1708,3954,2330,1701,99,100,0,500,3976;
@400000005e5381b7075d600f #d,-,18,3955,2330,1720,335,2,243658,15106,3955,2332,1720,3954,2329,1699,99,100,0,500,3981;
@400000005e5381b707685534 #d,-,18,3957,2330,1739,336,2,243843,15118,3957,2332,1739,3955,2329,1692,99,100,0,500,3995;
@400000005e5381b9077610f2 #d,-,18,3960,2331,1692,337,2,243952,15125,3960,2331,1745,3957,2329,1669,98,100,0,500,4002;
@400000005e5381b907817a81 #d,-,18,3957,2331,1699,339,2,243993,15127,3960,2332,1714,3957,2330,1670,99,100,0,500,3960;
@400000005e5381bb0792897a #d,-,18,3957,2331,1715,340,2,244109,15134,3957,2332,1721,3957,2330,1699,99,100,0,500,3974;
@400000005e5381bb079e2642 #d,-,18,3960,2332,1708,341,2,244221,15141,3960,2333,1720,3957,2330,1694,98,100,0,500,4001;
@400000005e5381bd07acf789 #d,-,18,3961,2331,1743,342,2,244338,15148,3961,2332,1743,3960,2330,1701,99,100,0,500,3993;
@400000005e5381bd07b807b0 #d,-,18,3966,2331,1708,343,2,244453,15156,3966,2332,1750,3961,2330,1706,98,100,0,500,4025;
@400000005e5381bf07c9ae77 #d,-,18,3968,2333,1710,344,2,244566,15163,3968,2333,1721,3966,2330,1702,99,100,0,500,4001;
@400000005e5381bf07d4e5bb #d,-,18,3969,2332,1715,345,2,244678,15170,3969,2333,1718,3968,2332,1708,99,100,0,500,4001;
@400000005e5381c107e587bd #d,-,18,3970,2330,1714,346,2,244789,15176,3970,2332,1718,3969,2329,1710,99,100,0,500,4002;
@400000005e5381c107f04d62 #d,-,18,3971,2333,1741,347,2,244970,15188,3971,2334,1741,3970,2330,1706,99,100,0,500,4001;
@400000005e5381c307fe5ecf #d,-,18,3977,2331,1702,349,2,245016,15191,3977,2333,1747,3971,2331,1701,98,100,0,500,4036;
@400000005e5381c308098285 #d,-,18,3978,2333,1713,350,2,245130,15198,3978,2333,1733,3977,2331,1702,99,100,0,500,4009;
@400000005e5381c50817717c #d,-,18,3980,2331,1725,351,2,245242,15205,3980,2333,1725,3978,2330,1713,99,100,0,500,4009;
@400000005e5381c508222393 #d,-,18,3979,2333,1467,352,2,245300,15208,3980,2334,1725,3979,2331,1461,99,100,0,500,4013;
@400000005e5381c7083370f1 #d,-,18,3466,2331,1494,353,2,245307,15209,3979,2334,1496,3466,2331,1467,98,100,0,500,3531;
@400000005e5381c7083e3697 #d,-,18,3468,2333,1559,354,2,245328,15210,3468,2334,1559,3466,2331,1481,98,100,0,500,3513;
@400000005e5381c9084e09d8 #d,-,18,3582,2331,1550,355,2,245366,15212,3582,2333,1575,3468,2331,1550,99,100,0,500,3595;
@400000005e5381c90858a0ec #d,-,18,3639,2332,1548,356,2,245474,15219,3639,2332,1596,3582,2331,1547,99,100,0,500,3659;
@400000005e5381cb08692ab7 #d,-,18,3636,2330,1562,357,2,245449,15217,3639,2332,1567,3636,2329,1548,99,100,0,500,3646;
@400000005e5381cb08748cd3 #d,-,18,3634,2332,1563,358,2,245551,15224,3636,2333,1563,3634,2330,1557,99,100,0,500,3650;
@400000005e5381cd088513d2 #d,-,18,3637,2332,1556,359,2,245529,15222,3637,2333,1592,3634,2331,1552,99,100,0,500,3673;
@400000005e5381cd088fe0eb #d,-,18,3634,2332,1560,360,2,245567,15225,3637,2333,1564,3634,2331,1556,99,100,0,500,3648;
@400000005e5381cf08a07318 #d,-,18,3633,2331,1560,361,2,245605,15227,3634,2333,1562,3633,2331,1558,99,100,0,500,3646;
@400000005e5381cf08ab4892 #d,-,18,3631,2330,1560,362,2,245642,15229,3633,2332,1562,3631,2330,1560,99,100,0,500,3646;
@400000005e5381d108ba86d0 #d,-,18,3630,2332,1561,363,2,245679,15232,3631,2332,1562,3630,2330,1559,99,100,0,500,3645;
@400000005e5381d108c53173 #d,-,18,3632,2330,1554,364,2,245721,15234,3632,2332,1591,3630,2330,1552,99,100,0,500,3666;
@400000005e5381d308d5086e #d,-,18,3631,2331,1561,365,2,245757,15236,3632,2332,1563,3631,2329,1554,99,100,0,500,3653;
@400000005e5381d308e06e43 #d,-,18,3629,2330,1558,366,2,245794,15239,3631,2332,1564,3629,2330,1558,99,100,0,500,3643;
@400000005e5381d508f0b9a8 #d,-,18,3628,2330,1560,367,2,245829,15241,3629,2331,1563,3628,2329,1558,99,100,0,500,3645;
@400000005e5381d508fc1450 #d,-,18,3626,2328,1561,368,2,245928,15247,3628,2331,1561,3626,2328,1558,99,100,0,500,3643;
@400000005e5381d7090d8513 #d,-,18,3628,2328,1553,369,2,245969,15250,3628,2329,1591,3626,2327,1553,99,100,0,500,3655;
@400000005e5381d709185e47 #d,-,18,3628,2330,1559,370,2,246003,15252,3628,2331,1563,3628,2328,1553,99,100,0,500,3657;
@400000005e5381d90928ba70 #d,-,18,3626,2328,1561,371,2,245976,15250,3628,2330,1562,3626,2327,1559,99,100,0,500,3643;
@400000005e5381d909336424 #d,-,18,3625,2329,1462,372,2,246003,15252,3626,2329,1563,3625,2326,1462,99,100,0,500,3643;
@400000005e5381db09441d6f #d,-,18,3269,2329,1670,373,2,245962,15249,3625,2332,1670,3269,2329,1281,97,100,0,500,3349;
@400000005e5381db094e761d #d,-,18,3269,2329,1209,374,2,245878,15244,3269,2331,1670,3269,2329,1200,97,100,0,500,3354;
@400000005e5381dd095eb29b #d,-,18,2809,2333,1032,374,2,245737,15235,3269,2333,1232,2809,2328,1028,98,100,0,500,2838;
@400000005e5381dd09698f89 #d,-,18,2570,2331,1167,375,2,245604,15227,2809,2333,1218,2570,2330,1032,98,100,0,500,2609;
@400000005e5381df0979d734 #d,-,18,2735,2332,1204,376,2,245490,15220,2735,2333,1237,2570,2331,1167,98,100,0,500,2769;
@400000005e5381df09844f8d #d,-,18,2741,2329,1202,377,2,245368,15212,2741,2332,1204,2735,2328,1186,97,100,0,500,2822;
@400000005e5381e109921eda #d,-,18,2744,2330,1205,377,2,245256,15205,2744,2331,1225,2741,2328,1200,98,100,0,500,2797;
@400000005e5381e1099c928a #d,-,18,2749,2327,1198,378,2,245199,15202,2749,2330,1205,2744,2327,1189,97,100,0,500,2819;
@400000005e5381e309a96397 #d,-,18,2751,2328,1195,379,2,245020,15191,2751,2329,1199,2749,2327,1195,98,100,0,500,2797;
@400000005e5381e309b47b31 #d,-,18,2752,2331,1197,380,2,244903,15184,2752,2331,1197,2751,2328,1195,98,100,0,500,2794;
@400000005e5381e509c4cef8 #d,-,18,2753,2329,1196,380,2,244786,15176,2753,2331,1198,2752,2329,1194,98,100,0,500,2794;
@400000005e5381e509cf4662 #d,-,18,2754,2330,1220,381,2,244677,15169,2754,2330,1229,2753,2328,1195,98,100,0,500,2794;
@400000005e5381e709df4bee #d,-,18,2758,2328,1195,382,2,244560,15162,2758,2330,1220,2754,2328,1189,97,100,0,500,2821;
@400000005e5381e709e9a49c #d,-,18,2759,2327,1195,383,2,244445,15155,2759,2329,1196,2758,2327,1194,98,100,0,500,2792;
@400000005e5381e909f9644e #d,-,18,2758,2331,1196,383,2,244330,15148,2759,2331,1196,2758,2327,1194,98,100,0,500,2792;
@400000005e5381e90a03c470 #d,-,18,2759,2329,1195,384,2,244216,15141,2759,2331,1197,2758,2329,1194,98,100,0,500,2792;
@400000005e5381eb0a137f7a #d,-,18,2759,2330,1226,385,2,244108,15134,2759,2330,1228,2759,2328,1194,98,100,0,500,2792;
@400000005e5381eb0a1e9f76 #d,-,18,2762,2331,1196,386,2,243995,15127,2762,2331,1226,2759,2330,1188,97,100,0,500,2822;
@400000005e5381ed0a2cdbba #d,-,18,2762,2330,1196,386,2,243883,15120,2762,2331,1197,2762,2329,1194,98,100,0,500,2792;
@400000005e5381ed0a3762f9 #d,-,18,2762,2330,1196,387,2,243831,15117,2762,2331,1196,2762,2329,1194,98,100,0,500,2794;
@400000005e5381ef0a482fd2 #d,-,18,2762,2327,1250,388,2,243663,15107,2762,2330,1250,2762,2326,1195,98,100,0,500,2792;
@400000005e5381ef0a5324f7 #d,-,18,3104,2326,1748,389,2,243698,15109,3104,2327,1748,2762,2324,1250,100,100,0,500,3104;
@400000005e5381f10a625719 #d,-,18,3869,2327,1717,390,2,243852,15118,3869,2327,1748,3104,2326,1679,100,100,0,500,3869;
@400000005e5381f10a6e6580 #d,-,18,3956,2326,1700,391,2,243889,15121,3956,2327,1718,3869,2326,1700,99,100,0,500,3976;
@400000005e5381f30a7f3613 #d,-,18,3953,2329,1701,392,2,243982,15126,3956,2329,1706,3953,2325,1692,99,100,0,500,3961;
@400000005e5381f30a8afdb2 #d,-,18,3952,2330,1696,393,2,244076,15132,3953,2331,1705,3952,2329,1692,99,100,0,500,3965;
@400000005e5381f50a9bb255 #d,-,18,3952,2331,1721,394,2,244173,15138,3952,2332,1725,3952,2330,1694,99,100,0,500,3968;
@400000005e5381f50aa7208c #d,-,18,3953,2333,1706,395,2,244267,15144,3953,2333,1721,3952,2331,1695,99,100,0,500,3990;
@400000005e5381f70ab88179 #d,-,18,3954,2330,1713,397,2,244362,15150,3954,2333,1715,3953,2330,1694,99,100,0,500,3976;
@400000005e5381f70ac3a52f #d,-,18,3955,2333,1699,398,2,244455,15156,3955,2333,1713,3954,2330,1697,99,100,0,500,3986;
@400000005e5381f90ad3be49 #d,-,18,3955,2333,1705,399,2,244549,15162,3955,2333,1707,3955,2332,1699,99,100,0,500,3977;
@400000005e5381f90adf4b3c #d,-,18,3955,2335,1728,400,2,244646,15168,3955,2335,1728,3955,2332,1696,99,100,0,500,3979;
@400000005e5381fb0aefbead #d,-,18,3961,2333,1701,401,2,244742,15174,3961,2335,1740,3955,2333,1698,98,100,0,500,4027;
@400000005e5381fb0afa880c #d,-,18,3961,2335,1705,402,2,244837,15179,3961,2335,1708,3961,2332,1701,99,100,0,500,3983;
@400000005e5381fd0b0a37e9 #d,-,18,3962,2334,1708,403,2,244989,15189,3962,2335,1721,3961,2334,1703,99,100,0,500,3988;
@400000005e5381fd0b15bc7a #d,-,18,3964,2333,1711,404,2,245025,15191,3964,2334,1712,3962,2333,1699,99,100,0,500,4001;
@400000005e5381ff0b278020 #d,-,18,3965,2336,1714,405,2,245119,15197,3965,2336,1714,3964,2333,1699,99,100,0,500,3995;
@400000005e5381ff0b329f2e #d,-,18,3970,2334,1708,406,2,245217,15203,3970,2336,1737,3965,2333,1706,98,100,0,500,4022;
@400000005e5382010b441fc5 #d,-,18,3970,2335,1710,408,2,245310,15209,3970,2335,1714,3970,2333,1705,99,100,0,500,3999;
@400000005e5382010b4f4f97 #d,-,18,3972,2334,1709,409,2,245404,15215,3972,2336,1717,3970,2333,1709,99,100,0,500,4004;
@400000005e5382030b5eeaf6 #d,-,18,3972,2336,1708,410,2,245496,15220,3972,2336,1711,3972,2334,1703,99,100,0,500,3997;
@400000005e5382030b6a037f #d,-,18,3973,2335,1704,411,2,245588,15226,3973,2337,1714,3972,2335,1704,99,100,0,500,4001;
@400000005e5382050b7a8990 #d,-,18,3977,2333,1702,412,2,245684,15232,3977,2335,1744,3973,2333,1701,98,100,0,500,4024;
@400000005e5382050b85a12a #d,-,18,3978,2334,1717,413,2,245833,15241,3978,2334,1717,3977,2333,1702,99,100,0,500,4008;
@400000005e5382070b94dbaf #d,-,18,3980,2332,1709,414,2,245870,15243,3980,2334,1728,3978,2332,1709,99,100,0,500,4017;
@400000005e5382070b9f6b50 #d,-,18,3799,2337,1500,415,2,245889,15245,3980,2337,1710,3799,2332,1443,97,100,0,500,3879;
@400000005e5382090bb02c0d #d,-,18,3447,2336,1494,416,2,245948,15248,3799,2338,1500,3447,2336,1473,99,100,0,500,3467;
@400000005e5382090bbb0541 #d,-,18,3451,2337,1521,417,2,245905,15246,3451,2338,1522,3447,2335,1492,98,100,0,500,3502;
@400000005e53820b0bcc6e91 #d,-,18,3553,2335,1540,418,2,245932,15247,3553,2337,1552,3451,2335,1521,99,100,0,500,3575;
@400000005e53820b0bd753e0 #d,-,18,3635,2337,1539,419,2,245967,15249,3635,2337,1600,3553,2335,1538,99,100,0,500,3650;
@400000005e53820d0be8cc16 #d,-,18,3629,2335,1554,420,2,245995,15251,3635,2337,1555,3629,2335,1539,100,100,0,500,3629;
@400000005e53820d0bf3bc93 #d,-,18,3627,2336,1547,421,2,246024,15253,3629,2337,1554,3627,2335,1546,99,100,0,500,3636;
@400000005e53820f0c0540e5 #d,-,18,3626,2335,1547,422,2,246058,15255,3627,2337,1583,3626,2335,1547,99,100,0,500,3641;
@400000005e53820f0c1070b6 #d,-,18,3626,2361,1535,423,2,246086,15257,3626,2362,1555,3626,2335,1526,99,100,0,500,3653;
@400000005e5382110c2154d7 #d,-,18,3623,2361,1537,424,2,246170,15262,3626,2361,1539,3623,2360,1535,99,100,0,500,3630;
@400000005e5382110c2bf719 #d,-,18,3621,2360,1536,425,2,246198,15264,3623,2361,1537,3621,2359,1533,99,100,0,500,3632;
@400000005e5382130c3aad5d #d,-,18,3619,2363,1534,426,2,246171,15262,3621,2363,1536,3619,2359,1534,99,100,0,500,3630;
@400000005e5382130c460ad1 #d,-,18,3619,2362,1536,427,2,246205,15264,3619,2363,1565,3619,2361,1533,99,100,0,500,3637;
@400000005e5382150c56114b #d,-,18,3620,2363,1534,428,2,246232,15266,3620,2363,1536,3619,2361,1528,98,100,0,500,3657;
@400000005e5382150c60d337 #d,-,18,3616,2363,1467,429,2,246243,15267,3620,2363,1535,3616,2362,1453,99,100,0,500,3625;
@400000005e5382170c721cdc #d,-,18,3439,2364,1467,430,2,246246,15267,3616,2365,1471,3439,2362,1467,99,100,0,500,3472;
@400000005e5382170c7cf9ca #d,-,18,3440,2360,1513,431,2,246251,15267,3440,2365,1513,3439,2360,1467,98,100,0,500,3477;
@400000005e5382190c8e4f8a #d,-,18,3562,2361,1553,432,2,246285,15269,3562,2362,1566,3440,2358,1513,99,100,0,500,3572;
@400000005e5382190c992505 #d,-,18,3626,2361,1531,433,2,246311,15271,3626,2363,1553,3562,2359,1525,99,100,0,500,3655;
@400000005e53821b0cade548 #d,-,18,3623,2360,1537,434,2,246339,15273,3626,2363,1537,3623,2360,1531,99,100,0,500,3630;
@400000005e53821b0cbae98e #d,-,18,3621,2362,1399,435,2,246355,15274,3623,2362,1537,3621,2358,1399,99,100,0,500,3632;
@400000005e53821d0ccab46d #d,-,18,3257,2359,1386,436,2,246389,15276,3621,2362,1629,3257,2359,1271,98,100,0,500,3321;
@400000005e53821d0cd52464 #d,-,18,3153,2359,1217,437,2,246290,15270,3257,2359,1386,3153,2356,1161,96,100,0,500,3251;
@400000005e53821f0ce4bc0a #d,-,18,2738,2360,1195,437,2,246180,15263,3153,2361,1218,2738,2359,1077,98,100,0,500,2787;
@400000005e53821f0cef04e3 #d,-,18,2802,2361,1190,438,2,246078,15256,2802,2362,1195,2738,2359,1184,99,100,0,500,2824;
@400000005e5382210cfe9d78 #d,-,18,2799,2364,1189,439,2,245925,15247,2802,2364,1191,2799,2361,1188,99,100,0,500,2819;
@400000005e5382210d095702 #d,-,18,2797,2361,1188,440,2,245825,15241,2799,2364,1191,2797,2361,1188,99,100,0,500,2819;
@400000005e5382230d19701c #d,-,18,2796,2364,1220,441,2,245729,15235,2797,2364,1220,2796,2361,1188,99,100,0,500,2817;
@400000005e5382230d23e875 #d,-,18,2797,2363,1189,441,2,245630,15229,2797,2365,1220,2796,2363,1179,98,100,0,500,2844;
@400000005e5382250d345384 #d,-,18,2795,2364,1187,442,2,245531,15222,2797,2364,1189,2795,2362,1185,99,100,0,500,2813;
@400000005e5382250d3e9041 #d,-,18,2793,2363,1188,443,2,245432,15216,2795,2365,1189,2793,2363,1186,99,100,0,500,2813;
@400000005e5382270d4f2628 #d,-,18,2791,2362,1187,444,2,245334,15210,2793,2364,1189,2791,2362,1186,99,100,0,500,2815;
@400000005e5382270d598290 #d,-,18,2790,2364,1218,444,2,245239,15204,2791,2365,1218,2790,2361,1186,99,100,0,500,2815;
@400000005e5382290d6965a6 #d,-,18,2792,2361,1190,445,2,245143,15198,2792,2365,1219,2790,2361,1181,98,100,0,500,2844;
@400000005e5382290d748d15 #d,-,18,2790,2363,1188,446,2,245046,15192,2792,2363,1190,2790,2361,1187,99,100,0,500,2812;
@400000005e53822b0d852e28 #d,-,18,2789,2361,1188,447,2,244949,15186,2790,2364,1189,2789,2361,1186,99,100,0,500,2813;
@400000005e53822b0d8fa681 #d,-,18,2788,2359,1188,448,2,244852,15180,2789,2361,1190,2788,2359,1187,99,100,0,500,2813;
@400000005e53822d0d9f901c #d,-,18,2787,2362,1211,448,2,244758,15175,2788,2363,1211,2787,2359,1187,99,100,0,500,2813;
@400000005e53822d0da9e157 #d,-,18,2789,2360,1186,449,2,244665,15169,2789,2362,1218,2787,2360,1182,98,100,0,500,2844;
@400000005e53822f0dbb55d3 #d,-,18,2786,2358,1188,450,2,244566,15163,2789,2360,1188,2786,2358,1176,99,100,0,500,2799;
@400000005e53822f0dc61f33 #d,-,18,2784,2360,1184,451,2,244470,15157,2786,2360,1189,2784,2358,1183,99,100,0,500,2803;
@400000005e5382310dd6e852 #d,-,18,2785,2358,1469,451,2,244413,15153,2785,2360,1469,2784,2358,1184,98,100,0,500,2815;
@400000005e5382310de288d4 #d,-,18,3529,2355,1652,452,2,244478,15157,3529,2358,1686,2785,2354,1468,100,100,0,500,3529;
@400000005e5382330df30fd3 #d,-,18,3907,2356,1660,454,2,244555,15162,3907,2357,1687,3529,2354,1652,99,100,0,500,3931;
@400000005e5382330dfebb82 #d,-,18,3905,2355,1659,455,2,244627,15166,3907,2357,1661,3905,2355,1654,99,100,0,500,3920;
@400000005e5382350e1024d1 #d,-,18,3903,2355,1662,456,2,244700,15171,3905,2355,1663,3903,2354,1658,99,100,0,500,3912;
@400000005e5382350e1b34f8 #d,-,18,3903,2355,1663,457,2,244772,15175,3903,2356,1666,3903,2353,1659,99,100,0,500,3926;
@400000005e5382370e2d39d0 #d,-,18,3904,2357,1664,458,2,244847,15180,3904,2357,1674,3903,2355,1663,99,100,0,500,3929;
@400000005e5382370e385612 #d,-,18,3908,2355,1660,459,2,244923,15185,3908,2357,1694,3904,2354,1657,98,100,0,500,3954;
@400000005e5382390e49aae4 #d,-,18,3907,2356,1665,460,2,244996,15189,3908,2357,1666,3907,2354,1660,99,100,0,500,3928;
@400000005e5382390e54c36d #d,-,18,3908,2356,1663,461,2,245121,15197,3908,2357,1675,3907,2356,1663,99,100,0,500,3936;
@400000005e53823b0e664404 #d,-,18,3908,2355,1665,462,2,245193,15201,3908,2356,1667,3908,2354,1662,99,100,0,500,3935;
@400000005e53823b0e71ff88 #d,-,18,3909,2358,1668,463,2,245266,15206,3909,2358,1669,3908,2354,1665,99,100,0,500,3935;
@400000005e53823d0e836076 #d,-,18,3914,2358,1661,464,2,245295,15208,3914,2358,1710,3909,2356,1660,98,100,0,500,3967;
@400000005e53823d0e8e559b #d,-,18,3915,2356,1669,465,2,245368,15212,3915,2358,1670,3914,2355,1661,99,100,0,500,3951;
@400000005e53823f0e9f8bb1 #d,-,18,3915,2357,1673,467,2,245441,15217,3915,2357,1673,3915,2355,1666,99,100,0,500,3942;
@400000005e53823f0eaa7874 #d,-,18,3919,2357,1671,468,2,245517,15222,3919,2358,1689,3915,2356,1670,98,100,0,500,3960;
@400000005e5382410ebae73d #d,-,18,3919,2356,1675,469,2,245590,15226,3919,2357,1677,3919,2355,1671,99,100,0,500,3949;
@400000005e5382410ec68c67 #d,-,18,3923,2356,1666,470,2,245668,15231,3923,2357,1707,3919,2354,1666,98,100,0,500,3965;
@400000005e5382430ed6f776 #d,-,18,3925,2355,1677,471,2,245742,15236,3925,2358,1678,3923,2355,1666,98,100,0,500,3968;
@400000005e5382430ee29bb1 #d,-,18,3926,2356,1677,472,2,245816,15240,3926,2356,1680,3925,2354,1675,99,100,0,500,3958;
@400000005e5382450ef39ad5 #d,-,18,3927,2355,1677,473,2,245889,15245,3927,2356,1678,3926,2354,1674,99,100,0,500,3958;
@400000005e5382450efea388 #d,-,18,3928,2355,1678,474,2,245962,15249,3928,2357,1681,3927,2355,1675,99,100,0,500,3956;
@400000005e5382470f103f22 #d,-,18,3931,2354,1674,475,2,246039,15254,3931,2356,1711,3928,2354,1674,99,100,0,500,3965;
@400000005e5382470f1b0d29 #d,-,18,3933,2357,1679,476,2,246161,15261,3933,2357,1679,3931,2354,1671,98,100,0,500,3981;
@400000005e5382490f2c3ade #d,-,18,3929,2356,1509,477,2,246198,15264,3933,2357,1690,3929,2354,1485,99,100,0,500,3949;
@400000005e5382490f371058 #d,-,18,3550,2356,1515,478,2,246169,15262,3929,2356,1536,3550,2354,1509,99,100,0,500,3584;
@400000005e53824b0f486e7b #d,-,18,3550,2356,1516,479,2,246187,15263,3550,2357,1519,3550,2355,1513,99,100,0,500,3584;
@400000005e53824b0f5310bc #d,-,18,3553,2354,1586,480,2,246223,15265,3553,2356,1624,3550,2354,1515,98,100,0,500,3589;
@400000005e53824d0f62d7e2 #d,-,18,3773,2356,1577,481,2,246267,15268,3773,2357,1622,3553,2354,1577,99,100,0,500,3791;
@400000005e53824d0f6e319b #d,-,18,3708,2354,1596,482,2,246307,15271,3773,2356,1596,3708,2353,1574,99,100,0,500,3739;
@400000005e53824f0f7fb5ed #d,-,18,3712,2354,1595,483,3,246350,15273,3712,2355,1600,3708,2352,1588,98,100,0,500,3762;
@400000005e53824f0f8a9ef6 #d,-,18,3714,2355,1594,485,3,246393,15276,3714,2356,1597,3712,2353,1589,98,100,0,500,3760;
@400000005e5382510f9ba67c #d,-,18,3717,2354,1620,486,3,246441,15279,3717,2355,1627,3714,2354,1592,98,100,0,500,3760;
@400000005e5382510fa6e17a #d,-,18,3723,2354,1595,487,3,246482,15281,3723,2355,1620,3717,2352,1586,98,100,0,500,3791;
@400000005e5382530fb81c38 #d,-,18,3725,2355,1596,488,3,246525,15284,3725,2356,1596,3723,2353,1594,99,100,0,500,3760;
@400000005e5382530fc2f1b3 #d,-,18,3727,2354,1592,489,3,246567,15287,3727,2356,1597,3725,2353,1592,98,100,0,500,3766;
@400000005e5382550fd48131 #d,-,18,3728,2356,1592,490,3,246609,15289,3728,2356,1597,3727,2353,1589,99,100,0,500,3760;
@400000005e5382550fdf62c7 #d,-,18,3730,2353,1627,491,3,246655,15292,3730,2356,1628,3728,2353,1592,99,100,0,500,3762;
@400000005e5382570fefec92 #d,-,18,3734,2354,1595,492,3,246697,15295,3734,2355,1627,3730,2353,1585,98,100,0,500,3791;
@400000005e5382570ffaa351 #d,-,18,3735,2357,1598,493,3,246787,15300,3735,2358,1598,3734,2354,1593,99,100,0,500,3764;
@400000005e538259100a71e9 #d,-,18,3735,2354,1596,494,3,246780,15300,3735,2357,1598,3735,2354,1590,99,100,0,500,3766;
@400000005e5382591015c076 #d,-,18,3736,2355,1597,495,3,246822,15302,3736,2355,1597,3735,2354,1594,99,100,0,500,3762;
@400000005e53825b10266da5 #d,-,18,3736,2356,1627,496,3,246866,15305,3736,2356,1627,3736,2354,1587,99,100,0,500,3766;
@400000005e53825b103152f5 #d,-,18,3740,2357,1594,497,3,246908,15308,3740,2358,1627,3736,2356,1587,98,100,0,500,3794;
@400000005e53825d10418800 #d,-,18,3740,2356,1593,498,3,246949,15310,3740,2358,1598,3740,2356,1591,99,100,0,500,3760;
@400000005e53825d104bfbb0 #d,-,18,3734,2358,1289,499,3,246943,15310,3740,2358,1595,3734,2355,1289,99,100,0,500,3741;
@400000005e53825f105d31c6 #d,-,18,3334,2361,1168,500,3,246902,15307,3734,2361,1630,3334,2358,1128,97,100,0,500,3406;
@400000005e53825f10682aa5 #d,-,18,2759,2359,1177,501,3,246808,15302,3334,2361,1197,2759,2359,1151,96,100,0,500,2849;
@400000005e53826110784b32 #d,-,18,2595,2361,1216,501,3,246687,15294,2759,2363,1216,2595,2358,992,97,100,0,500,2675;
@400000005e5382611082af0e #d,-,18,2701,2359,1186,502,3,246595,15288,2701,2361,1219,2595,2358,1166,100,100,0,500,2701;
@400000005e5382631091b747 #d,-,18,2762,2360,1186,503,3,246504,15283,2762,2360,1195,2701,2358,1175,98,100,0,500,2796;
@400000005e538263109c7ced #d,-,18,2762,2357,1182,504,3,246412,15277,2762,2361,1186,2762,2357,1177,98,100,0,500,2803;
@400000005e53826510ac924d #d,-,18,2762,2357,1197,504,3,246368,15274,2762,2359,1197,2762,2356,1180,98,100,0,500,2797;
@400000005e53826510b70156 #d,-,18,2766,2358,1182,505,3,246234,15266,2766,2359,1213,2762,2357,1176,97,100,0,500,2824;
@400000005e53826710c7e1be #d,-,18,2765,2356,1184,506,3,246143,15260,2766,2358,1184,2765,2356,1180,99,100,0,500,2792;
@400000005e53826710d232f9 #d,-,18,2764,2358,1182,507,3,246053,15255,2765,2358,1185,2764,2356,1181,98,100,0,500,2797;
@400000005e53826910e3619c #d,-,18,2764,2356,1182,507,3,245962,15249,2764,2358,1184,2764,2356,1180,98,100,0,500,2794;
@400000005e53826910eda213 #d,-,18,2763,2358,1186,508,3,245873,15244,2764,2358,1186,2763,2356,1180,98,100,0,500,2794;
@400000005e53826b10fe05af #d,-,18,2766,2359,1180,509,3,245787,15238,2766,2359,1212,2763,2358,1173,98,100,0,500,2822;
@400000005e53826b1108d770 #d,-,18,2765,2357,1181,510,3,245698,15233,2766,2359,1185,2765,2357,1180,98,100,0,500,2794;
@400000005e53826d11198c12 #d,-,18,2764,2360,1182,510,3,245609,15227,2765,2360,1182,2764,2356,1180,98,100,0,500,2794;
@400000005e53826d11241f6d #d,-,18,2764,2358,1181,511,3,245520,15222,2764,2360,1183,2764,2358,1180,98,100,0,500,2794;
@400000005e53826f1134a57e #d,-,18,2763,2358,1182,512,3,245432,15216,2764,2359,1183,2763,2358,1179,98,100,0,500,2794;
@400000005e53826f113f254a #d,-,18,2766,2359,1176,513,3,245348,15211,2766,2360,1212,2763,2357,1173,98,100,0,500,2817;
@400000005e53827111503089 #d,-,18,2765,2360,1182,514,3,245306,15208,2766,2360,1184,2765,2358,1176,98,100,0,500,2797;
@400000005e538271115aa43a #d,-,18,2764,2358,1180,514,3,245173,15200,2765,2360,1183,2764,2357,1179,98,100,0,500,2796;
@400000005e538273116b1f1e #d,-,18,2764,2358,1480,515,3,245160,15199,2764,2359,1480,2764,2357,1180,98,100,0,500,2794;
@400000005e53827311766637 #d,-,18,3453,2357,1645,516,3,245167,15200,3453,2358,1710,2764,2355,1464,100,100,0,500,3453;
@400000005e5382751188058b #d,-,18,3919,2354,1671,517,3,245278,15207,3919,2357,1687,3453,2354,1641,99,100,0,500,3945;
@400000005e53827511932941 #d,-,18,3918,2355,1662,518,3,245298,15208,3919,2356,1675,3918,2353,1662,99,100,0,500,3947;
@400000005e53827711a47a59 #d,-,18,3917,2357,1665,519,3,245361,15212,3918,2357,1666,3917,2354,1660,99,100,0,500,3926;
@400000005e53827711af9a55 #d,-,18,3915,2356,1667,520,3,245425,15216,3917,2358,1667,3915,2356,1660,99,100,0,500,3931;
@400000005e53827911c15599 #d,-,18,3914,2356,1666,522,3,245489,15220,3915,2357,1667,3914,2355,1665,99,100,0,500,3931;
@400000005e53827911cc847c #d,-,18,3916,2356,1677,523,3,245557,15224,3916,2357,1695,3914,2355,1665,99,100,0,500,3940;
@400000005e53827b11dd80d4 #d,-,18,3918,2354,1665,524,3,245621,15228,3918,2357,1677,3916,2354,1664,98,100,0,500,3965;
@400000005e53827b11e88126 #d,-,18,3917,2354,1669,525,3,245685,15232,3918,2355,1671,3917,2354,1665,99,100,0,500,3931;
@400000005e53827d11f90eab #d,-,18,3916,2356,1667,526,3,245747,15236,3917,2356,1669,3916,2354,1665,99,100,0,500,3936;
@400000005e53827d120461e0 #d,-,18,3915,2355,1678,527,3,245811,15240,3916,2357,1678,3915,2355,1663,99,100,0,500,3929;
@400000005e53827f121647fb #d,-,18,3918,2355,1670,528,3,245879,15244,3918,2356,1700,3915,2354,1670,99,100,0,500,3956;
@400000005e53827f12213016 #d,-,18,3920,2356,1671,529,3,245986,15251,3920,2357,1676,3918,2355,1661,98,100,0,500,3961;
@400000005e5382811233496a #d,-,18,3921,2354,1675,530,3,246006,15252,3921,2356,1675,3920,2353,1670,99,100,0,500,3949;
@400000005e538281123e8469 #d,-,18,3923,2354,1671,531,3,246072,15256,3923,2356,1689,3921,2354,1671,99,100,0,500,3961;
@400000005e538283124f0f22 #d,-,18,3924,2356,1674,532,3,246136,15260,3924,2356,1676,3923,2354,1671,99,100,0,500,3951;
@400000005e538283125a2e2f #d,-,18,3925,2356,1691,534,3,246248,15267,3925,2357,1708,3924,2356,1674,99,100,0,500,3954;
@400000005e538285126b4cfd #d,-,18,3929,2355,1675,535,3,246311,15271,3929,2356,1691,3925,2354,1667,98,100,0,500,3981;
@400000005e5382851276fd54 #d,-,18,3930,2357,1674,536,3,246332,15272,3930,2357,1683,3929,2355,1674,99,100,0,500,3958;
@400000005e538287128881a6 #d,-,18,3930,2357,1676,537,3,246395,15276,3930,2358,1677,3930,2357,1674,99,100,0,500,3958;
@400000005e5382871293a55b #d,-,18,3931,2355,1677,538,3,246459,15280,3931,2358,1680,3930,2355,1672,99,100,0,500,3960;
@400000005e53828912a43788 #d,-,18,3931,2354,1711,539,3,246527,15284,3931,2356,1712,3931,2354,1677,99,100,0,500,3956;
@400000005e53828912af244b #d,-,18,3935,2355,1680,540,3,246589,15288,3935,2356,1711,3931,2354,1667,98,100,0,500,3988;
@400000005e53828b12c0a129 #d,-,18,3936,2356,1483,541,3,246630,15291,3936,2356,1696,3935,2355,1481,99,100,0,500,3968;
@400000005e53828b12cb72ea #d,-,18,3553,2355,1515,542,3,246644,15291,3936,2356,1520,3553,2354,1483,98,100,0,500,3611;
Lost connection at /opt/powertools/bin/wattsup1 line 220.
	main::failure('Lost connection') called at /opt/powertools/bin/wattsup1 line 271
	main::recv_msg() called at /opt/powertools/bin/wattsup1 line 504
