@400000005e7171e10d9d464f #v,-,8,2,261786,5,2,4,57,200810261703,0;
@400000005e7171e13794ca3a #h,-,18,W,V,A,WH,Cost,WH/Mo,Cost/Mo,Wmax,Vmax,Amax,Wmin,Vmin,Amin,PF,DC,PC,Hz,VA;
@400000005e7171e2020b8f49 #f,-,48,133,436,1,4775,0,0,65533,0,199,810,237,17949,177,311,4753,4,92217,151,32123,69906,40,694,17008,0,93,1,4659,0,0,65533,0,199,822,242,18484,171,318,5362,2,92206,150,32190,70407,42,536,17029,0,92;
@400000005e7171e602282eef #d,-,18,2427,2390,1121,1,0,179184,11109,2427,2392,1128,2425,2388,1121,88,100,0,501,2730;
@400000005e7171e60231b169 #d,-,18,2427,2391,1125,1,0,172325,10684,2427,2391,1128,2427,2389,1120,88,100,0,501,2730;
@400000005e7171e802419b04 #d,-,18,2428,2393,1122,2,0,172823,10715,2428,2394,1126,2427,2391,1119,89,100,0,501,2727;
@400000005e7171e8024aedff #d,-,18,2428,2392,1119,3,0,173079,10730,2428,2394,1124,2428,2392,1117,88,100,0,501,2730;
@400000005e7171ea025a14f4 #d,-,18,2428,2393,1125,4,0,173277,10743,2428,2394,1125,2428,2391,1117,89,100,0,501,2727;
@400000005e7171ea0263d12c #d,-,18,2428,2393,1121,4,0,173401,10750,2428,2393,1126,2428,2391,1119,89,100,0,501,2725;
@400000005e7171ec02730f6a #d,-,18,2428,2391,1126,5,0,175645,10890,2428,2394,1127,2428,2391,1119,88,100,0,501,2730;
@400000005e7171ec027c5dbd #d,-,18,2428,2392,1124,6,0,175517,10882,2428,2394,1126,2428,2391,1120,88,100,0,501,2732;
@400000005e7171ee028b80f8 #d,-,18,2429,2392,1123,6,0,173684,10768,2429,2393,1126,2428,2391,1117,88,100,0,501,2730;
@400000005e7171ee0294d7ad #d,-,18,2429,2391,1123,7,0,173740,10771,2429,2394,1125,2429,2391,1116,89,100,0,501,2725;
@400000005e7171f002a4394f #d,-,18,2429,2391,1122,8,0,173799,10775,2429,2393,1126,2429,2391,1119,88,100,0,501,2730;
@400000005e7171f002adaebf #d,-,18,2429,2393,1126,8,0,173871,10780,2429,2394,1127,2429,2391,1120,88,100,0,501,2730;
@400000005e7171f202bd18c2 #d,-,18,2429,2393,1120,9,0,173893,10781,2429,2394,1127,2429,2392,1120,88,100,0,501,2732;
@400000005e7171f202c66acf #d,-,18,2595,2390,1373,10,0,177164,10984,2595,2393,1373,2429,2389,1120,91,100,0,501,2834;
@400000005e7171f402d591c4 #d,-,18,2968,2391,1201,11,0,178248,11051,2968,2392,1375,2595,2390,1201,92,100,0,501,3206;
@400000005e7171f402df52a4 #d,-,18,2793,2393,1197,11,0,178902,11091,2968,2393,1232,2793,2391,1153,90,100,0,501,3078;
@400000005e7171f602eef1be #d,-,18,2611,2393,1182,12,0,179233,11112,2793,2393,1197,2611,2392,1170,90,100,0,501,2896;
@400000005e7171f602f85847 #d,-,18,2607,2392,1128,13,0,179306,11117,2611,2394,1182,2607,2391,1114,90,100,0,501,2865;
@400000005e7171f80307a2a1 #d,-,18,2461,2394,1188,13,0,179231,11112,2607,2395,1188,2461,2391,1123,89,100,0,501,2763;
@400000005e7171f80311092a #d,-,18,2675,2393,1346,14,0,180788,11208,2675,2394,1373,2461,2392,1188,91,100,0,501,2917;
@400000005e7171fa031f83d4 #d,-,18,3010,2391,1157,15,0,182697,11327,3010,2394,1354,2675,2391,1141,93,100,0,500,3230;
@400000005e7171fa0328e5b6 #d,-,18,2711,2394,1153,16,0,182213,11297,3010,2394,1238,2711,2391,1153,89,100,0,500,3014;
@400000005e7171fc03383871 #d,-,18,2579,2392,1162,16,0,182208,11296,2711,2394,1173,2579,2392,1151,89,100,0,500,2870;
@400000005e7171fc03418e37 #d,-,18,2572,2393,1134,17,0,182039,11286,2579,2395,1163,2572,2392,1117,91,100,0,500,2820;
@400000005e7171fe034fcf23 #d,-,18,2445,2393,1238,18,0,181942,11280,2572,2394,1238,2445,2392,1125,88,100,0,500,2749;
@400000005e7171fe0359a65d #d,-,18,2701,2391,1338,19,0,183100,11352,2701,2393,1380,2445,2391,1238,91,100,0,500,2938;
@400000005e717200036969c9 #d,-,18,3030,2393,1197,19,0,183826,11397,3030,2394,1356,2701,2391,1142,93,100,0,500,3249;
@400000005e7172000372ef0e #d,-,18,2683,2394,1148,20,0,184612,11445,3030,2394,1234,2683,2391,1148,89,100,0,500,2986;
@400000005e7172020382c24f #d,-,18,2563,2394,1161,21,0,183924,11403,2683,2394,1169,2563,2391,1148,89,100,0,500,2855;
@400000005e717202038c37bf #d,-,18,2557,2392,1126,22,0,183705,11389,2563,2394,1163,2557,2391,1119,90,100,0,500,2815;
@400000005e717204039b6ad0 #d,-,18,2447,2392,1306,22,0,183686,11388,2557,2394,1306,2447,2391,1126,89,100,0,500,2744;
@400000005e71720403a551e0 #d,-,18,2731,2392,1332,23,0,184561,11442,2731,2393,1375,2447,2391,1263,91,100,0,500,2969;
@400000005e71720603b4d23d #d,-,18,3042,2392,1228,24,0,185080,11474,3042,2393,1354,2731,2391,1145,93,100,0,500,3265;
@400000005e71720603be217e #d,-,18,2647,2392,1154,25,0,185121,11477,3042,2393,1231,2647,2391,1144,89,100,0,500,2952;
@400000005e71720803ce1ea8 #d,-,18,2553,2392,1161,25,0,185549,11504,2647,2394,1168,2553,2391,1154,89,100,0,500,2846;
@400000005e71720803d78532 #d,-,18,2547,2393,1126,26,0,185297,11488,2553,2393,1161,2547,2390,1120,90,100,0,500,2801;
@400000005e71720a03e6a00b #d,-,18,2447,2393,1110,27,0,184542,11441,2547,2393,1132,2447,2392,1110,89,100,0,500,2742;
@400000005e71720a03f06fd2 #d,-,18,2444,2391,1128,27,0,184289,11425,2447,2393,1131,2444,2391,1110,89,100,0,500,2727;
@400000005e71720c04009c7b #d,-,18,2443,2392,1123,28,0,184056,11411,2444,2394,1128,2443,2391,1122,89,100,0,500,2734;
@400000005e71720c040a363e #d,-,18,2443,2390,1126,29,0,183834,11397,2443,2393,1128,2443,2390,1121,89,100,0,500,2737;
@400000005e71720e04195118 #d,-,18,2442,2391,1127,29,0,183623,11384,2443,2393,1130,2442,2390,1123,89,100,0,500,2737;
@400000005e71720e042270da #d,-,18,2442,2388,1126,30,0,183428,11372,2442,2391,1132,2442,2388,1125,89,100,0,500,2739;
@400000005e7172100430a964 #d,-,18,2441,2392,1130,31,0,183239,11360,2442,2392,1134,2441,2388,1122,89,100,0,500,2739;
@400000005e717210043a8546 #d,-,18,2441,2392,1122,31,0,183061,11349,2441,2393,1130,2441,2392,1119,89,100,0,500,2737;
@400000005e717212044a1933 #d,-,18,2441,2391,1128,32,0,183287,11363,2441,2392,1129,2441,2390,1121,89,100,0,500,2737;
@400000005e7172120453775b #d,-,18,2441,2393,1122,33,0,182728,11329,2441,2393,1128,2441,2389,1121,89,100,0,500,2737;
@400000005e71721404634a9b #d,-,18,2441,2393,1126,33,0,182572,11319,2441,2393,1130,2441,2392,1122,89,100,0,500,2737;
@400000005e717214046cbc52 #d,-,18,2441,2395,1127,34,0,182422,11310,2441,2395,1129,2441,2392,1123,89,100,0,500,2739;
@400000005e717216047c5c5a #d,-,18,2441,2394,1127,35,0,182281,11301,2441,2396,1131,2441,2394,1121,89,100,0,500,2742;
@400000005e7172160485ab9b #d,-,18,2441,2395,1128,35,0,182143,11292,2441,2396,1130,2441,2394,1123,89,100,0,500,2739;
@400000005e71721804953814 #d,-,18,2441,2394,1125,36,0,182010,11284,2441,2396,1129,2441,2394,1122,89,100,0,500,2742;
@400000005e717218049e6f1e #d,-,18,2441,2395,1127,37,0,181882,11276,2441,2396,1129,2441,2394,1123,89,100,0,500,2739;
@400000005e71721a04ad863e #d,-,18,2441,2393,1127,37,0,181759,11269,2441,2395,1129,2441,2393,1123,89,100,0,500,2742;
@400000005e71721a04b7893e #d,-,18,2441,2393,1124,38,0,181642,11261,2441,2395,1130,2441,2393,1123,89,100,0,500,2742;
@400000005e71721c04c772d9 #d,-,18,2442,2394,1275,39,0,182145,11293,2442,2394,1330,2441,2391,1120,89,100,0,500,2739;
@400000005e71721c04d0ecf2 #d,-,18,2906,2392,1341,40,0,182400,11308,2906,2395,1366,2442,2392,1263,93,100,0,500,3104;
@400000005e71721e04e03ebe #d,-,18,2906,2395,1200,40,0,182595,11320,2906,2395,1342,2906,2392,1104,90,100,0,500,3208;
@400000005e71721e04e9a902 #d,-,18,2633,2394,1165,41,0,182632,11323,2906,2396,1213,2633,2394,1145,90,100,0,500,2898;
@400000005e71722004f90e5d #d,-,18,2527,2393,1159,42,0,182611,11321,2633,2394,1165,2527,2393,1155,89,100,0,500,2825;
@400000005e7172200502de24 #d,-,18,2522,2395,1130,43,0,182502,11315,2527,2396,1159,2522,2393,1122,90,100,0,500,2791;
@400000005e71722205121c62 #d,-,18,2457,2393,1282,43,0,182659,11324,2522,2395,1323,2457,2393,1127,89,100,0,500,2756;
@400000005e717222051b6341 #d,-,18,2908,2394,1348,44,0,183174,11356,2908,2395,1370,2457,2392,1267,93,100,0,500,3107;
@400000005e717224052b1e4b #d,-,18,2909,2393,1192,45,0,183349,11367,2909,2395,1349,2908,2393,1132,90,100,0,500,3216;
@400000005e7172240534afac #d,-,18,2639,2394,1165,46,0,183367,11368,2909,2395,1205,2639,2392,1146,90,100,0,500,2905;
@400000005e7172260544ffb9 #d,-,18,2525,2393,1154,46,0,183333,11366,2639,2395,1165,2525,2393,1152,89,100,0,500,2820;
@400000005e717226054f7723 #d,-,18,2520,2392,1134,47,0,183497,11376,2525,2394,1154,2520,2392,1118,90,100,0,500,2787;
@400000005e717228055fd34b #d,-,18,2459,2394,1272,48,0,183643,11385,2520,2394,1332,2459,2391,1128,89,100,0,500,2751;
@400000005e717228056996f7 #d,-,18,2940,2394,1349,49,0,183855,11399,2940,2394,1373,2459,2394,1269,93,100,0,500,3135;
@400000005e71722a057a678a #d,-,18,2872,2392,1193,49,0,183969,11406,2940,2395,1349,2872,2392,1130,90,100,0,500,3182;
@400000005e71722a058417a6 #d,-,18,2653,2392,1160,50,0,183983,11406,2872,2393,1211,2653,2392,1148,91,100,0,500,2915;
@400000005e71722c0594e0c6 #d,-,18,2525,2392,1150,51,0,183947,11404,2653,2393,1162,2525,2392,1150,89,100,0,500,2822;
@400000005e71722c059f0281 #d,-,18,2521,2393,1136,51,0,183845,11398,2525,2394,1150,2521,2392,1123,90,100,0,500,2791;
@400000005e71722e05aeb25e #d,-,18,2515,2391,1272,52,0,183993,11407,2521,2393,1330,2515,2391,1130,90,100,0,500,2765;
@400000005e71722e05b9260f #d,-,18,2960,2391,1353,53,0,184439,11435,2960,2392,1370,2515,2391,1271,93,100,0,500,3161;
@400000005e71723005c9b482 #d,-,18,2854,2393,1191,54,0,184524,11440,2960,2395,1353,2854,2391,1132,90,100,0,500,3154;
@400000005e71723005d40115 #d,-,18,2653,2392,1162,54,0,184525,11440,2854,2395,1211,2653,2392,1143,90,100,0,500,2924;
@400000005e71723205e4c67a #d,-,18,2529,2392,1133,55,0,184478,11437,2653,2394,1162,2529,2392,1133,89,100,0,500,2817;
@400000005e71723205eec88c #d,-,18,2523,2392,1132,56,0,184375,11431,2529,2392,1138,2523,2391,1124,90,100,0,500,2782;
@400000005e71723405fce9ce #d,-,18,2457,2391,1049,56,0,184141,11416,2523,2393,1135,2457,2391,1012,89,100,0,500,2756;
@400000005e7172340606d0dd #d,-,18,2300,2392,1121,57,0,184245,11423,2457,2393,1141,2300,2391,1049,87,100,0,500,2614;
@400000005e71723606155f16 #d,-,18,2423,2393,1122,58,0,184122,11415,2423,2393,1126,2300,2391,1114,89,100,0,500,2720;
@400000005e717236061f3eb2 #d,-,18,2423,2392,1119,58,0,183785,11394,2423,2393,1126,2423,2392,1115,88,100,0,500,2725;
@400000005e717238062e0c3f #d,-,18,2424,2391,1121,59,0,183670,11387,2424,2393,1123,2423,2390,1116,88,100,0,500,2725;
@400000005e71723806379cb1 #d,-,18,2424,2391,1119,60,0,183774,11394,2424,2392,1124,2424,2391,1116,88,100,0,500,2725;
@400000005e71723a06462bd9 #d,-,18,2425,2392,1120,61,0,183452,11374,2425,2393,1124,2424,2391,1115,88,100,0,500,2727;
@400000005e71723a064f8a00 #d,-,18,2425,2393,1121,61,0,183556,11380,2425,2394,1125,2425,2392,1117,88,100,0,500,2725;
@400000005e71723c065df5c4 #d,-,18,2425,2394,1116,62,0,183449,11373,2425,2394,1124,2425,2393,1116,88,100,0,500,2725;
@400000005e71723c0667d919 #d,-,18,2426,2394,1125,63,0,183347,11367,2426,2394,1125,2425,2393,1116,88,100,0,500,2727;
@400000005e71723e06766398 #d,-,18,2426,2393,1117,63,0,183244,11361,2426,2394,1125,2426,2393,1115,89,100,0,500,2725;
@400000005e71723e06804aa8 #d,-,18,2426,2393,1122,64,0,183144,11354,2426,2394,1123,2426,2392,1116,89,100,0,500,2725;
@400000005e717240068ee8b6 #d,-,18,2426,2393,1119,65,0,182846,11336,2426,2394,1123,2426,2392,1116,89,100,0,500,2723;
@400000005e7172400698ff44 #d,-,18,2426,2393,1121,65,0,182751,11330,2426,2393,1123,2426,2392,1118,89,100,0,500,2725;
@400000005e71724206a77da8 #d,-,18,2425,2394,1119,66,0,182657,11324,2426,2394,1123,2425,2393,1118,88,100,0,500,2725;
@400000005e71724206b14d6f #d,-,18,2425,2392,1120,67,0,182562,11318,2425,2394,1122,2425,2392,1117,88,100,0,500,2727;
@400000005e71724406c1bff1 #d,-,18,2425,2392,1122,67,0,182474,11313,2425,2393,1123,2425,2391,1118,88,100,0,500,2725;
@400000005e71724406ce27c1 #d,-,18,2424,2393,1129,68,0,182389,11308,2425,2394,1129,2424,2391,1116,88,100,0,500,2727;
@400000005e71724406d7f788 #d,-,18,2635,2392,1363,69,0,182676,11325,2635,2393,1370,2424,2392,1129,91,100,0,500,2879;
@400000005e71724606e95964 #d,-,18,2984,2393,1174,70,0,182921,11341,2984,2393,1363,2635,2392,1174,92,100,0,500,3211;
@400000005e71724606f2756c #d,-,18,2731,2392,1192,70,0,182996,11345,2984,2394,1222,2731,2392,1169,90,100,0,500,3026;
@400000005e7172480701a01b #d,-,18,2613,2390,1179,71,0,183015,11346,2731,2393,1192,2613,2390,1169,90,100,0,500,2898;
@400000005e717248070b01fc #d,-,18,2609,2390,1125,72,0,182993,11345,2613,2392,1179,2609,2390,1118,91,100,0,500,2862;
@400000005e71724a071a53c9 #d,-,18,2459,2390,1133,72,0,182920,11341,2609,2391,1133,2459,2389,1125,88,100,0,500,2765;
@400000005e71724a07239f50 #d,-,18,2637,2391,1366,73,0,183181,11357,2637,2391,1368,2459,2390,1133,91,100,0,500,2877;
@400000005e71724c0733b009 #d,-,18,2980,2390,1158,74,0,183414,11371,2980,2391,1366,2637,2389,1158,92,100,0,500,3211;
@400000005e71724c073cd0b9 #d,-,18,2745,2391,1195,75,0,183481,11375,2980,2392,1230,2745,2390,1145,90,100,0,500,3035;
@400000005e71724e074b52d6 #d,-,18,2589,2393,1161,75,0,183463,11374,2745,2393,1195,2589,2391,1146,89,100,0,500,2884;
@400000005e71724e075447c1 #d,-,18,2537,2393,1132,76,0,183418,11371,2589,2393,1162,2537,2393,1121,89,100,0,500,2822;
@400000005e7172500763a5a9 #d,-,18,2451,2392,1131,77,0,183348,11367,2537,2393,1132,2451,2391,1125,89,100,0,500,2751;
@400000005e717250076cd540 #d,-,18,2641,2390,1368,78,0,183592,11382,2641,2392,1372,2451,2390,1131,91,100,0,500,2877;
@400000005e717252077bec60 #d,-,18,2982,2391,1148,78,0,183967,11405,2982,2391,1368,2641,2389,1148,92,100,0,500,3213;
@400000005e71725207855e17 #d,-,18,2739,2391,1189,79,0,184030,11409,2982,2392,1235,2739,2389,1145,90,100,0,500,3033;
@400000005e71725407944f08 #d,-,18,2591,2392,1163,80,0,183848,11398,2739,2392,1189,2591,2391,1149,89,100,0,500,2879;
@400000005e717254079cf1fe #d,-,18,2539,2393,1128,81,0,183963,11405,2591,2393,1164,2539,2391,1124,89,100,0,500,2825;
@400000005e71725607acfefc #d,-,18,2451,2390,1135,81,0,183733,11391,2539,2393,1135,2451,2389,1124,89,100,0,500,2753;
@400000005e71725607b63e68 #d,-,18,2643,2389,1367,82,0,184121,11415,2643,2390,1371,2451,2389,1135,91,100,0,500,2879;
@400000005e71725807c67ea0 #d,-,18,2986,2392,1104,83,0,184155,11417,2986,2392,1367,2643,2388,1104,92,100,0,500,3213;
@400000005e71725807d04605 #d,-,18,2729,2392,1189,84,0,184208,11420,2986,2392,1253,2729,2392,1089,90,100,0,500,3021;
@400000005e71725a07e06781 #d,-,18,2609,2390,1178,84,0,184217,11421,2729,2392,1189,2609,2390,1168,90,100,0,500,2893;
@400000005e71725a07e9aaa7 #d,-,18,2606,2390,1128,85,0,184191,11419,2609,2391,1180,2606,2390,1118,90,100,0,500,2865;
@400000005e71725c07f70c0e #d,-,18,2461,2390,1133,86,0,184122,11415,2606,2392,1133,2461,2390,1127,88,100,0,500,2768;
@400000005e71725c07ff87e7 #d,-,18,2458,2392,1120,86,0,184042,11410,2461,2392,1136,2458,2390,1116,89,100,0,500,2739;
@400000005e71725e080e35ca #d,-,18,2455,2392,1120,87,0,183962,11405,2458,2393,1126,2455,2392,1117,90,100,0,500,2727;
@400000005e71725e0816d506 #d,-,18,2451,2392,1115,88,0,183883,11400,2455,2393,1124,2451,2392,1115,89,100,0,500,2725;
@400000005e7172600824b339 #d,-,18,2448,2391,1119,88,0,183806,11396,2451,2392,1121,2448,2391,1115,89,100,0,500,2723;
@400000005e717260082d2f11 #d,-,18,2445,2390,1120,89,0,183730,11391,2448,2392,1124,2445,2390,1115,89,100,0,500,2723;
@400000005e717262083c2776 #d,-,18,2443,2390,1121,90,0,183654,11386,2445,2391,1122,2443,2390,1117,89,100,0,500,2725;
@400000005e7172620844c2f8 #d,-,18,2441,2390,1122,90,0,183579,11381,2443,2391,1123,2441,2390,1117,89,100,0,500,2725;
@400000005e7172640852f7c9 #d,-,18,2439,2391,1119,91,0,183503,11377,2441,2392,1123,2439,2390,1119,89,100,0,500,2723;
@400000005e717264085b73a1 #d,-,18,2437,2392,1121,92,0,183430,11372,2439,2392,1124,2437,2391,1118,89,100,0,500,2727;
@400000005e717266086886cd #d,-,18,2435,2390,1119,92,0,183358,11368,2437,2393,1123,2435,2390,1117,89,100,0,500,2727;
@400000005e71726608712d7d #d,-,18,2434,2390,1122,93,0,183287,11363,2435,2392,1123,2434,2390,1117,89,100,0,500,2725;
@400000005e717268087f27a1 #d,-,18,2432,2391,1123,94,0,183216,11359,2434,2392,1124,2432,2390,1116,89,100,0,500,2725;
@400000005e717268088824ed #d,-,18,2431,2392,1121,94,0,183148,11355,2432,2393,1123,2431,2391,1117,89,100,0,500,2725;
@400000005e71726a0895d849 #d,-,18,2430,2392,1115,95,0,183079,11350,2431,2393,1124,2430,2392,1115,89,100,0,500,2720;
@400000005e71726a089e7012 #d,-,18,2429,2392,1121,96,0,183011,11346,2430,2393,1121,2429,2392,1115,89,100,0,500,2723;
@400000005e71726c08abd8ed #d,-,18,2428,2390,1119,96,0,182944,11342,2429,2392,1122,2428,2390,1117,89,100,0,500,2720;
@400000005e71726c08b4a300 #d,-,18,2428,2390,1122,97,0,183011,11346,2428,2391,1122,2428,2390,1117,89,100,0,500,2725;
@400000005e71726e08c4f6c7 #d,-,18,2427,2391,1274,98,0,183060,11349,2428,2391,1318,2427,2389,1118,89,100,0,500,2723;
@400000005e71726e08ceca47 #d,-,18,2886,2391,1354,99,0,183161,11356,2886,2391,1377,2427,2391,1256,93,100,0,500,3078;
@400000005e71727008de5f22 #d,-,18,2890,2391,1198,99,0,183376,11369,2890,2392,1354,2886,2390,1147,89,100,0,500,3223;
@400000005e71727008e7bd4a #d,-,18,2651,2390,1178,100,0,183401,11370,2890,2391,1209,2651,2389,1168,90,100,0,500,2917;
@400000005e71727208f856ea #d,-,18,2579,2389,1174,101,0,183415,11371,2651,2390,1181,2579,2389,1174,90,100,0,500,2860;
@400000005e71727209021b84 #d,-,18,2519,2392,1126,101,0,183358,11368,2579,2392,1174,2519,2389,1116,89,100,0,500,2817;
@400000005e71727409125714 #d,-,18,2451,2391,1258,102,0,183297,11364,2519,2392,1321,2451,2391,1125,89,100,0,500,2739;
@400000005e717274091bc157 #d,-,18,2936,2389,1352,103,0,183526,11378,2936,2391,1374,2451,2388,1258,93,100,0,500,3135;
@400000005e717276092d2aa6 #d,-,18,2878,2390,1197,104,0,183590,11382,2936,2390,1352,2878,2388,1140,90,100,0,500,3180;
@400000005e71727609366659 #d,-,18,2657,2391,1179,104,0,183613,11384,2878,2392,1210,2657,2389,1170,91,100,0,500,2917;
@400000005e7172780946b1bd #d,-,18,2585,2392,1164,105,0,183624,11384,2657,2392,1181,2585,2391,1164,90,100,0,500,2865;
@400000005e717278094fe50e #d,-,18,2513,2390,1129,106,0,183568,11381,2585,2392,1164,2513,2389,1117,89,100,0,500,2810;
@400000005e71727a095fd351 #d,-,18,2457,2391,1259,107,0,183634,11385,2513,2391,1325,2457,2388,1125,89,100,0,500,2744;
@400000005e71727a09693d94 #d,-,18,2946,2391,1351,107,0,183857,11399,2946,2391,1376,2457,2390,1259,93,100,0,500,3147;
@400000005e71727c097a8739 #d,-,18,2848,2390,1195,108,0,183903,11402,2946,2392,1351,2848,2390,1126,90,100,0,500,3149;
@400000005e71727c0983edc3 #d,-,18,2665,2391,1176,109,0,183924,11403,2848,2391,1211,2665,2389,1169,91,100,0,500,2926;
@400000005e71727e0993d84c #d,-,18,2587,2391,1151,110,0,183930,11403,2665,2392,1181,2587,2391,1151,90,100,0,500,2860;
@400000005e71727e099d0f56 #d,-,18,2507,2390,1127,110,0,183874,11400,2587,2392,1151,2507,2389,1118,89,100,0,500,2806;
@400000005e71728009adfaeb #d,-,18,2502,2390,1265,111,0,183944,11404,2507,2391,1322,2502,2389,1125,91,100,0,500,2749;
@400000005e71728009b7d314 #d,-,18,2960,2391,1344,112,0,184160,11417,2960,2391,1378,2502,2389,1265,93,100,0,500,3171;
@400000005e71728209c7c8ca #d,-,18,2844,2391,1201,113,0,184200,11420,2960,2392,1344,2844,2391,1133,90,100,0,500,3135;
@400000005e71728209d12338 #d,-,18,2647,2390,1159,113,0,184198,11420,2844,2392,1213,2647,2389,1143,90,100,0,500,2926;
@400000005e71728409de5e71 #d,-,18,2535,2391,1119,114,0,184172,11418,2647,2391,1164,2535,2389,1118,90,100,0,500,2815;
@400000005e71728409e74386 #d,-,18,2471,2391,1128,115,0,184119,11415,2535,2392,1135,2471,2391,1119,89,100,0,500,2770;
@400000005e71728609f7543f #d,-,18,2466,2390,1052,115,0,183997,11407,2471,2391,1130,2466,2389,1010,90,100,0,500,2734;
@400000005e7172860a00c23c #d,-,18,2308,2391,1125,116,0,183947,11404,2466,2392,1144,2308,2389,1052,88,100,0,500,2611;
@400000005e7172880a114582 #d,-,18,2439,2390,1123,117,0,183891,11401,2439,2392,1128,2308,2389,1121,89,100,0,500,2734;
@400000005e7172880a1a93d4 #d,-,18,2439,2391,1127,117,0,183839,11398,2439,2391,1128,2439,2389,1121,89,100,0,500,2737;
@400000005e71728a0a2c47a5 #d,-,18,2439,2391,1128,118,0,183786,11394,2439,2392,1128,2439,2391,1122,89,100,0,500,2734;
@400000005e71728a0a3595f8 #d,-,18,2438,2390,1123,119,0,183733,11391,2439,2392,1129,2438,2390,1122,89,100,0,500,2737;
@400000005e71728c0a45ab58 #d,-,18,2439,2392,1125,119,0,183682,11388,2439,2392,1127,2438,2390,1121,89,100,0,500,2737;
@400000005e71728c0a4f159c #d,-,18,2439,2392,1126,120,0,183632,11385,2439,2392,1128,2439,2392,1122,89,100,0,500,2734;
@400000005e71728e0a5ef7c3 #d,-,18,2439,2390,1125,121,0,183581,11382,2439,2392,1128,2439,2389,1122,89,100,0,500,2737;
@400000005e71728e0a686206 #d,-,18,2439,2390,1126,121,0,183639,11385,2439,2391,1127,2439,2390,1122,89,100,0,500,2737;
@400000005e7172900a7a2104 #d,-,18,2439,2391,1123,122,0,183483,11376,2439,2392,1128,2439,2390,1122,89,100,0,500,2734;
@400000005e7172900a8373ff #d,-,18,2439,2392,1127,123,0,183436,11373,2439,2393,1128,2439,2391,1122,89,100,0,500,2737;
@400000005e7172920a9390d3 #d,-,18,2439,2390,1121,123,0,183388,11370,2439,2393,1128,2439,2390,1121,89,100,0,500,2737;
@400000005e7172920a9d4d0b #d,-,18,2440,2390,1126,124,0,183447,11373,2440,2391,1128,2439,2390,1121,89,100,0,500,2737;
@400000005e7172940aaeec5f #d,-,18,2440,2393,1126,125,0,183298,11364,2440,2393,1129,2440,2390,1122,89,100,0,500,2739;
@400000005e7172940ab852e8 #d,-,18,2440,2391,1127,125,0,183252,11361,2440,2393,1129,2440,2391,1122,89,100,0,500,2739;
@400000005e7172960ac8b684 #d,-,18,2441,2390,1127,126,0,183208,11358,2441,2391,1129,2440,2390,1122,89,100,0,500,2739;
@400000005e7172960ad214ac #d,-,18,2441,2391,1153,127,0,183169,11356,2441,2392,1153,2441,2390,1122,89,100,0,500,2742;
@400000005e7172980ae1ad40 #d,-,18,2659,2389,1360,128,0,183329,11366,2659,2392,1373,2441,2389,1153,91,100,0,500,2896;
@400000005e7172980aeb4d88 #d,-,18,3002,2390,1159,128,0,183456,11374,3002,2390,1360,2659,2389,1152,93,100,0,500,3225;
@400000005e71729a0afc700f #d,-,18,2735,2394,1171,129,0,183494,11376,3002,2394,1226,2735,2390,1159,90,100,0,500,3028;
@400000005e71729a0b05da53 #d,-,18,2605,2392,1181,130,0,183505,11377,2735,2395,1182,2605,2392,1164,90,100,0,500,2886;
@400000005e71729c0b162e19 #d,-,18,2602,2393,1136,131,0,183487,11376,2605,2394,1181,2602,2392,1115,90,100,0,500,2865;
@400000005e71729c0b1f8c41 #d,-,18,2465,2393,1305,131,0,183491,11376,2602,2394,1305,2465,2393,1130,89,100,0,500,2765;
@400000005e71729e0b301341 #d,-,18,2739,2393,1328,132,0,183649,11386,2739,2394,1375,2465,2393,1259,92,100,0,500,2976;
@400000005e71729e0b394a4b #d,-,18,3042,2392,1235,133,0,183844,11398,3042,2393,1351,2739,2390,1134,93,100,0,500,3265;
@400000005e7172a00b4944a9 #d,-,18,2647,2394,1153,134,0,183761,11393,3042,2394,1237,2647,2392,1140,89,100,0,500,2952;
@400000005e7172a00b52dd7e #d,-,18,2545,2395,1156,134,0,183749,11392,2647,2395,1164,2545,2394,1153,89,100,0,500,2843;
@400000005e7172a20b62b832 #d,-,18,2539,2393,1132,135,0,183808,11396,2545,2395,1157,2539,2392,1122,90,100,0,500,2801;
@400000005e7172a20b6c1dcd #d,-,18,2457,2394,1315,136,0,183826,11397,2539,2394,1317,2457,2393,1125,89,100,0,500,2753;
@400000005e7172a40b7dd557 #d,-,18,2797,2394,1337,137,0,183884,11400,2797,2395,1370,2457,2394,1256,92,100,0,500,3012;
@400000005e7172a40b873827 #d,-,18,3022,2393,1206,137,0,183951,11404,3022,2396,1351,2797,2393,1100,92,100,0,500,3265;
@400000005e7172a60b9706c0 #d,-,18,2555,2393,1157,138,0,183944,11404,3022,2394,1206,2555,2393,1146,89,100,0,500,2867;
@400000005e7172a60ba0a708 #d,-,18,2551,2393,1158,139,0,183931,11403,2555,2395,1161,2551,2393,1153,90,100,0,500,2822;
@400000005e7172a80bb14196 #d,-,18,2497,2395,1129,139,0,183895,11401,2551,2395,1159,2497,2393,1122,89,100,0,500,2801;
@400000005e7172a80bbaa378 #d,-,18,2492,2393,1310,140,0,183924,11403,2497,2396,1324,2492,2393,1129,90,100,0,500,2756;
@400000005e7172aa0bcaf73e #d,-,18,2840,2392,1340,141,0,184074,11412,2840,2394,1378,2492,2392,1263,93,100,0,500,3052;
@400000005e7172aa0bd426d5 #d,-,18,2988,2393,1211,142,0,184142,11416,2988,2393,1352,2840,2392,1139,91,100,0,500,3261;
@400000005e7172ac0be36513 #d,-,18,2627,2394,1179,142,0,184156,11417,2988,2395,1211,2627,2392,1167,90,100,0,500,2910;
@400000005e7172ac0bed1d91 #d,-,18,2621,2393,1177,143,0,184162,11418,2627,2395,1180,2621,2393,1174,91,100,0,500,2867;
@400000005e7172ae0bfd6d9e #d,-,18,2523,2393,1135,144,0,184125,11415,2621,2395,1177,2523,2393,1115,89,100,0,500,2822;
@400000005e7172ae0c06b47e #d,-,18,2467,2395,1062,144,0,184049,11411,2523,2396,1136,2467,2393,1034,89,100,0,500,2761;
@400000005e7172b00c14b615 #d,-,18,2339,2394,1149,145,0,184015,11408,2467,2396,1166,2339,2394,1062,88,100,0,500,2642;
@400000005e7172b00c1d457c #d,-,18,2485,2393,1122,146,0,183974,11406,2485,2395,1149,2339,2393,1111,89,100,0,500,2789;
@400000005e7172b20c2c1309 #d,-,18,2423,2395,1132,146,0,184021,11409,2485,2395,1141,2423,2393,1117,88,100,0,500,2727;
@400000005e7172b20c3526b0 #d,-,18,2425,2395,1125,147,0,183974,11406,2425,2395,1132,2423,2395,1114,88,100,0,500,2742;
@400000005e7172b40c42a7c1 #d,-,18,2425,2393,1115,148,0,183838,11397,2425,2396,1125,2425,2393,1115,88,100,0,500,2727;
@400000005e7172b40c4b66a8 #d,-,18,2425,2395,1123,149,0,183880,11400,2425,2395,1123,2425,2393,1113,88,100,0,500,2730;
@400000005e7172b60c58d42b #d,-,18,2425,2395,1115,149,0,183747,11392,2425,2396,1123,2425,2395,1114,88,100,0,500,2725;
@400000005e7172b60c617e94 #d,-,18,2426,2395,1119,150,0,183701,11389,2426,2396,1122,2425,2394,1114,89,100,0,500,2725;
@400000005e7172b80c707e6b #d,-,18,2425,2394,1116,151,0,183654,11386,2426,2395,1122,2425,2394,1114,88,100,0,500,2725;
@400000005e7172b80c79118c #d,-,18,2425,2394,1118,151,0,183609,11383,2425,2395,1121,2425,2394,1115,88,100,0,500,2725;
@400000005e7172ba0c8774ee #d,-,18,2425,2395,1120,152,0,183563,11380,2425,2396,1123,2425,2394,1117,88,100,0,500,2725;
@400000005e7172ba0c908982 #d,-,18,2424,2396,1114,153,0,183517,11378,2425,2396,1121,2424,2395,1114,88,100,0,500,2725;
@400000005e7172bc0c9fbc93 #d,-,18,2424,2393,1121,153,0,183473,11375,2424,2396,1122,2424,2393,1114,88,100,0,500,2725;
@400000005e7172bc0ca84752 #d,-,18,2423,2393,1116,154,0,183427,11372,2424,2396,1123,2423,2393,1113,88,100,0,500,2725;
@400000005e7172be0cb5e80e #d,-,18,2423,2393,1117,155,0,183383,11369,2423,2395,1124,2423,2393,1112,88,100,0,500,2725;
@400000005e7172be0cbec96a #d,-,18,2423,2394,1117,155,0,183339,11367,2423,2394,1121,2423,2393,1111,89,100,0,500,2718;
@400000005e7172c00cce65b8 #d,-,18,2423,2394,1115,156,0,183295,11364,2423,2395,1121,2423,2394,1113,88,100,0,500,2723;
@400000005e7172c00cd7cb53 #d,-,18,2573,2393,1366,157,0,183392,11370,2573,2395,1366,2423,2393,1114,91,100,0,500,2810;
@400000005e7172c20ce88945 #d,-,18,2962,2392,1214,158,0,183522,11378,2962,2393,1375,2573,2391,1214,92,100,0,500,3201;
@400000005e7172c20cf26080 #d,-,18,2783,2394,1210,158,0,183549,11380,2962,2394,1234,2783,2392,1147,90,100,0,500,3066;
@400000005e7172c40d036bbf #d,-,18,2619,2394,1176,159,0,183556,11380,2783,2395,1210,2619,2393,1170,90,100,0,500,2907;
@400000005e7172c40d0cb658 #d,-,18,2615,2392,1121,160,0,183545,11379,2619,2394,1180,2615,2392,1112,91,100,0,500,2867;
@400000005e7172c60d1dc9f8 #d,-,18,2463,2394,1128,160,0,183592,11382,2615,2394,1134,2463,2392,1121,88,100,0,500,2770;
@400000005e7172c60d271c05 #d,-,18,2599,2393,1369,161,1,183610,11383,2599,2394,1369,2463,2393,1128,91,100,0,500,2839;
@400000005e7172c80d37351f #d,-,18,2970,2392,1195,162,1,183810,11396,2970,2394,1371,2599,2392,1195,92,100,0,500,3208;
@400000005e7172c80d4070d1 #d,-,18,2753,2392,1211,163,1,183751,11392,2970,2393,1248,2753,2391,1097,90,100,0,500,3035;
@400000005e7172ca0d4d93d3 #d,-,18,2601,2392,1162,163,1,183744,11392,2753,2393,1211,2601,2391,1142,89,100,0,500,2898;
@400000005e7172ca0d56752f #d,-,18,2539,2393,1127,164,1,183722,11390,2601,2393,1162,2539,2391,1118,89,100,0,500,2822;
@400000005e7172cc0d67c736 #d,-,18,2453,2394,1126,165,1,183766,11393,2539,2394,1130,2453,2393,1124,89,100,0,500,2756;
@400000005e7172cc0d7101f9 #d,-,18,2625,2393,1374,166,1,183793,11395,2625,2394,1374,2453,2393,1126,91,100,0,500,2862;
@400000005e7172ce0d807f8c #d,-,18,2972,2392,1162,166,1,183899,11401,2972,2394,1374,2625,2391,1162,92,100,0,500,3206;
@400000005e7172ce0d8a14a6 #d,-,18,2757,2392,1195,167,1,183927,11403,2972,2393,1234,2757,2391,1145,90,100,0,500,3047;
@400000005e7172d00d9b1010 #d,-,18,2615,2394,1177,168,1,183933,11403,2757,2395,1195,2615,2392,1170,90,100,0,500,2900;
@400000005e7172d00da456f0 #d,-,18,2611,2393,1130,169,1,183917,11402,2615,2395,1181,2611,2393,1113,90,100,0,500,2870;
@400000005e7172d20db4d947 #d,-,18,2447,2394,1133,169,1,183883,11400,2611,2395,1133,2447,2393,1122,88,100,0,500,2753;
@400000005e7172d20dbe3fd1 #d,-,18,2637,2395,1366,170,1,183992,11407,2637,2395,1369,2447,2393,1133,91,100,0,500,2877;
@400000005e7172d40dce3941 #d,-,18,2982,2395,1100,171,1,184083,11413,2982,2395,1366,2637,2394,1100,92,100,0,500,3213;
@400000005e7172d40dd77c66 #d,-,18,2723,2393,1200,172,1,184111,11414,2982,2395,1251,2723,2392,1090,90,100,0,500,3019;
@400000005e7172d60de88c4e #d,-,18,2615,2394,1178,172,1,184115,11415,2723,2395,1200,2615,2393,1166,90,100,0,500,2898;
@400000005e7172d60df1e302 #d,-,18,2611,2395,1131,173,1,184099,11414,2615,2396,1179,2611,2394,1112,91,100,0,500,2867;
@400000005e7172d80e028415 #d,-,18,2449,2393,1117,174,1,184063,11411,2611,2396,1133,2449,2393,1117,88,100,0,500,2758;
@400000005e7172d80e0bd710 #d,-,18,2325,2393,1147,174,1,184053,11411,2449,2395,1148,2325,2393,1017,87,100,0,500,2661;
@400000005e7172da0e1d2cd1 #d,-,18,2383,2395,1123,175,1,183940,11404,2383,2395,1147,2325,2393,1117,89,100,0,500,2670;
@400000005e7172da0e266c3d #d,-,18,2439,2395,1125,176,1,183978,11406,2439,2396,1128,2383,2395,1120,89,100,0,500,2737;
@400000005e7172dc0e37346e #d,-,18,2438,2393,1122,176,1,183942,11404,2439,2395,1128,2438,2393,1121,89,100,0,500,2737;
@400000005e7172dc0e4107ee #d,-,18,2439,2395,1123,177,1,183906,11402,2439,2396,1126,2438,2393,1121,89,100,0,500,2739;
@400000005e7172de0e50cb5a #d,-,18,2439,2394,1125,178,1,183798,11395,2439,2396,1127,2439,2394,1121,89,100,0,500,2739;
@400000005e7172de0e5a220e #d,-,18,2439,2394,1126,178,1,183765,11393,2439,2395,1126,2439,2393,1123,89,100,0,500,2739;
@400000005e7172e00e6b09ea #d,-,18,2439,2395,1128,179,1,183732,11391,2439,2395,1129,2439,2394,1121,89,100,0,500,2739;
@400000005e7172e00e745ce4 #d,-,18,2440,2394,1126,180,1,183697,11389,2440,2396,1128,2439,2394,1123,89,100,0,500,2739;
@400000005e7172e20e848d47 #d,-,18,2440,2394,1126,180,1,183665,11387,2440,2395,1129,2440,2394,1122,88,100,0,500,2742;
@400000005e7172e20e8e420c #d,-,18,2440,2395,1126,181,1,183632,11385,2440,2396,1126,2440,2394,1123,88,100,0,500,2742;
@400000005e7172e40e9f262d #d,-,18,2441,2396,1125,182,1,183600,11383,2441,2396,1129,2440,2395,1124,89,100,0,500,2739;
@400000005e7172e40ea89071 #d,-,18,2441,2394,1125,182,1,183568,11381,2441,2396,1127,2441,2393,1124,88,100,0,500,2744;
@400000005e7172e60eba337e #d,-,18,2441,2393,1125,183,1,183536,11379,2441,2395,1128,2441,2393,1123,89,100,0,500,2742;
@400000005e7172e60ec382bf #d,-,18,2441,2395,1126,184,1,183504,11377,2441,2396,1129,2441,2393,1123,89,100,0,500,2742;
@400000005e7172e80ed37102 #d,-,18,2442,2393,1123,184,1,183473,11375,2442,2396,1128,2441,2392,1123,89,100,0,500,2742;
@400000005e7172e80edcc7b6 #d,-,18,2442,2394,1126,185,1,183442,11373,2442,2394,1130,2442,2393,1123,89,100,0,500,2742;
@400000005e7172ea0eec9296 #d,-,18,2442,2393,1315,186,1,183514,11377,2442,2395,1315,2442,2393,1123,89,100,0,500,2742;
@400000005e7172ea0ef63785 #d,-,18,2749,2392,1332,187,1,183626,11384,2749,2394,1376,2442,2391,1259,92,100,0,500,2979;
@400000005e7172ec0f06b9dd #d,-,18,3042,2395,1245,187,1,183620,11384,3042,2396,1352,2749,2391,1107,93,100,0,500,3268;
@400000005e7172ec0f100cd7 #d,-,18,2623,2394,1156,188,1,183631,11385,3042,2395,1245,2623,2393,1143,89,100,0,500,2929;
@400000005e7172ee0f210841 #d,-,18,2557,2395,1163,189,1,183628,11384,2623,2395,1166,2557,2393,1156,89,100,0,500,2851;
@400000005e7172ee0f2a6ecb #d,-,18,2552,2395,1129,190,1,183605,11383,2557,2395,1165,2552,2394,1126,90,100,0,500,2817;
@400000005e7172f00f3a44d7 #d,-,18,2457,2392,1313,190,1,183608,11383,2552,2395,1313,2457,2392,1128,89,100,0,500,2756;
@400000005e7172f00f43fd56 #d,-,18,2747,2394,1330,191,1,183716,11390,2747,2395,1372,2457,2392,1261,92,100,0,500,2983;
@400000005e7172f20f53f30c #d,-,18,3038,2393,1238,192,1,183780,11394,3038,2396,1350,2747,2393,1129,93,100,0,500,3263;
@400000005e7172f20f5d64c2 #d,-,18,2633,2394,1155,193,1,183788,11394,3038,2395,1238,2633,2393,1144,89,100,0,500,2941;
@400000005e7172f40f6d4b92 #d,-,18,2551,2396,1159,193,1,183783,11394,2633,2396,1166,2551,2394,1155,89,100,0,500,2848;
@400000005e7172f40f768744 #d,-,18,2546,2396,1129,194,1,183759,11393,2551,2396,1161,2546,2395,1125,90,100,0,500,2810;
@400000005e7172f60f86265e #d,-,18,2455,2393,1318,195,1,183767,11393,2546,2396,1318,2455,2392,1127,89,100,0,500,2751;
@400000005e7172f60f8fb7bf #d,-,18,2773,2395,1334,195,1,183873,11400,2773,2395,1367,2455,2393,1259,92,100,0,500,2995;
@400000005e7172f80fa11139 #d,-,18,3026,2395,1233,196,1,183998,11407,3026,2397,1349,2773,2395,1137,92,100,0,500,3265;
@400000005e7172f80faa7f36 #d,-,18,2631,2394,1161,197,1,183939,11404,3026,2396,1233,2631,2393,1144,89,100,0,500,2931;
@400000005e7172fa0fbc0387 #d,-,18,2549,2396,1163,198,1,183934,11403,2631,2397,1167,2549,2393,1160,89,100,0,500,2846;
@400000005e7172fa0fc5ac31 #d,-,18,2544,2395,1131,198,1,183909,11402,2549,2397,1164,2544,2395,1128,90,100,0,500,2813;
@400000005e7172fc0fd54c38 #d,-,18,2459,2395,1317,199,1,183925,11403,2544,2395,1324,2459,2394,1129,89,100,0,500,2761;
@400000005e7172fc0fde97c0 #d,-,18,2815,2394,1339,200,1,184029,11409,2815,2396,1373,2459,2394,1263,92,100,0,500,3028;
@400000005e7172fe0fef12a4 #d,-,18,2992,2393,1199,200,1,184071,11412,2992,2394,1349,2815,2392,1129,91,100,0,500,3256;
@400000005e7172fe0ff864b0 #d,-,18,2569,2396,1164,201,1,184069,11412,2992,2396,1199,2569,2393,1153,89,100,0,500,2870;
@400000005e7173001008c84c #d,-,18,2565,2395,1159,202,1,184064,11411,2569,2396,1167,2565,2395,1158,90,100,0,500,2834;
@400000005e71730010121f01 #d,-,18,2511,2397,1132,203,1,184038,11410,2565,2397,1159,2511,2395,1125,89,100,0,500,2808;
@400000005e7173021023ca70 #d,-,18,2377,2398,937,203,1,183913,11402,2511,2398,1132,2377,2396,892,87,100,0,500,2723;
@400000005e717302102d536f #d,-,18,1906,2396,940,204,1,183753,11392,2377,2398,940,1906,2396,922,83,100,0,500,2277;
@400000005e717304103bbf32 #d,-,18,1908,2397,933,204,1,183596,11382,1908,2398,951,1906,2396,924,83,100,0,500,2291;
@400000005e7173041044d780 #d,-,18,1911,2397,929,205,1,183438,11373,1911,2398,942,1908,2396,929,83,100,0,500,2289;
@400000005e7173061052b5b4 #d,-,18,1912,2396,938,205,1,183282,11363,1912,2397,939,1911,2396,924,83,100,0,500,2284;
@400000005e717306105b451b #d,-,18,1913,2396,941,206,1,183189,11357,1913,2397,941,1912,2395,929,83,100,0,500,2291;
@400000005e7173081069eb8b #d,-,18,1915,2397,927,206,1,182972,11344,1915,2398,942,1913,2396,927,83,100,0,500,2286;
@400000005e7173081072ff31 #d,-,18,1916,2397,936,207,1,182883,11338,1916,2397,942,1915,2397,927,83,100,0,500,2286;
@400000005e71730a10815ed9 #d,-,18,1917,2394,937,207,1,182669,11325,1917,2398,940,1916,2394,927,83,100,0,500,2284;
@400000005e71730a1089ea86 #d,-,18,1919,2395,935,208,1,182579,11319,1919,2396,937,1917,2394,924,83,100,0,500,2291;
@400000005e71730c10977f27 #d,-,18,1919,2396,929,208,1,182430,11310,1919,2396,953,1919,2394,929,84,100,0,500,2279;
@400000005e71730c10a09ee8 #d,-,18,1919,2397,938,209,1,182219,11297,1919,2397,940,1919,2396,929,83,100,0,500,2289;
@400000005e71730e10aff917 #d,-,18,1920,2397,935,210,1,182070,11288,1920,2398,939,1919,2397,928,83,100,0,500,2289;
@400000005e71730e10b87c62 #d,-,18,1920,2395,925,210,1,181921,11279,1920,2397,940,1920,2395,925,84,100,0,500,2282;
@400000005e71731010c5f9ba #d,-,18,1919,2395,934,211,1,181775,11270,1920,2396,941,1919,2394,925,84,100,0,500,2282;
@400000005e71731010cedb16 #d,-,18,1919,2397,938,211,1,181629,11261,1919,2397,942,1919,2395,927,84,100,0,500,2284;
@400000005e71731210de4c8d #d,-,18,1920,2397,930,212,1,181483,11251,1920,2398,938,1919,2396,922,84,100,0,500,2284;
@400000005e71731210e6ebc9 #d,-,18,1919,2395,935,212,1,181340,11243,1920,2398,939,1919,2395,930,84,100,0,500,2282;
@400000005e71731410f4dd8b #d,-,18,1919,2396,937,213,1,181197,11234,1919,2396,937,1919,2395,922,84,100,0,500,2279;
@400000005e71731410fde24b #d,-,18,1919,2397,934,213,1,181053,11225,1919,2397,937,1919,2396,923,84,100,0,500,2284;
@400000005e717316110beffe #d,-,18,1919,2397,928,214,1,180912,11216,1919,2398,940,1919,2396,928,84,100,0,500,2277;
@400000005e717316111486d8 #d,-,18,1919,2395,936,214,1,180772,11207,1919,2398,938,1919,2395,922,84,100,0,500,2279;
@400000005e717318112377c9 #d,-,18,1919,2396,937,215,1,180632,11199,1919,2397,938,1919,2395,923,83,100,0,500,2289;
@400000005e717318112c8043 #d,-,18,1919,2397,931,215,1,180493,11190,1919,2398,939,1919,2395,927,84,100,0,500,2279;
