@400000005e6899751cf51a25 #v,-,8,2,261786,5,2,4,57,200810261703,0;
@400000005e6899760b444a9d #h,-,18,W,V,A,WH,Cost,WH/Mo,Cost/Mo,Wmax,Vmax,Amax,Wmin,Vmin,Amin,PF,DC,PC,Hz,VA;
@400000005e68997611529a01 #f,-,48,197,436,1,4775,0,0,65533,0,199,810,237,17949,177,311,4753,4,92217,151,32123,69906,40,694,17008,0,93,1,4659,0,0,65533,0,199,822,242,18484,171,318,5362,2,92206,150,32190,70407,42,536,17029,0,92;
@400000005e6899781164ce57 #d,-,18,2415,2377,1121,0,0,163833,10157,2415,2377,1122,2413,2375,1118,89,100,0,500,2704;
@400000005e68997a117321e3 #d,-,18,2415,2378,1118,1,0,168025,10417,2415,2379,1126,2415,2377,1117,89,100,0,500,2704;
@400000005e68997a117bc120 #d,-,18,2416,2377,1121,2,0,169708,10521,2416,2379,1125,2415,2377,1116,89,100,0,500,2708;
@400000005e68997c118a283b #d,-,18,2417,2377,1118,2,0,170627,10578,2417,2378,1123,2416,2374,1116,89,100,0,500,2708;
@400000005e68997c11936033 #d,-,18,2418,2376,1121,3,0,171231,10616,2418,2377,1123,2417,2375,1117,89,100,0,500,2704;
@400000005e68997e11a1dadd #d,-,18,2418,2376,1208,4,0,172972,10724,2418,2377,1235,2418,2375,1118,89,100,0,500,2704;
@400000005e68997e11aa8546 #d,-,18,2705,2374,1288,4,0,176961,10971,2705,2376,1310,2418,2374,1199,92,100,0,500,2922;
@400000005e68998011b8f87d #d,-,18,2811,2375,1234,5,0,181546,11255,2811,2377,1288,2705,2374,1195,91,100,0,500,3076;
@400000005e68998011c1f983 #d,-,18,2675,2375,1201,6,0,181758,11269,2811,2376,1234,2675,2374,1121,91,100,0,500,2938;
@400000005e68998211d0459c #d,-,18,2583,2377,1264,7,0,183311,11365,2675,2378,1298,2583,2375,1194,90,100,0,500,2846;
@400000005e68998211d9655e #d,-,18,2824,2378,1126,7,0,182629,11323,2824,2378,1278,2583,2375,1116,92,100,0,500,3052;
@400000005e68998411e7cd67 #d,-,18,2617,2378,1160,8,0,183014,11346,2824,2379,1218,2617,2377,1126,90,100,0,500,2905;
@400000005e68998411f0fcfe #d,-,18,2612,2376,1281,9,0,183535,11379,2617,2378,1281,2612,2376,1132,92,100,0,500,2839;
@400000005e68998611ff5ca6 #d,-,18,2767,2378,1256,10,0,184881,11462,2767,2378,1300,2612,2376,1256,92,100,0,500,3005;
@400000005e689986120927c5 #d,-,18,2695,2376,1216,10,0,184970,11468,2767,2378,1256,2695,2375,1121,90,100,0,500,2962;
@400000005e6899881217ca7b #d,-,18,2561,2376,1207,11,0,184943,11466,2695,2377,1234,2561,2375,1117,89,100,0,500,2851;
@400000005e68998812204299 #d,-,18,2719,2376,1289,12,0,185968,11530,2719,2378,1309,2561,2376,1205,92,100,0,500,2934;
@400000005e68998a122da7ba #d,-,18,2826,2378,1224,13,0,186265,11548,2826,2378,1290,2719,2375,1105,91,100,0,500,3090;
@400000005e68998a12371971 #d,-,18,2595,2378,1132,13,0,186131,11540,2826,2379,1229,2595,2377,1116,90,100,0,500,2862;
@400000005e68998c124552ea #d,-,18,2387,2378,1138,14,0,185052,11473,2595,2379,1140,2387,2378,1005,87,100,0,500,2725;
@400000005e68998c124e3bb9 #d,-,18,2387,2378,1139,15,0,184745,11454,2387,2378,1151,2387,2377,1138,89,100,0,500,2656;
@400000005e68998e125b3ffe #d,-,18,2459,2378,1120,15,0,184261,11424,2459,2378,1139,2387,2377,1113,89,100,0,500,2744;
@400000005e68998e1264312f #d,-,18,2454,2378,1118,16,0,183818,11396,2459,2379,1122,2454,2378,1116,90,100,0,500,2711;
@400000005e6899901271ad99 #d,-,18,2451,2379,1121,17,0,183423,11372,2454,2379,1124,2451,2378,1116,90,100,0,500,2706;
@400000005e689990127a58f1 #d,-,18,2447,2378,1119,17,0,183042,11348,2451,2379,1122,2447,2378,1116,90,100,0,500,2706;
@400000005e689992128770c5 #d,-,18,2444,2378,1119,18,0,182695,11327,2447,2379,1123,2444,2377,1117,90,100,0,500,2708;
@400000005e68999212903630 #d,-,18,2441,2378,1122,19,0,182369,11306,2444,2378,1122,2441,2377,1118,90,100,0,500,2708;
@400000005e689994129e9992 #d,-,18,2439,2377,1120,19,0,182065,11288,2441,2378,1124,2439,2376,1117,90,100,0,500,2708;
@400000005e68999412a7c56f #d,-,18,2491,2376,1289,20,0,182364,11306,2491,2377,1289,2439,2376,1118,90,100,0,500,2749;
@400000005e68999612b5f686 #d,-,18,2779,2378,1246,21,0,183069,11350,2779,2378,1307,2491,2376,1246,92,100,0,500,3016;
@400000005e68999612bfb2be #d,-,18,2777,2379,1195,22,0,183934,11403,2779,2379,1277,2777,2378,1168,92,100,0,500,3014;
@400000005e68999812cec624 #d,-,18,2587,2377,1199,22,0,183957,11405,2777,2379,1228,2587,2377,1122,89,100,0,500,2886;
@400000005e68999812d83068 #d,-,18,2705,2378,1276,23,0,184479,11437,2705,2380,1299,2587,2377,1195,92,100,0,500,2924;
@400000005e68999a12e631ff #d,-,18,2793,2378,1204,24,0,184112,11414,2793,2380,1276,2705,2378,1118,91,100,0,500,3057;
@400000005e68999a12efbfa6 #d,-,18,2559,2380,1183,24,0,184034,11410,2793,2380,1204,2559,2378,1126,90,100,0,501,2839;
@400000005e68999c12fede3a #d,-,18,2561,2380,1272,25,0,184415,11433,2561,2380,1300,2559,2378,1183,90,100,0,501,2841;
@400000005e68999c1308410a #d,-,18,2828,2381,1146,26,0,184668,11449,2828,2381,1280,2561,2378,1115,92,100,0,501,3054;
@400000005e68999e131724f1 #d,-,18,2611,2381,1137,27,0,185146,11479,2828,2381,1218,2611,2378,1137,89,100,0,501,2903;
@400000005e68999e13207079 #d,-,18,2555,2381,1286,27,0,184828,11459,2611,2381,1286,2555,2378,1124,90,100,0,501,2810;
@400000005e6899a0132f4579 #d,-,18,2765,2380,1248,28,0,185255,11485,2765,2381,1298,2555,2378,1248,92,100,0,501,3005;
@400000005e6899a0133878ca #d,-,18,2701,2379,1209,29,0,185296,11488,2765,2381,1248,2701,2378,1133,90,100,0,501,2974;
@400000005e6899a213452ed4 #d,-,18,2599,2380,1117,30,0,185126,11477,2701,2381,1216,2599,2378,1117,90,100,0,501,2879;
@400000005e6899a2134dd93d #d,-,18,2425,2378,1123,30,0,185297,11488,2599,2381,1123,2425,2377,1116,89,100,0,501,2713;
@400000005e6899a4135b666b #d,-,18,2425,2379,1120,31,0,184620,11446,2425,2379,1123,2425,2376,1116,89,100,0,501,2706;
@400000005e6899a413643bab #d,-,18,2424,2377,1120,32,0,184794,11457,2425,2379,1125,2424,2377,1117,89,100,0,500,2706;
@400000005e6899a61370a734 #d,-,18,2424,2380,1121,32,0,184157,11417,2424,2381,1123,2424,2376,1117,89,100,0,500,2708;
@400000005e6899a61379d6cb #d,-,18,2424,2379,1119,33,0,183935,11403,2424,2380,1123,2424,2378,1116,89,100,0,500,2706;
@400000005e6899a813873cdb #d,-,18,2423,2379,1123,34,0,183724,11390,2424,2379,1123,2423,2377,1117,89,100,0,500,2706;
@400000005e6899a8138fefa5 #d,-,18,2423,2379,1118,34,0,183516,11378,2423,2379,1125,2423,2378,1117,89,100,0,500,2706;
@400000005e6899aa139e6696 #d,-,18,2423,2377,1121,35,0,183323,11366,2423,2379,1123,2423,2377,1116,89,100,0,500,2706;
@400000005e6899aa13a7c4bd #d,-,18,2422,2377,1198,36,0,183318,11365,2423,2378,1232,2422,2377,1116,89,100,0,500,2706;
@400000005e6899ac13b610d6 #d,-,18,2727,2378,1286,37,0,183698,11389,2727,2379,1310,2422,2376,1196,92,100,0,500,2936;
@400000005e6899ac13bf7760 #d,-,18,2797,2378,1215,37,0,183942,11404,2797,2379,1286,2727,2378,1198,91,100,0,500,3069;
@400000005e6899ae13ce6763 #d,-,18,2677,2377,1219,38,0,183940,11404,2797,2379,1219,2677,2376,1121,91,100,0,500,2941;
@400000005e6899ae13d7b1fc #d,-,18,2585,2379,1267,39,0,184191,11419,2677,2379,1298,2585,2376,1194,90,100,0,500,2848;
@400000005e6899b013e64896 #d,-,18,2834,2379,1154,39,0,184358,11430,2834,2380,1280,2585,2378,1123,92,100,0,500,3064;
@400000005e6899b013ef8449 #d,-,18,2607,2377,1140,40,0,184366,11430,2834,2379,1218,2607,2377,1140,90,100,0,500,2896;
@400000005e6899b213fe6cd8 #d,-,18,2600,2379,1283,41,0,184475,11437,2607,2380,1283,2600,2377,1128,92,100,0,500,2815;
@400000005e6899b21407940d #d,-,18,2769,2378,1235,42,0,184780,11456,2769,2379,1302,2600,2377,1235,91,100,0,500,3012;
@400000005e6899b41415a57a #d,-,18,2695,2380,1173,42,0,184771,11455,2769,2380,1235,2695,2378,1128,90,100,0,500,2964;
@400000005e6899b4141f656c #d,-,18,2539,2379,1194,43,0,184784,11456,2695,2380,1225,2539,2377,1127,89,100,0,500,2825;
@400000005e6899b6142e94c3 #d,-,18,2735,2379,1279,44,0,185068,11474,2735,2380,1296,2539,2378,1193,92,100,0,500,2952;
@400000005e6899b61437c813 #d,-,18,2739,2379,1191,45,0,185132,11478,2739,2380,1279,2735,2378,1122,90,100,0,500,3043;
@400000005e6899b81445e59b #d,-,18,2601,2379,1130,45,0,185075,11474,2739,2379,1214,2601,2377,1123,90,100,0,500,2862;
@400000005e6899b8144f636d #d,-,18,2447,2379,1127,46,0,184920,11465,2601,2380,1130,2447,2379,1123,89,100,0,500,2749;
@400000005e6899ba145e5370 #d,-,18,2445,2377,1125,47,0,184767,11455,2447,2379,1129,2445,2377,1123,89,100,0,500,2718;
@400000005e6899ba1467b552 #d,-,18,2444,2378,1126,47,0,184618,11446,2445,2379,1128,2444,2377,1121,89,100,0,500,2720;
@400000005e6899bc14771e67 #d,-,18,2443,2379,1123,48,0,184472,11437,2444,2379,1127,2443,2378,1122,89,100,0,500,2720;
@400000005e6899bc1480afc8 #d,-,18,2442,2378,1125,49,0,184600,11445,2443,2379,1128,2442,2378,1121,89,100,0,500,2718;
@400000005e6899be148f3a47 #d,-,18,2441,2375,1123,49,0,184196,11420,2442,2378,1129,2441,2375,1120,89,100,0,500,2718;
@400000005e6899be1498ef0b #d,-,18,2440,2378,1125,50,0,184066,11412,2441,2378,1128,2440,2375,1123,89,100,0,500,2718;
@400000005e6899c014a769b5 #d,-,18,2440,2378,1126,51,0,183935,11403,2440,2378,1128,2440,2378,1123,89,100,0,500,2718;
@400000005e6899c014b0a568 #d,-,18,2439,2376,1230,51,0,183900,11401,2440,2378,1233,2439,2376,1123,89,100,0,500,2718;
@400000005e6899c214bf2874 #d,-,18,2645,2376,1284,52,0,184131,11416,2645,2379,1314,2439,2376,1200,91,100,0,500,2877;
@400000005e6899c214c8f481 #d,-,18,2864,2375,1242,53,0,184351,11429,2864,2376,1295,2645,2374,1240,92,100,0,500,3107;
@400000005e6899c414d7fbcc #d,-,18,2705,2374,1167,54,0,184350,11429,2864,2376,1242,2705,2373,1126,90,100,0,500,2974;
@400000005e6899c414e14ec7 #d,-,18,2591,2374,1284,55,0,184532,11441,2705,2374,1309,2591,2372,1167,90,100,0,500,2851;
@400000005e6899c614ef927e #d,-,18,2828,2373,1120,55,0,184679,11450,2828,2374,1287,2591,2373,1120,92,100,0,500,3052;
@400000005e6899c614f89384 #d,-,18,2649,2376,1160,56,0,184704,11451,2828,2376,1226,2649,2373,1120,90,100,0,500,2931;
@400000005e6899c8150721bd #d,-,18,2555,2376,1253,57,0,184761,11455,2649,2377,1253,2555,2375,1133,90,100,0,500,2817;
@400000005e6899c815107c2b #d,-,18,2779,2374,1270,58,0,185234,11484,2779,2376,1304,2555,2374,1253,92,100,0,500,3014;
@400000005e6899ca151f49b8 #d,-,18,2705,2374,1191,58,0,185008,11470,2779,2377,1270,2705,2374,1119,90,100,0,500,2974;
@400000005e6899ca15287d09 #d,-,18,2571,2376,1208,59,0,185019,11471,2705,2377,1231,2571,2374,1133,90,100,0,500,2853;
@400000005e6899cc15371b16 #d,-,18,2715,2374,1281,60,0,185220,11483,2715,2377,1304,2571,2374,1198,92,100,0,500,2931;
@400000005e6899cc1540ac77 #d,-,18,2807,2375,1216,60,0,185287,11487,2807,2377,1285,2715,2374,1118,91,100,0,500,3069;
@400000005e6899ce154d899f #d,-,18,2587,2378,1079,61,0,185229,11484,2807,2378,1216,2587,2374,1079,90,100,0,500,2858;
@400000005e6899ce15563c6a #d,-,18,2312,2377,1108,62,0,185210,11483,2587,2378,1142,2312,2375,1009,87,100,0,501,2644;
@400000005e6899d015635bb2 #d,-,18,2417,2376,1121,62,0,185077,11474,2417,2377,1123,2312,2374,1108,89,100,0,501,2687;
@400000005e6899d0156c77ba #d,-,18,2417,2376,1115,63,0,184740,11453,2417,2377,1125,2417,2374,1115,89,100,0,501,2699;
@400000005e6899d215798373 #d,-,18,2417,2374,1120,64,0,184617,11446,2417,2376,1125,2417,2374,1115,89,100,0,501,2701;
@400000005e6899d215822ddc #d,-,18,2417,2375,1122,64,0,184497,11438,2417,2375,1125,2417,2373,1118,89,100,0,501,2704;
@400000005e6899d4158f93ec #d,-,18,2417,2375,1121,65,0,184379,11431,2417,2375,1127,2417,2372,1116,89,100,0,500,2706;
@400000005e6899d41598692c #d,-,18,2418,2372,1123,66,0,184268,11424,2418,2375,1126,2417,2372,1119,89,100,0,500,2704;
@400000005e6899d615a7751f #d,-,18,2418,2373,1121,67,0,184157,11417,2418,2373,1125,2418,2371,1119,89,100,0,500,2704;
@400000005e6899d615b079df #d,-,18,2419,2372,1147,67,0,184250,11423,2419,2373,1147,2418,2372,1120,89,100,0,500,2706;
@400000005e6899d815beb269 #d,-,18,2551,2368,1293,68,0,184395,11432,2551,2372,1312,2419,2368,1147,91,100,0,500,2798;
@400000005e6899d815c81091 #d,-,18,2826,2369,1195,69,0,184360,11430,2826,2369,1293,2551,2368,1191,92,100,0,500,3052;
@400000005e6899da15d6f921 #d,-,18,2747,2370,1169,69,0,184622,11446,2826,2370,1273,2747,2368,1169,91,100,0,500,3005;
@400000005e6899da15e0302b #d,-,18,2559,2369,1232,70,0,184460,11436,2747,2370,1232,2559,2369,1123,90,100,0,500,2829;
@400000005e6899dc15ee3a24 #d,-,18,2757,2370,1262,71,0,184834,11459,2757,2370,1302,2559,2369,1232,92,100,0,500,2990;
@400000005e6899dc15f7712e #d,-,18,2705,2370,1167,72,0,184845,11460,2757,2371,1262,2705,2369,1118,90,100,0,500,2988;
@400000005e6899de1606462f #d,-,18,2581,2369,1224,72,0,184836,11459,2705,2370,1227,2581,2368,1129,90,100,0,500,2841;
@400000005e6899de160f6a99 #d,-,18,2586,2368,1270,73,0,184792,11457,2586,2369,1302,2581,2368,1199,90,100,0,500,2858;
@400000005e6899e0161e13d4 #d,-,18,2836,2369,1223,74,0,184868,11461,2836,2370,1282,2586,2367,1123,92,100,0,500,3073;
@400000005e6899e01627b8c3 #d,-,18,2597,2369,1160,75,0,184860,11461,2836,2370,1223,2597,2369,1129,90,100,0,500,2870;
@400000005e6899e21636cc2a #d,-,18,2596,2367,1290,75,0,184981,11468,2597,2369,1308,2596,2367,1160,90,100,0,500,2855;
@400000005e6899e21640366d #d,-,18,2822,2370,1132,76,0,185104,11476,2822,2370,1290,2596,2367,1132,92,100,0,500,3043;
@400000005e6899e4164ef425 #d,-,18,2659,2369,1192,77,0,185118,11477,2822,2370,1238,2659,2368,1099,90,100,0,500,2929;
@400000005e6899e416580058 #d,-,18,2539,2370,1047,78,0,184937,11466,2659,2371,1192,2539,2368,1014,89,100,0,500,2829;
@400000005e6899e6166648b8 #d,-,18,2288,2369,1131,78,0,184838,11459,2539,2370,1150,2288,2369,1045,88,100,0,500,2578;
@400000005e6899e6166fd1b7 #d,-,18,2431,2372,1127,79,0,184747,11454,2431,2372,1131,2288,2369,1124,89,100,0,500,2715;
@400000005e6899e8167ed18e #d,-,18,2431,2370,1128,80,0,184826,11459,2431,2372,1130,2431,2369,1125,89,100,0,500,2718;
@400000005e6899e8168814b4 #d,-,18,2432,2372,1125,80,0,184737,11453,2432,2372,1128,2431,2369,1124,89,100,0,500,2715;
@400000005e6899ea1697148c #d,-,18,2433,2374,1129,81,0,184653,11448,2433,2375,1129,2432,2372,1123,89,100,0,500,2715;
@400000005e6899ea16a05b6b #d,-,18,2433,2375,1125,82,0,184570,11443,2433,2375,1130,2433,2374,1124,89,100,0,500,2720;
@400000005e6899ec16af8261 #d,-,18,2434,2375,1126,82,0,184488,11438,2434,2375,1132,2433,2374,1125,89,100,0,500,2723;
@400000005e6899ec16b896f6 #d,-,18,2435,2373,1126,83,0,184407,11433,2435,2375,1131,2434,2372,1123,89,100,0,500,2720;
@400000005e6899ee16c66642 #d,-,18,2436,2372,1208,84,0,184256,11423,2436,2373,1241,2435,2371,1126,89,100,0,500,2720;
@400000005e6899ee16d01a19 #d,-,18,2747,2372,1287,84,0,184416,11433,2747,2373,1309,2436,2371,1207,92,100,0,500,2955;
@400000005e6899f016df1e99 #d,-,18,2750,2373,1217,85,0,184505,11439,2750,2373,1287,2747,2372,1185,90,100,0,500,3043;
@400000005e6899f016e887ee #d,-,18,2689,2372,1223,86,0,184509,11439,2750,2374,1223,2689,2371,1126,91,100,0,500,2943;
@400000005e6899f216f76cc3 #d,-,18,2601,2372,1267,87,0,184620,11446,2689,2373,1298,2601,2371,1203,91,100,0,500,2858;
@400000005e6899f217007cb0 #d,-,18,2828,2374,1155,87,0,184682,11450,2828,2374,1282,2601,2372,1121,92,100,0,500,3057;
@400000005e6899f4170ea653 #d,-,18,2595,2374,1150,88,0,184692,11450,2828,2374,1228,2595,2374,1150,90,100,0,500,2881;
@400000005e6899f41717f94e #d,-,18,2592,2373,1286,89,0,184748,11454,2595,2374,1286,2592,2372,1137,91,100,0,500,2827;
@400000005e6899f61726aea5 #d,-,18,2777,2374,1229,90,0,184883,11462,2777,2374,1302,2592,2372,1229,92,100,0,500,3016;
@400000005e6899f6172fe5af #d,-,18,2673,2375,1212,90,0,184888,11463,2777,2375,1229,2673,2373,1118,90,100,0,500,2945;
@400000005e6899f8173dd4a6 #d,-,18,2573,2375,1223,91,0,184886,11462,2673,2375,1234,2573,2375,1130,90,100,0,500,2853;
@400000005e6899f817470bb0 #d,-,18,2685,2374,1278,92,0,185010,11470,2685,2376,1301,2573,2373,1203,92,100,0,500,2905;
@400000005e6899fa17561b5d #d,-,18,2817,2375,1220,93,0,185054,11473,2817,2375,1280,2685,2374,1101,91,100,0,500,3076;
@400000005e6899fa175f201d #d,-,18,2579,2376,1120,93,0,185172,11480,2817,2376,1220,2579,2375,1120,90,100,0,500,2848;
@400000005e6899fc176be154 #d,-,18,2443,2374,1128,94,0,184944,11466,2579,2376,1136,2443,2374,1110,88,100,0,500,2746;
@400000005e6899fc1774fd5c #d,-,18,2441,2377,1121,95,0,184861,11461,2443,2377,1128,2441,2374,1116,89,100,0,500,2713;
@400000005e6899fe1782a946 #d,-,18,2439,2376,1120,95,0,184779,11456,2441,2377,1123,2439,2374,1118,90,100,0,500,2706;
@400000005e6899fe178b4882 #d,-,18,2437,2374,1121,96,0,184699,11451,2439,2377,1126,2437,2373,1119,90,100,0,500,2706;
@400000005e689a0017978ced #d,-,18,2435,2373,1121,97,0,184619,11446,2437,2374,1124,2435,2373,1117,89,100,0,500,2706;
@400000005e689a0017a09cda #d,-,18,2434,2373,1120,97,0,184541,11441,2435,2374,1124,2434,2373,1119,90,100,0,500,2704;
@400000005e689a0217af8569 #d,-,18,2432,2374,1124,98,0,184465,11436,2434,2374,1125,2432,2372,1119,89,100,0,500,2704;
@400000005e689a0217b916ca #d,-,18,2431,2373,1122,99,0,184391,11432,2432,2375,1127,2431,2373,1118,89,100,0,500,2704;
@400000005e689a0417c6d9fb #d,-,18,2431,2372,1138,99,0,184320,11427,2431,2373,1138,2431,2371,1118,89,100,0,500,2708;
@400000005e689a0417d05b87 #d,-,18,2541,2372,1298,100,0,184412,11433,2541,2373,1309,2431,2370,1138,90,100,0,500,2794;
@400000005e689a0617df096a #d,-,18,2820,2372,1178,101,0,184646,11448,2820,2373,1298,2541,2371,1177,92,100,0,500,3045;
@400000005e689a0617e85c65 #d,-,18,2751,2375,1173,101,0,184700,11451,2820,2375,1275,2751,2372,1173,91,100,0,500,3012;
@400000005e689a0817f66dd2 #d,-,18,2559,2372,1219,102,0,184712,11452,2751,2376,1227,2559,2372,1122,90,100,0,500,2836;
@400000005e689a0817fff405 #d,-,18,2753,2374,1274,103,0,184843,11460,2753,2374,1299,2559,2371,1219,92,100,0,500,2986;
@400000005e689a0a180f02c4 #d,-,18,2747,2374,1166,104,0,184723,11452,2753,2375,1274,2747,2373,1119,91,100,0,500,2998;
@400000005e689a0a181849a3 #d,-,18,2581,2373,1226,104,0,184718,11452,2747,2375,1226,2581,2373,1128,90,100,0,500,2843;
@400000005e689a0c1826672b #d,-,18,2585,2373,1267,105,0,184813,11458,2585,2373,1299,2581,2372,1197,90,100,0,500,2860;
@400000005e689a0c18302363 #d,-,18,2838,2374,1218,106,0,184867,11461,2838,2374,1281,2585,2372,1118,92,100,0,500,3076;
@400000005e689a0e183f5a2e #d,-,18,2573,2374,1150,107,0,184844,11460,2838,2375,1218,2573,2374,1127,90,100,0,500,2858;
@400000005e689a0e1848d800 #d,-,18,2573,2374,1277,107,0,184926,11465,2573,2375,1301,2573,2374,1150,90,100,0,500,2836;
@400000005e689a101857bbe7 #d,-,18,2811,2374,1149,108,0,185006,11470,2811,2375,1280,2573,2374,1149,92,100,0,500,3033;
@400000005e689a101860ff0d #d,-,18,2657,2374,1181,109,0,185025,11471,2811,2375,1221,2657,2374,1128,90,100,0,500,2931;
@400000005e689a12186d534e #d,-,18,2545,2375,1123,109,0,184958,11467,2657,2375,1181,2545,2374,1118,89,100,0,500,2832;
@400000005e689a121876869e #d,-,18,2421,2375,1120,110,0,184888,11463,2545,2375,1125,2421,2375,1116,89,100,0,500,2706;
@400000005e689a1418844e78 #d,-,18,2421,2374,1124,111,0,184818,11458,2421,2376,1124,2421,2374,1120,89,100,0,500,2706;
@400000005e689a14188d471c #d,-,18,2422,2373,1121,112,0,184750,11454,2422,2374,1125,2421,2373,1119,89,100,0,500,2706;
@400000005e689a16189b8bc2 #d,-,18,2422,2372,1122,112,0,184681,11450,2422,2374,1125,2422,2372,1120,89,100,0,500,2706;
@400000005e689a1618a4af3d #d,-,18,2422,2375,1124,113,0,184616,11446,2422,2375,1127,2422,2372,1121,89,100,0,500,2711;
@400000005e689a1818b2a1ee #d,-,18,2423,2369,1121,114,0,184549,11442,2423,2375,1125,2422,2367,1119,89,100,0,500,2708;
@400000005e689a1818bc0feb #d,-,18,2423,2369,1122,114,0,184484,11438,2423,2371,1125,2423,2368,1119,89,100,0,500,2706;
@400000005e689a1a18cb51e2 #d,-,18,2423,2367,1121,115,0,184418,11433,2423,2369,1124,2423,2367,1120,89,100,0,500,2701;
@400000005e689a1a18d5e53d #d,-,18,2487,2369,1284,116,0,184567,11443,2487,2370,1284,2423,2366,1121,90,100,0,500,2737;
@400000005e689a1c18e605cb #d,-,18,2779,2369,1259,116,0,184688,11450,2779,2369,1314,2487,2368,1259,92,100,0,500,3014;
@400000005e689a1c18f06233 #d,-,18,2779,2370,1194,117,0,184625,11446,2779,2370,1269,2779,2368,1194,91,100,0,500,3028;
@400000005e689a1e1900c215 #d,-,18,2585,2369,1198,118,0,184628,11446,2779,2370,1233,2585,2369,1126,89,100,0,500,2881;
@400000005e689a1e190acb9a #d,-,18,2723,2370,1278,119,0,184844,11460,2723,2370,1302,2585,2369,1197,92,100,0,500,2936;
@400000005e689a20191ae0fa #d,-,18,2781,2369,1192,119,0,184870,11461,2781,2370,1278,2723,2368,1126,91,100,0,500,3045;
@400000005e689a2019257bc8 #d,-,18,2563,2368,1198,120,0,184743,11454,2781,2370,1198,2563,2368,1129,90,100,0,500,2834;
@400000005e689a221935d349 #d,-,18,2564,2368,1269,121,0,184816,11458,2564,2370,1301,2563,2368,1196,90,100,0,500,2836;
@400000005e689a2219406a5d #d,-,18,2826,2372,1162,122,0,184868,11461,2826,2372,1285,2564,2368,1113,92,100,0,500,3050;
@400000005e689a241950da14 #d,-,18,2605,2372,1135,122,0,184865,11461,2826,2372,1220,2605,2371,1135,90,100,0,500,2893;
@400000005e689a24195bce4b #d,-,18,2599,2371,1297,123,0,184908,11464,2605,2373,1297,2599,2371,1128,92,100,0,500,2813;
@400000005e689a26196ce0fd #d,-,18,2771,2371,1254,124,0,185006,11470,2771,2372,1299,2599,2371,1254,92,100,0,500,3007;
@400000005e689a261977e23d #d,-,18,2699,2370,1216,125,0,185015,11470,2771,2372,1254,2699,2370,1134,90,100,0,500,2967;
@400000005e689a281986e988 #d,-,18,2589,2371,1124,125,0,184972,11468,2699,2371,1216,2589,2370,1123,90,100,0,500,2867;
@400000005e689a28199149aa #d,-,18,2429,2370,1124,126,0,185015,11470,2589,2371,1127,2429,2369,1121,89,100,0,500,2713;
@400000005e689a2a19a01af1 #d,-,18,2428,2370,1123,127,0,184851,11460,2429,2371,1126,2428,2370,1118,89,100,0,500,2706;
@400000005e689a2a19aaecb2 #d,-,18,2428,2371,1123,127,0,184791,11457,2428,2372,1126,2428,2370,1121,89,100,0,500,2708;
@400000005e689a2a19b32dde #d,-,18,2428,2371,1122,128,0,184730,11453,2428,2371,1124,2428,2370,1121,89,100,0,500,2706;
@400000005e689a2c19bfa93c #d,-,18,2427,2372,1123,129,0,184671,11449,2428,2372,1127,2427,2371,1120,89,100,0,500,2706;
@400000005e689a2c19c8ff02 #d,-,18,2427,2369,1121,129,0,184612,11445,2427,2373,1125,2427,2369,1119,89,100,0,500,2704;
@400000005e689a2e19d6e1de #d,-,18,2427,2370,1122,130,0,184554,11442,2427,2370,1126,2427,2369,1119,89,100,0,500,2708;
@400000005e689a2e19dfa837 #d,-,18,2426,2373,1121,131,0,184595,11444,2427,2373,1124,2426,2370,1118,89,100,0,500,2701;
@400000005e689a3019eda9cf #d,-,18,2427,2373,1200,131,0,184496,11438,2427,2373,1231,2426,2372,1117,89,100,0,500,2706;
@400000005e689a3019f75720 #d,-,18,2757,2373,1287,132,0,184703,11451,2757,2373,1310,2427,2372,1200,92,100,0,500,2974;
@400000005e689a321a068589 #d,-,18,2758,2371,1201,133,0,184656,11448,2758,2373,1287,2757,2371,1177,90,100,0,500,3033;
@400000005e689a321a0fffa1 #d,-,18,2671,2372,1229,134,0,184755,11454,2758,2372,1229,2671,2370,1125,91,100,0,500,2934;
@400000005e689a341a1f1a7b #d,-,18,2609,2370,1266,134,0,184730,11453,2671,2372,1302,2609,2370,1196,91,100,0,500,2855;
@400000005e689a341a288fec #d,-,18,2836,2372,1202,135,0,184773,11455,2836,2372,1283,2609,2370,1123,92,100,0,500,3073;
@400000005e689a361a37946b #d,-,18,2587,2372,1128,136,0,184763,11455,2836,2372,1216,2587,2371,1128,90,100,0,500,2870;
@400000005e689a361a40e2be #d,-,18,2584,2370,1300,137,0,184808,11458,2587,2372,1300,2584,2369,1128,91,100,0,500,2820;
@400000005e689a381a501127 #d,-,18,2779,2372,1179,137,0,184887,11463,2779,2372,1301,2584,2369,1179,92,100,0,500,3012;
@400000005e689a381a5940be #d,-,18,2681,2373,1178,138,0,184895,11463,2779,2373,1230,2681,2372,1114,91,100,0,500,2945;
@400000005e689a3a1a67891d #d,-,18,2535,2373,1132,139,0,184845,11460,2681,2374,1178,2535,2372,1122,89,100,0,500,2827;
@400000005e689a3a1a70ff7c #d,-,18,2633,2371,1290,140,0,184947,11466,2633,2373,1330,2535,2371,1132,92,100,0,500,2855;
@400000005e689a3c1a7fc0ee #d,-,18,2771,2369,1189,140,0,184969,11468,2771,2371,1290,2633,2369,1107,90,100,0,500,3054;
@400000005e689a3c1a88cd21 #d,-,18,2619,2370,1064,141,0,184946,11466,2771,2370,1225,2619,2368,1064,91,100,0,500,2865;
@400000005e689a3e1a962715 #d,-,18,2308,2369,1117,142,0,184848,11460,2619,2371,1143,2308,2369,1009,87,100,0,500,2635;
@400000005e689a3e1a9f3baa #d,-,18,2417,2371,1122,142,0,184795,11457,2417,2371,1127,2308,2369,1114,90,100,0,500,2682;
@400000005e689a401aacc42f #d,-,18,2418,2370,1121,143,0,184833,11459,2418,2371,1127,2417,2369,1120,89,100,0,500,2706;
@400000005e689a401ab58a88 #d,-,18,2418,2370,1120,144,0,184688,11450,2418,2370,1125,2418,2369,1119,89,100,0,500,2706;
@400000005e689a421ac2b4fd #d,-,18,2419,2369,1121,144,0,184725,11452,2419,2370,1123,2418,2368,1119,89,100,0,500,2701;
@400000005e689a421acbd105 #d,-,18,2419,2368,1121,145,0,184671,11449,2419,2369,1124,2419,2368,1118,89,100,0,500,2701;
@400000005e689a441ad8d905 #d,-,18,2419,2368,1119,146,0,184618,11446,2419,2369,1125,2419,2368,1117,89,100,0,500,2699;
@400000005e689a441ae1a6d2 #d,-,18,2420,2368,1120,146,0,184475,11437,2420,2369,1125,2419,2367,1118,89,100,0,500,2704;
@400000005e689a461af02624 #d,-,18,2419,2368,1157,147,0,184517,11440,2420,2369,1157,2419,2368,1118,89,100,0,500,2701;
@400000005e689a461af9a03c #d,-,18,2551,2370,1286,148,0,184496,11438,2551,2370,1314,2419,2368,1157,91,100,0,500,2801;
@400000005e689a481b08ab41 #d,-,18,2834,2370,1196,148,0,184650,11448,2834,2370,1292,2551,2369,1171,92,100,0,500,3054;
@400000005e689a481b115a52 #d,-,18,2709,2369,1144,149,0,184575,11443,2834,2370,1267,2709,2369,1144,90,100,0,500,2983;
@400000005e689a4a1b1ecb8f #d,-,18,2541,2366,1254,150,0,184596,11444,2709,2369,1254,2541,2366,1137,90,100,0,500,2803;
@400000005e689a4a1b28548e #d,-,18,2759,2368,1258,151,0,184771,11455,2759,2368,1301,2541,2366,1254,92,100,0,500,2995;
@400000005e689a4c1b37590e #d,-,18,2752,2369,1174,151,0,184777,11456,2759,2369,1258,2752,2367,1132,92,100,0,500,2986;
@400000005e689a4c1b40ce7e #d,-,18,2573,2368,1216,152,0,184690,11450,2752,2369,1229,2573,2368,1128,90,100,0,500,2841;
@400000005e689a4e1b4f6518 #d,-,18,2661,2369,1278,153,0,184849,11460,2661,2370,1302,2573,2367,1197,92,100,0,500,2881;
@400000005e689a4e1b591d97 #d,-,18,2826,2369,1211,154,0,184794,11457,2826,2371,1283,2661,2367,1114,91,100,0,500,3076;
@400000005e689a501b67b343 #d,-,18,2585,2368,1177,154,0,184785,11456,2826,2370,1212,2585,2368,1126,90,100,0,500,2853;
@400000005e689a501b70eb3c #d,-,18,2583,2370,1272,155,0,184842,11460,2585,2371,1295,2583,2368,1177,91,100,0,500,2834;
@400000005e689a521b800d89 #d,-,18,2820,2370,1122,156,0,184895,11463,2820,2371,1283,2583,2368,1122,92,100,0,500,3045;
@400000005e689a521b895557 #d,-,18,2647,2370,1153,157,0,184903,11464,2820,2370,1223,2647,2368,1117,90,100,0,500,2922;
@400000005e689a541b967858 #d,-,18,2521,2369,1121,157,0,184857,11461,2647,2371,1153,2521,2368,1118,89,100,0,500,2808;
@400000005e689a541b9fbf38 #d,-,18,2423,2369,1122,158,0,184807,11458,2521,2369,1127,2423,2368,1118,89,100,0,500,2706;
@400000005e689a561bad6b21 #d,-,18,2422,2369,1124,159,0,184758,11454,2423,2370,1125,2422,2368,1118,89,100,0,500,2699;
@400000005e689a561bb601fb #d,-,18,2422,2367,1122,159,0,184709,11451,2422,2369,1124,2422,2367,1120,89,100,0,500,2704;
@400000005e689a581bc2cb94 #d,-,18,2422,2368,1122,160,0,184659,11448,2422,2368,1125,2422,2367,1119,89,100,0,500,2701;
@400000005e689a581bcbb90b #d,-,18,2422,2366,1122,161,0,184612,11445,2422,2368,1124,2422,2366,1121,89,100,0,500,2701;
@400000005e689a5a1bd9032a #d,-,18,2422,2366,1122,161,1,184564,11442,2422,2366,1126,2422,2365,1121,89,100,0,500,2701;
@400000005e689a5a1be2526c #d,-,18,2422,2364,1124,162,1,184518,11440,2422,2367,1128,2422,2364,1119,89,100,0,500,2704;
@400000005e689a5c1bf06b4c #d,-,18,2422,2366,1124,163,1,184470,11437,2422,2366,1125,2422,2364,1119,89,100,0,500,2701;
@400000005e689a5c1bf9ce1c #d,-,18,2491,2363,1285,163,1,184497,11438,2491,2366,1285,2422,2363,1121,91,100,0,500,2737;
@400000005e689a5e1c08ae49 #d,-,18,2779,2363,1259,164,1,184661,11449,2779,2364,1314,2491,2363,1259,92,100,0,500,3012;
@400000005e689a5e1c11f9d1 #d,-,18,2778,2365,1195,165,1,184695,11451,2779,2365,1276,2778,2363,1183,92,100,0,500,3014;
@400000005e689a601c20f500 #d,-,18,2605,2364,1203,166,1,184622,11446,2778,2366,1226,2605,2364,1142,90,100,0,500,2891;
@400000005e689a601c2a62fd #d,-,18,2711,2366,1280,166,1,184773,11455,2711,2366,1300,2605,2363,1198,92,100,0,500,2924;
@400000005e689a621c38e9c3 #d,-,18,2803,2363,1208,167,1,184721,11452,2803,2366,1281,2711,2362,1128,91,100,0,500,3059;
@400000005e689a621c42195a #d,-,18,2567,2365,1201,168,1,184711,11452,2803,2365,1208,2567,2362,1136,90,100,0,500,2841;
@400000005e689a641c5094f2 #d,-,18,2569,2361,1270,169,1,184770,11455,2569,2365,1308,2567,2361,1201,90,100,0,500,2843;
@400000005e689a641c5a6fe6 #d,-,18,2842,2364,1184,169,1,184808,11458,2842,2364,1289,2569,2360,1123,92,100,0,500,3059;
@400000005e689a661c686dc4 #d,-,18,2617,2365,1137,170,1,184818,11458,2842,2366,1228,2617,2364,1137,90,100,0,500,2893;
@400000005e689a661c720786 #d,-,18,2615,2366,1304,171,1,184855,11461,2617,2366,1304,2615,2364,1132,91,100,0,500,2853;
@400000005e689a681c8085ea #d,-,18,2783,2367,1247,172,1,184926,11465,2783,2367,1304,2615,2366,1247,92,100,0,500,3016;
@400000005e689a681c89ec74 #d,-,18,2687,2366,1219,172,1,184932,11465,2783,2368,1247,2687,2366,1125,90,100,0,500,2955;
@400000005e689a6a1c98969d #d,-,18,2579,2366,1138,173,1,184893,11463,2687,2367,1219,2579,2365,1077,90,100,0,500,2862;
@400000005e689a6a1ca24a73 #d,-,18,2415,2367,1127,174,1,184851,11460,2579,2368,1138,2415,2366,1122,89,100,0,500,2694;
@400000005e689a6c1cb15a20 #d,-,18,2417,2368,1126,174,1,184810,11458,2417,2368,1129,2415,2367,1125,89,100,0,500,2713;
@400000005e689a6c1cbab48e #d,-,18,2419,2368,1125,175,1,184844,11460,2419,2368,1129,2417,2367,1124,89,100,0,500,2713;
@400000005e689a6e1cc96e8d #d,-,18,2421,2369,1127,176,1,184728,11453,2421,2369,1130,2419,2368,1125,89,100,0,500,2713;
@400000005e689a6e1cd3559c #d,-,18,2423,2370,1127,176,1,184763,11455,2423,2370,1131,2421,2369,1126,89,100,0,500,2715;
@400000005e689a701ce2c624 #d,-,18,2425,2371,1128,177,1,184649,11448,2425,2371,1130,2423,2370,1126,89,100,0,500,2718;
@400000005e689a701cec094a #d,-,18,2427,2371,1129,178,1,184611,11445,2427,2372,1131,2425,2371,1123,89,100,0,500,2715;
@400000005e689a721cfa6538 #d,-,18,2428,2371,1129,178,1,184646,11448,2428,2372,1133,2427,2371,1123,89,100,0,500,2715;
@400000005e689a721d03e6c4 #d,-,18,2431,2372,1211,179,1,184652,11448,2431,2372,1236,2428,2371,1125,89,100,0,500,2723;
@400000005e689a741d1269d0 #d,-,18,2779,2369,1291,180,1,184737,11453,2779,2372,1318,2431,2369,1211,92,100,0,500,2998;
@400000005e689a741d1bf2cf #d,-,18,2784,2369,1204,181,1,184710,11452,2784,2370,1291,2779,2369,1204,90,100,0,500,3069;
@400000005e689a761d2b396e #d,-,18,2651,2369,1226,181,1,184792,11457,2784,2370,1229,2651,2368,1161,90,100,0,500,2924;
@400000005e689a761d349b50 #d,-,18,2653,2371,1277,182,1,184853,11460,2653,2371,1306,2651,2369,1207,91,100,0,500,2898;
@400000005e689a781d432a77 #d,-,18,2844,2372,1228,183,1,184811,11458,2844,2372,1288,2653,2369,1109,92,100,0,500,3088;
@400000005e689a781d4cc705 #d,-,18,2573,2372,1144,184,1,184803,11457,2844,2372,1228,2573,2371,1133,90,100,0,500,2853;
@400000005e689a7a1d5a9a0c #d,-,18,2575,2371,1300,184,1,184853,11460,2575,2373,1310,2573,2370,1144,90,100,0,500,2848;
@400000005e689a7a1d63e0eb #d,-,18,2820,2374,1128,185,1,184898,11463,2820,2374,1300,2575,2371,1126,92,100,0,500,3043;
@400000005e689a7c1d72603d #d,-,18,2653,2374,1166,186,1,184911,11464,2820,2374,1224,2653,2372,1128,90,100,0,500,2936;
@400000005e689a7c1d7c2c4a #d,-,18,2597,2372,1282,187,1,184934,11465,2653,2374,1282,2597,2372,1142,91,100,0,500,2848;
@400000005e689a7e1d8b374f #d,-,18,2781,2372,1255,187,1,185006,11470,2781,2372,1304,2597,2371,1255,92,100,0,500,3016;
@400000005e689a7e1d947e2f #d,-,18,2703,2373,1213,188,1,185013,11470,2781,2373,1255,2703,2371,1123,90,100,0,500,2974;
@400000005e689a801da25d51 #d,-,18,2607,2373,1128,189,1,184988,11469,2703,2374,1213,2607,2372,1124,90,100,0,500,2879;
@400000005e689a801daafc8d #d,-,18,2435,2373,1124,190,1,184950,11466,2607,2374,1128,2435,2371,1124,89,100,0,500,2718;
@400000005e689a821db9bdfe #d,-,18,2435,2373,1131,190,1,184912,11464,2435,2373,1131,2435,2372,1124,89,100,0,500,2720;
@400000005e689a821dc33728 #d,-,18,2435,2372,1126,191,1,184875,11462,2435,2374,1131,2435,2372,1126,89,100,0,500,2720;
@400000005e689a841dd28d9d #d,-,18,2436,2373,1129,192,1,184908,11464,2436,2373,1132,2435,2371,1125,89,100,0,500,2720;
@400000005e689a841ddbdbf0 #d,-,18,2436,2370,1128,192,1,184872,11462,2436,2373,1129,2436,2370,1125,89,100,0,500,2723;
@400000005e689a861deb2a03 #d,-,18,2437,2372,1123,193,1,184836,11459,2437,2372,1131,2436,2370,1123,89,100,0,500,2720;
@400000005e689a861df47944 #d,-,18,2437,2374,1130,194,1,184733,11453,2437,2374,1131,2437,2372,1123,89,100,0,500,2720;
@400000005e689a881e02a1f9 #d,-,18,2438,2373,1126,194,1,184698,11451,2438,2374,1131,2437,2372,1123,89,100,0,500,2720;
@400000005e689a881e0bec92 #d,-,18,2439,2374,1207,195,1,184700,11451,2439,2374,1238,2438,2372,1124,89,100,0,500,2723;
@400000005e689a8a1e1a5c0f #d,-,18,2767,2372,1290,196,1,184777,11456,2767,2374,1313,2439,2372,1207,92,100,0,500,2983;
@400000005e689a8a1e247a11 #d,-,18,2771,2373,1204,197,1,184818,11458,2771,2373,1290,2767,2372,1204,90,100,0,500,3066;
Lost connection at /opt/powertools/bin/wattsup1 line 220.
	main::failure('Lost connection') called at /opt/powertools/bin/wattsup1 line 271
	main::recv_msg() called at /opt/powertools/bin/wattsup1 line 504
